11,-28,248,0,0,0
6,-61,277,0,1,0
21,2,254,0,2,0
27,-12,266,0,3,0
-5,1,278,0,4,0
3,-8,291,0,5,0
13,21,277,0,6,0
30,12,310,0,7,0
44,-25,248,0,9,0
13,10,272,0,10,0
10,6,257,0,11,0
51,-11,287,0,12,0
13,15,263,0,13,0
32,-15,310,0,14,0
24,-27,298,0,15,0
29,16,276,0,16,0
38,-24,256,0,17,0
42,16,312,0,18,0
51,-49,267,0,19,0
67,14,283,0,20,0
16,-20,299,0,21,0
71,-11,262,0,22,0
62,-12,312,0,23,0
44,16,272,0,24,0
6,-6,269,0,25,0
65,0,290,0,26,0
73,12,262,0,26,0
63,29,275,0,27,0
46,22,329,0,28,0
65,-27,307,0,29,0
62,-5,292,0,30,0
59,-14,328,0,31,0
54,-13,238,0,32,0
85,10,273,0,32,0
73,-19,272,0,33,0
49,-42,294,0,34,0
37,-3,257,0,35,0
98,-6,296,0,36,0
89,-9,278,0,36,0
57,35,323,0,37,0
67,28,281,0,38,0
97,6,306,0,38,0
61,-25,315,0,39,0
54,8,279,0,40,0
78,33,292,0,40,0
87,22,281,0,41,0
67,37,300,0,42,0
93,0,308,0,42,0
82,31,285,0,43,0
107,17,283,0,43,0
67,24,287,0,44,0
97,41,283,0,44,0
83,7,272,0,45,0
110,-21,286,0,45,0
106,-25,317,0,46,0
76,-3,291,0,46,0
83,-29,287,0,47,0
58,-23,295,0,47,0
83,31,315,0,47,0
91,29,314,0,48,0
106,-4,310,0,48,0
102,-7,298,0,48,0
117,-5,290,0,49,0
132,-23,317,0,49,0
101,20,333,0,49,0
118,-4,274,0,49,0
119,-3,307,0,49,0
148,-15,310,0,50,0
92,4,327,0,50,0
80,-40,284,0,50,0
108,-7,258,0,50,0
93,19,331,0,50,0
82,14,311,0,50,0
92,14,276,0,50,0
100,-26,328,0,50,0
93,0,320,0,50,0
97,-2,305,0,50,0
127,-43,318,0,50,0
135,36,290,0,50,0
97,17,316,0,50,0
139,4,296,0,49,0
136,-46,325,0,49,0
116,-2,298,0,49,0
67,27,277,0,49,0
78,-39,307,0,49,0
67,24,275,0,48,0
109,-35,309,0,48,0
88,5,328,0,48,0
122,17,289,0,48,0
92,3,290,0,47,0
91,-16,278,0,47,0
75,-24,318,0,46,0
90,-1,296,0,46,0
48,-12,293,0,46,0
114,3,304,0,45,0
88,-11,316,0,45,0
73,-9,256,0,44,0
115,-9,272,0,44,0
108,-4,282,0,43,0
50,-27,303,0,43,0
101,-15,294,0,42,0
101,25,324,0,41,0
82,-26,283,0,41,0
118,-36,272,0,40,0
86,17,273,0,40,0
111,-25,240,0,39,0
69,1,299,0,38,0
74,4,328,0,38,0
77,-10,275,0,37,0
103,16,328,0,36,0
75,-9,273,0,35,0
95,15,305,0,35,0
68,-32,300,0,34,0
56,-20,292,0,33,0
74,-13,309,0,32,0
74,3,294,0,31,0
47,2,289,0,31,0
87,18,299,0,30,0
80,-19,288,0,29,0
49,6,309,0,28,0
77,-7,261,0,27,0
62,10,317,0,26,0
60,-26,289,0,25,0
37,13,282,0,24,0
51,9,296,0,23,0
42,-3,318,0,22,0
59,28,248,0,21,0
37,12,281,0,20,0
64,23,242,0,19,0
42,-15,290,0,18,0
-3,11,289,0,17,0
29,12,281,0,16,0
25,3,287,0,15,0
30,-17,271,0,14,0
28,7,272,0,13,0
41,-10,252,0,12,0
48,12,239,0,11,0
42,-3,236,0,10,0
44,-37,275,0,9,0
46,-19,288,0,8,0
30,17,242,0,7,0
2,-13,237,0,6,0
15,17,271,0,5,0
12,-1,268,0,4,0
24,3,290,0,3,0
23,-12,252,0,2,0
28,-19,281,0,1,0
-10,7,270,0,-0,0
-11,-1,233,0,-1,0
-21,-14,259,0,-3,0
26,11,217,0,-4,0
-19,24,236,0,-5,0
-24,4,254,0,-6,0
-19,8,265,0,-7,0
1,13,280,0,-8,0
-8,-13,269,0,-9,0
-28,-7,279,0,-10,0
-25,0,224,0,-11,0
-11,-21,242,0,-12,0
-2,13,267,0,-13,0
-30,8,244,0,-14,0
-37,11,252,0,-15,0
-32,5,254,0,-16,0
-25,-19,237,0,-17,0
-48,-4,255,0,-18,0
-37,3,225,0,-19,0
-35,-16,244,0,-20,0
-35,-4,210,0,-21,0
-38,2,233,0,-22,0
-22,-10,225,0,-23,0
-19,40,250,0,-24,0
-65,31,258,0,-25,0
-46,-9,253,0,-26,0
-45,23,223,0,-27,0
-63,-8,265,0,-28,0
-71,32,236,0,-29,0
-32,3,232,0,-29,0
-45,28,223,0,-30,0
-35,-11,233,0,-31,0
-47,29,232,0,-32,0
-65,-2,237,0,-33,0
-83,-4,224,0,-34,0
-66,0,254,0,-34,0
-85,-4,214,0,-35,0
-92,-9,265,0,-36,0
-63,-34,220,0,-37,0
-73,0,219,0,-37,0
-86,-9,222,0,-38,0
-45,52,213,0,-39,0
-99,32,224,0,-39,0
-110,-16,201,0,-40,0
-100,-22,197,0,-41,0
-85,5,236,0,-41,0
-83,-8,191,0,-42,0
-74,16,201,0,-42,0
-85,-15,200,0,-43,0
-96,-17,230,0,-44,0
-100,11,196,0,-44,0
-98,-17,205,0,-45,0
-69,-10,205,0,-45,0
-57,17,228,0,-46,0
-80,15,245,0,-46,0
-84,30,205,0,-46,0
-116,4,229,0,-47,0
-86,-59,209,0,-47,0
-88,5,202,0,-47,0
-105,-17,188,0,-48,0
-98,7,204,0,-48,0
-94,-22,186,0,-48,0
-69,-27,198,0,-49,0
-133,-9,228,0,-49,0
-82,-12,208,0,-49,0
-78,5,226,0,-49,0
-96,10,189,0,-49,0
-114,-11,207,0,-50,0
-89,25,205,0,-50,0
-125,-8,239,0,-50,0
-89,-22,185,0,-50,0
-104,-15,195,0,-50,0
-70,21,165,0,-50,0
-104,12,197,0,-50,0
-83,9,227,0,-50,0
-103,-14,212,0,-50,0
-104,-27,237,0,-50,0
-99,-4,260,0,-50,0
-115,18,200,0,-50,0
-90,-9,229,0,-50,0
-111,7,170,0,-49,0
-85,-37,235,0,-49,0
-136,-0,192,0,-49,0
-60,9,250,0,-49,0
-84,-11,197,0,-49,0
-66,-6,204,0,-48,0
-64,-44,193,0,-48,0
-80,10,221,0,-48,0
-126,-32,201,0,-47,0
-81,-26,219,0,-47,0
-104,6,218,0,-47,0
-102,-2,193,0,-46,0
-120,-14,208,0,-46,0
-66,-11,227,0,-45,0
-89,-13,233,0,-45,0
-108,-1,191,0,-45,0
-67,-8,190,0,-44,0
-107,-0,226,0,-44,0
-98,23,251,0,-43,0
-67,51,242,0,-42,0
-63,-27,243,0,-42,0
-112,-14,221,0,-41,0
-81,-11,207,0,-41,0
-57,6,198,0,-40,0
-24,-11,235,0,-39,0
-70,18,219,0,-39,0
-78,35,220,0,-38,0
-34,-28,214,0,-37,0
-71,25,194,0,-37,0
-68,-26,207,0,-36,0
-90,0,234,0,-35,0
-51,0,213,0,-34,0
-99,27,206,0,-33,0
-60,10,206,0,-33,0
-72,5,215,0,-32,0
-58,-29,236,0,-31,0
-54,25,231,0,-30,0
-55,3,206,0,-29,0
-78,-12,230,0,-28,0
-80,7,212,0,-28,0
-52,-43,213,0,-27,0
-44,-40,222,0,-26,0
-83,35,249,0,-25,0
-59,1,217,0,-24,0
-61,-0,211,0,-23,0
-96,-12,214,0,-22,0
-38,-7,258,0,-21,0
-71,1,220,0,-20,0
-29,-6,229,0,-19,0
-32,-1,265,0,-18,0
-8,8,246,0,-17,0
-19,-18,246,0,-16,0
-48,6,259,0,-15,0
-21,-5,281,0,-14,0
-63,18,240,0,-13,0
-6,-5,224,0,-12,0
-9,12,217,0,-11,0
-29,-13,216,0,-10,0
-18,-18,208,0,-9,0
1,-25,208,0,-8,0
3,-17,254,0,-7,0
-8,11,263,0,-6,0
-2,18,229,0,-5,0
13,1,280,0,-3,0
8,-37,280,0,-2,0
-25,16,267,0,-1,0
-1,-9,241,0,-0,0
42,13,238,0,1,0
-17,19,254,0,2,0
10,-35,306,0,3,0
67,-20,283,0,4,0
17,-25,274,0,5,0
-9,-10,258,0,6,0
5,17,277,0,7,0
-5,9,232,0,8,0
-4,13,289,0,9,0
28,-0,301,0,10,0
-19,26,271,0,11,0
0,29,288,0,12,0
57,62,256,0,13,0
30,31,228,0,15,0
1,16,264,0,16,0
43,7,278,0,17,0
13,0,284,0,18,0
15,-14,285,0,19,0
38,13,274,0,20,0
45,-24,305,0,21,0
63,6,272,0,21,0
31,-39,256,0,22,0
63,-36,320,0,23,0
36,-38,293,0,24,0
13,42,249,0,25,0
68,-16,300,0,26,0
73,17,294,0,27,0
15,28,284,0,28,0
49,1,306,0,29,0
81,9,265,0,30,0
16,9,282,0,31,0
90,-19,301,0,31,0
50,5,282,0,32,0
56,53,260,0,33,0
65,-6,324,0,34,0
44,-4,283,0,35,0
102,-17,280,0,35,0
70,-5,282,0,36,0
84,10,301,0,37,0
71,26,316,0,38,0
53,-23,284,0,38,0
94,11,256,0,39,0
99,-35,291,0,40,0
88,27,263,0,40,0
81,-12,301,0,41,0
115,32,263,0,42,0
55,2,282,0,42,0
126,20,339,0,43,0
103,11,300,0,43,0
81,4,284,0,44,0
93,13,304,0,44,0
85,-10,310,0,45,0
111,-11,288,0,45,0
98,31,282,0,46,0
115,8,275,0,46,0
90,7,276,0,46,0
137,-5,299,0,47,0
124,10,295,0,47,0
106,-16,301,0,48,0
95,13,291,0,48,0
93,-1,297,0,48,0
96,21,307,0,48,0
106,-1,291,0,49,0
85,-3,305,0,49,0
93,-25,290,0,49,0
56,-34,277,0,49,0
109,-19,303,0,50,0
38,-14,284,0,50,0
131,-5,356,0,50,0
131,5,292,0,50,0
50,10,269,0,50,0
93,41,298,0,50,0
96,15,332,0,50,0
54,-5,308,0,50,0
89,19,288,0,50,0
146,-17,307,0,50,0
78,24,251,0,50,0
109,8,309,0,50,0
87,-14,299,0,50,0
98,17,332,0,50,0
102,-10,286,0,49,0
107,-9,285,0,49,0
138,10,296,0,49,0
104,10,348,0,49,0
96,22,317,0,49,0
133,15,296,0,48,0
117,-47,282,0,48,0
91,-11,305,0,48,0
89,9,284,0,47,0
82,-24,338,0,47,0
107,-3,333,0,47,0
79,-29,302,0,46,0
90,6,300,0,46,0
103,-0,294,0,45,0
89,-0,304,0,45,0
91,-29,307,0,44,0
82,-8,292,0,44,0
86,-10,313,0,43,0
81,-12,287,0,43,0
94,25,323,0,42,0
70,18,304,0,42,0
84,-19,320,0,41,0
108,-8,337,0,40,0
116,-31,292,0,40,0
65,-41,278,0,39,0
62,1,300,0,38,0
79,-2,311,0,38,0
106,12,294,0,37,0
78,-31,284,0,36,0
92,-14,265,0,36,0
65,5,287,0,35,0
42,-11,248,0,34,0
62,-10,295,0,33,0
48,2,332,0,32,0
85,-29,271,0,32,0
81,7,287,0,31,0
60,-1,283,0,30,0
77,-25,255,0,29,0
53,-11,282,0,28,0
78,8,285,0,27,0
73,-32,315,0,26,0
42,-3,304,0,25,0
61,-30,285,0,24,0
20,-3,273,0,24,0
8,-33,286,0,23,0
48,-7,269,0,22,0
27,14,282,0,21,0
40,-15,256,0,20,0
32,-28,255,0,19,0
3,8,266,0,18,0
48,21,296,0,17,0
48,34,244,0,16,0
35,-21,246,0,15,0
63,-21,273,0,14,0
50,-39,283,0,13,0
-10,-11,268,0,12,0
32,-29,269,0,11,0
42,19,266,0,9,0
15,-3,268,0,8,0
38,12,237,0,7,0
-22,11,263,0,6,0
58,-3,252,0,5,0
-41,30,234,0,4,0
21,-7,270,0,3,0
-3,14,256,0,2,0
-5,32,241,0,1,0
-36,1,238,0,-0,0
-15,-10,268,0,-1,0
27,27,235,0,-2,0
-1,-28,269,0,-3,0
-18,5,273,0,-4,0
8,-22,226,0,-5,0
-9,2,259,0,-7,0
2,-4,241,0,-8,0
-38,-41,199,0,-9,0
0,-22,227,0,-10,0
-22,13,266,0,-11,0
-18,-12,263,0,-12,0
-23,-9,254,0,-13,0
-10,26,257,0,-14,0
-67,-12,276,0,-15,0
-9,19,252,0,-16,0
-57,33,272,0,-17,0
-38,10,248,0,-18,0
-17,8,267,0,-19,0
-35,31,228,0,-20,0
-53,-5,235,0,-21,0
-77,3,236,0,-22,0
-26,-17,225,0,-23,0
-26,-13,203,0,-24,0
-94,-6,269,0,-25,0
-52,-20,238,0,-26,0
-59,2,226,0,-27,0
-76,30,207,0,-27,0
-23,-9,255,0,-28,0
-17,-19,215,0,-29,0
-45,-6,213,0,-30,0
-94,21,224,0,-31,0
-53,11,239,0,-32,0
-57,36,204,0,-33,0
-47,16,230,0,-33,0
-34,-0,227,0,-34,0
-77,-14,213,0,-35,0
-45,-11,216,0,-36,0
-76,-18,216,0,-36,0
-85,-31,218,0,-37,0
-79,-4,224,0,-38,0
-85,7,188,0,-39,0
-67,-21,239,0,-39,0
-110,24,222,0,-40,0
-120,21,204,0,-41,0
-98,8,209,0,-41,0
-121,-8,232,0,-42,0
-88,-3,218,0,-42,0
-77,8,229,0,-43,0
-92,-1,225,0,-43,0
-77,-15,158,0,-44,0
-79,2,199,0,-44,0
-74,-7,228,0,-45,0
-107,36,202,0,-45,0
-86,-17,162,0,-46,0
-107,29,260,0,-46,0
-113,27,208,0,-47,0
-57,23,183,0,-47,0
-77,16,200,0,-47,0
-128,-45,188,0,-48,0
-90,16,206,0,-48,0
-92,-26,184,0,-48,0
-86,-12,174,0,-49,0
-125,-4,185,0,-49,0
-82,11,239,0,-49,0
-123,-9,239,0,-49,0
-109,-12,213,0,-49,0
-100,-20,209,0,-50,0
-122,-5,154,0,-50,0
-86,7,206,0,-50,0
-93,8,253,0,-50,0
-118,-19,222,0,-50,0
-128,-13,212,0,-50,0
-151,-20,187,0,-50,0
-91,1,207,0,-50,0
-80,46,224,0,-50,0
-136,-29,210,0,-50,0
-101,18,202,0,-50,0
-91,21,207,0,-50,0
-86,23,208,0,-50,0
-107,-11,204,0,-49,0
-67,-41,194,0,-49,0
-93,-31,196,0,-49,0
-97,-3,197,0,-49,0
-104,34,207,0,-49,0
-123,7,209,0,-48,0
-120,-6,200,0,-48,0
-111,-7,220,0,-48,0
-74,8,204,0,-48,0
-89,-18,217,0,-47,0
-95,2,207,0,-47,0
-115,18,214,0,-46,0
-91,22,217,0,-46,0
-59,20,235,0,-46,0
-96,-3,219,0,-45,0
-85,-1,229,0,-45,0
-67,-20,199,0,-44,0
-84,9,214,0,-44,0
-90,-7,201,0,-43,0
-71,-8,195,0,-43,0
-103,4,191,0,-42,0
-72,-11,201,0,-41,0
-66,0,193,0,-41,0
-96,14,180,0,-40,0
-65,17,206,0,-40,0
-75,19,187,0,-39,0
-96,-28,220,0,-38,0
-60,25,187,0,-37,0
-60,17,227,0,-37,0
-70,-17,244,0,-36,0
-73,5,191,0,-35,0
-78,-49,213,0,-34,0
-65,20,227,0,-34,0
-86,-13,236,0,-33,0
-24,7,228,0,-32,0
-71,23,218,0,-31,0
-39,-18,224,0,-30,0
-84,-23,254,0,-30,0
-82,-12,228,0,-29,0
-35,17,245,0,-28,0
-75,4,201,0,-27,0
-39,-25,264,0,-26,0
-62,24,237,0,-25,0
-45,30,253,0,-24,0
-26,-28,243,0,-23,0
-19,40,262,0,-22,0
-40,36,255,0,-21,0
-23,-30,241,0,-20,0
-39,-17,285,0,-19,0
-15,24,256,0,-18,0
-12,24,221,0,-17,0
-39,4,239,0,-16,0
-18,31,234,0,-15,0
-34,-4,297,0,-14,0
-16,-23,253,0,-13,0
-11,-4,223,0,-12,0
3,-17,252,0,-11,0
-12,-9,258,0,-10,0
-24,-13,236,0,-9,0
10,12,260,0,-8,0
-12,-35,275,0,-7,0
-60,4,251,0,-6,0
-16,25,232,0,-5,0
-38,-4,215,0,-4,0
8,6,238,0,-3,0
-29,-5,254,0,-2,0
-36,23,255,0,-1,0
-4,-5,294,0,1,0
17,-31,251,0,2,0
3,-23,260,0,3,0
28,9,256,0,4,0
-22,-6,287,0,5,0
20,12,237,0,6,0
19,15,269,0,7,0
17,-19,222,0,8,0
10,10,269,0,9,0
2,9,261,0,10,0
8,-3,232,0,11,0
3,2,261,0,12,0
32,-14,271,0,13,0
33,-9,238,0,14,0
18,5,253,0,15,0
20,29,279,0,16,0
18,15,276,0,17,0
20,43,266,0,18,0
27,-13,279,0,19,0
53,12,255,0,20,0
57,13,296,0,21,0
78,12,273,0,22,0
29,4,292,0,23,0
43,-7,264,0,24,0
75,-5,256,0,25,0
20,-9,288,0,26,0
87,12,294,0,27,0
66,-36,320,0,28,0
64,-31,290,0,29,0
68,47,287,0,30,0
43,-2,252,0,30,0
44,-3,270,0,31,0
69,-2,306,0,32,0
75,-15,269,0,33,0
79,-2,310,0,34,0
115,17,269,0,34,0
66,-25,295,0,35,0
80,-17,297,0,36,0
92,23,295,0,37,0
98,-29,284,0,37,0
92,32,262,0,38,0
67,-11,313,0,39,0
85,39,288,0,39,0
57,-67,295,0,40,0
68,-7,289,0,41,0
78,-6,282,0,41,0
74,25,303,0,42,0
85,36,331,0,43,0
85,23,318,0,43,0
61,-29,302,0,44,0
66,12,325,0,44,0
91,-25,308,0,45,0
134,2,324,0,45,0
84,7,321,0,46,0
77,-4,313,0,46,0
112,-11,281,0,46,0
87,11,304,0,47,0
81,38,305,0,47,0
143,7,284,0,47,0
100,-5,296,0,48,0
90,-22,293,0,48,0
123,-9,342,0,48,0
127,-11,296,0,49,0
142,2,308,0,49,0
49,4,283,0,49,0
115,-16,324,0,49,0
105,-9,289,0,49,0
130,1,317,0,50,0
93,4,335,0,50,0
146,-14,326,0,50,0
129,41,303,0,50,0
60,-8,320,0,50,0
125,-37,301,0,50,0
93,-25,309,0,50,0
114,22,262,0,50,0
82,-17,306,0,50,0
120,16,300,0,50,0
61,-1,297,0,50,0
131,-25,331,0,50,0
111,-16,320,0,50,0
121,-1,377,0,49,0
75,-28,312,0,49,0
89,3,307,0,49,0
47,-8,307,0,49,0
97,27,323,0,49,0
98,14,306,0,48,0
86,-26,286,0,48,0
98,-28,348,0,48,0
110,29,289,0,47,0
101,-2,289,0,47,0
99,-28,289,0,47,0
94,11,296,0,46,0
105,25,325,0,46,0
94,9,302,0,45,0
80,-14,286,0,45,0
65,16,302,0,44,0
85,-38,297,0,44,0
73,8,300,0,43,0
61,-18,331,0,43,0
101,35,292,0,42,0
65,10,316,0,42,0
98,-4,309,0,41,0
48,23,319,0,41,0
42,24,284,0,40,0
116,5,294,0,39,0
84,18,311,0,39,0
92,2,291,0,38,0
102,18,309,0,37,0
92,-6,338,0,36,0
67,-6,313,0,36,0
91,-12,292,0,35,0
63,27,273,0,34,0
54,27,262,0,33,0
97,-44,283,0,33,0
36,11,277,0,32,0
65,-6,288,0,31,0
24,-27,311,0,30,0
88,16,263,0,29,0
73,-5,306,0,28,0
43,-11,261,0,27,0
55,-9,290,0,27,0
41,14,264,0,26,0
20,4,263,0,25,0
49,17,331,0,24,0
39,-30,299,0,23,0
45,-24,304,0,22,0
-0,13,270,0,21,0
50,7,289,0,20,0
44,-15,264,0,19,0
23,-13,287,0,18,0
34,-2,281,0,17,0
38,-15,284,0,16,0
12,-15,262,0,15,0
-1,-18,274,0,14,0
-13,14,261,0,13,0
23,-7,273,0,12,0
24,23,274,0,11,0
-12,30,243,0,10,0
-9,-1,289,0,9,0
1,8,255,0,8,0
35,5,285,0,7,0
18,-2,263,0,6,0
53,2,283,0,4,0
15,1,245,0,3,0
40,-27,272,0,2,0
30,13,265,0,1,0
5,25,240,0,0,0
16,-5,275,0,-1,0
-6,0,266,0,-2,0
-31,45,228,0,-3,0
3,-15,244,0,-4,0
-9,37,274,0,-5,0
-35,-9,220,0,-6,0
7,-14,280,0,-7,0
-48,-5,240,0,-8,0
-28,-33,270,0,-9,0
-42,-3,301,0,-10,0
-54,-11,286,0,-12,0
-17,-14,250,0,-13,0
-16,15,262,0,-14,0
-3,13,244,0,-15,0
3,-1,250,0,-16,0
-34,16,251,0,-17,0
-31,9,235,0,-18,0
13,2,229,0,-19,0
-63,3,243,0,-20,0
-15,-30,226,0,-21,0
-39,19,237,0,-22,0
-54,-20,213,0,-23,0
-3,-19,220,0,-24,0
-53,-28,229,0,-24,0
-43,5,212,0,-25,0
-36,22,246,0,-26,0
-11,0,232,0,-27,0
-42,19,241,0,-28,0
-39,-12,254,0,-29,0
-56,-8,212,0,-30,0
-36,-28,201,0,-31,0
-73,5,217,0,-32,0
-93,-6,243,0,-32,0
-64,-28,218,0,-33,0
-33,-2,237,0,-34,0
-31,-1,223,0,-35,0
-69,-18,195,0,-36,0
-115,-10,216,0,-36,0
-69,17,215,0,-37,0
-98,33,220,0,-38,0
-40,-2,231,0,-38,0
-88,17,223,0,-39,0
-59,3,214,0,-40,0
-84,-6,204,0,-40,0
-69,13,197,0,-41,0
-88,-26,238,0,-42,0
-103,9,207,0,-42,0
-80,-25,216,0,-43,0
-100,-20,212,0,-43,0
-106,26,222,0,-44,0
-69,11,213,0,-44,0
-93,-22,205,0,-45,0
-94,14,260,0,-45,0
-117,-11,191,0,-46,0
-124,14,184,0,-46,0
-97,-35,211,0,-47,0
-125,-8,220,0,-47,0
-121,-13,174,0,-47,0
-133,-1,223,0,-48,0
-121,35,224,0,-48,0
-87,-22,200,0,-48,0
-110,24,208,0,-49,0
-115,9,213,0,-49,0
-104,32,191,0,-49,0
-109,38,209,0,-49,0
-111,9,203,0,-49,0
-75,-8,195,0,-50,0
-70,-1,234,0,-50,0
-126,23,203,0,-50,0
-108,-27,216,0,-50,0
-105,-11,186,0,-50,0
-97,-28,248,0,-50,0
-68,-7,182,0,-50,0
-87,-10,173,0,-50,0
-101,1,230,0,-50,0
-121,16,197,0,-50,0
-117,15,223,0,-50,0
-133,16,255,0,-50,0
-112,14,215,0,-50,0
-96,-44,187,0,-50,0
-82,31,247,0,-49,0
-91,-1,211,0,-49,0
-92,-22,211,0,-49,0
-58,40,240,0,-49,0
-132,22,205,0,-48,0
-97,-21,229,0,-48,0
-131,-11,203,0,-48,0
-95,-3,227,0,-48,0
-61,-21,233,0,-47,0
-101,-10,219,0,-47,0
-99,15,186,0,-47,0
-90,-27,227,0,-46,0
-83,47,245,0,-46,0
-84,4,235,0,-45,0
-92,39,216,0,-45,0
-111,-15,191,0,-44,0
-69,11,192,0,-44,0
-99,-17,226,0,-43,0
-82,-4,199,0,-43,0
-131,-34,233,0,-42,0
-97,-13,231,0,-42,0
-74,63,179,0,-41,0
-67,18,199,0,-40,0
-72,3,200,0,-40,0
-58,9,210,0,-39,0
-70,20,217,0,-38,0
-79,16,233,0,-38,0
-56,0,254,0,-37,0
-85,-18,271,0,-36,0
-65,13,258,0,-35,0
-53,13,214,0,-35,0
-97,16,269,0,-34,0
-58,11,215,0,-33,0
-96,11,208,0,-32,0
-51,4,241,0,-31,0
-41,13,252,0,-31,0
-52,1,251,0,-30,0
-34,19,204,0,-29,0
-67,-9,239,0,-28,0
-75,-22,244,0,-27,0
-57,-8,241,0,-26,0
-50,-44,228,0,-25,0
-45,1,260,0,-24,0
-5,-33,271,0,-23,0
-37,28,222,0,-22,0
-36,38,224,0,-22,0
-13,41,220,0,-21,0
-26,-37,223,0,-20,0
-5,7,273,0,-19,0
-61,-6,231,0,-18,0
-70,-2,205,0,-17,0
-62,-25,242,0,-16,0
-11,17,242,0,-15,0
-75,-9,256,0,-14,0
-35,-20,260,0,-12,0
3,22,229,0,-11,0
-25,15,297,0,-10,0
-12,11,271,0,-9,0
-40,4,272,0,-8,0
-18,-33,221,0,-7,0
-0,5,242,0,-6,0
-25,3,226,0,-5,0
19,25,242,0,-4,0
-18,10,247,0,-3,0
-22,3,257,0,-2,0
-12,-2,275,0,-1,0
19,7,250,0,0,0
-9,6,283,0,1,0
19,1,227,0,2,0
26,0,283,0,3,0
-12,45,267,0,5,0
10,24,276,0,6,0
6,7,245,0,7,0
12,16,263,0,8,0
54,-25,307,0,9,0
21,3,274,0,10,0
67,-15,282,0,11,0
-5,-35,240,0,12,0
34,24,281,0,13,0
24,-3,240,0,14,0
33,16,279,0,15,0
26,-7,275,0,16,0
27,20,275,0,17,0
52,-13,291,0,18,0
5,-15,278,0,19,0
36,8,285,0,20,0
50,27,273,0,21,0
5,-16,256,0,22,0
39,-17,277,0,23,0
73,4,278,0,24,0
32,-13,251,0,25,0
16,16,286,0,26,0
38,-5,264,0,27,0
44,-25,288,0,28,0
85,3,294,0,28,0
73,26,270,0,29,0
56,-41,294,0,30,0
76,16,294,0,31,0
81,18,276,0,32,0
92,14,282,0,33,0
85,-12,344,0,33,0
95,-26,276,0,34,0
60,-24,316,0,35,0
30,-5,260,0,36,0
46,-37,255,0,37,0
76,-4,321,0,37,0
91,-15,269,0,38,0
49,-2,313,0,39,0
73,24,316,0,39,0
96,12,280,0,40,0
87,8,256,0,41,0
106,15,287,0,41,0
55,18,314,0,42,0
106,-2,290,0,42,0
108,-24,290,0,43,0
53,-2,343,0,43,0
111,17,332,0,44,0
90,17,319,0,45,0
79,32,313,0,45,0
109,-23,303,0,45,0
134,-33,322,0,46,0
80,33,299,0,46,0
101,-0,292,0,47,0
91,6,320,0,47,0
88,-8,300,0,47,0
91,9,302,0,48,0
91,50,353,0,48,0
127,23,319,0,48,0
74,-16,306,0,49,0
102,-46,333,0,49,0
90,12,346,0,49,0
140,-1,295,0,49,0
103,-25,313,0,49,0
106,-30,333,0,50,0
126,24,311,0,50,0
121,25,358,0,50,0
118,-18,320,0,50,0
131,-10,336,0,50,0
64,12,331,0,50,0
121,13,321,0,50,0
97,45,319,0,50,0
104,-0,354,0,50,0
119,2,319,0,50,0
109,-15,285,0,50,0
109,-14,297,0,50,0
103,8,319,0,50,0
134,42,293,0,49,0
82,12,334,0,49,0
94,-4,306,0,49,0
87,-23,329,0,49,0
84,17,297,0,49,0
82,-15,274,0,48,0
69,20,305,0,48,0
103,29,314,0,48,0
67,13,300,0,47,0
101,-4,314,0,47,0
136,-19,293,0,47,0
76,20,302,0,46,0
41,16,307,0,46,0
33,-14,318,0,46,0
100,-14,291,0,45,0
88,-32,260,0,45,0
104,-14,294,0,44,0
65,-17,313,0,44,0
75,-20,305,0,43,0
75,-20,278,0,42,0
108,34,288,0,42,0
59,-9,328,0,41,0
78,-5,322,0,41,0
65,4,301,0,40,0
71,-13,255,0,39,0
41,-20,256,0,39,0
70,-12,306,0,38,0
45,-0,275,0,37,0
81,28,267,0,37,0
131,-11,329,0,36,0
64,1,299,0,35,0
52,12,249,0,34,0
84,8,278,0,34,0
75,-13,295,0,33,0
40,-18,277,0,32,0
48,-1,294,0,31,0
58,-36,240,0,30,0
29,20,280,0,29,0
42,-72,270,0,29,0
65,8,262,0,28,0
45,-19,252,0,27,0
40,-22,275,0,26,0
69,-20,295,0,25,0
59,-23,281,0,24,0
81,7,328,0,23,0
60,14,301,0,22,0
26,-10,272,0,21,0
51,7,276,0,20,0
40,-4,295,0,19,0
13,11,292,0,18,0
24,-1,264,0,17,0
3,-6,251,0,16,0
13,7,229,0,15,0
28,-9,260,0,14,0
-9,-21,298,0,13,0
40,-8,264,0,12,0
2,-2,269,0,11,0
-5,28,305,0,10,0
-11,-11,259,0,9,0
9,-18,247,0,8,0
-11,-28,255,0,7,0
8,30,261,0,6,0
-1,6,298,0,5,0
-27,-13,263,0,4,0
25,-6,266,0,3,0
26,14,240,0,2,0
6,-7,253,0,0,0
24,3,261,0,-1,0
10,-31,238,0,-2,0
21,-10,231,0,-3,0
-10,1,246,0,-4,0
20,-24,274,0,-5,0
-7,-25,244,0,-6,0
-13,16,248,0,-7,0
0,-14,228,0,-8,0
-15,19,236,0,-9,0
-4,13,221,0,-10,0
-23,29,271,0,-11,0
-4,8,278,0,-12,0
-15,13,252,0,-13,0
-16,-5,229,0,-14,0
-48,30,236,0,-15,0
-25,17,218,0,-16,0
-41,11,231,0,-17,0
-54,-18,203,0,-18,0
-42,19,233,0,-19,0
-61,26,238,0,-20,0
-71,22,228,0,-21,0
-52,-10,239,0,-22,0
-70,-18,265,0,-23,0
-61,7,209,0,-24,0
-61,-3,265,0,-25,0
-40,-28,213,0,-26,0
-35,-1,241,0,-27,0
-63,-32,236,0,-28,0
-78,21,236,0,-29,0
-74,-4,230,0,-30,0
-51,15,185,0,-30,0
-61,-1,192,0,-31,0
-106,-43,217,0,-32,0
-76,18,207,0,-33,0
-63,-21,243,0,-34,0
-74,20,220,0,-35,0
-42,-32,209,0,-35,0
-68,16,216,0,-36,0
-62,-12,217,0,-37,0
-57,-40,220,0,-38,0
-101,9,223,0,-38,0
-90,-32,248,0,-39,0
-93,-32,230,0,-40,0
-70,27,205,0,-40,0
-77,25,228,0,-41,0
-82,-29,218,0,-41,0
-84,1,204,0,-42,0
-94,14,182,0,-43,0
-74,-14,213,0,-43,0
-49,-19,195,0,-44,0
-77,19,189,0,-44,0
-56,-7,206,0,-45,0
-104,-21,255,0,-45,0
-95,-19,188,0,-46,0
-127,44,191,0,-46,0
-129,-37,186,0,-46,0
-49,17,194,0,-47,0
-64,7,164,0,-47,0
-71,12,205,0,-48,0
-106,-11,222,0,-48,0
-47,-15,199,0,-48,0
-106,1,235,0,-48,0
-93,14,192,0,-49,0
-76,11,179,0,-49,0
-105,23,208,0,-49,0
-120,15,220,0,-49,0
-125,-22,219,0,-49,0
-132,12,220,0,-50,0
-108,7,174,0,-50,0
-88,9,206,0,-50,0
-110,-11,230,0,-50,0
-62,-19,219,0,-50,0
-122,2,204,0,-50,0
-74,38,209,0,-50,0
-109,7,192,0,-50,0
-91,-14,208,0,-50,0
-101,-50,207,0,-50,0
-81,-23,205,0,-50,0
-74,1,202,0,-50,0
-107,-30,218,0,-50,0
-94,-13,213,0,-49,0
-85,-1,200,0,-49,0
-77,14,229,0,-49,0
-91,-2,167,0,-49,0
-93,31,207,0,-49,0
-102,-41,176,0,-48,0
-90,16,177,0,-48,0
-77,1,208,0,-48,0
-120,22,216,0,-47,0
-97,-5,197,0,-47,0
-139,11,234,0,-47,0
-75,20,216,0,-46,0
-61,4,205,0,-46,0
-92,12,215,0,-45,0
-92,-2,243,0,-45,0
-62,21,180,0,-44,0
-94,-7,231,0,-44,0
-96,39,247,0,-43,0
-68,-7,211,0,-43,0
-119,16,223,0,-42,0
-70,17,230,0,-42,0
-41,2,220,0,-41,0
-72,-2,228,0,-40,0
-95,1,210,0,-40,0
-59,-8,213,0,-39,0
-99,28,201,0,-39,0
-98,-29,226,0,-38,0
-99,3,238,0,-37,0
-49,-5,232,0,-36,0
-58,37,246,0,-36,0
-63,-14,198,0,-35,0
-38,6,221,0,-34,0
-67,-46,245,0,-33,0
-99,17,202,0,-33,0
-56,34,258,0,-32,0
-93,21,207,0,-31,0
-58,-19,244,0,-30,0
-40,9,240,0,-29,0
-25,-0,205,0,-28,0
-69,-2,232,0,-27,0
-52,25,272,0,-26,0
-76,0,239,0,-26,0
-3,4,237,0,-25,0
-47,5,242,0,-24,0
-2,17,241,0,-23,0
-82,-17,258,0,-22,0
-11,23,219,0,-21,0
-45,3,235,0,-20,0
-30,-12,227,0,-19,0
-59,23,247,0,-18,0
-79,-13,240,0,-17,0
-62,-21,209,0,-16,0
-52,-2,238,0,-15,0
-40,12,224,0,-14,0
-18,-32,243,0,-13,0
13,17,241,0,-12,0
-3,-30,273,0,-11,0
-4,29,239,0,-10,0
-10,8,253,0,-9,0
-23,10,243,0,-8,0
-8,20,269,0,-6,0
-29,-9,249,0,-5,0
16,-21,234,0,-4,0
-19,24,248,0,-3,0
-39,-0,258,0,-2,0
0,-3,249,0,-1,0
-7,4,251,0,-0,0
-2,-1,266,0,1,0
2,-17,238,0,2,0
-2,-23,232,0,3,0
-12,-5,278,0,4,0
17,25,295,0,5,0
38,-10,277,0,6,0
27,21,241,0,7,0
14,7,271,0,8,0
41,-3,289,0,10,0
41,40,253,0,11,0
19,30,334,0,12,0
46,15,286,0,13,0
-7,-27,247,0,14,0
15,-7,271,0,15,0
40,-10,262,0,16,0
20,28,248,0,17,0
55,-22,303,0,18,0
60,18,280,0,19,0
36,6,237,0,20,0
67,-52,262,0,21,0
33,-28,266,0,22,0
51,-17,280,0,23,0
43,32,271,0,24,0
8,13,247,0,25,0
17,-13,294,0,25,0
98,11,281,0,26,0
19,-10,299,0,27,0
98,35,299,0,28,0
20,21,297,0,29,0
69,13,288,0,30,0
50,-2,269,0,31,0
49,-50,250,0,32,0
125,40,286,0,32,0
56,-20,286,0,33,0
80,20,270,0,34,0
75,7,290,0,35,0
97,-1,257,0,36,0
62,-22,303,0,36,0
71,0,310,0,37,0
88,31,300,0,38,0
99,-1,276,0,38,0
80,5,280,0,39,0
84,-12,333,0,40,0
68,19,319,0,40,0
108,-16,307,0,41,0
95,4,285,0,42,0
88,-3,268,0,42,0
77,7,307,0,43,0
85,-0,319,0,43,0
102,8,276,0,44,0
66,7,334,0,44,0
109,42,294,0,45,0
97,-12,287,0,45,0
90,-28,307,0,46,0
90,2,303,0,46,0
88,7,288,0,47,0
90,4,320,0,47,0
86,7,278,0,47,0
65,16,316,0,48,0
79,-9,320,0,48,0
108,23,315,0,48,0
101,27,312,0,49,0
58,1,317,0,49,0
86,25,314,0,49,0
104,38,319,0,49,0
139,-7,272,0,49,0
96,-15,337,0,50,0
110,-24,306,0,50,0
88,-19,326,0,50,0
129,-26,311,0,50,0
78,-1,327,0,50,0
111,-23,318,0,50,0
105,22,277,0,50,0
99,16,335,0,50,0
74,-6,313,0,50,0
104,-5,318,0,50,0
116,33,337,0,50,0
87,17,288,0,50,0
115,0,337,0,50,0
108,5,323,0,49,0
65,-14,350,0,49,0
107,-23,287,0,49,0
77,53,293,0,49,0
105,19,344,0,49,0
75,-28,294,0,48,0
112,24,352,0,48,0
102,10,281,0,48,0
102,31,336,0,48,0
120,2,279,0,47,0
97,19,282,0,47,0
123,-2,296,0,46,0
112,30,293,0,46,0
53,-11,327,0,46,0
77,-24,274,0,45,0
101,16,265,0,45,0
108,-10,323,0,44,0
107,-11,287,0,44,0
90,30,277,0,43,0
62,23,282,0,43,0
90,-28,306,0,42,0
107,56,281,0,41,0
101,-20,296,0,41,0
101,-6,312,0,40,0
68,2,261,0,40,0
127,6,270,0,39,0
101,22,273,0,38,0
90,13,319,0,38,0
38,-18,299,0,37,0
96,21,315,0,36,0
55,5,321,0,35,0
94,-34,294,0,35,0
69,18,326,0,34,0
84,-8,290,0,33,0
39,29,305,0,32,0
67,-11,303,0,31,0
86,-34,306,0,31,0
41,-5,266,0,30,0
27,-7,293,0,29,0
72,22,251,0,28,0
72,16,330,0,27,0
30,21,246,0,26,0
62,-15,267,0,25,0
76,-41,266,0,24,0
81,-8,241,0,23,0
21,-18,298,0,22,0
38,-2,260,0,21,0
40,2,273,0,20,0
8,-30,275,0,19,0
52,-5,269,0,18,0
17,-10,298,0,17,0
22,8,280,0,16,0
18,-21,308,0,15,0
33,13,244,0,14,0
29,-18,288,0,13,0
40,29,287,0,12,0
55,7,296,0,11,0
42,-21,265,0,10,0
15,-1,234,0,9,0
21,10,265,0,8,0
35,-21,276,0,7,0
6,8,289,0,6,0
12,21,232,0,5,0
21,7,275,0,4,0
-4,-37,251,0,3,0
2,19,242,0,2,0
-21,-13,198,0,1,0
21,15,238,0,-0,0
-17,-16,248,0,-1,0
-4,-34,274,0,-3,0
-5,4,291,0,-4,0
14,-26,222,0,-5,0
-13,15,254,0,-6,0
-33,12,247,0,-7,0
-24,8,220,0,-8,0
6,3,248,0,-9,0
-33,18,247,0,-10,0
8,2,225,0,-11,0
-19,-35,260,0,-12,0
-43,-15,260,0,-13,0
-24,28,273,0,-14,0
-46,28,236,0,-15,0
-36,-11,254,0,-16,0
-3,-5,277,0,-17,0
-4,9,225,0,-18,0
-61,-3,208,0,-19,0
-59,3,240,0,-20,0
-9,9,266,0,-21,0
-48,-8,258,0,-22,0
-66,-4,271,0,-23,0
-79,-8,229,0,-24,0
-56,-4,237,0,-25,0
-42,-20,207,0,-26,0
-77,-52,256,0,-27,0
-56,17,256,0,-28,0
-19,-14,206,0,-29,0
-89,-30,205,0,-29,0
-76,3,221,0,-30,0
-2,1,193,0,-31,0
-55,17,248,0,-32,0
-79,-22,235,0,-33,0
-78,-39,238,0,-34,0
-52,3,210,0,-34,0
-81,-18,239,0,-35,0
-71,-15,247,0,-36,0
-66,44,217,0,-37,0
-104,12,185,0,-37,0
-73,-31,209,0,-38,0
-89,-4,228,0,-39,0
-96,-13,214,0,-39,0
-57,6,228,0,-40,0
-99,-22,213,0,-41,0
-111,-8,223,0,-41,0
-98,-5,215,0,-42,0
-85,15,212,0,-42,0
-80,21,195,0,-43,0
-74,1,197,0,-44,0
-99,39,209,0,-44,0
-74,-4,213,0,-45,0
-131,7,245,0,-45,0
-69,9,226,0,-45,0
-64,-3,172,0,-46,0
-108,16,195,0,-46,0
-62,-1,223,0,-47,0
-86,-15,187,0,-47,0
-97,2,220,0,-47,0
-111,-1,210,0,-48,0
-128,-11,242,0,-48,0
-52,2,225,0,-48,0
-93,-8,230,0,-49,0
-130,14,204,0,-49,0
-108,-2,171,0,-49,0
-63,-11,226,0,-49,0
-87,35,200,0,-49,0
-58,17,201,0,-50,0
-83,-29,219,0,-50,0
-98,-14,215,0,-50,0
-102,15,211,0,-50,0
-104,34,217,0,-50,0
-93,-14,188,0,-50,0
-98,57,212,0,-50,0
-100,-27,177,0,-50,0
-91,5,226,0,-50,0
-112,1,211,0,-50,0
-106,-2,199,0,-50,0
-102,-26,204,0,-50,0
-81,-2,228,0,-50,0
-99,6,189,0,-49,0
-106,11,207,0,-49,0
-127,-9,214,0,-49,0
-105,38,221,0,-49,0
-95,42,238,0,-49,0
-122,-17,234,0,-48,0
-101,13,189,0,-48,0
-104,31,211,0,-48,0
-99,-21,195,0,-47,0
-113,6,197,0,-47,0
-85,20,227,0,-47,0
-106,-11,212,0,-46,0
-68,-5,209,0,-46,0
-90,7,209,0,-45,0
-123,3,188,0,-45,0
-128,-38,160,0,-45,0
-44,-5,207,0,-44,0
-89,8,193,0,-44,0
-41,-4,208,0,-43,0
-88,12,233,0,-42,0
-93,-8,229,0,-42,0
-97,-38,222,0,-41,0
-61,-23,211,0,-41,0
-81,2,233,0,-40,0
-84,13,185,0,-39,0
-94,-22,237,0,-39,0
-71,0,220,0,-38,0
-68,6,222,0,-37,0
-58,11,236,0,-37,0
-59,17,173,0,-36,0
-51,15,211,0,-35,0
-61,26,221,0,-34,0
-50,11,215,0,-34,0
-43,17,240,0,-33,0
-24,44,226,0,-32,0
-58,-2,277,0,-31,0
-52,17,212,0,-30,0
-61,13,214,0,-29,0
-16,-19,216,0,-28,0
-55,-2,274,0,-28,0
-25,-8,264,0,-27,0
-45,-27,246,0,-26,0
-58,-29,234,0,-25,0
-69,4,254,0,-24,0
-27,29,276,0,-23,0
-97,-27,219,0,-22,0
-43,-31,235,0,-21,0
-26,-1,240,0,-20,0
-16,13,236,0,-19,0
-45,21,267,0,-18,0
-30,-18,220,0,-17,0
-59,16,238,0,-16,0
-58,-21,264,0,-15,0
-48,20,215,0,-14,0
-31,6,245,0,-13,0
-26,10,237,0,-12,0
-28,33,247,0,-11,0
-62,-39,248,0,-10,0
8,35,240,0,-9,0
-16,-12,244,0,-8,0
-38,22,268,0,-7,0
17,-13,245,0,-6,0
3,4,254,0,-5,0
22,-4,259,0,-4,0
-43,-6,249,0,-2,0
16,-9,245,0,-1,0
-15,-4,253,0,-0,0
3,13,231,0,1,0
-1,19,280,0,2,0
11,16,290,0,3,0
-1,-9,260,0,4,0
29,-30,230,0,5,0
19,-3,253,0,6,0
16,-14,256,0,7,0
29,4,259,0,8,0
-6,11,252,0,9,0
9,-27,253,0,10,0
34,43,279,0,11,0
58,-7,263,0,12,0
13,28,303,0,13,0
6,-23,279,0,14,0
7,48,252,0,15,0
35,-31,298,0,17,0
49,5,263,0,18,0
47,13,288,0,19,0
43,-0,282,0,20,0
54,-11,242,0,20,0
32,-6,282,0,21,0
35,-26,272,0,22,0
83,1,287,0,23,0
56,16,293,0,24,0
52,-37,278,0,25,0
77,16,305,0,26,0
24,-6,258,0,27,0
16,8,288,0,28,0
32,27,285,0,29,0
72,-10,270,0,30,0
43,5,277,0,31,0
55,-0,320,0,31,0
67,-15,318,0,32,0
73,2,311,0,33,0
55,21,294,0,34,0
40,26,330,0,35,0
75,5,314,0,35,0
86,9,257,0,36,0
77,16,288,0,37,0
64,32,288,0,38,0
65,12,322,0,38,0
88,9,295,0,39,0
90,-19,288,0,40,0
88,3,298,0,40,0
90,-9,308,0,41,0
100,-13,289,0,42,0
73,55,299,0,42,0
102,17,325,0,43,0
66,-28,291,0,43,0
100,-21,292,0,44,0
68,27,321,0,44,0
122,-4,323,0,45,0
93,-16,302,0,45,0
81,16,276,0,46,0
92,9,255,0,46,0
127,-18,314,0,46,0
137,-2,308,0,47,0
93,22,304,0,47,0
65,-28,358,0,48,0
84,-9,347,0,48,0
104,-1,292,0,48,0
68,29,332,0,48,0
112,-4,321,0,49,0
147,21,289,0,49,0
81,20,313,0,49,0
136,3,318,0,49,0
102,16,323,0,50,0
91,18,289,0,50,0
132,-12,287,0,50,0
108,0,300,0,50,0
68,26,310,0,50,0
99,-35,324,0,50,0
114,-16,299,0,50,0
113,13,339,0,50,0
108,-9,295,0,50,0
93,8,296,0,50,0
98,-2,293,0,50,0
85,-9,298,0,50,0
78,-17,315,0,50,0
96,-0,304,0,50,0
116,-3,332,0,49,0
88,-38,296,0,49,0
73,-27,304,0,49,0
116,-27,295,0,49,0
93,47,300,0,49,0
106,-1,318,0,48,0
104,-17,297,0,48,0
70,-17,287,0,48,0
93,-3,305,0,47,0
58,-5,306,0,47,0
74,-1,324,0,47,0
57,31,306,0,46,0
92,11,313,0,46,0
83,-19,307,0,45,0
89,21,283,0,45,0
68,25,324,0,44,0
90,27,289,0,44,0
99,7,273,0,43,0
110,-43,269,0,43,0
81,-30,296,0,42,0
106,-26,306,0,42,0
80,3,269,0,41,0
75,-16,271,0,40,0
98,6,333,0,40,0
42,27,280,0,39,0
74,-4,287,0,38,0
76,-5,278,0,38,0
49,-28,292,0,37,0
91,12,282,0,36,0
78,25,295,0,36,0
31,6,257,0,35,0
78,14,278,0,34,0
62,8,266,0,33,0
26,-18,272,0,32,0
31,30,304,0,32,0
51,29,300,0,31,0
66,-12,296,0,30,0
76,28,305,0,29,0
27,4,297,0,28,0
59,-11,241,0,27,0
84,-17,218,0,26,0
52,-19,273,0,25,0
31,-4,252,0,25,0
55,18,278,0,24,0
49,-14,234,0,23,0
62,-4,219,0,22,0
58,11,298,0,21,0
19,7,250,0,20,0
72,-13,256,0,19,0
33,10,257,0,18,0
74,46,313,0,17,0
20,-12,266,0,16,0
20,38,238,0,15,0
15,-1,277,0,14,0
41,23,294,0,13,0
5,30,279,0,12,0
20,-14,252,0,11,0
-7,-30,273,0,9,0
33,-33,244,0,8,0
23,24,272,0,7,0
25,6,252,0,6,0
20,-47,277,0,5,0
-26,-18,273,0,4,0
18,-31,260,0,3,0
-20,7,264,0,2,0
21,-31,248,0,1,0
3,-8,267,0,-0,0
-5,-24,254,0,-1,0
17,-48,221,0,-2,0
4,-11,220,0,-3,0
-4,34,252,0,-4,0
-3,1,290,0,-5,0
-68,-33,249,0,-6,0
-23,22,251,0,-8,0
-37,-33,226,0,-9,0
-39,24,255,0,-10,0
-22,12,237,0,-11,0
-53,-33,263,0,-12,0
-29,-31,244,0,-13,0
-15,3,243,0,-14,0
-12,-3,230,0,-15,0
-33,8,254,0,-16,0
-33,-15,242,0,-17,0
-43,-18,259,0,-18,0
-94,1,233,0,-19,0
-24,-7,223,0,-20,0
-72,-11,263,0,-21,0
-48,-3,206,0,-22,0
-53,-23,245,0,-23,0
-50,-6,216,0,-24,0
-64,-13,232,0,-25,0
-88,4,259,0,-26,0
-63,-8,193,0,-27,0
-61,14,210,0,-27,0
-35,9,246,0,-28,0
-68,0,213,0,-29,0
-75,30,217,0,-30,0
-79,-4,250,0,-31,0
-63,0,200,0,-32,0
-36,-9,233,0,-33,0
-61,1,217,0,-33,0
-36,50,205,0,-34,0
-89,-2,263,0,-35,0
-69,20,190,0,-36,0
-76,12,213,0,-36,0
-81,15,208,0,-37,0
-55,34,214,0,-38,0
-63,-9,200,0,-39,0
-85,8,197,0,-39,0
-106,32,247,0,-40,0
-98,38,209,0,-41,0
-91,21,203,0,-41,0
-77,17,197,0,-42,0
-23,-11,245,0,-42,0
-101,-16,241,0,-43,0
-103,20,212,0,-43,0
-66,0,229,0,-44,0
-67,-16,178,0,-44,0
-107,13,215,0,-45,0
-56,5,228,0,-45,0
-88,23,212,0,-46,0
-74,-19,211,0,-46,0
-96,8,180,0,-47,0
-105,-16,198,0,-47,0
-58,-26,221,0,-47,0
-114,33,196,0,-48,0
-79,34,225,0,-48,0
-91,11,190,0,-48,0
-79,19,192,0,-49,0
-95,0,197,0,-49,0
-124,21,244,0,-49,0
-103,7,211,0,-49,0
-103,2,190,0,-49,0
-98,-11,227,0,-50,0
-93,-13,221,0,-50,0
-107,31,173,0,-50,0
-139,-1,205,0,-50,0
-83,-22,220,0,-50,0
-85,19,207,0,-50,0
-82,22,258,0,-50,0
-138,-9,196,0,-50,0
-88,-17,199,0,-50,0
-100,-4,197,0,-50,0
-98,-5,223,0,-50,0
-82,7,188,0,-50,0
-92,50,181,0,-50,0
-73,-16,187,0,-49,0
-85,59,213,0,-49,0
-98,13,196,0,-49,0
-110,-1,216,0,-49,0
-93,15,167,0,-49,0
-83,8,207,0,-48,0
-157,-38,193,0,-48,0
-102,9,198,0,-48,0
-122,17,211,0,-48,0
-123,51,215,0,-47,0
-122,-26,188,0,-47,0
-85,17,197,0,-46,0
-76,29,203,0,-46,0
-117,3,228,0,-46,0
-100,18,213,0,-45,0
-45,-1,180,0,-45,0
-93,16,196,0,-44,0
-100,-12,212,0,-44,0
-74,37,194,0,-43,0
-79,-21,210,0,-43,0
-90,12,204,0,-42,0
-68,5,237,0,-41,0
-84,23,212,0,-41,0
-60,9,240,0,-40,0
-91,-16,245,0,-40,0
-70,-8,227,0,-39,0
-85,24,212,0,-38,0
-91,25,222,0,-37,0
-49,8,187,0,-37,0
-35,12,212,0,-36,0
-70,-14,247,0,-35,0
-66,-28,286,0,-35,0
-64,-4,211,0,-34,0
-38,-8,214,0,-33,0
-60,-3,233,0,-32,0
-50,-8,186,0,-31,0
-48,20,257,0,-30,0
-64,10,242,0,-30,0
-50,7,257,0,-29,0
-61,-31,204,0,-28,0
-17,-8,252,0,-27,0
-52,32,225,0,-26,0
-26,0,237,0,-25,0
-34,2,266,0,-24,0
-50,-12,225,0,-23,0
-38,-16,214,0,-22,0
-73,-10,234,0,-21,0
-30,14,210,0,-20,0
-1,-23,251,0,-19,0
-13,6,253,0,-18,0
-84,-29,223,0,-17,0
-26,-22,254,0,-16,0
-22,-11,236,0,-15,0
8,-22,252,0,-14,0
-4,14,231,0,-13,0
-13,39,233,0,-12,0
-10,12,285,0,-11,0
-42,-18,222,0,-10,0
-29,-12,266,0,-9,0
14,35,259,0,-8,0
-29,40,255,0,-7,0
2,-11,199,0,-6,0
-34,1,255,0,-5,0
-11,10,248,0,-4,0
-16,37,259,0,-3,0
5,21,283,0,-2,0
-6,6,211,0,-1,0
19,29,240,0,0,0
24,21,273,0,2,0
38,-5,255,0,3,0
-43,-4,266,0,4,0
-11,-9,311,0,5,0
16,52,257,0,6,0
12,-16,245,0,7,0
3,-0,242,0,8,0
11,11,251,0,9,0
43,-3,241,0,10,0
45,20,251,0,11,0
28,11,242,0,12,0
29,-16,278,0,13,0
21,4,280,0,14,0
31,17,275,0,15,0
10,-8,265,0,16,0
43,4,258,0,17,0
35,-16,294,0,18,0
19,-23,239,0,19,0
36,-3,268,0,20,0
-14,10,274,0,21,0
43,-7,258,0,22,0
33,29,275,0,23,0
62,2,268,0,24,0
38,45,301,0,25,0
67,-26,288,0,26,0
60,-14,274,0,27,0
61,-24,283,0,28,0
61,-5,286,0,29,0
16,-14,272,0,29,0
88,-36,259,0,30,0
55,-2,285,0,31,0
97,2,267,0,32,0
68,-7,264,0,33,0
66,-4,316,0,34,0
85,-7,265,0,34,0
64,37,321,0,35,0
66,-3,280,0,36,0
54,-29,295,0,37,0
72,7,287,0,37,0
73,-9,275,0,38,0
69,-18,303,0,39,0
81,8,326,0,39,0
67,-2,285,0,40,0
115,-17,301,0,41,0
113,-36,287,0,41,0
92,-31,317,0,42,0
83,43,300,0,43,0
113,11,291,0,43,0
57,12,297,0,44,0
83,25,280,0,44,0
95,11,303,0,45,0
107,33,284,0,45,0
126,25,266,0,46,0
87,7,297,0,46,0
101,-1,289,0,46,0
40,-11,295,0,47,0
89,-32,316,0,47,0
122,-29,308,0,47,0
89,-43,333,0,48,0
80,22,314,0,48,0
102,13,338,0,48,0
76,-10,312,0,49,0
84,11,283,0,49,0
109,-40,275,0,49,0
78,20,286,0,49,0
71,-17,305,0,49,0
71,1,310,0,50,0
108,8,302,0,50,0
74,-4,283,0,50,0
96,-4,280,0,50,0
115,17,294,0,50,0
81,-19,306,0,50,0
74,24,287,0,50,0
82,39,322,0,50,0
93,18,322,0,50,0
116,-34,317,0,50,0
116,40,291,0,50,0
84,-3,302,0,50,0
124,38,315,0,50,0
83,19,309,0,49,0
113,14,271,0,49,0
80,31,310,0,49,0
97,-11,287,0,49,0
102,16,250,0,49,0
104,15,329,0,48,0
110,7,315,0,48,0
93,-1,297,0,48,0
84,-2,280,0,47,0
142,-54,279,0,47,0
104,4,298,0,47,0
45,5,350,0,46,0
95,6,326,0,46,0
85,26,304,0,45,0
70,13,327,0,45,0
92,-15,307,0,44,0
80,-20,289,0,44,0
125,-15,322,0,43,0
33,-16,291,0,43,0
73,-26,297,0,42,0
90,10,288,0,42,0
64,-4,243,0,41,0
130,6,312,0,41,0
112,7,301,0,40,0
55,38,278,0,39,0
62,3,293,0,39,0
119,0,270,0,38,0
91,-29,292,0,37,0
106,-13,310,0,36,0
77,11,326,0,36,0
74,-22,330,0,35,0
63,-28,270,0,34,0
49,-55,309,0,33,0
49,-18,255,0,33,0
24,13,293,0,32,0
47,17,281,0,31,0
70,-26,285,0,30,0
76,2,291,0,29,0
46,44,253,0,28,0
96,-22,274,0,27,0
45,-7,316,0,27,0
44,28,289,0,26,0
39,-6,275,0,25,0
43,-11,273,0,24,0
23,24,293,0,23,0
52,42,301,0,22,0
25,4,281,0,21,0
44,-6,269,0,20,0
45,-22,307,0,19,0
27,23,282,0,18,0
59,4,267,0,17,0
52,-10,298,0,16,0
44,-14,296,0,15,0
64,20,246,0,14,0
36,-4,279,0,13,0
14,-23,299,0,12,0
31,0,263,0,11,0
-7,35,250,0,10,0
1,21,267,0,9,0
-18,1,281,0,8,0
46,-8,260,0,7,0
27,-23,286,0,6,0
14,6,269,0,4,0
-4,-12,240,0,3,0
-22,1,260,0,2,0
23,-1,260,0,1,0
-48,8,274,0,0,0
6,-24,240,0,-1,0
-7,1,223,0,-2,0
1,-13,300,0,-3,0
-16,48,291,0,-4,0
12,-21,252,0,-5,0
-34,-18,223,0,-6,0
-19,13,227,0,-7,0
-31,5,249,0,-8,0
-16,-28,269,0,-9,0
17,38,235,0,-10,0
-13,-12,233,0,-11,0
-8,-16,252,0,-13,0
-64,20,251,0,-14,0
-28,19,249,0,-15,0
-33,9,239,0,-16,0
-19,-4,209,0,-17,0
4,-3,232,0,-18,0
-64,-16,243,0,-19,0
-15,27,251,0,-20,0
-47,0,239,0,-21,0
-40,-7,244,0,-22,0
-35,47,241,0,-23,0
-46,-12,256,0,-23,0
-37,16,225,0,-24,0
-39,-13,256,0,-25,0
-55,-13,224,0,-26,0
-17,-37,241,0,-27,0
-77,-21,203,0,-28,0
-62,7,221,0,-29,0
-65,7,219,0,-30,0
-64,-35,207,0,-31,0
-36,-17,203,0,-32,0
-92,-14,211,0,-32,0
-88,-12,221,0,-33,0
-57,12,213,0,-34,0
-68,23,203,0,-35,0
-56,7,232,0,-35,0
-95,12,236,0,-36,0
-48,25,225,0,-37,0
-83,-32,193,0,-38,0
-79,-16,212,0,-38,0
-100,6,224,0,-39,0
-112,19,209,0,-40,0
-75,8,212,0,-40,0
-126,35,200,0,-41,0
-82,15,231,0,-42,0
-94,-7,177,0,-42,0
-101,15,215,0,-43,0
-57,-6,210,0,-43,0
-139,-27,200,0,-44,0
-101,17,215,0,-44,0
-100,27,220,0,-45,0
-79,40,204,0,-45,0
-93,-3,181,0,-46,0
-96,-30,190,0,-46,0
-89,-29,200,0,-47,0
-103,-31,224,0,-47,0
-81,35,194,0,-47,0
-78,-14,176,0,-48,0
-78,13,212,0,-48,0
-84,-6,179,0,-48,0
-42,12,203,0,-48,0
-101,9,220,0,-49,0
-94,12,190,0,-49,0
-93,10,191,0,-49,0
-87,21,219,0,-49,0
-69,9,204,0,-50,0
-84,-11,224,0,-50,0
-115,-31,224,0,-50,0
-117,1,196,0,-50,0
-78,6,201,0,-50,0
-107,6,179,0,-50,0
-98,7,187,0,-50,0
-90,-41,194,0,-50,0
-56,-5,199,0,-50,0
-119,-11,180,0,-50,0
-121,13,195,0,-50,0
-125,-21,247,0,-50,0
-76,37,231,0,-50,0
-78,-0,205,0,-50,0
-99,-11,215,0,-49,0
-117,-16,204,0,-49,0
-86,4,192,0,-49,0
-123,-12,200,0,-49,0
-91,-1,220,0,-48,0
-99,-41,205,0,-48,0
-128,30,196,0,-48,0
-99,10,239,0,-48,0
-103,29,180,0,-47,0
-103,9,218,0,-47,0
-103,-9,203,0,-47,0
-124,-10,183,0,-46,0
-98,8,209,0,-46,0
-111,22,188,0,-45,0
-52,-6,248,0,-45,0
-73,-6,247,0,-44,0
-96,18,233,0,-44,0
-80,6,221,0,-43,0
-94,-1,169,0,-43,0
-75,-45,223,0,-42,0
-72,-24,205,0,-42,0
-102,-13,225,0,-41,0
-37,8,230,0,-40,0
-74,-13,227,0,-40,0
-72,-18,228,0,-39,0
-88,42,237,0,-38,0
-70,28,220,0,-38,0
-70,7,220,0,-37,0
-60,19,180,0,-36,0
-36,5,221,0,-35,0
-62,1,224,0,-35,0
-77,-42,226,0,-34,0
-95,-8,222,0,-33,0
-50,-9,191,0,-32,0
-46,-11,221,0,-31,0
-75,16,215,0,-31,0
-83,32,210,0,-30,0
-66,4,214,0,-29,0
-41,-19,201,0,-28,0
-40,4,232,0,-27,0
-53,-1,219,0,-26,0
-46,-31,229,0,-25,0
-31,-3,227,0,-24,0
-57,14,225,0,-23,0
-8,-1,252,0,-23,0
6,-28,191,0,-22,0
-46,19,232,0,-21,0
-30,-10,232,0,-20,0
-48,6,226,0,-19,0
-34,-20,219,0,-18,0
-13,40,254,0,-17,0
-19,-2,230,0,-16,0
-11,-35,197,0,-15,0
-39,-25,236,0,-14,0
-20,-5,233,0,-13,0
-14,0,185,0,-11,0
-10,-26,216,0,-10,0
-6,14,262,0,-9,0
-2,25,247,0,-8,0
-6,-9,238,0,-7,0
-3,-1,248,0,-6,0
-29,-49,244,0,-5,0
9,-5,258,0,-4,0
-26,-9,270,0,-3,0
-25,29,270,0,-2,0
12,9,282,0,-1,0
-32,-32,271,0,0,0
-7,-11,217,0,1,0
3,-11,282,0,2,0
24,-17,265,0,3,0
-5,42,307,0,4,0
-8,-17,252,0,6,0
25,11,263,0,7,0
-2,60,266,0,8,0
16,-9,265,0,9,0
-7,-18,277,0,10,0
10,36,278,0,11,0
28,-12,284,0,12,0
48,-31,279,0,13,0
13,20,256,0,14,0
17,-22,286,0,15,0
17,-22,295,0,16,0
42,25,256,0,17,0
33,-5,272,0,18,0
87,8,282,0,19,0
24,-4,302,0,20,0
19,-4,291,0,21,0
65,-13,294,0,22,0
84,-27,253,0,23,0
70,17,285,0,24,0
59,-14,297,0,25,0
55,1,313,0,26,0
67,2,265,0,27,0
18,2,273,0,28,0
63,-17,284,0,28,0
63,-23,269,0,29,0
58,-3,334,0,30,0
38,-20,296,0,31,0
63,12,293,0,32,0
66,-19,223,0,33,0
43,-30,271,0,33,0
26,22,263,0,34,0
77,-2,287,0,35,0
68,-2,304,0,36,0
73,7,301,0,36,0
83,0,299,0,37,0
61,19,319,0,38,0
73,15,251,0,39,0
80,10,328,0,39,0
42,-19,296,0,40,0
92,23,295,0,41,0
121,-2,309,0,41,0
76,21,324,0,42,0
75,46,287,0,42,0
64,-15,303,0,43,0
65,-29,286,0,43,0
63,-13,292,0,44,0
102,2,284,0,44,0
107,5,298,0,45,0
90,4,308,0,45,0
111,-0,294,0,46,0
88,30,290,0,46,0
127,-23,272,0,47,0
114,-29,299,0,47,0
88,-6,307,0,47,0
74,-3,298,0,48,0
93,5,320,0,48,0
122,-28,316,0,48,0
102,29,312,0,49,0
141,22,300,0,49,0
84,-6,327,0,49,0
139,-25,304,0,49,0
107,-19,298,0,49,0
53,-29,317,0,50,0
76,33,291,0,50,0
62,-37,312,0,50,0
107,15,330,0,50,0
113,2,320,0,50,0
108,-2,307,0,50,0
116,-35,319,0,50,0
125,4,296,0,50,0
114,38,312,0,50,0
87,-6,335,0,50,0
81,-3,261,0,50,0
65,-19,314,0,50,0
107,-5,284,0,50,0
112,8,277,0,49,0
90,-9,292,0,49,0
73,23,328,0,49,0
93,17,304,0,49,0
121,2,259,0,49,0
78,12,339,0,48,0
97,42,297,0,48,0
84,8,329,0,48,0
103,9,304,0,47,0
113,-11,305,0,47,0
125,19,293,0,47,0
88,24,307,0,46,0
101,7,320,0,46,0
97,-3,283,0,46,0
75,19,278,0,45,0
118,-12,306,0,45,0
80,-30,303,0,44,0
101,-6,308,0,44,0
66,-48,313,0,43,0
94,3,280,0,43,0
101,14,309,0,42,0
110,-12,297,0,41,0
82,18,298,0,41,0
103,15,273,0,40,0
77,-12,302,0,39,0
72,-20,276,0,39,0
113,-7,311,0,38,0
77,-7,288,0,37,0
65,9,286,0,37,0
54,5,264,0,36,0
46,-28,301,0,35,0
76,14,273,0,34,0
55,-42,272,0,34,0
69,30,307,0,33,0
60,-20,260,0,32,0
88,2,305,0,31,0
57,24,309,0,30,0
85,-0,299,0,29,0
75,-4,276,0,29,0
78,13,267,0,28,0
47,-27,297,0,27,0
51,52,290,0,26,0
65,-8,286,0,25,0
57,2,291,0,24,0
48,12,260,0,23,0
14,-25,242,0,22,0
37,-20,237,0,21,0
45,-1,267,0,20,0
70,-2,260,0,19,0
21,-9,291,0,18,0
40,21,262,0,17,0
39,14,270,0,16,0
22,-8,269,0,15,0
35,9,249,0,14,0
5,3,284,0,13,0
-2,1,297,0,12,0
31,-12,251,0,11,0
37,22,277,0,10,0
44,29,259,0,9,0
22,50,271,0,8,0
25,5,285,0,7,0
-16,-3,247,0,6,0
43,35,259,0,5,0
-1,27,237,0,4,0
-27,-17,231,0,3,0
12,-8,260,0,2,0
-24,35,302,0,0,0
-52,-6,237,0,-1,0
23,6,243,0,-2,0
14,38,271,0,-3,0
1,-2,248,0,-4,0
-21,16,241,0,-5,0
-38,3,214,0,-6,0
-6,-18,261,0,-7,0
10,28,241,0,-8,0
11,-37,261,0,-9,0
-22,-11,266,0,-10,0
-45,36,242,0,-11,0
-29,-27,241,0,-12,0
-24,6,238,0,-13,0
-31,40,280,0,-14,0
-5,43,265,0,-15,0
-31,8,249,0,-16,0
-38,-27,212,0,-17,0
-27,-23,230,0,-18,0
-20,11,225,0,-19,0
-50,-8,212,0,-20,0
-63,2,240,0,-21,0
-22,-25,255,0,-22,0
-44,-20,218,0,-23,0
-72,2,209,0,-24,0
-46,15,222,0,-25,0
-48,29,232,0,-26,0
-60,22,247,0,-27,0
-58,28,236,0,-28,0
-46,11,221,0,-29,0
-66,-10,200,0,-30,0
-53,-9,261,0,-30,0
-38,13,236,0,-31,0
-67,8,233,0,-32,0
-34,33,236,0,-33,0
-73,5,227,0,-34,0
-110,7,237,0,-35,0
-43,-14,237,0,-35,0
-101,-6,215,0,-36,0
-86,-8,237,0,-37,0
-55,-6,201,0,-37,0
-91,32,234,0,-38,0
-71,-7,237,0,-39,0
-130,-26,208,0,-40,0
-92,15,185,0,-40,0
-86,-21,229,0,-41,0
-93,37,198,0,-41,0
-76,-25,197,0,-42,0
-94,33,206,0,-43,0
-114,-35,192,0,-43,0
-134,49,229,0,-44,0
-71,18,223,0,-44,0
-74,19,257,0,-45,0
-95,6,212,0,-45,0
-78,21,214,0,-46,0
-90,-23,214,0,-46,0
-83,-16,203,0,-46,0
-92,18,227,0,-47,0
-136,20,202,0,-47,0
-114,34,177,0,-48,0
-109,-2,190,0,-48,0
-99,23,204,0,-48,0
-72,-3,208,0,-48,0
-136,-21,179,0,-49,0
-104,-12,197,0,-49,0
-114,-7,196,0,-49,0
-109,-4,214,0,-49,0
-136,-13,234,0,-49,0
-111,-11,161,0,-50,0
-84,-3,201,0,-50,0
-113,-20,193,0,-50,0
-104,11,192,0,-50,0
-104,5,193,0,-50,0
-82,13,235,0,-50,0
-110,23,205,0,-50,0
-117,-21,221,0,-50,0
-104,-24,188,0,-50,0
-90,-1,198,0,-50,0
-79,18,209,0,-50,0
-113,34,216,0,-50,0
-76,20,183,0,-50,0
-132,4,247,0,-49,0
-106,8,191,0,-49,0
-90,-37,219,0,-49,0
-121,-3,220,0,-49,0
-114,-8,215,0,-49,0
-78,-14,205,0,-48,0
-100,3,224,0,-48,0
-101,-51,212,0,-48,0
-92,28,190,0,-47,0
-86,-14,214,0,-47,0
-123,-5,183,0,-47,0
-66,-4,211,0,-46,0
-91,-0,216,0,-46,0
-88,11,206,0,-45,0
-73,2,202,0,-45,0
-126,2,231,0,-44,0
-91,-30,183,0,-44,0
-92,-5,192,0,-43,0
-94,-47,223,0,-43,0
-63,-0,226,0,-42,0
-88,1,196,0,-42,0
-53,6,169,0,-41,0
-68,-17,205,0,-40,0
-80,16,246,0,-40,0
-72,2,231,0,-39,0
-55,-10,222,0,-39,0
-64,5,207,0,-38,0
-67,-5,215,0,-37,0
-55,0,229,0,-36,0
-68,14,244,0,-36,0
-68,37,218,0,-35,0
-63,22,222,0,-34,0
-37,-14,216,0,-33,0
-60,-19,186,0,-33,0
-63,-22,231,0,-32,0
-61,16,237,0,-31,0
-43,1,243,0,-30,0
-44,10,227,0,-29,0
-64,26,242,0,-28,0
-39,-21,230,0,-27,0
-38,6,247,0,-26,0
-103,-13,231,0,-26,0
-43,15,206,0,-25,0
-95,-26,225,0,-24,0
-51,17,230,0,-23,0
-61,11,224,0,-22,0
-65,-3,191,0,-21,0
-16,46,238,0,-20,0
-60,30,235,0,-19,0
-45,17,206,0,-18,0
-42,-8,251,0,-17,0
-31,26,228,0,-16,0
-26,44,206,0,-15,0
-40,22,250,0,-14,0
-63,-15,258,0,-13,0
-36,2,275,0,-12,0
-81,-23,235,0,-11,0
-9,-20,261,0,-10,0
-3,4,215,0,-9,0
-14,-18,232,0,-8,0
-19,28,274,0,-6,0
-33,16,299,0,-5,0
-30,-8,248,0,-4,0
-0,8,243,0,-3,0
-7,15,259,0,-2,0
30,35,279,0,-1,0
-14,-19,223,0,-0,0
-4,4,269,0,1,0
8,-9,243,0,2,0
-28,18,247,0,3,0
-2,4,252,0,4,0
32,9,264,0,5,0
46,14,264,0,6,0
-10,15,246,0,7,0
12,2,296,0,8,0
69,25,266,0,10,0
28,-33,277,0,11,0
20,-25,238,0,12,0
-5,7,278,0,13,0
-3,-11,300,0,14,0
41,8,291,0,15,0
60,-5,265,0,16,0
30,-2,283,0,17,0
35,19,269,0,18,0
61,14,300,0,19,0
23,16,251,0,20,0
72,14,262,0,21,0
68,2,301,0,22,0
64,9,276,0,23,0
46,-21,295,0,24,0
75,-29,274,0,25,0
57,18,267,0,25,0
55,-29,277,0,26,0
54,-38,314,0,27,0
33,40,289,0,28,0
46,17,250,0,29,0
57,-32,304,0,30,0
67,25,279,0,31,0
66,-5,335,0,32,0
90,-11,268,0,32,0
43,-10,334,0,33,0
74,2,345,0,34,0
94,-1,313,0,35,0
110,-42,300,0,36,0
82,5,316,0,36,0
97,-52,299,0,37,0
36,9,284,0,38,0
48,-13,301,0,38,0
31,-50,267,0,39,0
91,-1,294,0,40,0
66,-16,293,0,40,0
50,-15,281,0,41,0
80,5,289,0,42,0
129,-44,266,0,42,0
111,-19,297,0,43,0
78,-15,344,0,43,0
114,9,272,0,44,0
94,-5,277,0,44,0
76,29,318,0,45,0
102,17,303,0,45,0
96,41,318,0,46,0
38,-10,301,0,46,0
81,-3,288,0,47,0
75,-12,293,0,47,0
85,-2,324,0,47,0
80,3,309,0,48,0
96,1,355,0,48,0
71,-6,300,0,48,0
99,4,270,0,49,0
124,-12,281,0,49,0
122,-22,303,0,49,0
122,25,283,0,49,0
113,-1,316,0,49,0
114,33,297,0,50,0
95,30,315,0,50,0
99,9,335,0,50,0
83,-19,326,0,50,0
116,-19,265,0,50,0
108,-19,309,0,50,0
92,-1,306,0,50,0
116,13,288,0,50,0
104,-14,295,0,50,0
82,-12,245,0,50,0
98,2,327,0,50,0
106,-26,290,0,50,0
94,13,330,0,50,0
112,12,344,0,49,0
77,5,312,0,49,0
75,-8,289,0,49,0
103,16,299,0,49,0
110,-3,328,0,49,0
77,33,306,0,48,0
59,4,307,0,48,0
123,-7,297,0,48,0
80,-16,296,0,48,0
66,-44,319,0,47,0
70,-21,337,0,47,0
66,34,313,0,46,0
84,-23,319,0,46,0
109,1,299,0,46,0
111,30,351,0,45,0
96,-27,329,0,45,0
75,-21,263,0,44,0
71,-31,321,0,44,0
74,6,251,0,43,0
89,-18,313,0,43,0
109,-11,295,0,42,0
94,16,338,0,41,0
75,-24,274,0,41,0
78,-14,275,0,40,0
76,-12,307,0,40,0
94,20,274,0,39,0
78,16,264,0,38,0
84,-2,283,0,38,0
118,35,318,0,37,0
68,-6,324,0,36,0
51,-44,284,0,35,0
96,14,287,0,35,0
27,15,274,0,34,0
66,14,283,0,33,0
125,-4,286,0,32,0
88,-17,327,0,31,0
55,-18,289,0,31,0
85,28,310,0,30,0
57,17,327,0,29,0
61,-52,283,0,28,0
44,13,257,0,27,0
78,-3,260,0,26,0
60,-12,276,0,25,0
17,-20,278,0,24,0
60,-5,252,0,23,0
64,29,294,0,22,0
29,13,268,0,21,0
43,48,266,0,20,0
80,14,249,0,19,0
53,21,275,0,19,0
42,-9,294,0,18,0
33,9,268,0,16,0
26,-7,252,0,15,0
20,-17,271,0,14,0
8,-15,248,0,13,0
36,6,249,0,12,0
5,0,288,0,11,0
-5,-4,243,0,10,0
34,-15,273,0,9,0
26,15,265,0,8,0
15,-7,255,0,7,0
-0,-6,287,0,6,0
33,-21,276,0,5,0
27,-4,294,0,4,0
-16,-7,238,0,3,0
19,8,268,0,2,0
-33,40,270,0,1,0
12,-5,237,0,-0,0
-20,5,274,0,-1,0
0,4,261,0,-2,0
-43,-29,275,0,-4,0
-7,22,246,0,-5,0
2,-24,256,0,-6,0
-44,-14,282,0,-7,0
-19,-31,266,0,-8,0
-54,-11,229,0,-9,0
-32,10,244,0,-10,0
-16,16,246,0,-11,0
-69,4,230,0,-12,0
24,4,200,0,-13,0
-30,42,200,0,-14,0
-35,12,206,0,-15,0
-25,12,261,0,-16,0
-30,-4,247,0,-17,0
-6,-1,252,0,-18,0
-57,8,249,0,-19,0
-14,14,242,0,-20,0
-36,-4,270,0,-21,0
-32,-11,237,0,-22,0
-16,47,251,0,-23,0
-64,34,273,0,-24,0
-25,4,276,0,-25,0
-28,13,230,0,-26,0
-56,22,237,0,-27,0
-76,32,233,0,-28,0
-50,-9,261,0,-28,0
-81,28,199,0,-29,0
-97,-1,230,0,-30,0
-68,17,228,0,-31,0
-66,-20,212,0,-32,0
-77,-19,204,0,-33,0
-83,19,194,0,-34,0
-73,-14,223,0,-34,0
-71,32,230,0,-35,0
-48,-6,206,0,-36,0
-35,8,203,0,-37,0
-44,-2,229,0,-37,0
-70,30,199,0,-38,0
-59,-17,237,0,-39,0
-98,9,211,0,-39,0
-111,9,219,0,-40,0
-99,-32,206,0,-41,0
-112,41,216,0,-41,0
-50,-16,187,0,-42,0
-93,1,237,0,-42,0
-78,0,190,0,-43,0
-119,-1,281,0,-44,0
-86,-28,170,0,-44,0
-69,18,194,0,-45,0
-112,1,202,0,-45,0
-129,3,235,0,-45,0
-90,6,250,0,-46,0
-129,11,173,0,-46,0
-84,-16,226,0,-47,0
-116,26,212,0,-47,0
-80,-6,200,0,-47,0
-92,-17,197,0,-48,0
-89,1,202,0,-48,0
-88,13,179,0,-48,0
-119,17,213,0,-49,0
-118,-8,203,0,-49,0
-119,-28,176,0,-49,0
-99,-4,223,0,-49,0
-70,10,201,0,-49,0
-119,-14,235,0,-50,0
-116,-30,212,0,-50,0
-85,-9,197,0,-50,0
-103,13,197,0,-50,0
-99,-9,198,0,-50,0
-60,12,199,0,-50,0
-100,41,205,0,-50,0
-141,-4,231,0,-50,0
-118,-2,180,0,-50,0
-70,-13,218,0,-50,0
-100,7,167,0,-50,0
-90,14,227,0,-50,0
-82,-3,193,0,-50,0
-111,8,210,0,-49,0
-72,-42,184,0,-49,0
-87,-15,253,0,-49,0
-112,19,201,0,-49,0
-71,-13,190,0,-49,0
-87,-9,216,0,-48,0
-105,-6,222,0,-48,0
-125,1,171,0,-48,0
-81,9,226,0,-47,0
-93,-3,185,0,-47,0
-120,-1,181,0,-47,0
-102,2,165,0,-46,0
-116,6,168,0,-46,0
-67,12,234,0,-45,0
-90,-1,191,0,-45,0
-92,-2,228,0,-45,0
-69,27,193,0,-44,0
-87,21,262,0,-44,0
-79,-6,236,0,-43,0
-125,4,232,0,-42,0
-82,-29,248,0,-42,0
-137,7,226,0,-41,0
-58,-8,224,0,-41,0
-76,30,205,0,-40,0
-116,-14,207,0,-39,0
-71,-25,210,0,-39,0
-79,6,250,0,-38,0
-82,-13,239,0,-37,0
-81,-17,225,0,-37,0
-71,5,201,0,-36,0
-68,19,247,0,-35,0
-74,41,204,0,-34,0
-55,8,221,0,-34,0
-78,-12,229,0,-33,0
-70,-5,216,0,-32,0
-86,-2,201,0,-31,0
-70,-6,211,0,-30,0
-87,-21,203,0,-29,0
-47,7,212,0,-29,0
-8,4,217,0,-28,0
-58,5,240,0,-27,0
-95,8,252,0,-26,0
-68,-20,266,0,-25,0
11,-18,225,0,-24,0
-13,-19,259,0,-23,0
-60,28,231,0,-22,0
-52,32,197,0,-21,0
-32,-17,237,0,-20,0
-19,-6,217,0,-19,0
-7,-26,236,0,-18,0
-58,6,238,0,-17,0
7,9,249,0,-16,0
-53,12,200,0,-15,0
-45,-5,247,0,-14,0
-40,22,248,0,-13,0
-28,-13,245,0,-12,0
-13,-34,231,0,-11,0
-39,-13,271,0,-10,0
-8,-34,247,0,-9,0
-0,-7,248,0,-8,0
-31,20,248,0,-7,0
-10,11,246,0,-6,0
-3,1,251,0,-5,0
-12,-13,268,0,-4,0
15,22,235,0,-2,0
-8,35,246,0,-1,0
-19,-0,249,0,-0,0
-20,-6,275,0,1,0
-15,-15,281,0,2,0
39,11,277,0,3,0
19,33,256,0,4,0
-25,12,234,0,5,0
-35,9,252,0,6,0
-10,-1,263,0,7,0
16,8,240,0,8,0
18,-1,286,0,9,0
15,-28,271,0,10,0
28,-21,268,0,11,0
8,-15,292,0,12,0
25,-31,252,0,13,0
26,-42,269,0,14,0
55,-2,269,0,15,0
-11,14,277,0,16,0
30,25,273,0,17,0
53,-4,255,0,18,0
30,1,284,0,19,0
49,-9,280,0,20,0
19,4,243,0,21,0
19,-5,256,0,22,0
39,-6,318,0,23,0
76,-45,281,0,24,0
91,2,283,0,25,0
45,16,269,0,26,0
101,1,281,0,27,0
80,16,267,0,28,0
61,30,290,0,29,0
15,-21,274,0,30,0
67,22,283,0,31,0
38,24,330,0,31,0
70,4,296,0,32,0
58,-26,301,0,33,0
107,-12,283,0,34,0
42,-29,254,0,35,0
95,-5,256,0,35,0
81,-26,284,0,36,0
33,10,276,0,37,0
79,27,289,0,38,0
84,-29,342,0,38,0
67,27,300,0,39,0
53,8,310,0,40,0
98,8,268,0,40,0
103,5,292,0,41,0
112,-18,291,0,41,0
75,9,312,0,42,0
89,33,280,0,43,0
92,-48,311,0,43,0
69,5,312,0,44,0
123,34,286,0,44,0
60,-24,292,0,45,0
78,-0,328,0,45,0
90,-7,327,0,46,0
93,18,271,0,46,0
89,3,264,0,46,0
101,0,326,0,47,0
108,32,303,0,47,0
99,18,282,0,48,0
112,-0,336,0,48,0
117,30,297,0,48,0
75,14,316,0,48,0
84,-8,296,0,49,0
113,-62,304,0,49,0
127,1,302,0,49,0
118,-9,300,0,49,0
76,-7,298,0,49,0
99,14,306,0,50,0
59,13,330,0,50,0
79,26,311,0,50,0
97,10,294,0,50,0
69,24,303,0,50,0
90,14,293,0,50,0
102,-10,293,0,50,0
106,6,284,0,50,0
119,-34,304,0,50,0
101,13,313,0,50,0
70,-5,299,0,50,0
75,-23,316,0,50,0
87,2,256,0,50,0
84,19,317,0,49,0
102,-15,318,0,49,0
115,-3,276,0,49,0
142,-18,321,0,49,0
125,47,309,0,49,0
81,27,308,0,48,0
35,-11,302,0,48,0
92,-7,275,0,48,0
122,21,326,0,47,0
101,-2,304,0,47,0
92,-26,299,0,47,0
96,-21,307,0,46,0
91,11,298,0,46,0
89,-11,295,0,45,0
124,-2,321,0,45,0
67,24,338,0,44,0
113,8,322,0,44,0
107,14,289,0,43,0
70,19,309,0,43,0
81,-10,298,0,42,0
81,-8,299,0,42,0
62,15,293,0,41,0
90,1,310,0,40,0
83,30,304,0,40,0
94,6,308,0,39,0
63,-13,282,0,38,0
81,42,294,0,38,0
92,-25,297,0,37,0
71,-38,276,0,36,0
100,20,328,0,36,0
103,18,271,0,35,0
33,20,280,0,34,0
54,-20,277,0,33,0
66,6,271,0,32,0
50,-22,278,0,32,0
29,16,296,0,31,0
56,-18,285,0,30,0
51,-2,269,0,29,0
98,35,288,0,28,0
47,14,277,0,27,0
63,18,312,0,26,0
27,-6,308,0,25,0
60,-34,269,0,25,0
50,-40,292,0,24,0
67,-3,247,0,23,0
76,12,278,0,22,0
52,30,285,0,21,0
18,33,225,0,20,0
37,24,253,0,19,0
9,-12,248,0,18,0
26,20,272,0,17,0
24,-24,253,0,16,0
29,7,298,0,15,0
25,-13,281,0,14,0
49,10,242,0,13,0
27,23,280,0,12,0
32,20,257,0,11,0
17,-8,223,0,10,0
17,10,247,0,8,0
1,8,272,0,7,0
12,41,265,0,6,0
-2,-9,264,0,5,0
2,-1,274,0,4,0
15,-11,267,0,3,0
13,1,283,0,2,0
-22,0,268,0,1,0
2,7,263,0,-0,0
23,-11,231,0,-1,0
-39,9,219,0,-2,0
-12,13,261,0,-3,0
12,22,259,0,-4,0
-1,-27,228,0,-5,0
-10,-15,267,0,-6,0
24,-15,241,0,-8,0
-22,0,243,0,-9,0
-31,-5,225,0,-10,0
-29,29,243,0,-11,0
-13,18,238,0,-12,0
-19,6,235,0,-13,0
-17,-7,261,0,-14,0
-47,-6,220,0,-15,0
-10,-8,205,0,-16,0
-35,19,229,0,-17,0
-48,-10,210,0,-18,0
-16,21,226,0,-19,0
-36,-0,280,0,-20,0
-9,-15,239,0,-21,0
-57,0,203,0,-22,0
-29,22,230,0,-23,0
-24,17,236,0,-24,0
-23,-64,243,0,-25,0
-58,-1,246,0,-26,0
-35,4,227,0,-26,0
-63,7,220,0,-27,0
-76,-18,223,0,-28,0
-42,-28,212,0,-29,0
-41,15,185,0,-30,0
-50,14,240,0,-31,0
-66,2,211,0,-32,0
-53,-10,228,0,-33,0
-101,7,235,0,-33,0
-21,-4,223,0,-34,0
-38,36,225,0,-35,0
-90,39,218,0,-36,0
-88,-29,245,0,-36,0
-77,25,244,0,-37,0
-95,-2,219,0,-38,0
-109,-15,191,0,-39,0
-85,-3,229,0,-39,0
-82,-3,192,0,-40,0
-79,-23,211,0,-40,0
-55,1,224,0,-41,0
-69,33,233,0,-42,0
-43,-39,268,0,-42,0
-78,20,208,0,-43,0
-64,-37,196,0,-43,0
-92,11,242,0,-44,0
-104,8,177,0,-44,0
-116,-39,213,0,-45,0
-113,-6,236,0,-45,0
-139,-2,219,0,-46,0
-59,4,195,0,-46,0
-127,1,202,0,-47,0
-89,32,190,0,-47,0
-113,14,228,0,-47,0
-122,-30,200,0,-48,0
-118,-28,214,0,-48,0
-71,-2,195,0,-48,0
-139,5,218,0,-49,0
-113,17,237,0,-49,0
-97,-23,258,0,-49,0
-112,-7,220,0,-49,0
-107,-16,223,0,-49,0
-102,26,197,0,-50,0
-107,-24,226,0,-50,0
-120,16,185,0,-50,0
-133,8,243,0,-50,0
-86,-13,214,0,-50,0
-79,-25,199,0,-50,0
-104,-8,211,0,-50,0
-82,-11,187,0,-50,0
-84,-19,219,0,-50,0
-56,-9,223,0,-50,0
-116,12,216,0,-50,0
-90,6,199,0,-50,0
-98,22,182,0,-50,0
-94,5,199,0,-49,0
-99,-25,246,0,-49,0
-78,-23,203,0,-49,0
-114,-11,219,0,-49,0
-66,10,218,0,-49,0
-87,-13,196,0,-48,0
-75,-24,212,0,-48,0
-93,6,186,0,-48,0
-97,-38,197,0,-48,0
-134,4,227,0,-47,0
-101,4,230,0,-47,0
-102,10,200,0,-46,0
-123,-8,191,0,-46,0
-75,-15,224,0,-46,0
-79,9,217,0,-45,0
-82,-26,205,0,-45,0
-121,-56,271,0,-44,0
-85,-36,239,0,-44,0
-39,32,244,0,-43,0
-99,-5,190,0,-43,0
-62,-35,212,0,-42,0
-76,-38,202,0,-41,0
-74,7,212,0,-41,0
-91,-13,230,0,-40,0
-54,6,205,0,-40,0
-80,-15,227,0,-39,0
-53,2,193,0,-38,0
-46,-17,170,0,-37,0
-91,39,201,0,-37,0
-66,38,234,0,-36,0
-87,7,196,0,-35,0
-33,-10,232,0,-35,0
-76,-14,222,0,-34,0
-76,-29,188,0,-33,0
-34,-9,198,0,-32,0
-97,-22,204,0,-31,0
-44,32,242,0,-30,0
-76,-14,207,0,-30,0
-79,30,211,0,-29,0
-30,35,236,0,-28,0
-32,-13,235,0,-27,0
-39,-6,240,0,-26,0
-31,-21,242,0,-25,0
-44,11,246,0,-24,0
-78,39,221,0,-23,0
-42,13,222,0,-22,0
-40,3,194,0,-21,0
-41,-8,205,0,-20,0
-59,-19,208,0,-19,0
-27,-23,217,0,-18,0
-20,-12,239,0,-17,0
-43,-47,251,0,-16,0
-10,-3,257,0,-15,0
-15,5,190,0,-14,0
-35,-28,251,0,-13,0
-40,-3,218,0,-12,0
-48,-11,263,0,-11,0
-42,38,272,0,-10,0
-26,-28,225,0,-9,0
-45,-13,277,0,-8,0
-39,-27,254,0,-7,0
9,14,256,0,-6,0
-23,-10,278,0,-5,0
-41,12,257,0,-4,0
-1,7,257,0,-3,0
20,-14,248,0,-2,0
-11,19,284,0,-1,0
14,20,265,0,0,0
9,10,255,0,2,0
19,-30,246,0,3,0
5,-4,253,0,4,0
-29,6,270,0,5,0
23,4,233,0,6,0
-5,-39,258,0,7,0
15,-27,241,0,8,0
25,13,269,0,9,0
2,13,261,0,10,0
13,-20,263,0,11,0
33,3,273,0,12,0
33,22,268,0,13,0
25,6,284,0,14,0
31,1,258,0,15,0
29,-29,288,0,16,0
29,30,261,0,17,0
13,20,276,0,18,0
42,-12,265,0,19,0
80,19,290,0,20,0
63,-16,260,0,21,0
33,-18,267,0,22,0
16,-7,293,0,23,0
20,12,307,0,24,0
4,-7,294,0,25,0
30,-26,301,0,26,0
40,-5,299,0,27,0
10,24,284,0,28,0
40,-43,255,0,29,0
64,0,289,0,29,0
51,-14,311,0,30,0
38,5,306,0,31,0
54,-30,284,0,32,0
27,-2,286,0,33,0
101,28,292,0,34,0
85,33,276,0,34,0
36,4,290,0,35,0
82,5,288,0,36,0
75,-19,322,0,37,0
77,26,268,0,37,0
97,1,294,0,38,0
78,-9,332,0,39,0
97,32,289,0,39,0
75,-12,266,0,40,0
101,-18,289,0,41,0
88,17,262,0,41,0
70,-45,315,0,42,0
108,-25,290,0,43,0
123,47,293,0,43,0
93,-31,286,0,44,0
88,6,264,0,44,0
89,-7,276,0,45,0
85,18,317,0,45,0
61,-5,323,0,46,0
42,19,309,0,46,0
93,-15,300,0,46,0
83,23,313,0,47,0
76,-2,325,0,47,0
120,4,314,0,47,0
94,49,315,0,48,0
100,14,282,0,48,0
85,47,319,0,48,0
83,0,284,0,49,0
66,2,304,0,49,0
126,6,302,0,49,0
125,-12,291,0,49,0
116,-9,337,0,49,0
