2,-270,-5,2,54,34
24,-254,10,20,-8,21
-5,-231,20,39,16,61
3,-236,31,-25,2,85
-1,-220,-10,48,36,-66
-10,-260,47,13,-37,-28
-2,-244,-19,52,56,-1
10,-223,47,11,40,23
-46,-225,5,44,-103,44
21,-242,22,57,-79,51
-16,-222,-2,17,-6,-73
13,-200,4,21,-8,74
-18,-206,34,10,40,-49
8,-181,42,20,15,-3
4,-162,34,23,4,-9
-14,-195,20,59,2,-6
21,-155,33,-17,45,0
-61,-166,13,-7,-55,19
3,-176,87,-53,79,-11
11,-155,44,47,6,41
4,-229,48,38,24,7
-17,-152,70,-39,0,-8
6,-173,41,31,-20,35
51,-136,65,-12,-16,-7
-13,-126,65,-47,-71,31
43,-174,50,9,-26,-25
20,-142,45,-12,-18,43
-52,-141,58,35,41,83
34,-167,31,-9,40,-35
-19,-149,43,2,-44,12
-26,-178,71,24,-36,65
4,-134,39,-60,9,-4
35,-103,51,-0,-1,29
8,-114,89,-38,3,-29
-2,-79,51,-65,39,1
15,-148,99,-45,62,-7
-3,-165,66,69,-48,-41
-14,-158,51,-131,-14,-5
-3,-70,77,27,-34,40
-8,-142,30,-20,68,-33
43,-78,84,19,-93,-37
-45,-103,52,-80,30,-25
3,-117,69,-41,33,38
-39,-122,59,74,34,-58
9,-123,55,-12,28,-2
-28,-99,71,19,-105,1
8,-123,56,12,-19,-19
-5,-70,101,-93,-23,-7
-10,-69,53,25,24,19
-18,-103,70,53,-1,12
-12,-135,56,-5,-15,24
22,-100,110,41,62,-2
7,-102,41,18,-8,1
6,-97,81,2,28,11
5,-67,73,23,-17,45
21,-127,54,58,15,-60
9,-85,59,-12,-39,24
16,-105,104,-21,-44,-0
-38,-96,96,-25,5,-34
-34,-119,87,-29,0,43
42,-111,77,-16,53,8
28,-122,66,31,23,25
-3,-127,45,-42,26,-10
9,-87,99,-59,-33,61
11,-134,91,20,32,50
-27,-82,60,5,45,28
13,-131,39,9,-17,-5
-43,-94,65,-31,44,-8
11,-116,34,21,16,50
-4,-115,40,-19,-2,72
-15,-135,76,-0,7,-50
22,-140,53,-45,39,-75
3,-129,106,-6,-30,50
35,-121,39,6,34,-10
-15,-139,17,23,63,-27
-2,-127,38,36,-61,1
8,-191,62,9,-5,-25
-16,-161,68,-41,-59,-38
-20,-174,45,-23,-15,-34
19,-173,5,46,-55,72
46,-181,72,-19,8,15
31,-124,74,-28,70,9
47,-192,19,33,-59,56
-18,-175,57,-39,16,2
-32,-182,21,27,-34,39
-38,-179,53,-30,70,-63
-13,-183,19,-22,-64,-2
22,-210,22,4,-50,-22
-1,-232,39,68,-53,30
3,-204,11,-1,-47,-61
14,-235,27,-0,-0,-26
35,-250,5,-4,22,-33
-12,-242,-10,15,-32,-4
-8,-253,4,-48,77,-27
-1,-241,4,-58,8,-52
-35,-249,17,-53,11,19
-28,-242,11,42,-61,-21
-25,-230,29,-21,79,-12
-3,-236,7,67,-9,-52
18,-250,3,2,-32,-22
3,-250,3,-125,-12,46
-37,-249,-5,7,-4,-42
15,-236,17,-20,-24,-17
-3,-292,-14,-38,-71,74
-26,-282,-11,-41,-29,-55
30,-259,3,-24,7,-44
-9,-297,-7,-22,57,-4
9,-250,-14,77,2,20
11,-301,-39,-42,6,4
-11,-305,-21,-10,52,15
-3,-301,-39,32,28,13
32,-308,-36,10,-19,81
-13,-298,-35,-0,-11,-13
-14,-335,-11,67,-20,-7
2,-363,-12,8,62,-48
-2,-323,-15,10,-12,48
-13,-335,-42,56,-19,-46
9,-338,-71,41,44,7
-8,-323,-33,59,25,-33
-28,-362,-47,15,29,-27
2,-346,-57,29,8,67
1,-345,-69,-144,-43,-34
-6,-341,-41,-3,79,43
3,-383,-56,8,-23,12
25,-369,-94,-33,-11,-66
67,-392,-68,-13,43,-19
-14,-384,-27,13,-21,16
-14,-395,-51,58,-13,65
20,-340,-75,19,-4,-4
-19,-347,-20,14,-21,-96
-18,-395,-35,-28,-12,28
33,-393,-63,-9,-6,57
6,-394,-57,-32,11,3
4,-410,-40,-18,48,-18
-16,-365,-111,-79,-50,-33
-9,-412,-123,-28,10,10
30,-351,-38,-24,-58,10
5,-399,-73,59,44,43
44,-388,-99,-38,-1,38
-3,-377,-52,18,-20,-2
-22,-431,-59,-9,-53,61
-0,-401,-30,-51,-7,-3
3,-417,-107,32,51,-2
39,-415,-56,-13,-16,-54
17,-426,-70,-12,-7,47
8,-420,-64,59,-45,55
-8,-388,-103,57,-48,22
-19,-411,-91,-81,84,-1
-36,-396,-45,19,-5,83
-15,-391,-86,-45,27,-44
-8,-392,-67,-57,-14,-28
7,-400,-56,-7,63,13
-9,-391,-82,2,-5,-6
17,-422,-74,-11,-21,-35
-5,-428,-62,-22,-2,-34
-3,-412,-81,-69,-21,-3
39,-417,-74,1,-37,9
17,-387,-54,44,76,60
6,-420,-88,-5,-28,73
-10,-451,-47,-48,-30,-13
-10,-397,-47,-14,-28,-49
11,-401,-90,-8,-47,17
-8,-394,-73,5,-16,8
8,-355,-73,50,29,-47
20,-418,-83,71,51,-5
15,-368,-57,-32,52,78
13,-421,-73,18,-45,42
32,-333,-84,-9,32,-11
12,-358,-35,46,-17,28
-0,-397,-47,-31,-38,-41
-25,-384,-67,-23,80,-3
-13,-348,-77,10,7,49
-6,-374,-69,2,35,-10
27,-352,-43,-13,-8,-32
-2,-396,-69,-17,3,-25
-27,-363,-61,36,-52,-143
5,-364,-76,11,-68,-2
6,-340,-60,50,23,12
-9,-325,-31,9,34,37
35,-328,-53,6,14,-9
-9,-377,-42,44,-14,-16
-24,-348,-36,23,30,4
17,-332,-68,31,-42,17
0,-289,-14,25,-39,-54
-8,-339,-37,-16,28,-22
18,-320,-64,75,33,-43
-28,-303,-37,31,-52,-55
16,-318,-5,-14,-8,-69
-12,-319,-51,17,-0,-30
-5,-282,-65,23,-87,-68
30,-289,-38,-2,-3,-15
-9,-323,-20,-53,30,22
9,-298,-24,63,3,20
-17,-292,-63,-1,-69,1
25,-245,-51,-6,10,38
-2,-303,4,49,-52,-99
-6,-320,-6,-2,-45,-19
-65,-300,-20,-21,-55,22
25,-233,-19,19,25,29
21,-250,-26,-42,-22,-25
-7,-257,24,36,-61,-9
0,-236,-9,54,-38,-22
-11,-235,-35,68,-34,23
9,-267,-20,-66,4,-5
-11,-241,1,-56,1,18
-15,-198,15,-40,-7,85
-14,-230,-6,-28,74,-26
-19,-238,31,74,-15,-13
19,-212,1,59,78,19
-25,-232,8,-11,61,58
7,-208,39,-17,56,-23
-21,-192,-7,60,-77,49
-15,-184,47,-79,28,-5
34,-237,2,-53,38,74
-11,-160,59,45,-7,-17
12,-172,39,9,3,-71
6,-207,31,-30,17,87
2,-171,21,75,-27,-84
30,-154,64,-70,19,6
23,-189,39,6,-31,-58
-28,-140,67,-58,-36,15
29,-160,43,-21,-14,-15
-1,-160,58,9,-5,26
-9,-182,25,18,19,21
3,-139,46,43,2,-25
0,-143,52,40,-13,-4
12,-149,38,-11,-84,-6
26,-156,7,9,32,26
-15,-96,86,67,26,-19
13,-127,38,46,-57,-1
-6,-138,39,-66,-29,44
26,-110,84,29,60,-22
25,-133,82,-46,44,4
21,-134,43,51,57,22
-22,-120,77,-22,-5,12
10,-125,56,33,20,-95
16,-142,67,-54,-25,-20
11,-109,67,6,14,-15
-21,-94,97,26,-27,-17
20,-101,80,37,-10,74
-28,-78,78,134,24,-2
-4,-82,60,19,50,-26
-13,-138,58,-10,45,4
21,-114,76,-35,-6,16
-20,-71,71,-38,-26,-37
-1,-95,105,-24,46,8
1,-115,108,-14,5,3
1,-72,77,94,37,13
20,-129,50,73,16,66
-52,-83,111,12,41,-1
6,-131,65,-44,6,82
-10,-88,57,10,26,-15
11,-99,57,-52,-7,-11
0,-72,58,-12,14,8
-3,-114,91,-6,-19,5
20,-125,77,6,-7,-60
-20,-119,74,-20,-13,-47
0,-98,95,19,-85,66
4,-111,83,2,38,8
-7,-135,58,-47,83,35
-14,-138,61,-17,58,-53
-20,-139,84,-46,5,41
-1,-120,80,59,-57,27
3,-107,76,-41,-40,1
-0,-83,88,-29,-41,-28
23,-129,65,-6,7,4
6,-132,68,18,-24,-53
12,-124,39,-42,-29,-17
-17,-133,63,-2,79,-9
16,-122,73,70,32,-51
-39,-116,56,-33,58,-67
15,-127,44,-21,-36,-55
20,-108,44,-16,30,5
32,-164,58,-25,-12,49
32,-114,37,-37,-20,-22
-20,-155,49,9,4,45
-25,-157,70,37,36,21
-36,-136,100,22,-44,-14
-7,-167,78,9,-35,-1
3,-170,55,57,-11,-5
20,-191,54,35,-20,-57
11,-197,65,50,4,-59
-9,-191,43,3,64,-32
-1,-176,61,-89,31,0
9,-202,7,93,-43,-39
-2,-188,7,-53,44,63
-24,-227,29,-27,40,86
6,-221,14,-69,9,-13
17,-204,-16,-10,16,13
-13,-214,19,7,-7,9
-35,-217,8,-3,58,14
-5,-233,26,-21,23,15
-6,-224,53,-47,25,-16
16,-215,-5,-28,-64,60
-28,-233,36,0,-24,31
33,-220,-9,-19,-6,-15
-11,-230,-3,45,-95,-17
22,-209,5,8,3,-31
-21,-262,20,-14,-9,-0
24,-271,10,-28,135,-81
14,-251,5,13,18,77
11,-295,3,87,45,-30
-12,-235,-7,-10,5,7
11,-284,-12,55,12,6
-16,-281,-4,38,0,-6
-11,-276,2,-33,-43,-43
-10,-315,-20,-41,48,5
1,-274,-40,30,-12,15
-64,-294,-7,99,42,33
-9,-285,21,18,18,10
-7,-304,-35,3,-4,-45
-21,-295,-57,-23,20,5
17,-292,-29,28,-51,-9
-14,-318,-17,-32,52,39
17,-300,-35,6,-50,-22
16,-354,-62,-52,40,-25
3,-316,-34,-17,-9,-22
12,-313,-30,-75,-59,12
20,-379,-17,51,-20,-58
-28,-335,-49,0,4,2
-36,-327,-13,21,-19,88
5,-321,-69,15,48,-4
-30,-373,-81,-75,62,12
10,-365,-38,23,8,-64
1,-324,-49,-19,27,60
37,-352,-18,-50,35,27
9,-329,-22,-42,49,-32
30,-352,-55,39,-50,-4
24,-392,-30,6,58,14
-23,-384,-45,-30,18,3
11,-363,-40,11,-21,-5
14,-380,-83,15,56,-9
2,-360,-15,-21,-72,-39
5,-371,-75,38,-23,-8
15,-384,-71,23,-5,48
46,-379,-103,0,-23,40
-19,-411,-55,-39,-33,38
-6,-411,-65,3,1,-61
-37,-406,-95,24,-27,5
4,-412,-35,4,-24,-67
-16,-400,-79,25,-43,48
-15,-409,-57,-12,-5,-59
13,-391,-90,-16,-81,-45
-10,-405,-49,-110,133,56
-33,-420,-73,10,-23,16
16,-401,-49,-5,-28,-0
17,-377,-81,-28,-85,-41
34,-403,-103,47,-28,7
19,-380,-76,54,-19,-61
-7,-434,-64,-50,-40,-54
-25,-452,-95,6,30,-118
-21,-393,-44,-15,-7,26
0,-415,-67,35,-60,23
-7,-393,-63,9,55,17
9,-391,-87,-36,53,-8
1,-367,-37,-63,-41,13
-2,-414,-118,21,11,-31
-3,-386,-53,55,23,24
3,-380,-99,13,24,-39
-14,-409,-46,-10,55,14
-20,-362,-52,44,-10,-19
-5,-383,-47,-18,14,6
17,-385,-79,58,10,73
-14,-395,-87,-19,75,29
11,-364,-72,97,1,-11
-2,-456,-72,-28,66,-13
-30,-365,-77,-58,22,30
-16,-376,-49,12,21,-68
9,-380,-13,18,-4,2
29,-364,-67,-68,37,-15
-6,-376,-69,0,11,29
7,-386,-67,6,35,-91
4,-367,-45,6,-82,-8
-24,-356,-23,14,-65,24
32,-371,-43,-14,-53,1
17,-374,-59,5,2,0
11,-359,-24,-78,-4,-22
-19,-355,-44,43,-75,-4
-16,-355,-14,-17,-36,-13
5,-350,-62,15,18,-37
47,-360,-53,-64,-14,18
1,-351,-35,23,-21,-34
-7,-390,-46,20,36,-29
-28,-313,-26,-35,-4,30
29,-320,-4,18,-6,-2
-41,-311,6,-41,-20,-39
6,-357,-66,-18,-22,9
-5,-322,-16,-23,60,23
28,-287,-24,-101,2,61
-8,-287,-92,26,-74,59
4,-296,-9,-85,10,-44
37,-319,-20,69,53,11
29,-265,5,-1,-11,-21
-25,-304,-7,-2,18,71
-34,-247,-9,55,5,-48
-22,-280,8,-46,43,-3
-26,-287,-6,-32,12,-5
-17,-255,4,-41,-54,-47
-51,-250,0,57,-20,12
10,-298,5,16,13,32
8,-260,37,54,32,-43
-30,-267,30,-14,18,-9
-37,-264,16,-1,-30,-13
-51,-224,4,62,5,-34
-1,-231,2,42,18,-3
11,-223,3,-17,4,-53
-8,-215,14,-59,-73,-1
-0,-240,43,-26,-78,18
-13,-213,0,77,-2,-18
18,-225,-1,-21,37,21
2,-223,35,-8,66,37
9,-221,31,41,50,27
-3,-162,49,-81,-52,6
13,-181,28,48,-6,84
-13,-181,-2,40,37,90
-30,-166,6,-11,-24,-40
-3,-187,40,-23,36,29
-13,-184,57,-13,8,-13
-39,-181,29,105,-24,24
45,-156,61,18,-44,20
8,-162,82,-37,-49,53
11,-175,39,-51,-3,-8
7,-181,53,7,24,62
19,-140,65,-53,-27,-76
-4,-151,40,-2,-35,-12
1,-167,42,13,-6,-121
-0,-162,34,8,-59,20
-2,-95,32,-12,-12,-19
-13,-124,53,-77,-22,61
-6,-167,46,16,90,-28
13,-95,66,-1,68,-27
4,-130,63,-18,-103,43
14,-125,95,-66,13,47
-20,-114,63,-7,-53,31
12,-115,74,-7,-19,-7
10,-127,80,-47,31,21
-13,-112,45,-10,-47,-83
-10,-114,38,6,31,-0
-25,-125,75,-11,53,17
-23,-54,65,5,83,-54
-6,-95,67,-54,-16,14
-32,-119,53,-61,-1,-43
-25,-88,94,42,18,74
9,-99,119,18,-20,67
-13,-104,30,31,7,6
-47,-124,82,103,-4,-36
-1,-120,89,37,-27,-25
-18,-90,59,-2,-22,20
-30,-136,82,74,-60,-10
33,-104,72,37,-19,83
8,-125,80,24,13,-64
-1,-133,96,-41,10,84
14,-113,60,52,-26,1
8,-113,109,-47,-44,-38
23,-92,117,31,-6,42
14,-132,69,-47,-53,-46
-3,-129,75,-3,26,22
-9,-134,32,48,-40,-20
2,-96,78,20,37,7
-32,-84,70,18,-34,-37
11,-78,78,19,53,4
-36,-127,68,63,-29,-6
-9,-102,38,-7,35,9
-25,-127,65,21,-1,-34
-2,-95,55,26,7,69
-28,-103,43,-51,5,33
16,-129,76,-10,-36,71
-23,-108,70,0,22,-60
1,-121,68,-3,8,74
-25,-131,66,3,81,1
-16,-110,117,2,-34,18
-8,-144,42,30,-32,-0
8,-91,44,-40,20,-32
-9,-145,45,3,23,-19
15,-121,75,11,2,-45
-35,-141,89,-3,1,-66
-1,-169,70,-43,-94,3
-1,-141,36,-8,-37,12
-47,-152,61,-34,-25,-36
-11,-136,57,-28,32,-2
8,-168,68,3,-3,37
-4,-136,93,56,18,18
36,-176,43,96,37,134
32,-235,36,21,39,-41
-33,-156,48,-35,22,-7
7,-157,19,-1,-8,13
5,-196,31,-14,34,25
27,-227,19,-5,30,25
27,-167,11,-31,43,-19
11,-220,19,55,85,-22
-4,-200,22,55,-38,33
41,-213,11,11,-40,-7
28,-208,7,-42,19,-75
31,-197,33,84,26,-42
-5,-212,-2,-12,-18,32
-24,-259,-3,-98,-57,64
2,-257,23,-15,-7,-57
28,-242,1,8,-2,10
36,-252,-22,6,5,-82
-37,-249,-18,-13,-18,-29
11,-249,-8,57,-10,-55
2,-253,-19,-33,-68,-1
14,-276,5,-53,-17,-61
-12,-232,-11,-27,53,37
41,-302,-31,-50,1,64
28,-287,9,-40,1,-22
-22,-312,5,-1,19,-64
-31,-268,1,-53,-3,-60
-1,-313,-16,-13,-52,-8
-21,-266,-60,3,-42,-20
12,-332,-31,-3,-27,9
27,-318,3,-15,-4,38
-29,-311,-6,-8,-80,55
-52,-319,-7,-58,-65,-18
19,-301,-63,70,-48,12
-8,-332,-19,-9,-16,-60
37,-332,-12,-5,-16,19
-43,-360,-64,29,18,-103
31,-363,-23,-58,-38,-30
12,-304,-37,44,-62,-39
-23,-376,-3,51,13,34
1,-321,-58,7,10,-2
21,-347,-74,10,-96,-29
-7,-351,-62,-23,64,-13
4,-348,-42,-10,64,21
-15,-323,-110,14,-35,73
-12,-366,-50,16,-19,43
-23,-376,-54,-5,-106,-45
-40,-369,-34,-12,6,11
11,-383,-90,-23,18,22
4,-387,-61,-8,-5,-27
29,-414,-33,-32,15,-47
28,-393,-66,-25,1,-2
33,-370,-69,-37,-69,-26
-4,-402,-108,20,-58,-6
-2,-413,-38,-32,59,47
11,-379,-59,-32,-36,-95
9,-360,-57,2,49,55
-29,-412,-43,21,20,48
6,-405,-58,-17,47,-56
9,-371,-84,0,31,3
-2,-398,-79,-74,-69,-42
28,-407,-74,21,-40,42
-9,-371,-48,-9,-21,-1
-14,-418,-98,-28,54,48
1,-360,-72,-45,-54,-36
25,-399,-80,-44,-19,9
-10,-380,-89,-62,-33,-30
9,-393,-90,-14,-91,-51
-1,-374,-65,-10,31,67
-6,-404,-66,-42,-10,13
19,-426,-70,-14,-66,23
-10,-410,-86,0,39,-82
-37,-434,-86,4,-22,-76
-9,-398,-48,-10,52,-10
5,-400,-70,-20,-55,-10
-44,-410,-73,15,-43,31
20,-406,-42,21,-54,23
-24,-389,-52,36,36,-0
-22,-390,-66,-39,-61,-74
-0,-367,-70,58,-5,49
25,-390,-34,-26,-37,30
1,-410,-63,-62,23,17
29,-405,-70,53,43,40
6,-404,-56,-38,2,-52
-4,-377,-78,47,-24,-26
-34,-368,-96,26,66,43
31,-409,-40,30,9,21
19,-366,-30,46,23,48
-0,-417,-52,-3,-26,-32
-17,-376,-97,-2,-5,12
17,-396,-61,6,-6,45
-38,-349,-40,61,-22,35
-13,-366,-54,-42,46,-83
22,-364,-52,11,-23,-47
4,-380,-49,13,63,-0
-23,-366,-48,54,30,-3
1,-330,-62,81,-69,25
38,-362,-37,-19,-10,22
-10,-357,-45,-56,-20,36
3,-358,-29,43,-24,-10
-2,-379,-17,-10,42,-22
14,-331,-83,8,-14,-39
-2,-373,-66,-9,-40,3
11,-339,-43,54,-3,-35
-3,-313,-0,-7,-23,68
-6,-348,-51,-4,-16,-10
-11,-287,-60,-1,54,110
13,-301,-23,7,36,-8
31,-306,-18,43,-16,-20
35,-307,-32,78,12,-38
-16,-302,-43,-41,76,5
-62,-306,-33,33,18,-71
-15,-295,-32,81,-14,-6
-6,-293,7,-56,-26,25
4,-287,15,5,39,25
14,-293,9,-12,23,-34
23,-249,-0,-27,-5,-80
38,-276,27,-12,-71,25
34,-257,-27,-1,-25,-32
-27,-205,-19,30,68,-10
39,-248,-39,-3,59,9
-0,-251,-24,-14,55,-20
3,-250,32,12,-28,-17
3,-232,12,21,7,23
7,-217,49,102,-2,-45
-2,-225,8,25,94,-44
-14,-227,28,-31,13,7
-3,-229,17,-80,-12,-57
-6,-214,44,6,-7,60
-12,-198,0,-61,-29,-6
32,-200,43,-21,-63,-14
14,-199,12,-10,-80,-45
6,-194,26,-90,35,33
13,-198,79,12,-29,-9
-12,-241,19,2,-6,-33
-14,-197,28,14,26,-17
15,-164,40,56,48,-14
-7,-191,91,-18,1,-15
19,-211,35,15,-28,-22
-55,-174,80,12,28,-44
15,-180,57,25,-29,62
-10,-154,52,-17,-50,-43
-35,-129,39,-13,67,9
-1,-140,31,6,34,71
18,-148,43,54,44,84
-2,-168,43,-7,60,37
-17,-106,82,13,5,21
30,-124,68,31,-4,-16
-1,-159,75,62,9,12
23,-138,62,-13,-14,-28
32,-114,47,-43,12,-87
-8,-139,56,-3,2,47
38,-104,86,43,-58,-121
44,-114,73,49,79,20
-26,-124,16,62,20,24
2,-139,111,52,73,54
-26,-102,58,-6,47,-20
-1,-89,71,13,-25,75
-4,-127,74,-2,14,71
-2,-116,56,4,-3,-34
-31,-139,80,15,-44,-84
3,-130,64,22,-45,45
-10,-100,77,49,-5,-4
15,-76,75,-2,19,33
-5,-108,56,-18,-46,5
23,-92,36,17,-48,-38
-14,-96,81,-91,36,12
-1,-132,88,-25,70,23
-15,-85,84,-12,-8,41
-7,-102,79,-37,-57,13
-5,-105,69,23,28,16
10,-105,74,-2,31,-45
-28,-118,76,35,35,-29
5,-79,92,-67,-60,8
-7,-107,63,27,-8,-2
5,-102,69,38,38,2
-25,-106,76,-24,63,33
18,-138,44,-18,-43,5
25,-116,65,41,42,41
17,-142,62,42,23,40
-2,-111,83,-32,-54,-20
-2,-126,96,-44,66,-7
7,-90,52,35,28,-21
-1,-109,81,21,41,3
-24,-139,70,15,4,-35
-23,-133,51,-10,59,3
2,-115,56,-30,10,-31
-33,-143,18,42,-44,-63
11,-137,71,-41,65,72
4,-168,81,67,22,57
7,-136,85,3,-16,14
17,-155,53,-28,51,0
-9,-153,46,3,-36,29
-6,-134,62,-121,22,2
5,-157,39,-0,18,17
10,-156,28,23,61,-44
34,-128,31,-14,-35,49
-18,-153,60,-55,-16,46
45,-220,81,2,-28,70
1,-139,75,19,-2,28
-2,-165,58,43,7,-35
-7,-183,60,-22,-21,41
15,-179,44,22,18,-6
-11,-173,48,-87,1,-56
23,-149,58,-85,61,-45
-0,-190,41,-20,-0,19
-26,-218,11,14,44,27
-25,-187,11,-6,68,34
-38,-210,9,23,-26,-6
3,-245,13,-1,-11,-61
-8,-216,20,54,18,32
9,-217,32,-51,-37,45
9,-230,9,-70,-41,-47
2,-290,26,61,-19,12
4,-234,-44,-70,50,-15
3,-216,13,21,33,-1
13,-258,5,13,-33,-2
24,-248,0,-27,0,28
-13,-255,-6,6,-48,-125
-18,-295,31,49,-46,-3
-57,-250,-23,12,-12,-5
17,-274,7,-24,-5,-30
10,-273,29,-1,54,38
14,-297,5,-30,5,-16
-2,-296,-1,5,-41,4
12,-300,-41,-36,8,12
-1,-258,-31,-35,-28,-28
-23,-289,-13,102,-7,21
-2,-285,3,-0,-1,26
-22,-286,-35,2,-64,-23
-10,-287,-19,-20,8,-41
2,-320,-19,-32,-39,-34
6,-339,-63,-33,42,2
9,-343,-67,-8,-4,33
-14,-341,-38,46,16,-28
3,-333,-7,-72,-19,37
3,-338,-57,32,66,-81
46,-345,-16,-4,-34,-12
7,-366,-7,-20,-12,22
11,-366,-46,-44,-83,-78
-7,-350,-51,21,-36,-39
11,-338,-66,48,41,44
-4,-333,-81,-39,-25,-21
-36,-362,-50,-6,-31,71
-29,-390,-46,21,-15,-6
9,-406,-28,58,-25,-17
14,-369,-54,75,23,41
23,-371,-88,-86,-23,-23
8,-389,-65,21,-31,68
15,-381,-99,-6,-21,-80
-21,-385,-61,-93,-44,-102
21,-400,-72,2,-70,6
-25,-423,-94,4,39,-20
-10,-385,-96,-45,30,-8
27,-427,-90,58,26,-87
12,-373,-100,16,-21,-40
-13,-400,-58,34,33,-43
20,-404,-74,109,-67,34
21,-371,-73,36,108,51
-47,-408,-109,7,45,34
-12,-406,-76,23,32,-3
-10,-419,-98,-2,-75,10
-11,-408,-78,40,16,30
-14,-409,-45,103,-20,5
-13,-419,-97,-23,36,7
6,-384,-78,-41,50,21
9,-421,-90,-12,-7,-45
14,-366,-55,-29,-17,-41
17,-420,-79,-48,36,-41
50,-442,-95,-10,64,66
3,-420,-87,-55,27,52
48,-439,-66,-50,28,46
6,-401,-75,17,45,-28
-2,-433,-58,26,-55,31
7,-372,-93,-56,25,-56
2,-398,-76,-43,18,-78
17,-416,-56,42,11,-8
66,-387,-96,-4,-4,-40
41,-405,-42,-15,5,3
-2,-414,-68,-31,-65,-22
5,-362,-58,1,18,-17
-37,-412,-46,-37,-12,8
-17,-410,-58,42,-58,7
15,-387,-87,-12,-36,-28
-2,-392,-57,-16,11,-14
-2,-423,-68,-25,3,-18
42,-389,-27,31,-4,32
2,-384,-20,26,-65,-18
27,-360,-37,-1,3,15
4,-377,-82,75,-44,17
15,-399,-62,25,6,5
-7,-411,-88,-16,23,83
18,-417,-109,-24,40,-32
13,-330,-63,42,-51,25
-5,-360,-47,90,-6,-48
-3,-374,-75,12,65,31
-10,-335,-62,56,-89,-45
6,-349,-39,-34,51,-25
33,-381,-58,2,-9,-44
-49,-350,-39,-58,-6,-69
-15,-340,-82,-3,-42,-17
-16,-366,-23,8,76,131
-19,-329,-54,-27,41,-45
-0,-302,-5,18,51,-38
2,-352,-42,-83,44,-66
-21,-324,-33,-9,-13,5
-31,-353,-30,-5,0,10
27,-303,5,12,33,-0
-10,-290,-9,75,-63,12
42,-277,-57,34,59,-10
-5,-334,-22,-20,53,29
-11,-309,-24,-43,-29,53
-7,-296,-31,19,-38,-15
10,-278,-8,28,24,-27
-12,-260,-41,-21,-34,56
26,-264,-13,-77,19,9
-23,-253,-6,72,-34,1
-33,-246,25,-2,-26,-59
-1,-277,-34,-17,74,28
1,-236,-13,-55,-36,6
10,-270,23,-75,1,-15
-4,-237,32,38,1,-60
-10,-253,5,-89,-57,61
3,-226,-14,-55,-94,80
-27,-253,-2,-45,-49,21
26,-186,47,-14,-24,40
-3,-239,21,20,-74,-43
13,-214,5,-39,2,67
-15,-260,-4,6,40,-7
-24,-174,31,-8,-78,37
6,-176,-2,-28,11,27
18,-194,8,6,-23,-19
-0,-213,54,32,-16,-8
-12,-183,42,-75,-49,-26
11,-175,43,18,-13,-75
-14,-206,71,6,14,21
-0,-195,61,23,-40,-16
-1,-214,46,76,17,46
8,-165,49,26,-25,-26
0,-169,40,-28,-50,9
-2,-211,20,75,-69,34
38,-133,54,-33,48,17
-18,-134,68,-36,-39,-50
-14,-158,30,1,-50,-16
-23,-138,51,18,43,-14
19,-128,48,31,-42,26
22,-163,71,18,20,59
-14,-165,76,-55,3,75
-24,-153,66,64,-12,-3
39,-130,91,11,54,46
10,-147,62,33,2,90
12,-116,107,-27,-7,39
9,-115,98,-36,22,-34
2,-121,54,-13,-63,-0
-1,-123,50,-0,17,-4
-1,-112,119,-47,-4,-4
-18,-153,88,-22,-23,-22
-9,-111,71,-48,41,-5
9,-116,53,19,60,-23
13,-130,48,29,14,-47
-10,-86,70,12,-27,18
-22,-123,84,72,2,49
-33,-110,45,75,-5,-20
-28,-84,68,-11,-25,69
14,-120,80,-44,-13,88
-9,-65,71,1,30,-61
-51,-97,83,-16,-18,7
-5,-82,48,6,-65,-48
4,-110,68,17,6,37
32,-110,57,52,43,62
12,-103,65,-47,23,-29
-33,-96,54,44,24,19
-31,-107,81,-11,44,-19
-16,-88,81,-26,15,29
-16,-92,40,-31,23,-9
10,-117,84,-20,29,1
-3,-94,102,60,41,36
15,-122,92,19,30,2
-3,-126,59,10,54,27
-21,-102,52,66,-31,-57
19,-117,75,10,-62,20
-45,-134,101,-14,-15,5
-22,-121,74,-30,9,16
28,-172,43,59,84,-10
8,-143,71,9,15,53
22,-124,65,24,53,-19
5,-136,58,-63,-4,66
2,-156,32,73,32,71
-2,-140,51,71,3,-11
3,-147,75,67,-25,17
-2,-135,59,-9,31,40
-15,-139,82,6,26,45
34,-156,33,-99,-4,-52
-10,-143,52,10,-43,54
-2,-132,61,14,10,-54
17,-141,66,-86,-26,-66
4,-186,53,-22,-17,-29
-22,-190,41,-14,-1,4
-18,-187,43,112,-21,42
12,-163,24,58,-14,-7
2,-147,28,-10,-11,17
11,-202,52,-11,-59,51
-24,-178,51,-60,4,21
-30,-169,33,-62,-19,44
7,-180,15,17,-16,10
29,-189,76,22,-30,-28
7,-229,51,-30,43,20
-17,-191,55,-29,47,31
-15,-185,27,23,-31,16
-23,-199,9,-75,68,37
-19,-199,27,27,85,-11
-9,-211,1,24,-1,-23
-20,-229,24,-5,-2,-44
18,-205,-2,-1,19,104
-15,-255,11,55,-2,-20
-8,-244,2,21,27,53
-1,-270,-14,-45,17,32
14,-232,-12,15,5,21
-15,-272,1,-21,11,37
-8,-240,11,35,53,30
1,-267,9,-5,7,4
0,-238,-8,-35,-69,-44
8,-306,-13,-40,1,-2
-39,-248,-30,8,13,-57
0,-301,-69,-45,39,-56
-13,-265,-17,-79,19,50
-4,-268,30,46,-11,19
22,-284,-19,-6,28,6
-41,-297,-21,48,-25,-12
46,-290,-13,58,7,33
-14,-312,-41,37,-11,63
40,-287,5,-39,110,22
-17,-324,-24,-70,-90,58
-22,-345,-43,-63,-17,13
-14,-322,-9,1,57,63
30,-326,-7,55,1,-54
-17,-339,-86,-54,-29,-17
3,-345,-33,7,-36,7
-29,-338,-18,50,-56,16
-2,-336,-35,-4,29,-66
-2,-353,-25,-119,-23,27
-14,-366,-69,8,-17,73
17,-393,-42,104,54,-2
12,-381,-64,17,-40,20
9,-326,-61,-5,22,-27
2,-361,-77,18,-10,33
0,-368,-56,25,-15,-20
-9,-352,-99,21,-19,14
-11,-383,-63,2,11,11
-6,-342,-38,-42,47,23
1,-381,-99,25,7,-40
9,-373,-74,-3,-95,12
35,-426,-32,-48,-25,-7
-28,-387,-86,57,26,57
17,-384,-63,-19,38,-70
5,-427,-73,17,8,-9
-0,-424,-59,3,-38,-50
38,-426,-81,-25,38,1
-11,-391,-61,-16,-4,-38
-11,-411,-77,31,45,23
-5,-407,-63,27,28,-29
2,-395,-107,56,-8,-16
2,-390,-76,-1,-42,-3
3,-399,-88,-75,-13,-17
10,-437,-81,32,12,-34
19,-445,-74,13,1,8
-23,-424,-92,-15,80,-3
37,-390,-71,-22,-12,-73
-25,-438,-69,34,29,3
10,-358,-60,-1,52,-26
-17,-392,-43,-9,34,13
1,-418,-116,-14,-61,19
2,-389,-55,-56,49,15
-20,-396,-62,-31,-10,-18
16,-405,-49,-33,1,-24
-30,-372,-45,25,-61,21
-4,-426,-68,-32,-60,6
1,-429,-52,-52,-23,-18
-18,-406,-61,-20,6,-47
13,-391,-107,-57,-32,-0
13,-391,-68,24,2,24
26,-434,-70,-12,8,-43
-20,-352,-63,-13,-16,25
7,-401,-76,-14,-47,6
22,-374,-64,-26,-13,5
30,-357,-50,81,-16,-18
27,-353,-58,12,-12,-76
12,-366,-83,33,24,-12
-22,-357,-77,6,7,-27
-32,-359,-28,-28,-39,-26
-27,-369,-22,46,-40,-13
-34,-387,-50,18,82,6
-0,-349,-52,-67,-24,-23
23,-351,-53,-37,-91,20
8,-333,-68,40,-29,-31
15,-354,-62,31,30,-2
-8,-355,-51,69,-18,28
14,-349,-57,57,35,-36
-50,-350,-41,-15,-10,43
11,-346,-51,-13,33,-26
38,-355,-41,43,-42,16
-13,-339,-89,35,29,9
-3,-346,-34,56,-4,-92
5,-337,-36,25,10,30
-34,-385,-39,1,3,-13
23,-324,-32,-27,-49,18
-11,-297,-19,43,56,81
8,-313,-35,-26,5,3
12,-298,-43,-4,-29,-33
-24,-275,-30,7,-68,-35
-25,-321,32,-8,41,-45
-24,-244,-3,8,6,-10
24,-294,-49,-71,-42,37
-23,-306,6,30,-14,47
-31,-242,-15,-66,-0,30
-7,-277,-28,-19,29,-22
10,-261,-0,-6,-29,32
-8,-262,2,-34,31,36
-5,-282,-4,-62,-8,40
1,-285,7,27,92,33
3,-241,19,-24,-28,49
15,-263,41,34,-31,61
38,-267,39,-1,74,-2
-47,-223,12,19,-42,-7
10,-248,0,25,-23,-48
14,-212,-1,16,-4,32
-18,-263,-2,8,2,57
3,-176,20,-59,13,29
21,-237,22,22,-115,-15
10,-233,10,37,-23,-42
22,-209,3,-10,-2,-16
12,-183,28,23,-36,-29
-24,-183,13,-82,-27,91
-22,-172,10,-33,20,19
5,-186,89,-40,-7,-25
14,-185,32,-27,-7,79
-24,-161,32,-4,61,-72
-19,-192,61,11,23,-117
23,-181,41,-85,49,47
23,-167,10,-41,35,25
-16,-167,70,-88,-3,-106
-14,-119,75,-40,-105,41
38,-179,63,-43,33,36
-15,-192,49,-110,-70,30
29,-182,52,57,-48,19
-15,-126,47,-23,73,7
7,-121,83,-13,34,-40
-16,-162,50,-13,-57,4
28,-124,53,-16,-45,-63
-4,-146,64,16,56,1
-19,-163,123,-52,-70,11
3,-136,45,19,55,3
-17,-131,41,-45,0,-11
-8,-98,53,59,-16,-17
-11,-120,58,-5,13,20
8,-124,77,62,-16,-94
30,-92,70,13,-2,-39
30,-95,75,-37,-13,-28
-44,-134,51,19,58,21
30,-123,44,38,-6,-21
-12,-130,82,-64,-3,-68
-19,-123,72,5,-3,17
36,-131,65,93,-57,-73
15,-114,86,4,16,-105
13,-107,74,26,-81,-105
5,-77,83,8,72,2
-2,-119,102,-2,12,46
33,-145,48,17,-4,24
22,-117,64,28,-3,-54
-7,-85,79,46,-17,2
4,-107,46,-50,10,-15
-11,-79,78,-46,71,-12
9,-113,76,21,15,36
9,-113,83,-16,10,18
21,-132,47,5,-37,10
-17,-80,102,-32,-16,1
-27,-77,79,-4,-25,67
-29,-108,129,28,31,94
-4,-113,40,-38,-22,33
-7,-120,47,-42,30,50
-23,-133,95,14,78,-34
15,-102,80,-15,-16,69
22,-102,37,-35,12,-22
-1,-133,82,6,29,18
-18,-128,44,-100,45,15
-38,-171,54,12,-37,-17
-19,-130,23,73,-15,-51
-39,-138,72,-18,-58,36
-15,-131,86,27,15,23
32,-122,37,-67,50,-30
23,-138,37,-53,-42,25
27,-164,73,-4,-6,-5
31,-126,30,7,59,66
9,-150,22,-21,-23,38
-5,-134,62,49,-36,11
0,-182,30,21,6,-19
14,-109,57,25,90,-9
-18,-144,29,37,-34,18
-14,-159,55,-6,-41,-31
-19,-187,63,35,-46,49
35,-158,49,13,6,-44
-14,-192,39,39,-51,50
20,-193,10,23,28,-59
19,-172,24,53,-82,-47
8,-176,32,9,43,-34
-3,-194,35,-44,4,10
-2,-256,5,7,-42,24
13,-202,48,-2,-27,-64
-19,-208,5,-39,4,-77
-51,-187,-9,-5,3,22
28,-204,46,-17,-7,-65
-1,-237,20,19,51,-65
-1,-223,-11,-6,43,15
13,-244,60,50,46,3
-21,-219,41,-51,-29,-14
12,-239,15,-70,-21,-37
-29,-245,18,-3,-0,-20
29,-237,9,-14,-23,43
0,-240,11,82,83,48
50,-287,7,-71,13,45
-17,-275,-3,10,-41,98
17,-260,19,-47,62,-3
31,-240,-23,-34,-8,-21
22,-250,-45,-54,-57,5
30,-298,-8,-5,-18,83
-23,-307,3,69,37,-41
-4,-326,-51,2,13,131
10,-288,-9,-14,-44,42
6,-321,15,10,-40,50
5,-255,-11,-77,-55,63
-9,-300,-19,-12,-10,17
23,-298,-20,26,3,61
1,-307,-18,13,-86,-32
14,-325,-15,-35,-21,-5
-8,-309,-41,-9,41,57
0,-292,-78,-19,-56,29
-19,-376,-25,-34,51,-11
-10,-345,-36,-20,29,-54
-29,-368,-22,8,-15,11
-3,-373,-62,-2,43,16
-49,-323,-79,11,35,-27
27,-372,-13,-10,48,-13
28,-404,-67,68,5,-2
5,-329,-48,64,10,-26
-19,-369,-74,-6,-34,-16
18,-390,-17,25,-22,0
14,-354,-81,-34,-30,11
-9,-393,-89,58,-39,9
0,-360,-81,-58,3,-34
-24,-401,-71,-4,-32,-1
-8,-369,-51,37,52,9
-37,-397,-78,-52,25,-36
-2,-378,-66,-13,-13,67
-35,-380,-28,-1,-9,22
0,-405,-48,0,-78,-65
-18,-380,-69,28,18,23
4,-368,-72,-23,4,14
18,-446,-77,3,49,-1
-25,-413,-72,-14,6,17
11,-370,-61,48,11,-24
-10,-389,-57,12,46,36
-4,-398,-51,72,-56,-36
11,-440,-82,6,40,53
-7,-415,-63,-36,-69,-93
-33,-381,-62,62,-57,-5
-34,-411,-69,97,-22,14
-1,-417,-110,6,-7,-31
-7,-424,-79,41,14,-44
-0,-367,-54,71,-11,-5
28,-362,-75,65,-7,-10
31,-414,-61,-1,-64,1
8,-435,-80,-91,-0,72
-3,-379,-53,-35,39,31
4,-406,-98,34,38,-31
13,-410,-89,5,-29,39
2,-390,-82,-50,25,1
19,-426,-54,-19,-16,51
12,-406,-75,-32,-68,106
5,-400,-75,-29,-7,1
40,-428,-50,14,76,2
-24,-376,-78,17,-77,39
16,-400,-55,-35,-6,-62
-45,-412,-71,-52,-55,-5
-18,-426,-68,-38,-71,-1
15,-386,-69,-21,22,-37
3,-392,-39,-33,35,-49
21,-425,-74,-18,27,-28
13,-383,-36,-51,11,-27
-9,-353,-56,-45,-0,-53
-9,-370,-50,20,9,78
7,-354,-19,-11,56,-52
5,-388,-77,-4,-10,14
-8,-371,-36,42,6,31
-4,-349,-62,34,-34,-22
-20,-362,-89,6,-78,9
-17,-323,-45,-33,4,54
-15,-334,-33,9,51,-28
18,-331,-62,-74,57,32
-23,-308,-70,96,38,-60
-24,-374,-39,23,15,-5
-5,-348,-42,56,27,48
-4,-309,17,-11,4,19
-18,-346,-72,-38,-7,-19
17,-293,-34,11,-46,-35
-4,-325,-39,6,84,62
6,-338,-38,-27,33,-6
-16,-329,-7,83,-32,82
-1,-330,1,3,-8,-85
1,-274,-15,-55,-2,-76
-14,-269,-22,43,44,4
-26,-301,-18,-43,45,61
11,-317,-27,34,18,36
-9,-289,-5,-69,8,30
31,-265,-8,-92,-10,53
2,-256,-15,-29,1,14
17,-270,-25,-39,22,32
-4,-238,24,-6,-27,8
-14,-267,29,12,-5,22
-34,-265,-0,-49,-2,-52
5,-244,-1,-22,27,22
-11,-262,19,30,22,-42
16,-257,-9,-1,34,23
-20,-260,36,9,14,-19
4,-192,-5,-7,67,5
12,-209,33,54,-9,29
1,-218,12,22,-11,-12
7,-208,43,-23,-8,105
4,-200,-7,-29,21,-23
-17,-171,6,-18,-31,65
14,-208,33,-7,23,68
23,-216,55,-6,39,-41
-16,-172,19,34,25,7
-0,-201,52,20,-24,17
-4,-175,59,-31,53,23
18,-204,26,36,-46,24
6,-166,13,33,-22,42
-5,-183,47,58,69,-5
7,-212,31,-18,15,18
-32,-201,20,29,-38,6
-34,-174,17,17,-21,36
-19,-172,31,-6,-33,-5
9,-167,48,-21,55,20
22,-171,10,-18,34,1
10,-178,45,-29,-44,46
-14,-181,18,-77,63,-55
24,-170,38,-36,-0,24
28,-114,35,-84,-11,24
-15,-110,42,-16,29,-36
1,-122,25,-43,-12,-45
-37,-116,59,21,6,61
-51,-141,106,-44,-50,21
-2,-141,84,13,-40,30
-26,-122,29,11,2,-58
-30,-104,50,55,-7,4
-8,-123,91,-1,-54,40
5,-84,96,4,5,-29
20,-136,92,-99,-22,-22
-19,-103,104,73,21,-46
-4,-70,28,-26,98,31
-6,-82,68,4,55,-19
13,-131,90,-30,63,-25
-6,-131,59,23,2,-6
-6,-84,62,99,-46,-77
-4,-80,75,-12,-23,57
-2,-99,108,53,96,56
9,-110,35,11,46,-28
1,-104,82,53,-7,4
17,-122,71,-62,41,-15
-9,-99,63,16,1,-7
20,-96,32,9,-90,44
-2,-117,61,-45,-9,25
-11,-100,48,2,-40,-1
38,-77,77,-5,-22,-76
20,-105,51,-87,-13,-21
7,-130,61,20,14,-10
1,-118,101,-55,34,15
-16,-138,112,-14,-4,9
10,-132,56,54,30,-53
-8,-115,41,88,-80,39
-9,-105,84,-60,-30,-14
23,-90,67,-3,7,-29
-8,-81,51,-52,-8,-21
-9,-102,107,11,52,-58
-13,-103,74,-38,-19,9
-4,-169,68,8,-34,50
-8,-144,66,19,61,-19
-32,-114,58,-26,-43,24
6,-134,29,-75,83,30
-7,-165,106,36,-38,-17
-16,-163,61,12,-5,-7
11,-137,92,8,27,-71
-2,-141,32,15,54,11
-14,-136,72,-47,35,-50
5,-116,61,-74,37,-46
-27,-171,75,-1,-74,-76
11,-178,13,-30,-23,-3
20,-116,69,-68,10,29
-7,-154,44,56,10,47
-4,-109,66,103,-42,9
39,-133,49,-131,-16,-14
-3,-208,30,-2,-51,7
-29,-189,49,16,19,20
42,-198,38,42,-35,59
-16,-185,16,-20,-16,26
-10,-218,55,63,-121,-14
17,-183,17,4,59,-1
9,-220,35,7,12,-38
-28,-228,21,-3,36,26
7,-234,6,25,-15,-20
20,-238,35,-2,-69,-37
-7,-233,13,-74,-43,-23
20,-233,-6,25,-17,-59
20,-259,17,-25,94,-64
14,-217,29,-36,30,74
7,-233,-12,-35,43,-21
-8,-254,11,-7,63,40
-37,-248,7,-55,43,15
-13,-256,-31,31,-25,37
21,-258,-15,2,-6,-27
49,-255,8,28,5,33
0,-271,3,-33,47,-21
-3,-306,1,-20,-32,109
-12,-272,1,65,70,-26
8,-250,-52,-7,60,25
-11,-253,-16,-6,-46,41
11,-258,12,-55,24,87
6,-305,-17,37,-49,-9
-16,-263,-13,16,-31,23
25,-278,7,34,-68,7
3,-300,-75,3,-0,-24
2,-289,-23,58,11,-62
22,-298,-4,-78,-39,56
-16,-322,-15,21,62,41
-26,-293,-23,-35,31,-6
0,-334,-48,47,-27,-46
2,-353,-37,-27,17,33
-6,-379,-33,-22,-3,107
-29,-359,-27,-89,-10,-49
-7,-339,-50,56,9,-56
25,-360,-82,-36,-13,2
-32,-382,-44,-1,38,-3
-17,-350,-56,-0,-56,59
3,-355,-57,81,39,-31
18,-357,-42,39,-23,-28
6,-323,-83,13,-24,-6
-21,-383,-38,-23,43,21
8,-369,-84,79,3,-46
16,-386,-73,25,-18,68
19,-378,-59,-13,-57,-15
19,-383,-37,-57,-36,40
5,-374,-132,-54,-21,-59
12,-364,-38,-44,-33,-44
1,-358,-60,4,-19,-27
4,-394,-60,-60,-80,-1
-9,-390,-72,53,15,52
10,-377,-82,-37,-26,18
-13,-392,-60,-11,-12,9
8,-411,-86,82,5,9
13,-402,-98,-9,-31,-14
25,-394,-78,-13,54,25
-41,-421,-134,43,78,-34
-32,-387,-68,-10,-97,27
46,-368,-62,15,-2,4
8,-391,-95,78,56,2
-10,-390,-94,37,-6,-22
28,-398,-72,33,-60,43
26,-441,-96,-54,-5,66
25,-413,-66,-36,20,-11
2,-409,-61,-56,-27,20
-3,-408,-55,-36,-21,-25
47,-406,-74,14,-57,21
-30,-416,-63,-35,-15,48
-30,-401,-79,-52,51,-26
-8,-389,-55,24,-57,-33
34,-365,-47,-68,1,24
17,-350,-85,-53,18,53
-26,-415,-96,21,-57,-11
-9,-420,-65,-61,87,20
13,-410,-54,-29,2,-23
-33,-433,-45,-48,-94,66
16,-382,-71,-48,-88,40
-2,-407,-68,-9,-9,45
9,-399,-36,69,-14,44
-35,-376,-39,70,50,0
7,-342,-72,28,-7,-11
-33,-395,-71,-26,-28,-24
21,-403,-50,-12,-12,71
3,-360,-77,-4,-30,-35
-36,-357,-91,5,-60,7
-4,-362,-80,35,-67,0
39,-348,-59,10,-3,-74
31,-408,-53,86,-48,-25
9,-349,-39,-78,-31,2
-16,-380,-55,-16,-20,-15
42,-348,-62,54,40,-23
14,-329,-18,34,67,5
-30,-360,-53,65,-83,49
-12,-392,-56,38,5,84
43,-319,-42,-48,73,29
-1,-355,-17,54,32,55
-18,-318,-16,1,-82,-40
7,-327,-48,34,26,37
9,-325,-44,-14,-64,-71
-0,-330,-18,12,19,7
1,-313,-6,-12,-39,-62
-15,-328,-70,10,53,22
-1,-328,-59,29,36,-9
-13,-310,-57,-9,-77,-21
-30,-360,-36,-5,66,30
-0,-306,11,-34,-53,46
-24,-290,-9,-56,89,55
-2,-296,-20,34,-19,17
27,-301,-24,17,32,-17
14,-288,-4,-48,26,17
-1,-273,-53,63,4,-36
4,-257,4,-15,4,-11
-30,-288,-14,-41,-24,-44
-8,-235,9,-36,-13,17
21,-281,24,10,42,17
-12,-244,14,53,17,-30
11,-254,-25,2,-11,36
-27,-224,-15,-22,-16,-50
-22,-220,3,-16,-4,-5
16,-253,20,-26,-48,-63
-9,-230,-2,-10,-20,7
-19,-226,-4,-108,-14,32
-22,-203,25,-5,20,-38
7,-208,15,-46,-49,57
-15,-225,35,-62,-4,-25
6,-235,6,-23,31,-39
9,-191,20,21,12,-6
13,-197,10,37,48,9
-23,-205,23,10,-1,-21
-18,-215,32,15,12,46
23,-198,55,4,48,9
3,-196,26,34,-41,83
2,-217,21,-77,-7,36
4,-135,44,64,-25,-45
-20,-165,43,33,-41,-2
19,-164,56,1,-93,-6
15,-171,50,-21,-88,-105
-8,-165,61,56,-34,-66
-11,-194,47,-53,44,7
4,-139,71,-2,5,29
36,-140,50,-7,1,21
-14,-167,40,-29,29,-88
-6,-123,100,69,22,54
-12,-120,104,-34,-23,6
26,-146,69,-46,-30,53
14,-130,54,-49,17,-36
-26,-142,40,-16,19,16
-23,-127,42,-20,7,33
-6,-104,85,1,-13,-39
38,-103,56,52,-25,22
-7,-116,65,34,48,-17
-23,-121,103,21,9,39
-16,-122,65,-14,10,22
13,-108,76,61,118,24
18,-112,68,-60,4,85
31,-89,64,1,-16,-52
-4,-117,61,-1,-4,15
3,-83,51,-30,-0,40
-31,-124,77,-39,73,-26
14,-97,84,9,-8,-17
-1,-114,87,37,-34,-9
-46,-95,74,-30,19,31
3,-123,85,-51,1,-1
-19,-110,49,20,37,-2
-4,-137,73,-8,-71,-10
6,-153,120,60,15,54
-7,-81,59,-26,22,21
1,-135,65,-30,35,-0
19,-100,62,-7,-13,-81
-18,-151,78,45,12,8
-41,-129,107,45,43,-17
12,-87,88,-22,41,40
-8,-132,68,9,-29,34
6,-134,65,-25,-53,51
7,-93,70,-8,41,13
34,-140,72,49,21,40
11,-140,86,50,18,19
-14,-83,92,-46,-81,-11
-4,-115,60,31,-32,-72
33,-129,33,64,-29,-7
4,-108,65,-28,14,-14
23,-123,57,4,-28,40
-6,-148,64,-54,-23,23
-32,-137,75,14,88,-46
26,-164,69,-30,1,-84
-33,-106,69,-31,1,-5
-21,-148,54,-6,-29,-12
-3,-143,50,57,19,-32
1,-116,63,-59,11,32
10,-150,41,-22,51,-1
10,-157,79,-20,36,26
-30,-177,31,-5,9,13
11,-178,97,27,-4,16
-7,-141,59,21,-13,-78
7,-162,76,-24,34,7
6,-169,50,-42,-48,75
-9,-166,47,-18,-29,8
9,-165,25,-51,-15,0
54,-190,9,-24,-23,27
-18,-231,71,43,10,-69
-34,-217,34,-8,59,18
15,-216,12,-47,5,-27
-19,-211,8,31,44,64
21,-183,36,-18,-40,-50
-44,-195,13,18,36,-47
11,-199,37,12,-42,-19
6,-160,19,-30,56,-34
19,-255,-9,24,28,42
-19,-264,22,3,-71,-36
29,-247,8,43,0,34
-22,-242,3,24,-4,37
9,-223,16,-28,-1,17
-14,-265,-13,-32,-21,-44
25,-268,17,14,-8,2
-18,-276,-18,65,-38,-37
14,-265,-12,-47,3,-32
-44,-265,21,-2,-17,-24
-20,-273,-30,49,-24,15
4,-255,-9,-42,2,23
-2,-287,-15,15,-41,-15
41,-282,-48,-20,-15,49
-18,-283,-10,9,33,27
-26,-288,-43,13,-49,-8
-0,-289,-63,-71,-12,24
23,-332,-21,-32,46,30
-21,-362,-58,-31,-52,0
-24,-305,-23,29,62,12
0,-314,-30,-15,27,-94
45,-310,-50,87,24,33
3,-290,-39,14,60,7
7,-321,-47,-40,5,-33
-18,-341,-22,-46,-9,23
24,-326,-60,50,21,-6
-4,-314,-39,19,63,16
9,-336,-24,-5,-15,-23
4,-337,-45,-52,-44,23
21,-342,-65,46,-31,63
20,-354,-74,15,-6,-52
36,-388,-37,-9,-21,17
-10,-347,-79,-28,-27,-37
19,-381,-95,23,5,-60
3,-377,-68,9,10,-23
14,-355,-69,2,33,-39
-46,-389,-53,37,58,-19
-39,-392,-77,-59,-25,-41
-18,-396,-47,-10,-5,18
-27,-356,-88,-5,-16,-71
-1,-337,-81,-7,-7,-21
-9,-367,-58,-19,-29,-14
-11,-393,-64,7,-5,28
-4,-390,-80,-36,6,-1
-19,-388,-82,-23,0,2
47,-359,-71,-55,-55,-42
-2,-390,-88,5,-63,34
-7,-423,-72,22,58,-19
-5,-375,-41,59,-43,-27
0,-394,-89,-3,-43,5
3,-446,-58,9,-2,-33
39,-402,-65,1,59,61
-30,-395,-77,-65,-50,99
3,-409,-78,-8,-45,-19
19,-393,-90,15,-40,74
-20,-440,-81,-33,-48,59
-0,-403,-82,-57,-16,-36
18,-405,-104,-7,-28,18
-30,-395,-92,15,-8,-24
22,-412,-65,-40,-38,38
-9,-397,-56,-49,86,45
11,-379,-103,72,56,29
-5,-385,-66,58,12,-24
-22,-429,-79,-21,-43,-9
2,-403,-63,20,16,-43
-11,-403,-76,-3,-15,-137
20,-408,-80,-7,-47,-25
-28,-353,-76,75,-41,-16
7,-387,-48,-33,-21,97
-2,-386,-94,53,-25,10
38,-391,-66,43,-25,14
1,-385,-75,-32,26,-59
-5,-398,-68,-43,-3,-30
-21,-380,-35,-74,19,8
-25,-415,-48,-4,34,7
11,-384,-90,14,44,-0
23,-394,-61,-4,-21,73
-29,-360,-4,-92,8,23
14,-360,-55,-2,-41,-7
16,-354,-45,-16,-24,36
30,-407,-41,-30,-57,-57
19,-367,-44,-4,23,-69
-33,-361,-30,-83,-13,-15
24,-340,-43,32,23,11
-30,-389,-77,66,30,21
11,-322,-53,11,19,68
19,-341,-18,23,-13,-12
14,-340,-48,48,48,-46
-6,-371,-63,-25,129,12
-11,-323,-18,31,6,-6
-24,-336,-33,-14,26,-32
36,-344,-34,24,60,8
-13,-342,-58,-44,116,4
22,-295,-38,-74,29,8
-7,-335,0,-1,-18,-10
2,-322,-31,111,45,10
-25,-323,1,7,-6,-3
-8,-292,-40,37,-9,-40
-3,-306,-22,76,96,-10
-42,-286,21,11,-51,-7
-22,-298,-8,43,40,-33
-62,-269,-48,57,2,16
-7,-289,-37,17,-32,57
29,-251,-11,-34,31,18
7,-259,14,4,-60,-104
-5,-248,-9,66,14,-34
-2,-253,18,-65,-15,-10
24,-216,21,-6,14,-24
9,-266,-10,-12,10,71
13,-259,-15,3,37,61
-21,-242,11,-35,-91,-79
29,-264,4,-22,35,-42
36,-230,-7,-43,-19,-86
-4,-242,38,-77,-68,-24
4,-220,10,-2,17,10
-2,-220,53,25,-23,51
-47,-202,34,100,26,22
-12,-223,51,-27,-57,-69
9,-199,-2,43,-20,-30
-24,-214,60,3,-2,34
30,-195,39,-2,17,-39
22,-177,52,-18,-75,26
36,-192,25,-9,42,12
9,-201,3,3,31,25
32,-223,34,4,-6,-51
-1,-187,16,-75,33,-28
27,-157,59,17,18,-34
-9,-187,82,-35,24,-9
5,-172,11,-87,25,-86
6,-155,33,-78,-50,35
22,-158,55,-5,-14,-1
23,-140,33,43,-77,23
2,-145,50,23,-27,-39
27,-172,36,-6,22,-3
13,-143,59,21,1,10
11,-137,50,-57,6,7
-15,-143,73,10,9,27
-2,-175,87,34,25,-30
-10,-121,70,-12,-24,10
11,-149,64,35,-2,20
13,-98,65,55,17,3
20,-115,78,-16,-46,-30
-12,-113,28,47,43,53
8,-122,82,43,-31,-11
-36,-88,44,-23,-2,44
7,-102,61,-13,-20,-60
-2,-105,57,23,-5,-22
19,-123,59,11,-11,31
-25,-123,87,-28,-7,-82
26,-113,72,2,22,-33
-20,-108,71,43,18,-20
24,-86,42,26,17,-30
-14,-104,82,29,83,44
-5,-113,91,23,-63,-74
-28,-114,84,-78,-47,17
0,-102,84,15,-6,-21
-7,-126,52,26,27,-14
-47,-138,106,29,-46,-70
13,-67,84,23,24,-6
-9,-101,96,-29,49,11
11,-91,36,-50,7,-66
-16,-119,47,-6,-40,43
-19,-147,68,47,40,-8
-0,-93,87,11,-0,-5
9,-79,94,-74,-34,-38
-34,-120,61,-18,-70,-55
10,-115,111,-39,-18,58
36,-132,91,31,-26,7
-25,-101,68,16,-27,42
22,-120,65,-12,45,-18
8,-94,68,-26,23,46
34,-141,84,2,-24,-21
8,-123,62,56,50,-34
-36,-122,78,13,-37,73
-10,-166,59,-9,-28,36
3,-114,81,-12,-15,-29
11,-125,76,-27,24,27
8,-127,54,4,-52,-23
-36,-124,68,26,9,-23
-17,-130,57,-14,23,-22
9,-150,57,-19,-21,-6
-33,-151,86,19,-74,-0
23,-140,82,-69,9,4
-10,-145,82,71,50,1
-13,-162,43,6,13,7
-2,-167,59,74,-23,2
-28,-145,45,9,4,60
-22,-145,-9,-9,-101,19
-17,-179,41,-19,-49,-36
-27,-171,43,33,-7,112
13,-160,66,-19,20,-45
31,-174,62,10,-10,28
39,-204,27,-15,-50,-31
-15,-220,41,79,16,42
-16,-154,39,-15,19,-5
17,-197,75,-50,10,12
18,-192,59,-30,-9,17
-35,-171,34,8,-24,-7
11,-208,-5,-50,-5,14
-25,-210,17,33,-52,75
20,-208,-17,19,-20,-102
-14,-220,23,44,41,31
-25,-237,-27,-35,-18,-54
14,-234,41,-14,87,-17
2,-265,28,29,-31,60
12,-240,22,73,-40,-72
9,-242,22,49,-56,31
13,-274,33,-40,-10,7
4,-257,-0,1,32,5
-8,-271,3,-48,2,-15
19,-284,18,-3,36,22
2,-257,-5,36,22,-70
-13,-267,-12,-2,-20,-13
-16,-272,-12,-53,35,10
-2,-279,-35,-5,20,-4
6,-279,-2,89,-29,-94
-17,-320,-33,-36,39,5
-33,-317,-47,8,5,-40
2,-267,-65,32,-16,-35
-11,-310,-33,40,-35,9
9,-310,-36,-87,-31,-37
24,-303,-55,7,-59,-14
43,-306,-37,-42,25,19
-5,-323,-40,7,-58,6
2,-351,-58,19,-64,-81
3,-329,-9,82,90,-15
20,-334,-67,-36,-60,8
-37,-343,-34,-1,10,60
6,-313,-57,-70,-5,6
-25,-379,-63,13,-51,-64
-9,-340,-53,-16,-51,-10
14,-361,-33,19,-15,8
6,-368,-37,7,24,-53
7,-348,-56,29,7,-39
-1,-388,-95,-54,-14,5
14,-385,-63,-31,-38,85
-33,-399,-40,-17,-26,42
-20,-348,-81,0,-62,-14
13,-385,-69,83,28,77
-24,-344,-68,52,29,-16
-21,-409,-61,24,-8,42
-26,-387,-53,5,-6,-27
32,-408,-44,-33,-18,-49
6,-379,-62,27,6,-41
-17,-399,-69,39,8,-32
50,-429,-113,47,-11,-42
-8,-379,-69,23,120,-2
-10,-386,-58,-27,22,-14
37,-362,-70,-10,-2,4
25,-422,-67,41,4,-90
-8,-398,-104,-9,33,-96
5,-419,-83,-53,-55,-29
26,-406,-74,-26,23,22
6,-380,-53,62,-77,-24
18,-399,-79,-35,42,-76
-42,-403,-92,10,55,-17
-23,-404,-94,22,128,-20
4,-384,-61,-46,51,16
-20,-413,-63,28,18,0
0,-386,-69,54,-11,40
-13,-414,-83,34,9,29
-37,-424,-67,96,-23,-38
-19,-382,-90,5,-15,-32
23,-408,-64,25,106,-93
-1,-398,-88,-32,-3,31
21,-430,-73,-9,32,16
0,-400,-65,6,-4,6
39,-390,-55,33,-9,-69
38,-394,-85,21,-28,-62
-3,-383,-47,-22,-28,-26
-40,-385,-71,-7,60,62
0,-390,-76,-43,13,7
18,-403,-97,-11,1,-11
-11,-388,-59,-24,62,-61
-4,-430,-80,-5,17,-20
6,-398,-63,-16,44,-18
-17,-404,-83,-53,13,27
39,-397,-47,14,72,10
21,-385,-91,45,52,-49
6,-318,-86,-33,-27,76
5,-366,-63,-54,33,84
-30,-326,-79,-56,-4,24
-7,-364,-76,6,47,-75
-51,-330,-57,-36,-43,-1
10,-368,-34,-53,18,37
12,-341,-16,75,-11,-5
-17,-315,-53,-11,12,13
-16,-334,-30,63,24,26
-48,-389,-55,-7,-50,-81
21,-369,-54,5,-47,-29
-9,-341,-11,-60,-4,30
-24,-323,-8,-91,-12,1
-5,-328,-29,28,-100,-62
-5,-334,11,95,-58,-36
-12,-328,-22,-15,-45,-44
20,-267,-28,17,0,29
-6,-286,-39,71,-62,7
-31,-262,-29,48,-78,14
12,-285,-18,-45,11,28
-14,-277,15,-63,22,16
2,-293,2,13,-45,38
18,-318,-48,25,9,8
34,-280,-8,24,63,6
36,-298,-8,-61,41,-15
-4,-250,8,-40,10,2
-0,-222,6,-5,60,91
1,-266,21,-14,-23,17
-10,-228,-15,23,15,-57
-22,-262,36,51,38,-88
13,-232,6,17,8,-52
9,-263,10,33,-41,27
0,-239,30,-12,37,-40
-23,-204,13,16,-29,9
9,-250,-6,-81,-11,34
21,-271,25,34,-50,7
27,-242,38,-0,-4,2
9,-216,35,-0,-7,-16
25,-210,41,-40,19,-0
-52,-223,43,93,20,35
4,-205,35,-35,-58,-18
-22,-167,2,28,13,-23
-5,-188,25,-46,16,-90
17,-211,2,49,-72,-27
2,-188,36,12,-12,8
-6,-167,17,-20,22,26
-44,-146,30,-57,-15,24
-20,-170,51,-41,-46,-42
-3,-145,25,25,1,17
-32,-157,63,-28,29,1
-17,-184,66,-39,9,-37
-13,-162,55,-31,37,12
-43,-147,28,-34,-13,2
3,-137,52,69,-27,-9
6,-172,60,31,-40,-11
-30,-160,84,-35,33,-36
32,-151,38,20,29,23
16,-108,32,-4,16,20
-2,-104,76,28,12,-52
-0,-146,70,85,-1,38
5,-121,50,-56,-42,-38
-17,-126,70,79,-54,1
4,-95,103,41,11,15
14,-134,22,13,27,12
-0,-145,75,-4,-41,-28
28,-121,32,-34,34,-86
-11,-109,57,34,-8,-31
17,-111,102,23,4,40
-13,-135,126,39,41,-1
33,-103,69,-24,3,-53
-14,-96,77,0,-24,5
18,-117,99,-22,35,-61
-23,-128,28,23,11,-63
-14,-140,62,22,-42,31
-8,-107,73,-15,-14,-10
-32,-81,95,57,-11,86
31,-109,71,-34,-10,-32
-17,-93,64,-13,-20,-8
4,-112,72,14,-30,-43
13,-132,83,-43,-28,101
-9,-123,73,-12,12,-36
14,-93,75,-37,3,29
-29,-118,53,16,-32,-33
-6,-102,97,-49,-1,3
23,-118,56,3,33,-23
-8,-121,52,45,16,9
-20,-105,70,1,-63,26
-21,-119,70,5,-11,-11
26,-102,56,72,85,53
-27,-127,42,55,16,67
-8,-116,26,-33,12,54
4,-133,67,20,-20,10
-22,-96,55,40,4,-9
-22,-107,78,60,50,-20
-4,-132,31,-56,-2,-23
22,-142,42,-3,-47,7
11,-137,111,-44,11,79
35,-107,115,-36,-60,52
3,-140,62,28,6,-63
1,-116,76,-20,-25,-6
26,-114,61,-28,-65,-62
-7,-146,51,-108,-45,-4
-19,-118,60,-59,33,-12
-3,-132,59,34,-1,-9
-1,-137,68,-50,-57,-57
16,-174,60,17,106,-13
13,-156,46,26,-39,77
-16,-192,63,-10,28,-6
1,-130,48,67,28,-47
10,-208,16,-40,-38,-35
-12,-157,50,-18,58,36
30,-178,13,23,78,-10
10,-179,80,-34,-29,58
8,-229,28,27,7,30
20,-208,47,40,-118,-21
-20,-162,46,-65,-74,45
-18,-207,67,-10,-16,28
-23,-221,-17,-37,13,17
22,-218,29,36,21,-65
-7,-221,21,-19,-23,34
-14,-204,25,6,-8,6
-46,-249,19,10,53,-57
-4,-206,-21,-7,5,-10
15,-225,-2,48,42,-66
18,-263,19,-39,56,-1
15,-212,4,78,6,10
-3,-228,-15,15,15,-25
-24,-241,19,4,88,-63
-33,-283,45,-9,-79,8
1,-253,14,21,100,-22
7,-238,-7,-24,-91,-22
-17,-258,6,32,-12,-37
4,-274,-7,-19,-48,-9
-39,-289,-6,80,74,-1
-11,-264,-9,-15,33,19
9,-287,-16,32,-45,35
-8,-287,-56,5,-60,-58
25,-269,-11,33,26,17
1,-312,-8,41,3,51
-11,-314,-22,14,-1,38
0,-303,-60,-39,-17,18
-6,-321,2,71,-14,62
-57,-316,-38,-9,45,13
7,-322,2,30,-21,-28
36,-320,-64,3,-48,25
-31,-347,-57,-28,40,-2
10,-332,-6,-23,-32,65
4,-316,-35,-48,18,-5
-2,-312,-24,-22,-8,8
-12,-313,-23,22,30,-28
-7,-391,-55,-1,-2,-19
7,-325,-62,12,-24,-44
-2,-354,-25,26,73,-39
14,-314,-56,-7,-8,-42
36,-366,-53,-28,-32,-45
-7,-387,-67,94,-39,-33
8,-356,-36,4,33,26
-15,-371,-63,7,32,7
-22,-385,-41,2,16,27
-16,-389,-61,6,5,-10
7,-371,-41,5,12,-20
7,-353,-102,56,-81,67
-24,-385,-52,39,-29,-10
-21,-394,-78,-2,-8,1
-25,-423,-84,21,49,-13
-11,-400,-36,-42,-22,4
5,-369,-75,47,49,-41
27,-408,-86,-35,-2,-12
17,-417,-33,-37,-18,-47
-21,-417,-59,91,29,4
-27,-406,-71,63,-38,-12
-17,-451,-79,92,8,32
-9,-403,-51,-92,13,27
-22,-429,-70,-49,55,46
40,-401,-71,-57,-44,-13
31,-419,-77,101,-4,-55
8,-420,-59,-22,-30,36
22,-407,-91,-18,8,-41
-9,-409,-88,-29,47,-45
-2,-380,-104,-15,-113,43
-19,-393,-96,-45,61,-17
20,-416,-99,2,40,5
29,-394,-69,-6,23,40
-33,-351,-83,18,10,30
33,-399,-72,48,-3,-20
2,-415,-54,64,-25,33
2,-359,-28,15,14,37
1,-420,-78,19,-9,-54
-8,-401,-52,-25,-26,-55
-19,-361,-83,-9,3,-13
-8,-400,-35,28,14,-21
-32,-389,-93,-18,43,34
-0,-389,-100,3,17,-8
-12,-371,-55,-16,22,12
-21,-394,-80,13,15,-47
-24,-387,-69,19,18,26
55,-366,-62,30,3,82
-21,-388,-51,21,-12,110
-10,-348,-56,1,-104,-27
-7,-372,-42,31,-29,55
33,-391,-74,-8,15,-60
-11,-336,-59,32,-19,-31
17,-405,-94,4,-1,-0
19,-388,-54,55,-58,-1
14,-373,-47,-3,9,-7
-7,-389,-50,-24,16,0
30,-318,-26,20,25,-27
3,-344,-24,-26,-24,-58
28,-356,-38,45,18,8
3,-358,-51,22,43,-18
-0,-371,-66,-7,38,9
10,-378,1,-66,-21,52
18,-325,-2,36,-16,9
-10,-322,-27,-65,14,-3
-11,-329,-64,29,-44,51
41,-353,-33,26,-10,75
-5,-349,-11,21,-52,23
19,-274,-37,12,-38,-33
-20,-283,-27,-5,-11,16
5,-277,-63,57,68,18
-24,-279,-17,-77,57,-53
39,-261,-41,-66,33,16
-1,-281,6,-11,-1,-47
-1,-285,-10,37,10,2
-14,-289,-39,-15,46,19
7,-332,-11,-52,-6,-48
-17,-275,-9,-21,30,41
-25,-284,-38,-13,61,16
37,-238,10,-98,11,-93
-10,-236,-22,-14,-41,-52
-21,-225,17,-7,44,-54
-1,-239,-4,3,-6,17
-13,-246,14,85,-60,9
-2,-216,59,-121,-11,-6
-5,-234,-13,22,-29,38
3,-234,14,-65,-14,15
7,-229,37,65,77,27
-7,-200,30,33,26,-6
-20,-207,42,31,-61,-25
6,-213,9,2,-21,-22
-47,-235,25,12,-9,-2
-15,-182,32,-25,-2,-86
-28,-185,52,-44,55,2
-1,-156,7,-21,-79,-11
-12,-181,38,-29,9,54
35,-187,53,-9,-35,-6
3,-189,32,37,-42,60
-10,-130,38,-80,-62,48
24,-185,55,6,-76,-41
10,-197,48,-23,68,-6
-7,-162,67,-72,53,41
-2,-156,52,-12,34,-28
-3,-150,53,55,52,87
-5,-111,47,-15,-31,28
18,-151,59,32,28,67
-22,-148,52,30,2,-101
2,-133,54,18,15,-34
-32,-152,69,-12,69,53
-20,-123,31,11,-17,17
12,-120,34,35,41,-34
-23,-121,81,-79,56,-20
-35,-122,94,0,-47,23
41,-105,48,-39,16,2
-4,-109,34,-16,47,-4
64,-109,66,104,21,-5
-34,-108,53,1,-37,-30
28,-134,56,-17,-21,-44
-24,-102,70,35,36,-28
35,-125,42,13,19,-48
-27,-103,53,-35,-56,64
-7,-114,85,-2,7,-18
-24,-154,75,-34,-0,29
-14,-93,72,20,9,43
-12,-94,71,-56,-2,6
12,-126,54,20,2,3
-42,-103,85,43,-76,-1
-14,-98,52,-18,9,5
-4,-108,86,44,19,-7
-38,-150,90,-25,30,-14
15,-101,90,-2,6,-31
14,-129,76,-36,41,-37
-24,-107,99,-46,0,82
-13,-130,49,59,-25,94
15,-97,78,1,20,66
6,-89,77,1,-12,48
-7,-95,70,-35,-6,24
5,-107,91,41,84,-48
19,-84,69,34,14,33
-9,-128,78,-34,-8,56
5,-109,85,9,-81,7
-13,-125,100,45,18,71
-57,-123,74,-5,-9,-9
-1,-134,76,74,37,-44
-5,-126,87,-2,49,86
-2,-125,57,38,-8,7
-62,-120,86,-83,-71,32
1,-115,60,17,68,55
-8,-133,88,-49,16,-33
6,-170,88,70,-32,10
12,-128,28,62,-7,28
-8,-123,63,43,-50,39
-18,-117,44,80,-23,-7
-16,-163,49,-22,-51,38
11,-165,46,23,48,-40
13,-161,69,78,-52,63
15,-118,58,14,47,35
26,-135,59,-9,19,18
-1,-146,30,-59,-13,11
34,-201,54,55,-34,-6
19,-183,68,-54,34,6
12,-183,20,3,64,-64
35,-174,43,56,4,-56
26,-162,66,26,25,62
-5,-174,67,-35,11,-68
-1,-186,12,-55,-3,-4
5,-196,45,-41,-32,9
19,-194,34,-63,-58,-16
-12,-205,16,24,58,12
12,-224,11,-22,17,18
20,-230,3,-37,7,-0
5,-190,38,-35,20,-23
-15,-179,-42,-51,-62,-41
-16,-233,-12,62,-25,-75
-25,-180,3,-1,-8,44
-4,-248,4,53,-28,-4
-18,-245,-6,81,36,-8
33,-252,17,54,31,-11
-26,-239,10,-5,1,-25
0,-317,27,-3,-26,10
21,-261,-33,17,-4,-28
8,-265,19,15,-11,22
-2,-244,6,-61,36,-74
10,-272,-4,-72,17,7
0,-280,-41,-55,25,27
27,-258,-42,37,36,34
-1,-285,-4,-22,-13,-46
-7,-277,-15,39,-29,-79
-12,-294,-25,7,-4,82
-34,-305,11,-2,-30,24
-16,-286,-54,4,24,48
-27,-346,-15,-44,20,-16
4,-327,24,14,33,-28
-14,-290,-14,32,6,16
-28,-319,-30,-61,-21,33
30,-320,-19,-67,-3,-80
29,-333,-14,-20,-0,62
-11,-322,-27,1,-54,63
-8,-353,-32,38,-20,53
9,-320,-27,-16,49,7
-8,-362,-62,-75,-4,-25
-21,-359,-70,-4,-25,70
-1,-354,-26,9,22,-24
-4,-368,-46,93,-6,31
-29,-362,-60,1,55,-10
-54,-369,-19,23,-34,-15
7,-349,-87,18,-34,6
17,-402,-44,-40,-21,9
13,-384,-42,-2,-64,64
-2,-352,-92,-78,21,74
5,-390,-44,53,10,-10
7,-418,-70,-90,-15,54
14,-395,-49,-81,-27,-55
14,-369,-46,-21,-23,15
10,-407,-64,33,1,-84
-16,-363,-41,50,60,-60
32,-413,-84,12,-14,0
3,-391,-84,-29,-11,14
8,-369,-48,4,-44,-28
-1,-398,-78,-20,-78,36
-35,-387,-60,-24,-56,11
36,-412,-82,3,19,-23
23,-409,-76,44,-11,-19
-4,-401,-73,28,-9,-50
14,-420,-52,15,-52,-1
-10,-380,-80,53,24,-116
19,-376,-90,-10,49,-22
4,-411,-58,4,77,30
-5,-353,-68,6,-25,-10
-41,-433,-54,-9,33,-97
-16,-414,-92,-49,-18,50
-39,-418,-77,-50,-37,1
28,-409,-64,-0,34,-93
1,-395,-77,-15,42,-57
27,-363,-71,58,-4,-17
30,-409,-76,80,-26,20
20,-381,-79,-23,-5,79
32,-400,-87,-12,16,9
5,-391,-65,-20,18,12
6,-394,-85,1,-40,21
42,-367,-66,26,-23,38
-19,-392,-46,60,-100,-39
-41,-409,-60,-83,49,-8
52,-388,-63,11,-42,-23
9,-366,-58,-59,-35,-34
-13,-375,-71,16,6,48
-8,-373,-69,-24,-9,2
23,-405,-119,-25,41,-26
26,-376,-41,51,-49,10
15,-409,-66,35,-38,-24
-10,-372,-48,-26,-6,-83
19,-375,-67,14,-12,-42
-2,-404,-56,-31,29,-64
10,-394,-38,-3,43,16
-7,-343,-67,-54,31,39
-24,-362,-75,-19,30,-34
37,-325,-27,43,39,56
-0,-334,-44,-9,-1,-12
-4,-359,1,-1,-13,-51
-11,-363,-41,6,-2,1
-25,-331,-2,90,2,-6
20,-293,-39,-3,-72,7
-53,-353,-39,-31,-1,4
-3,-351,-29,-17,58,25
-43,-345,-40,-37,9,-5
-19,-317,-96,4,-42,44
32,-329,-30,-22,2,23
31,-305,-45,-23,-57,-28
2,-353,-61,-0,49,51
-12,-316,-18,19,-8,11
22,-308,-7,-23,38,45
5,-303,-43,-15,16,-2
4,-271,-2,24,-16,16
-8,-282,-2,18,-67,56
37,-263,-53,44,39,-43
3,-297,-17,46,34,-51
-3,-314,-38,51,26,24
2,-282,-16,45,-16,-54
-26,-293,-1,-6,49,-5
19,-263,16,-1,-34,68
-20,-237,-9,-36,-53,8
-7,-249,-4,15,-3,-6
26,-217,-7,17,-16,-8
67,-221,-9,9,-31,-6
-12,-239,60,14,-32,-46
-17,-232,-9,37,9,35
53,-183,18,-43,-27,20
23,-252,13,-18,-8,13
-1,-214,-4,-16,18,-24
-28,-234,-1,-31,-4,6
3,-201,25,-19,25,-76
4,-200,36,48,-4,50
9,-181,39,49,47,-29
-23,-186,23,-34,10,-14
20,-176,13,-29,60,18
-5,-213,45,9,21,-45
5,-178,46,-7,85,39
-1,-169,11,55,39,-10
-2,-132,27,-26,-29,28
-15,-169,62,-6,-37,-15
-10,-169,65,33,-14,-5
11,-170,64,-52,-46,28
1,-171,52,-4,-55,33
9,-154,51,17,-37,-13
-8,-132,18,-28,6,4
-36,-163,4,-4,16,-50
-21,-145,47,65,48,50
11,-154,49,16,16,37
7,-135,34,-23,26,64
-37,-102,64,-25,25,3
-9,-61,56,25,-1,-54
19,-103,46,7,67,45
1,-153,53,-4,-18,-24
17,-118,74,10,-14,-14
-38,-139,97,27,41,85
-59,-103,82,-1,-12,-19
13,-119,73,43,-19,-23
21,-121,84,-19,-15,-106
19,-146,63,-92,20,27
0,-98,69,-6,-0,-36
16,-99,86,5,26,30
25,-119,85,21,32,-13
16,-114,99,26,47,4
10,-119,88,-57,44,-45
-2,-92,89,59,23,49
34,-98,54,-29,-24,8
-11,-136,78,18,12,-79
-8,-114,50,62,31,30
-12,-88,79,51,-16,-42
33,-115,92,37,-13,45
-17,-104,68,-21,25,31
14,-112,68,-20,27,-6
-33,-139,57,-21,35,8
-35,-130,111,-47,26,-65
5,-123,83,-4,28,-47
21,-99,64,5,62,34
-28,-116,74,-19,-12,-14
16,-127,109,3,-8,63
-4,-99,30,-14,81,-44
2,-120,94,50,-42,-1
-11,-151,54,-37,48,-62
9,-126,113,-26,-43,53
18,-110,49,-5,-7,-2
-20,-105,65,22,29,24
10,-115,78,-8,14,64
17,-132,85,23,-19,3
-15,-150,52,-16,-42,12
-12,-113,84,14,47,-26
-1,-122,45,1,54,-1
-9,-150,45,-40,-29,31
-27,-139,69,54,-11,50
16,-117,40,-17,31,-11
-32,-146,87,-18,7,-37
-33,-130,58,-31,38,73
-36,-163,23,56,-1,-71
33,-155,37,38,17,12
-9,-128,40,44,12,-42
37,-162,52,3,43,-29
-4,-139,55,14,22,72
-29,-180,56,-74,-11,-7
21,-215,20,-67,87,16
2,-192,-2,0,32,6
-27,-180,64,-27,25,2
-2,-178,52,-4,44,32
22,-204,46,-78,42,48
0,-184,34,38,-3,-18
-24,-211,27,17,24,-13
-14,-207,19,-28,82,-19
-24,-195,22,-17,14,44
40,-217,12,46,24,-74
35,-217,26,-12,27,-76
-2,-229,24,8,-22,29
-16,-229,16,43,40,-1
34,-192,-13,-14,71,10
5,-277,12,8,44,-42
11,-241,23,-83,-68,-12
17,-228,-16,-35,-64,29
-17,-233,-16,13,-27,21
-12,-265,-15,-40,42,26
-18,-258,11,9,52,27
-6,-288,-15,26,-111,-38
-4,-246,-15,-61,-18,-48
-31,-249,-2,34,-77,28
4,-303,-34,35,-18,4
-40,-275,-25,14,13,52
-2,-266,-19,-45,-39,-12
-16,-297,-13,8,68,17
5,-288,-72,0,-9,55
-8,-281,-18,-23,-10,36
-7,-305,-29,11,-16,80
11,-316,-16,-53,-4,-4
-3,-317,-31,-37,-33,-39
-10,-310,-8,69,44,-63
-20,-329,-46,-8,19,-27
13,-334,-47,37,32,-9
8,-314,-13,10,34,24
22,-321,-3,-33,-52,-26
12,-337,-40,30,-2,-23
10,-357,-53,-23,-36,60
-16,-297,-61,27,17,-17
-4,-337,-46,85,-41,33
13,-386,-67,63,52,42
3,-341,-35,-41,75,-37
24,-379,-25,46,7,25
5,-349,-60,1,23,37
-12,-379,-40,-41,-1,-5
-25,-365,-80,-63,32,-22
16,-375,-50,-65,61,-17
-8,-360,-43,-24,4,41
-27,-387,-49,36,-40,19
4,-352,-109,-6,-46,45
47,-429,-89,-2,2,-58
32,-356,-42,-18,-2,-14
10,-398,-44,-44,-34,-14
9,-412,-101,-33,29,32
-7,-411,-41,-49,-54,17
24,-419,-122,73,-17,-3
-18,-403,-75,-67,7,-27
19,-387,-65,-31,-49,-14
-21,-397,-67,-26,-65,14
-27,-383,-74,-1,14,-2
40,-433,-56,36,-18,-3
14,-397,-30,-26,44,22
11,-398,-71,-3,-0,-11
3,-440,-112,28,13,23
-43,-406,-74,-44,-67,13
33,-378,-97,7,-31,15
7,-422,-77,81,-75,40
-17,-426,-69,-13,-9,21
-8,-423,-89,30,-38,-1
-15,-406,-96,24,13,-27
5,-422,-68,-11,26,23
21,-409,-77,-20,-31,27
6,-434,-97,-93,37,-3
-0,-396,-90,4,32,32
-2,-400,-60,10,-10,-75
61,-409,-79,-7,-6,-78
-56,-374,-44,-68,-30,-22
-19,-436,-72,6,51,75
1,-375,-58,37,-41,-13
-12,-403,-82,1,-24,55
10,-396,-79,12,-4,53
26,-419,-68,55,14,-39
6,-395,-83,74,38,-37
11,-363,-81,-37,70,23
-10,-405,-82,13,-39,-25
-5,-389,-90,-20,-25,-40
27,-427,-62,33,-14,-13
-7,-345,-52,-76,-16,-31
18,-374,-43,49,-75,-7
24,-392,-26,26,-15,-33
-5,-387,-88,137,5,-9
-19,-346,-87,2,-4,-5
-6,-378,-23,-10,-22,-29
26,-347,-34,11,-80,-31
14,-368,-70,61,-21,74
-4,-376,-62,-21,-9,-32
13,-332,-59,-2,37,-63
-6,-360,-70,2,11,-14
-13,-352,-33,47,33,10
40,-356,-10,-10,-4,65
18,-329,-9,-51,19,94
-33,-353,-27,21,18,-104
20,-313,-49,-12,-10,77
-44,-300,-41,-58,3,-61
-6,-331,-44,24,31,14
31,-330,-73,25,43,11
-11,-331,-17,35,17,-8
-5,-335,-31,-30,57,16
1,-312,-47,1,27,19
-7,-298,-33,15,64,-34
-47,-263,-28,-87,-19,-43
40,-262,-28,47,20,15
14,-289,-38,-13,84,-15
-29,-300,-45,-20,-13,-53
32,-266,-6,4,57,-11
11,-280,10,-44,22,15
-25,-297,-7,-19,-103,-27
15,-264,21,-80,-56,29
-14,-244,17,-49,48,45
-19,-230,18,7,27,-31
-9,-218,-6,29,-33,-32
-32,-216,2,-42,-103,-0
-9,-255,10,1,-66,6
10,-226,-33,55,11,-42
8,-217,11,-28,-57,-2
-16,-226,5,-13,30,19
-13,-201,14,-89,-47,-2
13,-229,4,4,-42,-23
29,-247,27,50,-23,-74
28,-233,39,5,-27,28
19,-213,15,18,-64,0
-24,-196,28,10,-29,20
14,-198,15,35,63,4
-5,-207,37,26,23,6
-6,-160,34,-1,-37,38
-24,-182,79,31,43,61
-49,-157,39,7,-47,22
-8,-183,47,-12,31,-35
-16,-157,40,-7,20,25
-22,-162,63,-34,-20,-13
-15,-135,65,-27,26,-16
8,-148,20,-20,34,-92
1,-140,40,-19,6,6
57,-146,22,60,13,-13
-8,-137,33,47,-69,-58
-19,-165,53,-48,-1,-6
0,-124,72,42,24,6
22,-124,101,42,6,64
17,-147,53,-3,-65,39
-19,-152,38,-12,-70,-43
-49,-151,98,-9,7,59
5,-141,34,-10,-29,23
-13,-113,70,-33,23,60
27,-113,63,94,35,-16
-54,-111,53,0,-0,11
-27,-153,77,21,60,2
0,-114,91,-21,85,-45
17,-86,48,-51,35,-19
-50,-109,73,2,0,14
17,-76,61,11,-37,52
-16,-146,59,36,2,-12
-23,-137,87,-56,54,65
-32,-77,97,11,9,57
7,-119,80,-44,-39,55
6,-125,71,-3,-43,-4
-7,-100,81,-42,-2,-29
-11,-95,96,44,18,-14
0,-85,68,38,-28,12
-16,-142,77,-46,-17,32
19,-144,106,-11,36,-29
-28,-145,69,21,-13,35
-7,-67,123,-56,-8,-61
-10,-103,50,62,-50,-1
26,-116,95,-46,63,29
-25,-95,71,20,73,6
-20,-95,86,41,16,22
4,-134,78,72,47,45
24,-95,79,69,32,-34
-29,-125,32,3,29,-29
-49,-89,60,22,27,-64
-15,-114,62,-12,50,29
13,-127,48,-48,21,-7
-3,-127,70,-39,16,-49
33,-144,86,19,11,40
11,-137,88,-7,-2,56
34,-126,90,20,2,37
-26,-106,52,-41,19,-34
28,-128,69,-16,2,5
-13,-152,84,25,-14,36
18,-93,59,3,8,-42
-36,-137,87,-99,17,1
-2,-177,47,23,2,-21
3,-124,53,-96,49,-45
0,-147,48,25,11,7
-14,-134,34,54,79,-53
10,-141,26,-2,11,-39
12,-153,57,-30,-23,5
5,-177,31,-3,-33,25
30,-132,39,-39,19,74
-19,-181,33,-14,-17,-60
5,-192,8,25,-19,-3
-4,-180,12,8,46,-26
-8,-185,48,25,76,-88
23,-184,56,-113,-46,76
9,-177,43,43,-10,40
-22,-213,18,-20,-47,-89
1,-209,0,-64,5,25
4,-209,39,-6,-28,-8
5,-186,38,17,-43,48
-0,-206,2,55,28,9
24,-215,9,-7,92,-41
-14,-203,30,-3,-22,73
6,-254,1,61,-48,-39
0,-246,13,-10,-31,0
6,-223,16,33,1,91
2,-257,16,-15,48,-93
-14,-264,-18,-10,0,13
-21,-260,1,22,7,-36
-1,-250,-18,-19,-45,3
29,-263,-9,-28,21,-84
29,-271,21,-18,43,85
-13,-268,-18,73,88,12
-3,-288,5,-26,-46,-48
-22,-277,-16,-10,65,15
-13,-259,-32,59,-33,16
11,-276,1,-17,-40,-18
-12,-284,-44,36,-41,18
-18,-311,-16,24,-23,-35
-5,-274,1,34,36,33
-39,-299,-10,3,-34,-32
-28,-286,-49,-2,-5,4
39,-292,-64,-12,13,42
-30,-309,-8,-1,-27,96
-6,-357,-23,-3,-17,-18
-19,-314,-48,46,12,-38
-20,-316,-50,43,4,-34
-19,-322,-2,-4,-17,61
-14,-336,-49,48,-10,22
-22,-326,-28,-15,90,-75
-13,-333,-85,-17,28,-40
-8,-307,-47,-58,6,-25
25,-410,-58,27,-7,-74
-34,-361,-62,-9,-18,-7
16,-335,-57,13,9,16
8,-354,-70,-24,18,10
-11,-400,-61,87,-1,9
18,-386,-98,-76,-29,-12
14,-352,-106,-29,-11,12
8,-406,-49,-12,28,71
-3,-365,-32,-4,24,3
12,-353,-63,-2,55,-24
17,-379,-87,46,-22,1
12,-376,-70,-9,-11,-17
-8,-404,-76,19,41,-12
6,-385,-58,-34,8,18
-29,-396,-76,-8,9,-9
13,-380,-95,-15,-24,6
-10,-377,-85,-1,-35,31
-26,-414,-61,-42,33,54
5,-404,-83,-2,26,-8
-2,-371,-85,86,-43,-14
2,-437,-63,71,-63,-25
11,-429,-60,39,-12,1
-29,-452,-81,-60,13,17
48,-401,-121,48,-47,8
-4,-417,-82,-6,-16,-91
6,-401,-106,-25,8,0
-24,-431,-67,15,33,-6
-13,-371,-89,-9,45,22
10,-430,-67,-46,-28,-12
-1,-402,-56,29,51,24
-4,-436,-66,39,-14,15
-17,-394,-76,-5,30,66
31,-402,-30,-24,-71,-23
4,-396,-48,-42,22,-44
2,-393,-66,58,47,-81
10,-401,-81,-10,-67,-1
6,-362,-69,35,-29,-49
29,-412,-60,22,27,-31
41,-365,-98,-78,-13,22
14,-415,-68,-30,-60,26
-5,-349,-107,-35,-74,15
1,-390,-61,-61,3,-34
30,-388,-59,11,-6,-11
7,-377,-90,3,-5,7
45,-370,-67,40,-22,-22
-25,-384,-63,31,-62,-31
-8,-422,-64,15,-8,3
8,-385,-63,-10,7,-24
-3,-334,-70,36,49,89
-2,-371,-75,24,3,63
34,-396,-58,20,-27,39
-20,-339,-6,-1,-5,9
26,-377,-36,110,2,-89
-27,-338,-90,3,-24,89
17,-348,-53,-27,5,59
-23,-321,-30,-42,-31,16
4,-335,-42,-11,23,0
26,-361,-77,-4,-16,-6
12,-376,-47,-27,7,7
-13,-327,-39,-58,13,40
-25,-334,-32,26,-20,-4
3,-339,-24,4,-22,-13
12,-335,-74,5,13,-18
-16,-345,-21,-6,13,117
-4,-311,-34,-11,15,-6
-13,-317,-24,36,-53,2
8,-308,-38,-53,24,-19
28,-313,-1,18,-12,-26
-32,-318,-48,-63,39,4
28,-299,-11,33,19,-32
13,-255,-82,-40,-25,-40
-9,-232,-38,46,91,45
14,-324,-2,-12,-11,-33
-32,-251,11,-98,54,-56
27,-254,-15,34,18,33
-5,-260,2,-8,-6,-55
-20,-271,-3,-16,-14,13
4,-277,-11,13,-4,54
3,-213,4,-45,3,44
14,-255,8,25,23,-16
3,-237,7,-53,76,26
-20,-247,-4,-25,-51,15
-20,-215,41,35,-70,48
15,-240,26,25,-54,-9
37,-210,31,-23,10,-34
1,-206,30,-1,-23,29
-15,-212,34,20,-17,16
-16,-180,16,-26,26,53
-26,-197,15,50,-1,37
14,-165,33,50,74,21
8,-211,18,58,64,19
1,-192,8,-11,-53,-49
7,-209,22,12,33,17
58,-190,37,68,-49,-24
-31,-165,11,5,42,-30
-16,-165,54,-2,-44,24
43,-162,27,3,85,-32
16,-151,54,7,-15,-11
10,-177,8,-56,-91,-65
19,-127,64,-19,-74,-8
-29,-163,68,-49,1,-38
-11,-147,21,39,-38,46
14,-162,47,20,-23,-30
36,-138,29,-27,7,22
16,-127,75,-23,-1,-19
-0,-138,58,16,1,-7
-10,-118,75,69,20,-32
-11,-130,55,44,8,-9
2,-137,85,25,72,-29
-3,-125,67,-57,-28,4
5,-143,46,-1,14,-45
-2,-144,34,-24,-48,-7
-21,-120,76,27,24,34
-11,-103,46,8,-11,11
10,-94,42,-24,53,10
0,-121,56,13,-28,-17
-7,-88,74,117,24,11
-21,-100,59,49,-66,44
14,-113,61,-60,-40,-64
-11,-99,78,38,-6,2
-18,-139,79,35,8,-45
2,-112,72,34,-25,41
17,-103,71,26,113,6
-23,-123,68,-9,-17,19
15,-60,84,-20,-36,-18
-21,-120,72,34,-10,68
-7,-132,83,-8,-27,-71
3,-79,41,-44,-35,28
23,-123,75,-45,28,4
-10,-119,57,15,-24,-49
-12,-82,54,21,-23,-34
-3,-80,105,36,-80,44
22,-142,102,56,7,-28
35,-91,44,9,17,-14
3,-114,79,-75,-23,49
-7,-64,66,-15,5,-13
-38,-108,37,25,-74,-49
-22,-97,53,-3,43,21
21,-153,83,19,55,-55
4,-149,41,53,-26,-67
-30,-137,43,40,-29,2
8,-127,73,14,17,28
25,-110,45,-5,-19,-7
-1,-0,3,-5,-2,2
-1,-1,-1,8,-0,10
-1,1,-0,4,-3,-3
3,-3,-2,-1,4,-4
1,-1,3,7,9,7
-3,1,1,-8,7,-11
-3,-2,-2,-5,-6,-7
1,-1,0,4,1,-10
0,3,0,6,4,-2
1,-0,-0,7,-1,-4
2,-1,-2,6,-11,1
1,0,-1,-3,0,2
-2,0,1,-3,3,-2
-3,2,-1,-5,-1,2
1,3,-2,-1,-10,-4
-1,1,-3,7,-1,-1
-1,1,1,3,4,-7
1,2,-2,4,0,-1
4,1,1,-1,-0,1
-1,0,1,-7,5,2
26,-248,1043,2955,-449,-3
329,1111,203,3352,-783,177
-223,156,964,4525,1417,4211
521,1064,1258,6419,1206,-12
587,1226,-307,8946,1126,144
581,1473,672,11987,-1827,1138
927,2421,941,15400,-427,289
1498,2768,1260,19026,-74,-1760
870,2740,1249,22694,-1882,-972
1456,2777,1046,26234,-2667,-1592
1564,3311,2223,29480,2285,4203
1226,4374,2086,32281,-1425,-826
1340,3197,1999,34504,785,1778
2239,4459,1036,36047,1389,724
812,4852,1615,36837,-850,221
1607,4287,2507,36837,44,-201
1853,3729,1700,36047,-1349,-97
1901,3986,1774,34504,951,2161
1587,3538,1592,32281,1880,2654
1146,4499,1449,29480,-2020,-3707
781,2723,915,26234,3018,-1957
1477,3241,627,22694,2496,-2980
465,1975,-330,19026,3042,2776
278,1670,1571,15400,-229,-432
1458,1027,40,11987,264,1347
414,948,482,8946,-2016,874
648,1115,884,6419,2945,948
153,-83,-139,4525,1070,-1260
251,-468,748,3352,1335,-23
104,344,-517,2955,-1401,-926
-1,10,258,1,2,1
-2,0,260,1,1,0
-4,0,252,2,-0,-0
4,-3,258,3,-1,3
1,-0,255,1,4,3
4,-4,256,3,3,1
3,3,259,1,-1,-1
-5,1,262,-2,2,-3
3,-0,248,-1,1,1
2,-1,240,2,2,1
2,9,252,2,-3,2
-3,-2,264,2,2,3
-0,-2,257,2,-0,1
0,2,254,2,2,-1
11,-2,251,-2,-4,2
4,2,253,-0,-0,-3
-5,-2,254,-1,0,0
3,0,257,-0,-1,-2
4,6,265,-2,2,-3
2,4,265,0,-1,-3
-0,6,259,0,0,1
0,-2,259,1,-1,2
5,-7,259,3,-1,-2
3,10,263,3,-3,0
-0,-9,262,-2,0,1
-6,8,256,-2,0,-1
4,2,256,0,-0,0
3,-5,254,1,0,-3
6,-3,260,-1,1,-0
0,-1,256,-2,3,1
-2,7,256,1,3,1
2,5,258,-2,3,-0
6,-5,252,1,2,-1
-1,5,256,-0,-5,1
-1,-7,251,3,-2,-2
1,-7,252,4,0,-2
5,-1,253,1,-3,-3
4,3,254,1,0,-1
-2,4,256,-2,-3,-4
0,-7,254,-1,-1,2
-7,1,256,-0,-1,1
-3,-2,251,2,1,-4
6,-0,268,1,1,3
-2,-5,263,2,-2,2
-3,-4,252,-2,2,0
-3,2,258,-2,-4,2
1,4,260,1,2,-2
-1,2,262,-1,-2,-1
-3,1,262,4,-0,-1
6,-6,260,5,-1,4
0,1,249,-1,2,0
-3,-6,262,1,-1,1
-1,-4,265,-0,4,-3
1,15,265,-2,-0,-1
-3,8,247,-2,-2,-1
5,5,267,-0,-0,-1
4,3,262,2,-0,1
6,-0,254,-3,4,-1
-4,1,258,0,3,-3
2,6,254,-1,2,2
-5,1,265,0,-2,-2
2,-2,257,0,-1,-2
7,5,250,0,-2,-1
6,3,259,0,0,2
-1,-2,261,-1,-1,1
-3,-2,252,3,-1,0
3,1,248,0,-3,-2
-0,3,259,1,1,1
-8,-3,259,-0,-3,0
-5,-4,257,1,-0,3
-2,11,253,-0,1,-2
2,-4,261,1,2,-5
10,8,251,0,-0,-5
2,-2,255,-5,0,-0
-0,-7,261,-0,-1,1
3,-5,261,1,1,3
-1,1,263,2,2,1
1,-10,259,1,3,-2
1,-1,260,-5,-1,-0
2,-0,259,-1,-0,-3
6,-3,255,2,-0,-1
-0,8,260,-2,2,-0
4,5,255,0,-0,-0
-7,-9,253,3,-1,-1
1,-7,259,0,2,2
-2,3,259,3,-2,-2
-3,-2,252,1,1,-1
-6,-4,263,-3,1,-1
12,-5,254,0,-2,-4
0,6,253,-1,-0,1
-2,-1,257,-1,-3,-3
5,-6,253,-4,-0,-1
-3,3,254,2,3,1
-10,-3,258,-2,-1,-0
2,-6,252,0,2,0
3,2,258,-2,-1,0
-8,7,257,-1,0,1
3,4,261,0,2,2
-5,4,263,2,2,1
1,-4,261,-1,0,-6
-1,1,263,3,0,-0
-1,-0,259,-1,1,2
-2,0,262,-1,-1,-1
-4,9,257,4,-2,3
5,-6,249,4,-0,-0
-1,6,250,1,1,-2
-1,5,266,1,2,-0
-13,-5,257,0,0,0
-8,0,259,-2,2,-2
9,-1,264,-3,-5,-0
-4,-2,268,-1,1,1
6,-9,254,0,1,2
-10,-3,258,-0,1,1
0,1,247,-1,-2,-3
0,5,263,-0,-2,3
-11,4,259,2,-3,3
4,5,250,-2,1,0
4,0,256,-0,-3,2
-6,-1,254,-1,2,-0
4,-3,258,-2,1,-2
-9,4,258,-2,-1,1
1,2,246,-1,-3,-2
-3,-3,251,1,0,-2
-8,-3,259,2,1,3
7,-5,260,1,-0,-2
-5,1,253,-3,1,1
-4,-13,247,-3,-1,-0
-2,1,253,-2,2,3
-5,-2,251,2,1,1
5,-3,250,-2,3,6
0,8,269,-2,1,-4
0,2,255,-2,-1,0
1,-9,257,0,-2,-3
1,-1,254,2,-0,-3
5,8,251,4,-6,-1
-4,-1,256,1,-0,-1
-7,-5,258,2,2,-3
2,0,247,-1,1,-1
-8,-4,256,-2,-1,-2
0,1,252,-4,-0,0
-3,-3,255,1,-1,-3
-0,-4,250,-1,-2,-1
3,2,265,-2,1,1
-4,1,259,-3,3,-5
9,0,248,-1,2,-1
-4,-5,261,-1,4,3
4,-7,257,-1,-2,0
-0,3,249,1,-1,-3
3,2,255,-0,-0,-2
-5,-2,259,0,-2,-4
1,-6,261,3,3,2
-0,-3,264,-0,2,0
6,1,251,1,0,-2
5,-4,252,5,-5,-4
2,-8,252,-3,3,-1
-1,-4,260,1,5,3
-7,-4,265,0,2,1
6,1,252,1,-1,-2
-5,1,256,2,0,-3
-6,-1,256,3,2,2
10,3,260,-3,-1,-0
5,1,252,-2,4,0
2,3,252,-2,-4,1
-2,-2,256,0,-2,6
-3,-6,258,2,-1,3
-1,-2,257,-2,-2,2
-1,7,260,-1,-3,0
-1,-0,263,0,-1,-1
-2,4,265,2,-2,-4
-6,-6,249,1,3,-0
6,-0,255,2,0,1
7,4,249,-0,-4,-4
7,-1,254,3,-0,-3
10,2,260,-3,-3,-1
-11,3,264,5,-0,0
11,-1,252,1,-1,2
-3,-0,256,4,-0,-2
6,4,248,2,-0,1
-1,-7,257,1,-3,-1
-1,-3,258,-1,-2,-2
12,6,251,2,-1,2
-7,-1,252,5,4,2
-2,-4,256,3,1,2
-4,-2,258,-1,-1,3
1,2,261,2,2,-1
-5,-11,263,1,-2,-2
0,3,259,1,2,-0
-2,-7,245,-0,-0,0
4,4,259,1,-1,1
-1,-8,256,1,-5,1
-10,-1,252,2,2,-2
6,-8,253,1,4,-0
6,6,252,-2,0,1
-0,0,251,-0,3,-4
4,4,253,3,1,1
1,-11,254,0,0,2
-0,3,259,1,1,-2
1,2,251,1,0,3
-4,-3,261,-1,-3,2
-6,5,252,1,1,1
-7,0,258,2,3,2
-1,-4,257,1,-0,-5
-4,-8,257,0,0,-0
0,4,256,-1,-3,-0
5,-0,258,-1,3,-3
5,-2,257,1,1,-1
3,-6,263,-1,1,2
7,5,253,-1,-0,-1
-6,-1,253,0,-3,-1
-0,3,251,0,-2,-1
-3,-5,254,-1,2,1
-9,9,256,2,-1,-4
2,-10,262,2,-0,2
-2,8,258,-2,-1,4
1,6,251,1,1,2
-5,1,261,-1,-1,0
6,-4,255,3,-5,1
3,-6,250,-1,-2,-5
2,-2,256,-1,0,4
-6,-5,256,1,0,1
-5,2,261,-1,3,-2
-0,2,261,-4,-1,3
-2,-1,262,1,3,0
-1,5,252,2,0,1
-8,-3,257,2,-1,-2
1,-4,248,1,-2,-1
2,6,256,2,2,0
-1,-9,262,-2,-3,-0
3,-4,253,-1,1,-0
10,3,248,-3,-2,3
-2,0,260,-1,1,0
-2,5,252,3,1,1
-4,-0,250,-1,-0,1
1,-1,259,4,1,-0
0,-3,249,5,4,-0
-5,7,261,-0,-1,0
-7,0,259,1,-3,3
-6,-5,245,1,2,-2
1,4,257,0,2,1
-3,-3,253,-4,-5,0
-8,-1,256,-2,2,1
-6,-5,258,2,0,-0
-4,16,263,-1,0,1
-4,8,257,-1,3,-2
1,-5,257,3,-1,0
10,-7,262,-2,3,-0
-2,6,243,2,-1,0
3,-1,259,0,-0,-1
8,-1,251,-0,-1,-2
2,-3,264,-1,-1,0
4,1,257,1,0,1
4,-3,268,2,0,-1
-4,-0,257,2,2,1
-5,6,248,3,0,-0
-1,5,258,-1,1,0
-12,1,262,-2,-3,-3
-0,3,249,3,-0,-2
9,1,260,-3,-0,-2
-1,0,255,-1,2,0
0,-6,257,-3,1,2
2,5,255,1,2,1
-2,13,257,-0,-0,-1
6,2,254,2,-3,-1
-8,-2,260,0,5,2
-1,4,256,-1,-2,0
4,3,261,7,-1,-1
-9,1,263,-1,-3,-1
4,11,257,-0,-1,1
-8,-1,257,3,-3,2
5,-4,268,-1,-2,1
-6,-2,251,-1,2,-0
-6,5,252,2,6,0
9,4,251,1,-2,-1
2,2,264,0,-3,2
1,-4,252,-1,0,-4
12,1,265,-0,1,-0
-5,3,260,1,0,-3
4,-4,251,3,-2,-2
0,-2,259,3,-3,2
6,9,256,-1,2,0
-3,-2,252,-3,-2,-3
-8,-8,252,-1,-0,-2
-9,4,257,-1,-0,1
-5,3,256,-4,1,5
-4,3,256,0,-0,2
-8,-13,258,-0,-1,5
-10,-2,254,3,1,-1
-5,-1,259,-1,3,-0
-2,-13,257,0,-2,-5
-2,9,253,-2,-1,-1
-5,-9,256,-2,-0,2
-1,-5,257,-1,-3,2
8,6,254,-7,0,-3
10,4,242,1,-2,1
-1,3,259,-5,-1,-1
2,11,251,-1,0,3
-4,-2,260,2,4,1
12,0,257,-2,-1,1
7,1,252,-2,-2,1
7,1,259,3,2,-0
3,-9,255,2,3,0
1,0,259,4,-2,0
0,6,250,-1,-1,0
-10,-7,250,4,2,-2
2,2,253,0,-3,-1
-7,-6,256,-1,-1,-5
3,1,258,1,2,1
-0,6,259,-2,-2,-3
6,5,252,-3,-1,0
2,2,258,1,-0,0
2,6,260,0,1,2
2,11,263,3,1,6
-1,-2,259,-1,0,3
-2,-5,255,1,-1,4
-6,7,250,0,-1,-0
9,-6,253,-0,1,3
-2,2,261,-0,-1,-2
3,-8,245,0,1,-2
3,3,251,-3,0,-1
-4,0,259,-3,0,-1
-5,3,260,0,1,3
13,-1,258,-2,-2,0
3,0,259,-0,-4,5
2,4,248,2,3,3
-1,8,250,2,-2,0
-2,-4,254,-1,-1,-1
-6,8,269,0,-1,-2
-6,7,253,-1,1,-4
-2,-3,255,-1,2,-1
2,-6,252,2,-1,-1
1,10,256,-1,1,2
9,-4,254,-2,-3,-4
-5,6,257,-0,-1,2
-10,0,260,2,-0,1
8,-2,252,-0,-2,1
10,5,258,2,5,-1
4,-4,266,-1,1,3
11,-8,268,-0,3,3
9,-4,252,1,-6,1
1,2,252,1,-5,-2
-0,3,257,2,-1,-3
2,-4,257,-4,-1,4
-6,-2,241,2,0,1
0,7,260,-3,4,0
1,-5,262,-3,0,2
-2,-0,257,0,1,2
-3,2,257,1,-3,-6
7,-3,253,-5,-2,-2
-8,-2,261,-3,1,4
4,5,248,-0,1,-2
9,-8,257,1,0,-0
-2,4,255,-4,-1,-0
-5,4,263,2,-4,-0
-9,8,266,-3,1,3
-5,2,252,2,-0,-3
-1,-1,257,-1,2,1
3,6,253,4,0,-1
0,-4,254,1,-3,2
-1,4,253,-1,2,-1
4,2,255,1,0,1
5,6,254,0,-3,-1
1,1,250,-1,0,1
2,2,259,2,-0,-1
-3,-2,264,2,-2,1
2,3,256,3,4,1
0,-0,260,3,-1,-2
-6,-3,258,-1,0,1
3,-6,256,-0,1,-0
1,6,257,-1,2,2
5,8,258,1,-5,0
-3,7,256,-2,-0,1
-2,-5,257,-1,1,1
-2,9,259,-0,-2,3
-4,2,256,0,2,-1
-4,-8,257,1,4,-3
1,9,250,-0,-1,-3
-4,-12,254,-1,-2,4
3,2,261,3,1,-1
-3,2,264,-2,-0,-0
-4,-4,262,0,1,3
3,-2,251,3,-1,1
-6,7,255,5,2,-1
7,-1,250,-1,-4,-4
3,-10,259,-4,-3,-2
5,4,255,-0,1,0
4,4,263,-1,2,2
8,0,262,0,2,2
7,11,260,-1,0,-1
1,-5,248,2,-3,2
-1,-5,256,0,-0,-3
-1,-2,261,0,1,0
-1,-1,259,-1,-3,-2
-2,7,258,-1,-1,1
-3,3,256,4,0,-2
3,-2,262,-2,2,2
12,3,260,-0,1,-4
1,-1,251,-1,3,1
-5,-0,257,0,-0,1
1,-1,262,-1,-0,-1
-4,-2,263,-1,2,3
8,6,254,0,-2,-0
4,7,254,2,1,-1
2,6,268,-2,-0,1
5,5,266,-4,0,-3
-0,-1,251,-1,2,1
-4,1,251,-1,-3,3
-2,-3,249,-1,1,1
-9,5,255,-1,-0,3
-7,-0,255,-2,-0,2
2,4,262,3,-6,1
3,-5,251,2,-1,1
-4,5,246,3,-2,3
1,-4,258,4,0,-0
1,-5,252,2,2,0
-6,5,256,-3,-0,-3
1,-5,255,1,-1,-1
5,1,254,1,-1,1
-1,5,255,-1,-5,0
-2,-7,258,-1,1,-2
2,5,254,2,-1,2
-1,4,259,-2,-2,1
-2,-6,256,3,2,2
5,10,260,-1,1,-2
4,2,254,1,-0,-2
5,-7,258,-0,-1,2
-4,-5,260,-1,-3,-0
-1,-4,259,-3,-1,-3
-11,-1,250,1,2,0
-8,-5,254,-4,-0,-1
-4,2,248,2,-3,-1
2,-7,263,4,0,3
-3,4,257,4,3,1
-1,8,258,-2,-3,0
-7,5,252,3,1,1
-9,3,251,2,1,-1
-7,-3,255,-0,0,-2
3,7,253,3,2,-3
-9,4,254,2,-5,-1
-6,-0,245,2,1,2
-5,-1,258,-0,-2,-5
4,-9,243,0,-1,-5
-14,2,257,-1,-1,-2
4,-11,248,0,3,4
-2,-3,257,-1,1,1
6,1,250,-0,3,0
7,-6,260,4,-1,2
-4,15,250,-1,-2,1
-4,-1,249,-2,-0,-3
-4,-8,255,-0,1,-2
5,2,259,-2,-1,-1
9,-1,261,0,2,-1
7,-0,256,2,1,3
-9,2,264,-2,-1,0
-1,-3,257,2,1,3
-9,3,251,2,-2,1
7,1,259,-2,1,-0
4,2,254,-1,-3,1
0,4,260,5,-1,2
7,1,255,-0,-0,-3
-7,-4,246,-3,1,-2
-0,5,259,-6,-1,1
7,-2,249,0,1,-3
5,2,253,-1,2,-1
-4,-4,259,-2,-4,2
5,-10,260,-1,-1,4
1,-2,257,-1,-0,3
-7,-2,250,-2,-1,1
2,-1,251,3,-1,-3
1,7,263,-3,2,3
-1,6,249,2,0,1
-9,6,257,-4,-1,-1
-3,11,251,3,-0,-1
5,-1,261,0,2,-1
0,2,248,-1,-2,-2
-7,-3,263,0,-2,-2
8,-3,252,1,0,0
5,0,255,1,-2,-0
-6,-0,244,-2,0,-1
4,-2,258,2,-3,-3
2,-2,256,2,-0,2
-7,-14,247,-1,3,-2
-1,-1,253,-1,1,-1
1,-1,262,-1,0,1
-6,1,261,-1,-0,-3
-2,5,262,-2,1,1
-2,-3,255,-1,-3,-0
-4,3,255,-2,-1,-3
2,-2,254,-3,2,1
1,-2,254,2,-3,-1
-2,4,266,-3,-0,-0
2,7,252,-4,0,-1
-7,-2,253,-0,1,1
7,2,264,-3,-1,-3
2,4,254,3,-3,2
9,-2,265,-0,1,-1
-5,-1,263,2,0,4
6,-12,259,1,-1,-2
5,1,258,-1,1,-1
-7,1,255,-2,-3,1
-5,-3,251,0,-1,-1
-6,3,252,0,-1,-3
-5,-7,251,1,0,-1
8,-1,250,-2,1,4
8,-2,258,-2,-1,2
10,3,260,2,-3,0
-5,11,258,-1,4,-1
-0,2,253,3,-4,1
-4,1,258,-1,1,-1
-4,-3,249,-2,3,-3
-3,1,249,0,0,1
-7,-5,248,2,2,5
5,1,258,-1,0,5
0,5,263,0,1,-3
8,-2,254,3,1,-1
-3,1,261,-1,-3,1
7,5,259,1,0,2
-1,-6,258,-1,3,0
7,-4,264,-1,1,-0
-2,-1,259,1,-2,-2
1,-7,253,-2,6,-1
8,6,251,1,-2,1
3,6,265,-4,-2,3
7,-6,259,1,2,-4
1,1,257,-3,3,3
2,4,257,1,0,-1
1,4,255,0,2,0
-11,0,259,1,3,0
-2,-2,249,2,1,-1
-3,-14,252,-3,1,2
-3,-4,266,-3,-1,-2
2,12,248,-1,1,-1
-1,-0,255,2,2,-4
-7,-3,251,-2,-0,-1
4,-8,256,0,-0,-2
-6,-2,258,-1,-2,-4
1,-4,244,-1,1,0
6,0,251,-2,3,2
-11,0,257,1,-2,5
-6,-1,251,-0,-1,-2
4,-0,261,2,1,-0
0,-3,253,-1,3,-2
-3,-0,254,1,2,-4
8,-3,254,0,-1,-3
9,4,263,-2,0,1
7,-6,253,1,-0,1
10,6,250,3,-6,-2
-2,-0,245,4,-2,0
-2,12,261,-1,1,1
-5,-2,258,1,2,-1
-1,4,253,-5,-0,2
-2,5,251,0,0,-0
-0,-5,257,-3,2,-0
2,4,258,0,-1,-2
-7,12,257,-2,2,-1
-2,-2,265,2,0,3
2,0,254,-1,-2,4
-3,3,259,-3,0,-0
0,-6,260,1,4,4
-1,-1,253,-0,0,-2
2,-2,252,-1,3,3
5,-2,248,-2,4,4
0,-2,258,5,-4,-2
-7,5,255,-2,1,-0
1,-3,251,-1,-2,5
-7,-3,271,-4,-1,-1
6,-6,256,3,-0,-2
0,9,262,2,0,1
5,6,262,-1,2,-1
-2,-3,259,0,1,-1
-1,-4,261,0,3,2
3,-6,260,5,-2,2
13,1,254,1,-1,-2
1,-5,262,1,-0,-1
-1,-2,249,-3,-2,0
-10,-1,257,-1,1,0
7,9,265,-2,0,2
6,-0,253,-2,-2,-2
3,-0,249,-1,-1,1
4,1,252,-1,1,-2
-5,1,261,-2,0,2
-1,-4,249,-0,1,3
5,3,259,1,-0,2
6,7,264,3,-1,3
-3,6,254,0,1,-2
1,-3,249,-2,-1,-0
5,8,256,-1,1,-0
0,-3,258,2,-3,0
-4,-6,264,3,-5,1
1,3,254,2,-2,2
4,-9,263,0,-1,1
9,2,260,0,3,-3
-5,1,261,0,3,-2
-2,-3,257,-1,2,-1
1,-7,253,0,-2,-1
-1,-2,255,-1,0,-3
8,0,253,1,3,-0
-0,4,255,1,-2,-2
3,6,252,-4,-5,0
8,5,250,0,6,-1
8,2,252,-0,3,-1
-9,0,253,5,2,-2
2,-1,260,-0,-0,2
-1,3,263,-1,1,2
6,-0,267,-1,-1,-1
4,2,256,1,0,4
-5,1,256,4,1,2
0,7,250,-1,-2,-1
-1,1,254,1,3,-3
-0,4,259,-1,-1,-3
9,0,257,-0,-1,-4
1,-1,259,-2,3,1
-2,8,250,-2,2,2
0,2,261,-0,-2,1
6,5,262,3,1,-1
16,1,251,-1,-2,2
3,2,252,-0,1,2
1,3,259,-1,1,0
2,1,252,0,1,2
1,13,258,-1,-1,1
5,-2,253,-1,3,3
-9,-4,255,-2,0,-3
3,-9,253,-1,0,2
-7,-1,253,-3,-2,1
4,-7,260,1,-2,0
2,-3,260,-1,-1,-1
-2,-2,260,2,1,-1
4,-2,266,-0,-0,4
-1,-15,257,3,-3,2
2,2,255,1,-3,-2
7,-0,263,-0,1,1
-3,-1,260,1,-2,0
11,0,264,1,3,-2
7,-5,262,-1,-0,-3
1,1,251,-1,1,1
-5,-1,251,-2,-1,1
1,9,265,-1,-4,1
-2,-7,253,0,-1,-0
-2,2,249,-1,-0,0
-1,-3,257,-1,-1,-2
-1,-5,251,-2,0,-5
-10,-3,249,0,2,-1
6,3,260,-4,2,-4
8,3,253,-1,1,-1
2,-2,257,0,1,2
3,6,267,3,-1,-2
-3,2,257,1,5,2
5,-9,256,-0,1,0
-1,3,251,2,1,-2
-0,3,252,-1,-0,2
-4,-5,255,-2,-1,5
15,1,267,-2,1,-2
1,6,267,2,0,-1
14,-9,258,3,-2,1
-9,-4,251,-3,-1,0
-7,-3,254,-2,2,-2
-3,3,262,3,-1,-0
-1,3,250,-4,-1,1
-3,-1,249,-0,-1,-0
-6,2,257,1,-3,-2
3,2,262,3,3,-2
-8,-4,261,0,-0,0
2,6,254,-2,-5,1
8,2,256,1,-2,-2
2,3,257,2,-1,-2
3,-12,251,2,-2,-2
-4,0,254,-1,-2,-0
3,-4,252,2,2,2
8,-2,260,-0,-2,-0
-7,5,256,-1,0,0
1,-6,258,-0,1,3
-6,4,247,1,2,-4
-2,5,244,-2,1,3
-4,-8,253,0,-4,0
-1,-3,263,-2,4,2
-0,9,254,-1,1,4
-8,-7,256,4,-0,-1
-0,6,268,3,3,1
-6,-5,258,-1,1,0
-0,-1,254,-3,-2,-2
10,7,260,3,3,-0
2,4,254,-2,-2,0
-1,5,255,1,-2,-2
-3,0,254,1,-3,-4
-2,-1,259,2,-6,-2
-5,-0,258,-3,-5,-2
-4,4,264,-2,-1,1
-11,-3,252,1,2,1
1,-8,250,-2,-3,3
9,-6,256,1,0,1
4,-2,249,2,-1,-3
9,-1,260,-0,-1,-4
1,10,255,-1,-1,1
-8,4,255,4,3,-3
1,0,248,5,-0,0
-2,-2,255,2,0,5
0,1,259,-2,1,0
-2,-6,259,-2,-0,3
-1,9,255,-0,-1,4
-3,2,254,3,2,3
11,-6,252,4,-3,0
-4,9,261,2,1,-1
0,-3,256,0,-4,0
9,-11,255,-1,1,-2
-7,-5,248,0,0,-4
-3,-5,258,1,2,-1
-2,3,246,0,2,1
-3,1,253,-1,-3,-2
3,5,263,3,-2,2
5,-0,255,1,2,4
-9,4,245,-1,0,-3
0,1,250,5,-0,2
5,3,257,-2,4,2
-6,4,256,-3,-3,-2
-4,-5,253,-3,-2,-1
5,-9,259,2,-0,1
2,-2,265,4,4,0
2,3,247,2,-2,0
3,6,258,1,-1,-2
10,-3,258,1,-2,3
2,-9,256,3,1,0
-1,7,258,-1,-0,2
-4,2,256,1,-2,-2
-5,-2,257,-3,-2,5
1,-1,255,-1,1,1
5,5,252,1,3,1
-1,-2,254,1,1,-3
5,-6,256,-1,0,-2
-0,-5,265,2,-1,-0
1,3,263,1,2,-2
2,-5,262,1,-3,-0
2,-3,249,-1,3,-1
0,4,244,0,-2,-1
10,-5,255,-2,1,1
1,-1,246,-0,1,2
5,-1,251,-0,2,-7
-1,4,257,-2,-1,1
2,3,256,1,-1,-2
-4,-4,248,3,-1,1
-5,-3,251,2,0,2
-1,-1,241,-1,3,1
-10,-7,265,-1,1,-3
-12,3,252,-4,1,1
-10,-4,259,2,2,2
3,-3,258,2,-2,-4
4,5,252,2,-1,-2
4,-1,250,-1,-1,-1
-9,5,260,-2,3,2
-5,-4,256,2,0,3
-9,0,257,1,-1,-0
4,0,257,-4,1,0
-1,5,255,-1,2,5
5,2,252,1,-0,-2
-1,-5,265,0,2,-1
-3,5,253,3,1,-2
7,5,247,-1,-0,-4
-2,-0,257,0,-3,1
1,3,258,0,3,3
7,-4,252,-0,-1,-2
-1,6,260,1,-0,-2
-0,4,260,-3,0,4
6,2,251,-1,1,1
-13,-6,250,-0,-1,-1
-7,-2,255,-2,-1,2
-7,5,257,0,1,2
4,-7,258,1,-1,-2
-2,10,259,-3,0,1
-9,-1,263,0,-1,1
-0,0,260,-2,-1,1
-5,2,256,-1,0,1
-0,3,259,2,-1,-1
-3,10,244,2,4,-0
-3,-4,257,-1,-4,2
-6,-2,255,-1,-0,-2
-6,-3,260,1,-0,-2
3,-11,254,2,-1,3
-4,5,259,-2,-1,-1
3,4,255,3,-2,-1
-2,5,251,1,-1,1
9,4,256,5,-2,3
5,-2,265,-2,0,0
-7,-1,258,-1,-2,1
6,4,262,-0,-2,-1
-1,7,258,2,-0,1
2,1,253,3,-1,0
2,5,250,1,-3,1
-6,6,270,-1,-3,2
-0,4,258,3,-3,0
5,10,256,2,2,-2
7,4,257,-0,1,-1
4,10,260,-1,1,-2
4,10,259,3,-2,-0
-13,-2,251,-1,1,1
-3,9,254,0,-1,-1
-0,-5,251,-2,-0,-3
-2,-1,253,-0,-5,-1
-1,-4,256,-0,1,-0
-2,6,255,-2,-1,-1
8,-4,250,1,1,0
-4,-2,256,-2,2,1
2,1,260,-2,-2,2
-2,-0,257,-2,-1,-4
6,-1,251,3,-0,4
3,-3,249,1,-0,3
-1,-4,256,2,1,-1
9,-0,258,-5,1,-2
2,5,252,-0,-2,0
6,-5,255,0,-3,1
2,1,257,1,-0,2
-7,-6,255,-1,-1,2
10,-1,247,0,5,1
-6,-2,257,-1,-3,2
1,-5,252,-2,1,1
3,-0,263,4,0,-2
4,-3,255,3,1,1
-3,-0,260,-3,0,-1
10,4,262,-1,-1,-2
-8,-6,251,0,1,3
5,0,259,-0,1,-1
4,3,257,0,2,1
-2,7,252,0,-0,1
3,-1,252,-1,0,4
4,-9,252,3,-2,-1
-3,10,255,-3,1,4
5,-0,255,1,-3,-2
4,12,258,0,-1,-2
-10,-1,256,-3,-0,2
-6,8,257,0,-0,-1
2,-2,263,-1,0,1
5,-6,253,2,-1,-2
-2,-1,253,1,-1,-2
3,-10,259,-0,0,1
-11,1,257,-1,-1,-0
-4,-3,257,-2,-1,-0
-3,-6,254,1,-0,-1
4,2,242,2,-0,-4
0,-7,268,-3,1,-0
-2,2,255,-1,-1,2
8,-5,263,5,-2,1
-1,-5,255,1,1,5
4,8,258,0,-4,2
-0,-0,256,-1,-1,2
3,-7,258,1,-2,0
-2,-6,250,-0,0,1
-1,-6,254,4,0,2
2,-3,257,-3,-1,0
3,-4,262,3,-1,-0
5,8,257,-4,2,-0
-13,1,256,-2,0,1
6,-2,258,1,-2,-0
7,2,255,-0,-0,-2
-5,2,251,-2,2,0
6,6,256,3,-0,1
-14,-3,254,-2,4,3
-0,-5,258,-2,1,-1
-8,1,246,1,-2,2
4,1,256,-0,-1,-0
0,-16,253,-1,-1,-2
4,-4,248,-0,-2,3
-5,-2,253,-1,-1,-3
0,-1,248,-1,4,-2
-3,1,260,2,1,-0
-4,-9,260,-0,2,3
-5,-6,257,-1,1,3
-2,-3,269,2,-1,1
-5,-2,250,1,1,0
-4,3,255,0,-1,-5
8,-2,249,0,-0,1
0,-3,253,2,-2,-0
-4,0,259,2,-0,-1
-5,-3,257,-1,5,0
-2,-2,252,-3,1,-2
2,-4,253,1,0,2
-3,5,259,1,2,1
8,1,247,-1,-2,-2
-3,6,263,1,1,-3
-3,4,260,2,-2,2
-10,3,260,-0,0,-1
6,5,257,3,-1,-1
-0,-1,253,-3,-1,-4
-8,-3,255,-1,1,0
6,-1,250,-0,1,-2
-2,4,253,4,-2,-1
4,-8,262,1,-0,0
6,2,255,2,0,-2
3,4,259,-2,2,-0
-4,5,253,-5,-1,2
3,3,250,2,2,-2
-2,1,263,-1,1,-3
2,6,255,-1,2,-2
-3,-5,261,-1,2,-2
-6,5,245,-0,-4,-1
-2,-4,253,-3,-0,1
-2,2,250,1,1,2
-0,5,251,-5,2,1
-3,-3,253,-2,1,-1
0,6,256,-5,1,1
5,-5,259,-1,-4,-1
-6,-8,256,2,1,3
-7,-0,253,1,-1,-1
4,9,264,-1,2,1
8,-6,262,2,-0,-1
3,-9,254,1,5,1
-5,10,264,-1,-3,3
5,1,256,0,-1,-3
-10,-1,255,-3,-4,-0
8,6,264,1,-1,0
-7,-0,252,3,4,1
3,-6,254,3,0,0
-2,0,259,1,-2,-1
-10,-2,261,3,-0,2
-5,-6,254,-1,-2,1
3,7,263,-0,-0,2
8,-6,253,2,3,6
-2,7,257,-3,-1,2
6,1,256,0,-1,5
-4,1,261,-1,-5,-2
8,-8,259,1,0,2
-5,5,256,1,1,2
3,6,259,1,-4,-1
2,-0,260,-4,-3,-1
-7,-5,261,-3,-1,-3
-3,-9,243,0,-0,0
9,-0,245,-2,1,3
-4,3,264,2,-0,-2
-7,7,260,-0,-1,-0
-2,-5,258,-2,1,-1
2,3,260,2,1,-1
-8,-5,253,-1,-3,-1
3,6,252,2,-2,-1
-7,-6,254,1,0,-0
1,-7,265,1,3,-1
3,1,258,-1,1,1
-1,-14,249,-1,-3,-2
3,1,267,-0,-1,-1
-5,7,261,-2,1,1
-12,-3,257,-3,-0,1
3,-2,259,2,-3,2
-8,-2,258,1,-0,1
-2,5,251,1,-2,-1
1,5,252,1,-5,-3
-2,0,254,1,2,-1
-0,3,259,1,-3,0
7,-5,258,1,-1,3
2,9,258,-3,4,-2
-8,2,257,-1,0,2
-5,-0,251,0,1,3
-1,-6,258,2,1,4
-0,3,255,-2,-0,-1
1,3,261,-4,-2,1
-0,2,260,-0,-1,-0
1,-8,256,2,-3,1
-2,-13,256,4,0,1
-3,6,260,-2,0,-2
-5,-5,262,-1,2,-1
0,-4,268,-5,2,1
-1,-1,256,-0,0,1
-12,-4,255,2,-1,1
-6,5,253,1,-2,-1
-2,-2,256,-3,-2,-2
1,0,255,-2,1,1
0,2,257,3,2,0
-1,0,256,-5,0,-2
-1,-4,256,-1,1,3
3,1,267,-0,-1,1
3,-10,251,-3,0,1
-0,-4,255,-6,-1,3
-3,1,261,-2,2,-2
1,-8,257,-2,4,-7
8,1,256,2,2,-3
7,1,246,-2,1,-2
0,-2,253,-2,0,2
-3,-6,258,0,-1,-2
-8,-1,252,-0,-1,3
-1,-5,252,-4,-1,1
6,4,259,0,3,-0
-4,3,259,0,-2,1
3,3,262,2,-1,-2
-0,1,260,1,-3,2
-9,5,248,-1,-4,3
-2,-2,248,1,-1,-1
-1,-1,257,1,1,-3
-6,7,257,1,-2,3
1,-6,253,3,0,4
8,-3,248,-2,-2,1
4,-8,259,0,-2,1
-2,11,251,-1,1,-0
3,4,264,-2,-0,2
7,-0,260,-1,-1,2
0,8,251,-1,-3,-3
2,10,261,-1,2,-1
-3,-6,255,-1,-3,2
1,-1,258,-1,0,-1
-7,-1,258,-1,1,0
6,-2,261,1,3,4
-9,-4,256,-1,4,-4
6,2,257,-0,-1,-3
-4,-9,262,-1,3,-1
-1,-6,260,1,-2,-2
0,3,252,-2,3,1
7,6,256,-2,-2,-2
-8,-7,256,-3,5,-1
-5,1,257,4,1,-1
-4,3,253,0,-2,-0
5,7,263,-2,-3,-1
-1,4,260,-2,-0,2
1,-8,256,0,1,1
-5,0,256,0,3,-4
1,5,262,-0,3,-3
-2,2,259,1,1,-1
8,1,244,-2,1,1
3,-1,251,-3,3,-1
5,7,254,4,-2,-0
9,7,265,3,-3,-1
-2,6,259,1,2,2
-8,-10,266,-4,1,-2
-7,-2,256,2,-0,-0
-3,2,247,2,-2,-0
5,-2,257,-3,2,1
2,-5,258,-0,1,-0
3,4,250,2,-0,0
-7,5,259,-1,1,3
-4,-2,260,0,-0,3
3,-0,252,-0,-0,1
1,10,261,-2,-4,-2
-1,8,261,3,2,-4
-1,-0,257,-2,-2,1
-5,7,253,-0,3,-1
1,4,255,-2,-3,0
-2,-5,252,-1,-4,0
4,-6,249,5,-2,5
-3,-4,257,-2,-2,4
1,-3,263,2,-2,-1
-0,-0,259,-1,2,-2
-2,1,256,-2,-1,-1
-1,9,255,-0,0,4
10,-2,254,3,-2,4
4,1,258,2,-1,2
-13,-1,258,-1,-2,-1
2,11,261,-1,-1,-3
-9,-2,269,1,1,3
5,-0,256,-1,1,-3
-2,3,262,-3,-0,1
-1,3,252,1,1,-2
7,-5,254,-4,2,2
-3,-4,252,-1,1,-2
2,-9,256,-0,3,-2
-8,-10,250,2,1,-1
1,-3,254,1,-3,-6
-2,-7,255,1,1,-1
1,-3,248,1,1,-3
-2,8,259,-0,1,2
4,-2,255,-1,2,4
-1,-4,257,2,-1,3
6,2,263,-0,1,-4
-2,-3,254,-2,-0,-1
4,13,257,4,4,-3
-3,2,255,3,-1,1
4,4,250,-0,-1,-1
0,0,252,3,-0,-2
-10,2,257,-1,-1,1
3,-1,248,4,-1,1
-1,10,252,-1,-0,1
-1,1,250,-3,2,2
-2,-5,265,1,-3,1
7,10,260,-4,3,0
2,6,258,-3,1,0
-7,-4,266,1,-1,1
-7,-2,251,-1,-2,0
-1,-2,255,0,-1,3
4,4,261,0,3,0
-1,6,261,-1,-1,-0
-6,6,264,2,-1,-4
1,1,261,1,0,-1
-2,5,250,1,0,1
1,-2,265,-2,-4,-0
-4,5,253,-2,-1,2
-2,8,252,5,1,1
8,-5,255,1,1,0
-4,7,263,3,1,-3
5,4,256,4,-3,0
12,4,263,-0,-4,0
-5,15,261,-4,-1,1
-2,-3,257,-4,1,-0
6,3,252,-0,-2,-2
4,-1,253,-2,-2,0
-1,-5,247,-2,1,-0
-5,-0,253,-0,-1,-1
-1,-2,250,-1,-2,-2
-5,8,250,-4,1,1
-4,-6,257,2,1,0
-0,-4,257,1,-0,0
-3,-3,267,-4,1,2
7,3,250,-0,2,-2
1,-1,260,1,1,2
-0,3,258,2,-4,-2
9,-3,256,3,-1,-1
-0,3,250,-1,-0,2
4,7,262,2,1,2
6,-2,255,-1,-1,2
0,6,267,1,-1,-1
1,13,251,1,0,-0
2,1,258,-1,-1,-1
2,5,262,1,2,-1
-1,3,254,0,1,2
-7,5,247,1,-0,2
0,2,260,-1,2,-1
-2,-9,251,2,-2,-0
-2,-11,261,-1,-1,1
1,-7,260,-2,2,-1
-3,1,261,2,1,-4
3,2,260,-1,1,0
6,10,254,1,-0,4
-0,3,248,1,0,-1
-3,-3,242,-2,0,0
6,2,260,0,1,1
-4,4,257,-3,-2,5
-5,-10,259,-0,-3,2
7,-2,256,1,1,0
-4,-6,251,-1,3,2
9,-8,260,2,-1,-3
6,0,248,1,0,-0
3,4,252,-0,-1,-3
-0,-0,255,0,-2,1
3,1,255,-2,2,3
-1,-4,250,-3,-1,1
-0,1,254,3,-3,4
-11,-6,263,0,5,2
1,-5,252,-1,2,3
-6,8,259,1,0,0
-4,-1,251,3,2,-2
10,3,254,2,-1,-4
-1,-3,259,0,-3,-1
2,6,256,-2,1,1
1,8,250,-3,-0,0
-4,-3,252,-1,-0,-1
2,-0,264,1,3,-0
-8,2,258,-1,-1,1
6,12,252,3,-1,0
9,6,255,-2,-1,0
-0,-4,258,3,-0,1
2,2,263,-1,-0,3
-4,-0,256,-0,1,-2
-9,-4,254,-4,0,-0
-2,-3,253,-6,-2,1
-0,1,264,-1,-0,-1
5,-2,256,-1,3,-2
0,-0,261,1,1,0
-0,-4,245,3,-1,-1
2,-10,260,1,3,-1
-2,-3,262,-1,4,-1
-1,-11,257,2,-2,-4
-4,-5,260,-2,-1,0
8,-6,261,-2,1,-3
2,9,259,-0,-0,1
-6,3,259,1,0,-1
5,2,265,-3,-0,4
5,-3,251,-0,4,1
-1,-6,268,-1,1,-1
1,5,258,-1,4,0
-4,-1,249,0,2,-0
9,-2,258,-2,2,2
-10,7,261,-0,2,5
-5,-4,252,-0,-3,-2
3,10,266,-1,-1,-4
7,5,254,5,1,-0
3,-4,262,3,3,0
1,-5,252,2,2,3
1,-2,256,-3,-1,3
-5,5,254,1,5,2
-2,2,257,-0,-1,-2
-5,12,250,-2,2,-1
-0,1,255,4,3,2
-0,5,251,3,-1,-1
10,-3,260,-1,2,0
0,-1,256,1,2,1
-9,4,262,-1,-1,1
-1,5,268,-0,-1,1
-8,4,252,-1,-2,1
-4,2,254,-1,2,-2
3,1,259,-2,-2,2
5,-6,253,1,1,-2
-4,-4,252,1,4,4
8,-0,253,-1,-0,-2
-13,-8,262,0,4,-0
-1,-3,251,3,1,2
-5,6,254,-0,2,1
-2,-2,264,1,0,-2
-1,2,261,4,2,4
-4,2,256,-0,1,2
-7,6,261,0,-2,1
4,-7,255,0,-1,2
-1,5,266,1,-1,-0
0,-5,249,4,-5,-5
4,-3,258,-1,-0,-0
-1,-10,258,-3,-2,-1
-7,-6,259,-1,1,-2
6,-2,254,-2,2,1
3,-9,254,2,-1,-4
-4,2,262,3,-1,0
-0,2,256,-1,-3,-2
1,3,251,2,0,-1
1,5,252,3,-1,-2
-3,-11,265,0,-0,-1
-0,-1,270,0,-0,-2
-6,-1,257,0,-0,-0
-4,1,254,-2,0,-3
6,1,268,-0,1,-4
-2,1,245,-1,0,1
-9,3,249,-1,1,-4
3,-3,261,0,-2,0
0,3,258,-0,-0,2
-1,4,261,-5,2,-2
-7,4,249,0,1,-1
-0,2,262,-1,-2,1
8,4,255,-2,2,1
-5,6,258,-1,2,2
2,3,255,1,-3,2
6,-4,253,3,1,-5
2,-1,252,2,0,2
9,2,256,2,-2,1
4,1,255,-1,4,1
-4,1,254,-5,-5,-0
-4,-4,257,2,1,-0
-11,-3,256,0,0,-1
-8,-2,262,-0,-2,0
-1,7,265,0,3,1
1,1,263,1,-3,-2
7,5,256,2,-3,-2
0,-9,261,-2,0,1
-3,-6,255,-0,2,2
1,6,243,-4,-4,-1
2,-2,258,-1,-1,-0
4,-2,253,-1,2,2
1,-1,257,3,3,2
-9,-3,254,2,-4,-2
2,-7,257,-0,0,0
1,-0,252,-1,-2,2
1,-12,256,2,0,-1
-0,-9,253,-2,2,2
-2,-5,250,4,0,-3
1,-2,256,0,-1,1
-6,-4,248,2,-2,2
-4,7,249,-1,0,-1
-3,2,256,2,1,-1
-7,4,254,2,-0,1
5,4,257,2,2,1
0,4,257,-0,-1,-2
-1,2,260,-1,-0,4
-9,-8,258,-1,0,-3
-5,5,254,2,-4,0
0,6,258,-1,-0,2
1,5,258,2,-0,-2
6,-6,259,-1,2,-4
6,6,251,-1,-0,2
3,2,252,0,2,3
3,2,259,0,1,0
-6,1,255,-0,-1,2
-8,10,247,0,-0,-0
-2,-2,261,-3,-2,3
2,-7,257,1,-1,1
0,1,261,1,-1,-2
1,-1,251,1,4,-2
-5,9,250,0,2,-1
5,-4,260,1,-5,-1
-6,6,256,2,-1,-0
17,4,254,2,-1,-3
4,5,251,-0,-0,1
5,2,253,1,1,-1
4,-7,255,-1,-4,0
0,-8,263,4,-3,0
10,-4,257,-5,1,2
1,-1,259,2,0,1
7,4,249,1,-1,-1
-1,-8,265,-1,0,1
1,-3,256,-2,1,-1
-1,-3,252,1,4,3
-11,-9,253,1,-2,-1
10,6,250,-0,-3,3
-12,-3,251,-1,0,3
-3,-1,254,-0,2,8
0,-1,248,-2,0,-1
2,8,256,3,-3,2
1,1,253,-1,-2,2
4,6,252,-2,-3,-1
3,0,256,-0,1,-1
