-9,-4,268,0,0,0
44,11,258,0,2,0
-0,-44,244,0,3,0
12,41,242,0,5,0
26,-2,270,0,6,0
16,-42,254,0,8,0
21,12,261,0,9,0
2,11,241,0,11,0
-18,6,266,0,12,0
42,3,272,0,14,0
51,18,279,0,15,0
47,-3,271,0,17,0
17,20,251,0,18,0
49,40,229,0,20,0
22,-6,262,0,21,0
48,-4,298,0,22,0
53,11,250,0,24,0
28,28,266,0,25,0
36,-40,288,0,27,0
55,4,288,0,28,0
69,20,245,0,29,0
77,-38,255,0,30,0
87,-16,264,0,32,0
79,-16,243,0,33,0
67,-29,303,0,34,0
93,10,279,0,35,0
65,1,282,0,36,0
57,5,298,0,37,0
84,7,290,0,38,0
81,13,277,0,39,0
109,18,291,0,40,0
85,10,309,0,41,0
93,-7,335,0,42,0
60,3,307,0,43,0
71,3,314,0,44,0
91,-2,310,0,44,0
95,-28,277,0,45,0
69,0,297,0,46,0
105,7,262,0,46,0
139,43,286,0,47,0
101,45,308,0,47,0
88,9,328,0,48,0
105,-1,327,0,48,0
97,-2,292,0,49,0
65,-22,292,0,49,0
115,15,319,0,49,0
61,37,273,0,49,0
113,41,331,0,50,0
101,-1,313,0,50,0
110,-27,306,0,50,0
92,53,300,0,50,0
126,-32,315,0,50,0
112,-5,330,0,50,0
113,14,317,0,50,0
131,-28,297,0,50,0
103,7,317,0,50,0
122,15,299,0,49,0
106,6,313,0,49,0
107,19,315,0,49,0
71,33,317,0,48,0
75,-15,289,0,48,0
116,-43,295,0,47,0
87,10,308,0,47,0
78,7,313,0,46,0
95,-29,259,0,46,0
82,12,286,0,45,0
131,-1,313,0,44,0
77,22,298,0,44,0
135,20,294,0,43,0
61,-26,323,0,42,0
35,-35,318,0,41,0
62,34,302,0,40,0
96,-3,290,0,39,0
87,-5,294,0,38,0
92,1,297,0,37,0
67,6,289,0,36,0
104,-26,301,0,35,0
72,-17,275,0,34,0
63,-19,309,0,33,0
83,13,254,0,32,0
86,39,291,0,31,0
65,57,273,0,29,0
65,-12,268,0,28,0
71,-21,300,0,27,0
57,4,271,0,25,0
45,13,304,0,24,0
26,-1,274,0,23,0
46,-1,289,0,21,0
43,14,281,0,20,0
28,-21,271,0,18,0
28,3,278,0,17,0
28,6,291,0,16,0
17,0,253,0,14,0
47,-46,271,0,13,0
31,19,252,0,11,0
2,19,277,0,10,0
11,51,271,0,8,0
18,25,244,0,6,0
-0,3,262,0,5,0
43,-7,229,0,3,0
-14,-34,254,0,2,0
4,6,269,0,0,0
-13,24,246,0,-1,0
18,22,280,0,-3,0
-4,-13,243,0,-4,0
-6,25,257,0,-6,0
-11,-10,277,0,-7,0
29,34,231,0,-9,0
-4,-20,250,0,-11,0
-44,-5,235,0,-12,0
-31,-24,231,0,-14,0
-20,2,217,0,-15,0
-34,-36,212,0,-16,0
-21,-5,239,0,-18,0
-60,14,224,0,-19,0
-51,5,270,0,-21,0
-55,-14,236,0,-22,0
-64,10,254,0,-24,0
-32,-24,241,0,-25,0
-59,-26,215,0,-26,0
-37,9,206,0,-28,0
-66,11,213,0,-29,0
-57,2,240,0,-30,0
-99,-4,244,0,-31,0
-115,16,217,0,-33,0
-56,14,241,0,-34,0
-87,-16,197,0,-35,0
-69,6,211,0,-36,0
-67,-14,233,0,-37,0
-84,19,240,0,-38,0
-78,16,210,0,-39,0
-74,32,223,0,-40,0
-62,4,192,0,-41,0
-83,-6,217,0,-42,0
-84,37,248,0,-43,0
-47,2,226,0,-43,0
-79,-17,206,0,-44,0
-122,53,223,0,-45,0
-99,40,233,0,-46,0
-117,-8,236,0,-46,0
-50,-1,211,0,-47,0
-137,-2,209,0,-47,0
-105,-14,207,0,-48,0
-95,43,197,0,-48,0
-87,-19,207,0,-49,0
-114,-16,213,0,-49,0
-118,-8,221,0,-49,0
-100,20,217,0,-49,0
-102,29,198,0,-50,0
-94,50,213,0,-50,0
-122,18,217,0,-50,0
-74,39,214,0,-50,0
-74,-37,173,0,-50,0
-117,-6,209,0,-50,0
-127,15,193,0,-50,0
-118,27,209,0,-50,0
-101,7,210,0,-50,0
-115,-8,212,0,-49,0
-78,13,232,0,-49,0
-94,17,203,0,-49,0
-94,11,225,0,-48,0
-114,19,211,0,-48,0
-64,-24,233,0,-47,0
-69,-2,203,0,-47,0
-64,1,211,0,-46,0
-82,-4,191,0,-46,0
-97,22,208,0,-45,0
-85,18,234,0,-45,0
-55,6,244,0,-44,0
-126,33,238,0,-43,0
-84,-28,192,0,-42,0
-64,6,193,0,-41,0
-71,-18,223,0,-40,0
-97,-2,212,0,-40,0
-93,-38,207,0,-39,0
-59,-20,227,0,-38,0
-44,-4,201,0,-37,0
-56,-6,212,0,-35,0
-66,3,181,0,-34,0
-64,-23,222,0,-33,0
-66,-43,220,0,-32,0
-107,22,224,0,-31,0
-25,0,244,0,-30,0
-69,8,192,0,-28,0
-35,22,230,0,-27,0
-51,17,241,0,-26,0
-44,6,182,0,-24,0
-38,4,238,0,-23,0
-35,-12,232,0,-22,0
-38,1,222,0,-20,0
-67,-38,218,0,-19,0
-30,-2,264,0,-17,0
-27,-22,255,0,-16,0
-9,-23,210,0,-14,0
-39,-22,233,0,-13,0
-33,-0,220,0,-11,0
-20,13,279,0,-10,0
-10,21,260,0,-8,0
-12,5,204,0,-7,0
32,-4,221,0,-5,0
4,51,221,0,-4,0
-28,22,261,0,-2,0
23,-27,250,0,-1,0
9,27,229,0,1,0
-16,-34,226,0,3,0
11,12,245,0,4,0
41,6,261,0,6,0
44,-18,243,0,7,0
10,26,272,0,9,0
35,-4,245,0,10,0
38,-18,273,0,12,0
47,4,259,0,13,0
27,41,264,0,15,0
-17,10,264,0,16,0
46,-38,271,0,18,0
12,10,261,0,19,0
59,11,273,0,21,0
53,-40,267,0,22,0
48,13,249,0,23,0
38,-15,308,0,25,0
49,15,302,0,26,0
34,-24,258,0,27,0
31,13,265,0,29,0
11,12,276,0,30,0
52,-4,284,0,31,0
54,-18,287,0,32,0
74,-34,284,0,33,0
75,-4,276,0,35,0
47,-35,332,0,36,0
53,9,331,0,37,0
80,23,289,0,38,0
80,7,314,0,39,0
81,13,337,0,40,0
90,5,274,0,41,0
74,13,331,0,42,0
118,37,307,0,42,0
83,28,259,0,43,0
99,19,296,0,44,0
125,24,298,0,45,0
90,5,297,0,45,0
111,-0,347,0,46,0
160,-10,310,0,47,0
90,11,336,0,47,0
101,11,251,0,48,0
115,-13,242,0,48,0
117,24,269,0,48,0
90,-16,301,0,49,0
102,-8,311,0,49,0
118,-9,272,0,49,0
122,-22,311,0,50,0
84,-6,296,0,50,0
103,24,341,0,50,0
130,2,314,0,50,0
145,31,292,0,50,0
82,-18,333,0,50,0
77,18,310,0,50,0
108,10,265,0,50,0
147,1,286,0,50,0
110,-22,303,0,49,0
108,2,332,0,49,0
67,-17,286,0,49,0
96,-10,299,0,48,0
80,-12,317,0,48,0
98,-12,303,0,48,0
127,3,307,0,47,0
84,-18,331,0,47,0
94,1,287,0,46,0
72,-22,287,0,45,0
80,-21,262,0,45,0
76,-17,302,0,44,0
55,-1,326,0,43,0
98,-21,306,0,42,0
54,16,252,0,42,0
47,-34,300,0,41,0
102,14,303,0,40,0
77,10,298,0,39,0
70,19,313,0,38,0
45,-6,310,0,37,0
35,-12,317,0,36,0
37,32,295,0,35,0
72,-32,270,0,33,0
59,-1,256,0,32,0
75,10,278,0,31,0
31,-6,311,0,30,0
85,-4,291,0,29,0
55,-18,285,0,27,0
48,-16,297,0,26,0
87,-19,287,0,25,0
79,28,267,0,23,0
72,-6,280,0,22,0
27,12,294,0,20,0
29,-21,292,0,19,0
38,27,255,0,18,0
52,6,265,0,16,0
4,3,282,0,15,0
50,-16,305,0,13,0
23,-2,258,0,12,0
19,-12,268,0,10,0
5,15,243,0,9,0
-58,0,276,0,7,0
-16,-9,228,0,5,0
12,-29,246,0,4,0
33,13,252,0,2,0
20,30,280,0,1,0
1,-9,278,0,-1,0
-23,-19,251,0,-2,0
-9,-17,266,0,-4,0
14,26,205,0,-5,0
-23,16,247,0,-7,0
1,-9,262,0,-8,0
-20,-8,250,0,-10,0
-2,-18,253,0,-11,0
-54,1,274,0,-13,0
-19,-3,214,0,-14,0
-55,-5,196,0,-16,0
-6,-29,257,0,-17,0
-37,2,248,0,-19,0
-67,-19,228,0,-20,0
-24,-15,284,0,-22,0
-16,14,235,0,-23,0
-58,18,264,0,-24,0
-53,-14,229,0,-26,0
-71,-17,234,0,-27,0
-68,-21,252,0,-28,0
-83,8,218,0,-30,0
-69,27,194,0,-31,0
-21,-5,210,0,-32,0
-51,-34,224,0,-33,0
-34,3,270,0,-34,0
-69,4,220,0,-36,0
-76,17,217,0,-37,0
-113,-30,236,0,-38,0
-89,3,196,0,-39,0
-95,16,204,0,-40,0
-71,5,218,0,-41,0
-77,-21,218,0,-41,0
-102,-20,178,0,-42,0
-71,-13,227,0,-43,0
-79,31,214,0,-44,0
-129,-26,192,0,-45,0
-101,2,214,0,-45,0
-96,46,227,0,-46,0
-93,-35,184,0,-46,0
-105,9,212,0,-47,0
-92,0,201,0,-48,0
-88,6,241,0,-48,0
-96,-10,195,0,-48,0
-83,17,192,0,-49,0
-62,-31,183,0,-49,0
-121,10,207,0,-49,0
-75,10,186,0,-50,0
-61,-9,227,0,-50,0
-103,-44,208,0,-50,0
-93,-2,186,0,-50,0
-76,3,226,0,-50,0
-119,-2,206,0,-50,0
-102,19,201,0,-50,0
-101,4,189,0,-50,0
-117,-5,171,0,-50,0
-76,10,205,0,-49,0
-87,-5,189,0,-49,0
-95,-22,182,0,-49,0
-95,21,211,0,-49,0
-133,43,197,0,-48,0
-105,-8,192,0,-48,0
-79,19,185,0,-47,0
-73,2,229,0,-47,0
-85,-19,202,0,-46,0
-98,-2,234,0,-45,0
-68,-30,241,0,-45,0
-76,40,211,0,-44,0
-90,-17,210,0,-43,0
-87,-27,185,0,-42,0
-82,7,215,0,-42,0
-97,-10,213,0,-41,0
-94,24,177,0,-40,0
-78,-43,194,0,-39,0
-78,18,194,0,-38,0
-121,-7,201,0,-37,0
-86,39,211,0,-36,0
-63,5,227,0,-35,0
-47,14,229,0,-34,0
-72,-11,233,0,-32,0
-52,-36,220,0,-31,0
-40,-21,229,0,-30,0
-87,-5,191,0,-29,0
-35,29,222,0,-27,0
-83,-32,238,0,-26,0
-14,12,218,0,-25,0
-75,-8,219,0,-23,0
-26,31,215,0,-22,0
-24,-8,220,0,-21,0
-32,-9,233,0,-19,0
-34,5,229,0,-18,0
-60,-9,228,0,-16,0
-17,25,253,0,-15,0
-48,-34,254,0,-13,0
-12,8,207,0,-12,0
-47,29,248,0,-10,0
-20,-0,270,0,-9,0
-18,-29,216,0,-7,0
-1,18,246,0,-6,0
-23,-5,245,0,-4,0
-16,14,263,0,-3,0
6,-21,245,0,-1,0
-5,13,250,0,0,0
26,-2,275,0,2,0
21,-18,288,0,4,0
18,-11,228,0,5,0
25,-15,226,0,7,0
-18,11,252,0,8,0
70,8,253,0,10,0
24,-4,276,0,11,0
27,5,280,0,13,0
22,-25,267,0,14,0
32,-7,271,0,16,0
44,16,275,0,17,0
38,4,265,0,19,0
30,-5,255,0,20,0
2,3,277,0,21,0
60,-3,273,0,23,0
55,-11,277,0,24,0
50,2,285,0,26,0
97,-29,265,0,27,0
33,-1,263,0,28,0
40,-1,288,0,29,0
90,10,258,0,31,0
52,22,289,0,32,0
96,37,258,0,33,0
47,-26,284,0,34,0
81,14,298,0,35,0
37,-31,282,0,36,0
62,17,264,0,37,0
90,1,272,0,38,0
71,-17,328,0,39,0
83,-56,290,0,40,0
94,-11,283,0,41,0
104,-1,311,0,42,0
72,-45,283,0,43,0
98,-14,298,0,44,0
126,5,292,0,44,0
120,-12,310,0,45,0
130,10,332,0,46,0
74,-7,309,0,46,0
94,-1,295,0,47,0
97,-3,293,0,47,0
120,-28,331,0,48,0
92,8,280,0,48,0
93,17,308,0,49,0
114,-25,293,0,49,0
88,15,258,0,49,0
94,28,302,0,50,0
82,-3,313,0,50,0
95,60,286,0,50,0
130,14,283,0,50,0
114,-13,319,0,50,0
126,36,310,0,50,0
99,-26,297,0,50,0
113,-17,264,0,50,0
107,25,335,0,50,0
100,13,314,0,49,0
104,-9,324,0,49,0
111,0,331,0,49,0
78,-42,274,0,49,0
138,25,320,0,48,0
63,-5,315,0,48,0
101,23,264,0,47,0
98,-1,344,0,47,0
102,3,284,0,46,0
110,11,289,0,46,0
124,-5,326,0,45,0
48,16,325,0,44,0
47,29,308,0,43,0
97,-0,280,0,43,0
56,11,315,0,42,0
97,12,266,0,41,0
63,15,312,0,40,0
71,18,307,0,39,0
78,39,294,0,38,0
115,16,290,0,37,0
70,7,273,0,36,0
81,-5,286,0,35,0
87,-7,283,0,34,0
103,18,275,0,33,0
93,-28,308,0,31,0
87,-5,290,0,30,0
77,-6,258,0,29,0
87,-7,287,0,28,0
61,8,299,0,26,0
30,-23,319,0,25,0
32,-16,283,0,24,0
21,40,310,0,22,0
52,-39,295,0,21,0
38,-28,288,0,19,0
15,14,287,0,18,0
17,11,254,0,17,0
36,-48,281,0,15,0
6,11,310,0,14,0
38,-3,249,0,12,0
15,16,258,0,11,0
37,27,239,0,9,0
-2,10,266,0,8,0
-3,-23,286,0,6,0
3,-29,279,0,4,0
-30,-4,221,0,3,0
22,3,284,0,1,0
-21,13,259,0,-0,0
17,15,245,0,-2,0
-42,-12,257,0,-3,0
-9,1,282,0,-5,0
2,-19,233,0,-6,0
-36,10,244,0,-8,0
-3,-23,239,0,-9,0
-37,28,266,0,-11,0
10,3,224,0,-12,0
-28,32,259,0,-14,0
-38,-2,222,0,-15,0
-69,-23,226,0,-17,0
-43,36,244,0,-18,0
-22,-19,227,0,-20,0
-61,3,220,0,-21,0
-32,-2,269,0,-23,0
-60,-2,239,0,-24,0
-56,-2,212,0,-25,0
-52,23,215,0,-27,0
-61,19,219,0,-28,0
-96,-24,247,0,-29,0
-64,0,246,0,-30,0
-75,-4,217,0,-32,0
-56,-6,218,0,-33,0
-50,-3,207,0,-34,0
-35,21,194,0,-35,0
-22,-41,231,0,-36,0
-78,15,241,0,-37,0
-74,23,214,0,-38,0
-100,-18,205,0,-39,0
-94,7,223,0,-40,0
-79,2,199,0,-41,0
-70,23,226,0,-42,0
-99,-0,216,0,-43,0
-127,-14,257,0,-44,0
-78,-21,199,0,-44,0
-97,-7,195,0,-45,0
-78,2,211,0,-46,0
-80,4,198,0,-46,0
-96,-32,230,0,-47,0
-103,9,187,0,-47,0
-63,-22,228,0,-48,0
-119,1,205,0,-48,0
-126,28,194,0,-49,0
-66,-6,228,0,-49,0
-95,-19,244,0,-49,0
-102,-6,231,0,-50,0
-72,25,238,0,-50,0
-94,8,181,0,-50,0
-99,2,190,0,-50,0
-81,30,204,0,-50,0
-83,-29,225,0,-50,0
-106,19,207,0,-50,0
-157,-8,203,0,-50,0
-70,-32,236,0,-50,0
-117,17,201,0,-50,0
-70,-17,212,0,-49,0
-104,-44,209,0,-49,0
-116,21,208,0,-49,0
-73,2,217,0,-48,0
-86,4,207,0,-48,0
-108,11,227,0,-47,0
-73,-23,220,0,-47,0
-80,-0,224,0,-46,0
-118,-3,200,0,-46,0
-70,-15,241,0,-45,0
-87,-15,228,0,-44,0
-72,2,225,0,-44,0
-92,5,193,0,-43,0
-73,3,250,0,-42,0
-77,-26,209,0,-41,0
-84,32,191,0,-40,0
-70,8,222,0,-39,0
-70,-23,204,0,-38,0
-50,36,259,0,-37,0
-71,37,199,0,-36,0
-73,-12,206,0,-35,0
-63,4,214,0,-34,0
-55,11,232,0,-33,0
-75,-8,222,0,-32,0
-59,19,210,0,-30,0
-65,32,198,0,-29,0
-69,12,231,0,-28,0
-71,-24,224,0,-27,0
-73,-18,244,0,-25,0
-43,-11,225,0,-24,0
-62,-13,262,0,-23,0
-30,8,219,0,-21,0
-45,29,234,0,-20,0
-65,18,242,0,-18,0
-50,22,216,0,-17,0
-40,41,241,0,-15,0
-3,-33,247,0,-14,0
-23,-7,224,0,-12,0
5,11,242,0,-11,0
-27,18,230,0,-9,0
-6,4,254,0,-8,0
-5,-18,257,0,-6,0
-14,2,258,0,-5,0
25,1,242,0,-3,0
9,-33,271,0,-2,0
11,10,256,0,-0,0
21,-11,271,0,1,0
6,-10,254,0,3,0
-1,23,256,0,5,0
20,-6,258,0,6,0
10,-1,248,0,8,0
28,-8,285,0,9,0
8,9,261,0,11,0
11,-31,276,0,12,0
31,18,298,0,14,0
41,-11,284,0,15,0
8,-1,279,0,17,0
47,-9,258,0,18,0
52,17,259,0,20,0
41,-4,255,0,21,0
8,-7,283,0,22,0
63,36,264,0,24,0
50,4,283,0,25,0
32,3,292,0,26,0
75,4,288,0,28,0
61,-16,289,0,29,0
44,-1,273,0,30,0
75,27,275,0,31,0
66,-12,310,0,33,0
46,-13,296,0,34,0
89,38,286,0,35,0
84,-12,294,0,36,0
72,-7,296,0,37,0
91,-4,283,0,38,0
70,9,294,0,39,0
57,13,271,0,40,0
87,-21,300,0,41,0
78,-23,260,0,42,0
41,21,305,0,43,0
84,-26,289,0,43,0
90,25,315,0,44,0
74,4,301,0,45,0
86,3,306,0,46,0
113,38,286,0,46,0
52,6,300,0,47,0
108,1,294,0,47,0
97,-17,305,0,48,0
57,61,270,0,48,0
129,-15,302,0,49,0
95,14,308,0,49,0
107,39,310,0,49,0
83,5,299,0,49,0
111,1,317,0,50,0
101,5,309,0,50,0
130,-54,351,0,50,0
79,-1,314,0,50,0
109,22,278,0,50,0
82,-9,278,0,50,0
92,15,327,0,50,0
60,-7,308,0,50,0
98,-10,294,0,50,0
85,-9,289,0,49,0
110,41,331,0,49,0
88,-11,299,0,49,0
96,12,289,0,48,0
83,31,278,0,48,0
123,17,317,0,47,0
97,-21,317,0,47,0
86,-10,266,0,46,0
113,18,303,0,46,0
136,21,355,0,45,0
74,-26,321,0,44,0
113,20,294,0,44,0
80,1,314,0,43,0
61,13,314,0,42,0
71,28,266,0,41,0
72,-35,272,0,40,0
51,23,323,0,39,0
91,1,312,0,38,0
103,19,300,0,37,0
72,2,315,0,36,0
106,-9,295,0,35,0
29,-7,267,0,34,0
57,25,319,0,33,0
71,-1,255,0,32,0
90,-36,295,0,31,0
58,-5,309,0,29,0
41,-18,280,0,28,0
8,36,242,0,27,0
52,-41,288,0,26,0
10,3,304,0,24,0
38,-45,297,0,23,0
22,18,300,0,21,0
37,10,299,0,20,0
-2,20,297,0,19,0
42,3,250,0,17,0
37,44,307,0,16,0
43,-11,286,0,14,0
34,53,283,0,13,0
42,-29,242,0,11,0
-20,-2,270,0,10,0
18,19,249,0,8,0
26,6,249,0,7,0
-18,-18,271,0,5,0
-4,-35,277,0,3,0
24,-6,253,0,2,0
16,-19,241,0,0,0
-25,-23,266,0,-1,0
1,-0,250,0,-3,0
7,31,253,0,-4,0
-21,11,256,0,-6,0
1,-24,265,0,-7,0
-16,39,281,0,-9,0
-48,-0,261,0,-10,0
-19,-2,233,0,-12,0
-50,-12,252,0,-13,0
-14,-25,220,0,-15,0
-60,33,248,0,-16,0
-39,15,225,0,-18,0
-23,13,231,0,-19,0
-15,34,240,0,-21,0
-21,-14,251,0,-22,0
-61,-44,258,0,-23,0
-35,0,240,0,-25,0
-80,52,261,0,-26,0
-51,4,248,0,-27,0
-97,10,185,0,-29,0
-25,20,235,0,-30,0
-40,14,218,0,-31,0
-87,19,221,0,-32,0
-78,-21,235,0,-34,0
-77,8,226,0,-35,0
-60,5,205,0,-36,0
-76,-10,201,0,-37,0
-91,-19,213,0,-38,0
-98,-12,213,0,-39,0
-79,-3,189,0,-40,0
-62,14,244,0,-41,0
-104,-32,231,0,-42,0
-113,2,198,0,-43,0
-56,-32,227,0,-43,0
-91,-37,195,0,-44,0
-99,0,216,0,-45,0
-130,-3,229,0,-45,0
-123,-3,183,0,-46,0
-114,19,186,0,-47,0
-103,-0,185,0,-47,0
-130,-26,236,0,-48,0
-85,-25,213,0,-48,0
-101,1,187,0,-49,0
-91,-22,187,0,-49,0
-140,-11,198,0,-49,0
-119,22,205,0,-49,0
-107,0,209,0,-50,0
-69,9,191,0,-50,0
-72,5,201,0,-50,0
-106,-38,215,0,-50,0
-91,-17,223,0,-50,0
-94,-39,200,0,-50,0
-108,8,231,0,-50,0
-134,-14,238,0,-50,0
-121,27,194,0,-50,0
-98,18,211,0,-49,0
-72,10,224,0,-49,0
-103,5,219,0,-49,0
-80,-45,211,0,-48,0
-97,-20,195,0,-48,0
-97,8,223,0,-48,0
-105,41,241,0,-47,0
-94,-33,237,0,-46,0
-85,33,245,0,-46,0
-110,24,204,0,-45,0
-82,9,197,0,-45,0
-93,-16,218,0,-44,0
-86,5,206,0,-43,0
-74,-36,215,0,-42,0
-79,34,208,0,-41,0
-73,40,221,0,-41,0
-77,-1,207,0,-40,0
-82,-30,198,0,-39,0
-82,-4,220,0,-38,0
-86,16,242,0,-37,0
-65,25,256,0,-36,0
-45,1,237,0,-34,0
-92,-25,192,0,-33,0
-74,47,247,0,-32,0
-22,3,237,0,-31,0
-96,-20,214,0,-30,0
-50,22,205,0,-28,0
-62,22,264,0,-27,0
-49,-3,237,0,-26,0
-65,-2,269,0,-24,0
-53,14,245,0,-23,0
-56,5,213,0,-22,0
-50,-7,231,0,-20,0
-56,-17,270,0,-19,0
-15,-12,276,0,-17,0
9,1,259,0,-16,0
-8,-10,251,0,-14,0
-45,12,240,0,-13,0
28,3,251,0,-11,0
3,-24,267,0,-10,0
-6,-39,249,0,-8,0
-1,-20,241,0,-7,0
9,-14,237,0,-5,0
-34,11,265,0,-4,0
-26,-17,233,0,-2,0
-17,31,247,0,-1,0
-8,11,238,0,1,0
17,-9,256,0,2,0
-33,17,251,0,4,0
19,4,248,0,6,0
36,6,301,0,7,0
9,-20,237,0,9,0
20,-3,265,0,10,0
44,1,280,0,12,0
41,2,259,0,13,0
28,19,274,0,15,0
50,-1,277,0,16,0
40,-4,285,0,18,0
7,1,306,0,19,0
31,-7,307,0,20,0
36,21,211,0,22,0
27,39,252,0,23,0
32,-35,280,0,25,0
56,-31,277,0,26,0
53,40,301,0,27,0
101,-3,253,0,29,0
63,-19,297,0,30,0
52,1,279,0,31,0
84,-13,301,0,32,0
59,-5,300,0,33,0
102,5,270,0,35,0
58,-7,262,0,36,0
70,19,275,0,37,0
59,12,279,0,38,0
47,-8,269,0,39,0
60,14,278,0,40,0
99,4,296,0,41,0
95,24,309,0,42,0
91,-10,309,0,42,0
87,-2,351,0,43,0
61,31,271,0,44,0
80,-6,291,0,45,0
110,-8,320,0,45,0
80,-8,278,0,46,0
87,23,293,0,47,0
67,-7,276,0,47,0
104,-27,324,0,48,0
105,23,306,0,48,0
80,20,285,0,48,0
91,-17,282,0,49,0
102,13,343,0,49,0
112,7,291,0,49,0
121,7,334,0,50,0
93,1,298,0,50,0
110,12,300,0,50,0
80,25,263,0,50,0
99,-6,321,0,50,0
99,3,315,0,50,0
85,-15,290,0,50,0
129,-4,291,0,50,0
122,19,317,0,50,0
85,32,294,0,49,0
125,11,336,0,49,0
88,0,300,0,49,0
92,24,314,0,48,0
96,-24,271,0,48,0
78,-2,304,0,48,0
96,21,291,0,47,0
126,-12,263,0,47,0
123,25,319,0,46,0
84,-63,315,0,45,0
77,12,317,0,45,0
54,31,315,0,44,0
82,-2,307,0,43,0
77,-6,291,0,42,0
88,-10,303,0,42,0
78,-11,265,0,41,0
95,7,296,0,40,0
112,-13,318,0,39,0
64,-26,308,0,38,0
67,2,294,0,37,0
82,13,317,0,36,0
53,14,267,0,35,0
116,-11,265,0,33,0
62,-50,299,0,32,0
75,-1,284,0,31,0
59,10,287,0,30,0
35,-14,298,0,29,0
50,-0,269,0,27,0
60,20,298,0,26,0
87,-12,323,0,25,0
58,-17,296,0,23,0
29,7,277,0,22,0
58,-13,282,0,21,0
41,10,263,0,19,0
49,14,292,0,18,0
23,18,269,0,16,0
38,-39,286,0,15,0
30,-23,209,0,13,0
42,-6,267,0,12,0
27,7,280,0,10,0
13,19,273,0,9,0
13,-6,246,0,7,0
14,-23,234,0,6,0
-8,-17,274,0,4,0
35,-9,218,0,2,0
-4,9,273,0,1,0
34,21,256,0,-1,0
17,-22,283,0,-2,0
17,10,249,0,-4,0
27,20,239,0,-5,0
3,-32,245,0,-7,0
-6,1,256,0,-8,0
-38,22,246,0,-10,0
10,32,238,0,-11,0
-9,4,254,0,-13,0
-13,-12,235,0,-14,0
-22,-12,282,0,-16,0
-44,-17,221,0,-17,0
-14,-33,222,0,-19,0
-38,9,245,0,-20,0
-37,-18,259,0,-22,0
-47,13,254,0,-23,0
-40,5,241,0,-24,0
-31,-22,269,0,-26,0
-48,-12,240,0,-27,0
-88,6,244,0,-28,0
-51,-12,208,0,-30,0
-49,26,241,0,-31,0
-94,-7,189,0,-32,0
-60,-4,222,0,-33,0
-37,-2,217,0,-34,0
-73,-6,254,0,-35,0
-71,4,195,0,-37,0
-56,-19,248,0,-38,0
-123,10,206,0,-39,0
-86,-1,218,0,-40,0
-115,2,218,0,-40,0
-112,5,206,0,-41,0
-90,0,220,0,-42,0
-55,20,224,0,-43,0
-79,-7,251,0,-44,0
-72,24,224,0,-45,0
-80,4,205,0,-45,0
-92,18,167,0,-46,0
-112,27,208,0,-46,0
-76,-13,185,0,-47,0
-103,9,204,0,-48,0
-118,-9,238,0,-48,0
-96,16,230,0,-48,0
-112,-33,209,0,-49,0
-129,-6,206,0,-49,0
-121,-4,185,0,-49,0
-80,-8,184,0,-50,0
-127,-27,201,0,-50,0
-105,2,170,0,-50,0
-66,7,229,0,-50,0
-88,-18,260,0,-50,0
-108,2,213,0,-50,0
-68,7,196,0,-50,0
-111,7,194,0,-50,0
-102,-41,208,0,-50,0
-110,2,202,0,-49,0
-91,-3,191,0,-49,0
-147,25,226,0,-49,0
-96,-0,240,0,-49,0
-119,-10,197,0,-48,0
-79,10,232,0,-48,0
-65,-1,198,0,-47,0
-92,-38,207,0,-47,0
-97,16,199,0,-46,0
-108,18,180,0,-45,0
-80,4,219,0,-45,0
-93,-39,226,0,-44,0
-95,-10,184,0,-43,0
-72,24,217,0,-43,0
-58,-32,203,0,-42,0
-66,39,199,0,-41,0
-92,-10,222,0,-40,0
-69,12,207,0,-39,0
-58,29,226,0,-38,0
-59,-20,229,0,-37,0
-77,-28,189,0,-36,0
-68,6,213,0,-35,0
-78,19,210,0,-34,0
-96,-23,228,0,-32,0
-75,25,210,0,-31,0
-30,-10,239,0,-30,0
-73,21,202,0,-29,0
-42,6,218,0,-28,0
-85,17,210,0,-26,0
-68,-25,234,0,-25,0
-11,-2,217,0,-24,0
-70,18,200,0,-22,0
-29,-6,252,0,-21,0
-36,24,234,0,-19,0
-20,-34,238,0,-18,0
-46,33,251,0,-16,0
-29,-0,241,0,-15,0
-20,28,226,0,-13,0
-14,-4,237,0,-12,0
-14,28,265,0,-10,0
-8,8,226,0,-9,0
-21,-12,234,0,-7,0
-21,15,235,0,-6,0
4,2,239,0,-4,0
-8,-51,283,0,-3,0
1,1,250,0,-1,0
-13,17,266,0,0,0
-11,29,265,0,2,0
24,20,263,0,3,0
29,39,245,0,5,0
5,-10,293,0,7,0
15,-15,271,0,8,0
25,-32,278,0,10,0
7,-5,267,0,11,0
3,-4,269,0,13,0
-5,16,260,0,14,0
2,-26,248,0,16,0
54,-12,310,0,17,0
66,-7,293,0,19,0
21,-9,293,0,20,0
17,21,281,0,21,0
76,3,286,0,23,0
44,25,278,0,24,0
16,-2,252,0,25,0
41,-8,266,0,27,0
56,21,296,0,28,0
3,-5,288,0,29,0
95,17,318,0,31,0
69,-29,309,0,32,0
44,-27,303,0,33,0
97,-16,262,0,34,0
65,15,322,0,35,0
53,-19,291,0,36,0
48,5,304,0,37,0
62,14,292,0,38,0
74,42,299,0,39,0
101,40,309,0,40,0
68,-10,313,0,41,0
93,9,317,0,42,0
102,6,280,0,43,0
115,-23,309,0,44,0
115,3,283,0,44,0
98,8,259,0,45,0
87,-13,312,0,46,0
95,-11,323,0,46,0
76,-10,304,0,47,0
83,-8,280,0,47,0
63,14,303,0,48,0
131,37,272,0,48,0
108,-12,284,0,49,0
131,8,321,0,49,0
102,-1,260,0,49,0
93,4,316,0,50,0
82,-1,309,0,50,0
117,1,301,0,50,0
113,-14,341,0,50,0
81,-12,262,0,50,0
86,-25,349,0,50,0
111,-20,285,0,50,0
96,6,298,0,50,0
102,-41,296,0,50,0
87,22,307,0,49,0
121,-22,319,0,49,0
114,-34,314,0,49,0
98,-5,302,0,49,0
88,-8,291,0,48,0
80,-13,319,0,48,0
92,-18,312,0,47,0
103,-1,284,0,47,0
89,24,312,0,46,0
77,16,260,0,46,0
71,11,308,0,45,0
117,-10,298,0,44,0
70,22,292,0,43,0
86,-32,293,0,43,0
68,24,293,0,42,0
53,-31,311,0,41,0
89,-10,322,0,40,0
88,12,328,0,39,0
36,37,279,0,38,0
105,-28,343,0,37,0
74,-28,291,0,36,0
84,21,287,0,35,0
76,2,314,0,34,0
67,15,311,0,33,0
37,25,276,0,32,0
75,-2,286,0,30,0
89,15,262,0,29,0
94,21,260,0,28,0
42,-27,273,0,26,0
40,16,301,0,25,0
23,-14,288,0,24,0
37,-16,288,0,22,0
29,3,241,0,21,0
23,29,292,0,20,0
8,10,249,0,18,0
19,-7,281,0,17,0
8,27,276,0,15,0
28,-2,258,0,14,0
-3,8,266,0,12,0
13,4,247,0,11,0
34,-56,264,0,9,0
49,28,292,0,8,0
-0,-15,267,0,6,0
19,13,246,0,5,0
-13,3,249,0,3,0
7,1,268,0,1,0
9,13,210,0,-0,0
-38,37,251,0,-2,0
-18,3,285,0,-3,0
-3,-13,216,0,-5,0
-10,9,233,0,-6,0
-52,27,207,0,-8,0
2,16,231,0,-9,0
-32,-26,280,0,-11,0
-14,-9,231,0,-12,0
-45,25,214,0,-14,0
-34,-10,260,0,-15,0
-31,-19,189,0,-17,0
-48,14,254,0,-18,0
-39,9,235,0,-20,0
-51,-21,218,0,-21,0
-72,-6,224,0,-23,0
-50,-17,218,0,-24,0
-18,31,232,0,-25,0
-50,-4,231,0,-27,0
-64,32,205,0,-28,0
-61,20,215,0,-29,0
-75,16,231,0,-30,0
-37,-11,214,0,-32,0
-49,23,219,0,-33,0
-74,8,233,0,-34,0
-94,3,234,0,-35,0
-122,-28,213,0,-36,0
-59,5,227,0,-37,0
-84,9,228,0,-38,0
-78,6,240,0,-39,0
-50,30,212,0,-40,0
-73,-18,237,0,-41,0
-128,7,199,0,-42,0
-48,-24,214,0,-43,0
-120,-11,217,0,-44,0
-75,-9,210,0,-44,0
-87,-6,228,0,-45,0
-126,-14,177,0,-46,0
-70,15,196,0,-46,0
-107,-13,220,0,-47,0
-101,17,188,0,-47,0
-95,-12,182,0,-48,0
-140,1,248,0,-48,0
-72,7,233,0,-49,0
-124,-10,227,0,-49,0
-99,-6,205,0,-49,0
-89,-12,185,0,-50,0
-92,30,224,0,-50,0
-80,-19,210,0,-50,0
-91,-2,198,0,-50,0
-107,-29,225,0,-50,0
-126,5,200,0,-50,0
-131,16,192,0,-50,0
-113,-23,212,0,-50,0
-101,-18,226,0,-50,0
-107,-8,182,0,-50,0
-92,3,223,0,-49,0
-100,-12,205,0,-49,0
-96,12,226,0,-49,0
-110,9,248,0,-48,0
-59,-14,209,0,-48,0
-54,-25,233,0,-47,0
-108,8,175,0,-47,0
-67,13,210,0,-46,0
-89,7,218,0,-46,0
-59,-30,172,0,-45,0
-94,-21,222,0,-44,0
-140,-14,233,0,-44,0
-62,4,232,0,-43,0
-52,18,198,0,-42,0
-71,-6,234,0,-41,0
-129,-9,221,0,-40,0
-70,-11,193,0,-39,0
-111,27,225,0,-38,0
-54,-7,208,0,-37,0
-65,18,192,0,-36,0
-83,2,245,0,-35,0
-66,-24,203,0,-34,0
-61,-12,230,0,-33,0
-52,-30,209,0,-32,0
-78,8,226,0,-31,0
-64,-25,240,0,-29,0
-32,24,246,0,-28,0
-52,1,255,0,-27,0
-55,-10,199,0,-25,0
-10,-23,215,0,-24,0
-48,-21,237,0,-23,0
-40,-4,250,0,-21,0
-59,0,263,0,-20,0
-49,-1,220,0,-18,0
-17,-8,258,0,-17,0
-51,2,238,0,-15,0
-42,50,260,0,-14,0
14,-5,253,0,-13,0
-18,34,293,0,-11,0
-7,7,261,0,-9,0
4,-14,259,0,-8,0
-0,4,233,0,-6,0
-6,-20,273,0,-5,0
-12,-21,262,0,-3,0
13,-15,233,0,-2,0
4,-7,277,0,-0,0
36,4,277,0,1,0
26,-22,273,0,3,0
28,11,273,0,4,0
0,-33,268,0,6,0
39,-30,275,0,8,0
-15,-3,268,0,9,0
3,-30,274,0,11,0
35,-1,267,0,12,0
8,-2,277,0,14,0
40,4,248,0,15,0
26,-32,227,0,17,0
50,46,301,0,18,0
16,-1,282,0,19,0
48,-5,314,0,21,0
68,12,277,0,22,0
47,43,317,0,24,0
88,6,275,0,25,0
30,-15,286,0,26,0
61,-35,276,0,28,0
93,8,245,0,29,0
48,-44,263,0,30,0
82,1,270,0,31,0
49,-14,271,0,33,0
92,-3,285,0,34,0
65,27,292,0,35,0
71,15,237,0,36,0
60,-4,294,0,37,0
102,-30,295,0,38,0
79,22,292,0,39,0
75,-24,296,0,40,0
74,-2,261,0,41,0
82,-4,329,0,42,0
91,-25,323,0,43,0
134,17,300,0,43,0
63,2,306,0,44,0
89,10,335,0,45,0
89,-0,334,0,46,0
77,-26,305,0,46,0
88,3,337,0,47,0
92,-19,295,0,47,0
137,-33,311,0,48,0
64,-18,330,0,48,0
125,18,319,0,49,0
118,-18,316,0,49,0
126,3,311,0,49,0
117,-37,335,0,49,0
87,-47,266,0,50,0
94,-11,330,0,50,0
128,23,304,0,50,0
106,19,319,0,50,0
126,-45,289,0,50,0
123,22,311,0,50,0
61,-7,329,0,50,0
113,10,318,0,50,0
95,5,303,0,50,0
85,-16,318,0,49,0
92,26,326,0,49,0
100,-38,315,0,49,0
88,-7,315,0,48,0
130,28,272,0,48,0
118,15,329,0,47,0
93,-21,308,0,47,0
124,2,314,0,46,0
64,1,326,0,46,0
68,27,285,0,45,0
105,0,319,0,44,0
98,-22,287,0,44,0
91,-23,263,0,43,0
71,37,286,0,42,0
88,-27,302,0,41,0
71,-7,325,0,40,0
105,17,292,0,39,0
83,-13,293,0,39,0
26,28,266,0,38,0
89,23,315,0,36,0
79,4,259,0,35,0
72,-6,289,0,34,0
37,-58,313,0,33,0
99,9,298,0,32,0
66,16,288,0,31,0
93,2,306,0,29,0
51,-2,270,0,28,0
63,2,320,0,27,0
39,-10,273,0,26,0
40,-13,299,0,24,0
100,-18,253,0,23,0
52,-21,321,0,22,0
66,2,261,0,20,0
42,18,261,0,19,0
27,-37,249,0,17,0
44,-7,263,0,16,0
12,15,252,0,14,0
30,30,288,0,13,0
29,3,240,0,11,0
16,-13,271,0,10,0
21,-24,264,0,8,0
2,-23,283,0,7,0
1,11,253,0,5,0
-7,8,302,0,4,0
-8,-23,297,0,2,0
5,-5,287,0,0,0
5,-32,252,0,-1,0
4,1,246,0,-3,0
-25,5,237,0,-4,0
8,8,210,0,-6,0
-29,-26,239,0,-7,0
-4,10,259,0,-9,0
-31,20,243,0,-10,0
-17,18,264,0,-12,0
-31,-8,199,0,-13,0
-48,2,232,0,-15,0
-20,-24,242,0,-16,0
-31,7,269,0,-18,0
-31,-48,234,0,-19,0
-68,27,267,0,-21,0
-43,38,210,0,-22,0
-80,2,219,0,-23,0
-84,22,224,0,-25,0
-54,24,242,0,-26,0
-74,7,228,0,-27,0
-94,-13,229,0,-29,0
-44,-12,196,0,-30,0
-86,14,181,0,-31,0
-58,-7,207,0,-32,0
-46,-0,235,0,-34,0
-52,26,179,0,-35,0
-97,-15,237,0,-36,0
-88,1,228,0,-37,0
-92,24,240,0,-38,0
-110,-28,242,0,-39,0
-102,28,199,0,-40,0
-68,-16,229,0,-41,0
-85,41,203,0,-42,0
-87,11,215,0,-42,0
-71,19,190,0,-43,0
-100,11,219,0,-44,0
-85,8,232,0,-45,0
-93,-6,195,0,-45,0
-117,-15,230,0,-46,0
-110,-19,217,0,-47,0
-65,34,255,0,-47,0
-92,41,185,0,-48,0
-78,7,185,0,-48,0
-90,-6,234,0,-48,0
-102,-4,202,0,-49,0
-142,-3,224,0,-49,0
-95,6,220,0,-49,0
-101,3,216,0,-50,0
-86,-4,188,0,-50,0
-101,-0,213,0,-50,0
-114,1,206,0,-50,0
-92,-4,217,0,-50,0
-119,46,221,0,-50,0
-129,0,183,0,-50,0
-105,13,214,0,-50,0
-108,0,201,0,-50,0
-60,-6,271,0,-49,0
-79,-28,162,0,-49,0
-84,13,200,0,-49,0
-85,-12,191,0,-48,0
-118,-9,223,0,-48,0
-119,-23,219,0,-48,0
-101,8,199,0,-47,0
-73,-21,224,0,-47,0
-110,-13,190,0,-46,0
-121,-16,235,0,-45,0
-78,7,214,0,-45,0
-51,11,188,0,-44,0
-75,-17,222,0,-43,0
-112,-13,226,0,-42,0
-109,-10,228,0,-41,0
-78,-5,257,0,-41,0
-80,18,186,0,-40,0
-94,14,199,0,-39,0
-85,11,268,0,-38,0
-50,1,226,0,-37,0
-65,13,228,0,-36,0
-65,-3,200,0,-34,0
-57,15,193,0,-33,0
-54,-23,216,0,-32,0
-49,8,199,0,-31,0
-43,23,237,0,-30,0
-71,-24,207,0,-28,0
-47,4,226,0,-27,0
-55,-17,216,0,-26,0
-43,15,242,0,-25,0
-59,-12,242,0,-23,0
-6,-30,231,0,-22,0
-41,-12,226,0,-20,0
-38,-20,253,0,-19,0
-41,-1,229,0,-17,0
-29,26,237,0,-16,0
-27,-1,271,0,-15,0
-18,11,254,0,-13,0
1,-32,266,0,-12,0
-4,-1,235,0,-10,0
5,17,212,0,-8,0
0,12,246,0,-7,0
13,9,226,0,-5,0
-14,25,265,0,-4,0
-21,-13,277,0,-2,0
22,-2,259,0,-1,0
10,-25,272,0,1,0
33,-17,252,0,2,0
-3,18,253,0,4,0
-2,5,262,0,5,0
1,-18,270,0,7,0
49,-36,272,0,9,0
16,33,277,0,10,0
2,28,263,0,12,0
30,31,241,0,13,0
-7,6,274,0,15,0
45,0,274,0,16,0
32,30,301,0,17,0
24,-30,328,0,19,0
64,-48,246,0,20,0
26,-36,312,0,22,0
28,-4,257,0,23,0
49,17,262,0,25,0
31,16,297,0,26,0
54,7,267,0,27,0
79,-3,278,0,28,0
58,-23,335,0,30,0
67,23,305,0,31,0
69,-18,296,0,32,0
75,-16,283,0,33,0
77,7,320,0,34,0
103,-5,290,0,36,0
50,0,294,0,37,0
78,3,265,0,38,0
77,28,306,0,39,0
64,-6,319,0,40,0
91,8,288,0,41,0
109,14,273,0,41,0
109,-11,306,0,42,0
99,-23,303,0,43,0
93,-57,277,0,44,0
91,-14,265,0,45,0
79,21,307,0,45,0
79,-1,295,0,46,0
106,8,300,0,47,0
90,7,305,0,47,0
66,-28,305,0,48,0
97,-31,341,0,48,0
106,-22,311,0,48,0
111,22,298,0,49,0
106,1,293,0,49,0
119,31,284,0,49,0
115,39,319,0,50,0
64,-27,336,0,50,0
152,-22,309,0,50,0
125,11,317,0,50,0
114,23,311,0,50,0
99,3,337,0,50,0
107,-8,299,0,50,0
93,-3,306,0,50,0
102,16,280,0,50,0
110,-6,279,0,49,0
111,5,325,0,49,0
86,-1,329,0,49,0
89,-8,301,0,48,0
102,18,311,0,48,0
83,20,336,0,48,0
97,25,285,0,47,0
38,22,311,0,47,0
100,-8,328,0,46,0
92,16,297,0,45,0
103,-0,289,0,45,0
82,-21,282,0,44,0
76,3,324,0,43,0
96,1,333,0,42,0
52,-18,299,0,42,0
86,44,295,0,41,0
94,57,266,0,40,0
111,-14,274,0,39,0
70,-3,327,0,38,0
61,2,324,0,37,0
38,10,285,0,36,0
62,-47,280,0,35,0
59,-3,301,0,34,0
89,-13,263,0,32,0
65,-48,285,0,31,0
43,-10,313,0,30,0
37,-6,295,0,29,0
44,-9,254,0,27,0
40,-5,286,0,26,0
51,-10,286,0,25,0
50,12,268,0,23,0
39,-27,287,0,22,0
21,37,299,0,21,0
53,-7,275,0,19,0
26,10,283,0,18,0
10,8,314,0,16,0
35,-36,227,0,15,0
28,19,261,0,13,0
57,-9,260,0,12,0
11,-1,268,0,10,0
21,8,246,0,9,0
10,22,264,0,7,0
43,9,254,0,6,0
23,-13,249,0,4,0
19,10,230,0,3,0
-41,-14,273,0,1,0
1,-6,292,0,-1,0
2,-8,261,0,-2,0
-7,2,247,0,-4,0
-5,1,246,0,-5,0
-1,18,221,0,-7,0
-10,21,220,0,-8,0
6,5,237,0,-10,0
-11,-17,255,0,-11,0
-61,-9,279,0,-13,0
-47,22,246,0,-14,0
-29,7,230,0,-16,0
-25,12,240,0,-17,0
-5,6,251,0,-19,0
-45,1,239,0,-20,0
-37,37,216,0,-22,0
-36,6,232,0,-23,0
-40,15,227,0,-24,0
-60,49,232,0,-26,0
-30,-2,251,0,-27,0
-42,4,202,0,-28,0
-45,14,206,0,-29,0
-73,23,213,0,-31,0
-69,-2,226,0,-32,0
-68,-3,198,0,-33,0
-62,-24,232,0,-34,0
-32,20,213,0,-35,0
-83,-25,230,0,-36,0
-77,7,193,0,-38,0
-59,17,228,0,-39,0
-99,-24,215,0,-39,0
-46,17,191,0,-40,0
-88,-19,223,0,-41,0
-50,32,204,0,-42,0
-81,10,223,0,-43,0
-68,-6,206,0,-44,0
-61,6,233,0,-44,0
-88,-8,215,0,-45,0
-85,-4,188,0,-46,0
-50,-22,218,0,-46,0
-84,-6,223,0,-47,0
-91,-7,209,0,-47,0
-116,23,184,0,-48,0
-104,5,222,0,-48,0
-112,5,197,0,-49,0
-97,2,207,0,-49,0
-91,9,198,0,-49,0
-83,-10,202,0,-50,0
-75,3,180,0,-50,0
-76,-16,213,0,-50,0
-108,19,190,0,-50,0
-90,-19,207,0,-50,0
-110,-13,236,0,-50,0
-100,5,182,0,-50,0
-112,24,206,0,-50,0
-81,-4,225,0,-50,0
-111,-48,202,0,-49,0
-116,-7,189,0,-49,0
-104,-21,229,0,-49,0
-109,18,194,0,-49,0
-78,14,210,0,-48,0
-162,24,210,0,-48,0
-79,-16,214,0,-47,0
-89,0,203,0,-47,0
-118,-49,220,0,-46,0
-96,5,211,0,-46,0
-71,-31,200,0,-45,0
-79,-13,221,0,-44,0
-75,-25,239,0,-43,0
-78,7,189,0,-43,0
-89,14,229,0,-42,0
-94,-13,247,0,-41,0
-87,-19,212,0,-40,0
-71,-34,216,0,-39,0
-105,26,236,0,-38,0
-102,-18,219,0,-37,0
-76,-18,268,0,-36,0
-62,25,225,0,-35,0
-55,6,198,0,-34,0
-24,-9,245,0,-33,0
-18,6,208,0,-31,0
-37,-6,191,0,-30,0
-85,19,224,0,-29,0
-66,-18,228,0,-28,0
-50,-10,247,0,-26,0
-47,7,260,0,-25,0
-32,-22,244,0,-24,0
-42,50,218,0,-22,0
-37,-2,231,0,-21,0
-53,-8,249,0,-19,0
-51,4,224,0,-18,0
-37,0,258,0,-17,0
-57,24,249,0,-15,0
-13,39,260,0,-14,0
-18,-21,236,0,-12,0
-57,-9,249,0,-11,0
-16,-21,234,0,-9,0
-19,5,271,0,-8,0
2,7,258,0,-6,0
-3,-16,192,0,-4,0
-13,-11,240,0,-3,0
-15,1,250,0,-1,0
1,-2,243,0,0,0
-11,-5,231,0,2,0
-13,-6,242,0,3,0
32,3,276,0,5,0
14,-4,280,0,6,0
21,1,250,0,8,0
39,3,248,0,9,0
30,-13,278,0,11,0
23,-34,251,0,13,0
54,3,322,0,14,0
30,-10,270,0,15,0
36,5,245,0,17,0
22,-14,261,0,18,0
40,-7,307,0,20,0
48,-15,281,0,21,0
60,9,296,0,23,0
58,-17,254,0,24,0
88,2,245,0,25,0
66,17,278,0,27,0
71,8,251,0,28,0
80,9,295,0,29,0
72,5,264,0,31,0
50,-5,274,0,32,0
107,-4,285,0,33,0
118,10,251,0,34,0
58,4,279,0,35,0
82,8,250,0,36,0
120,45,284,0,37,0
98,8,320,0,38,0
64,-20,313,0,39,0
21,-1,321,0,40,0
53,-3,338,0,41,0
73,-5,304,0,42,0
68,10,261,0,43,0
106,32,324,0,44,0
81,-9,270,0,44,0
75,5,298,0,45,0
106,-4,309,0,46,0
129,-17,318,0,46,0
101,-11,283,0,47,0
69,4,286,0,47,0
105,-4,316,0,48,0
108,25,323,0,48,0
68,13,320,0,49,0
68,24,295,0,49,0
92,7,289,0,49,0
71,-18,282,0,50,0
96,-7,303,0,50,0
88,8,303,0,50,0
74,30,320,0,50,0
96,-9,268,0,50,0
93,-1,310,0,50,0
68,-2,266,0,50,0
107,-9,311,0,50,0
128,-17,300,0,50,0
82,-20,334,0,50,0
109,26,284,0,49,0
124,-3,288,0,49,0
121,-7,299,0,49,0
114,-18,316,0,48,0
55,-13,298,0,48,0
66,2,297,0,47,0
112,-8,282,0,47,0
77,-3,310,0,46,0
110,16,300,0,46,0
111,-5,277,0,45,0
83,-9,315,0,44,0
86,11,302,0,44,0
102,15,293,0,43,0
78,-21,304,0,42,0
72,14,282,0,41,0
118,-22,248,0,40,0
65,-12,288,0,39,0
65,18,287,0,38,0
47,14,285,0,37,0
64,-23,264,0,36,0
81,42,260,0,35,0
87,15,333,0,34,0
82,9,254,0,33,0
63,-7,330,0,32,0
91,7,313,0,30,0
43,-20,280,0,29,0
48,-16,269,0,28,0
56,4,288,0,27,0
33,1,311,0,25,0
64,-32,255,0,24,0
22,-16,271,0,23,0
18,-26,274,0,21,0
45,5,270,0,20,0
-5,-4,258,0,18,0
71,63,232,0,17,0
75,-1,282,0,15,0
51,-3,239,0,14,0
10,-6,284,0,12,0
18,-19,246,0,11,0
38,40,276,0,9,0
48,-2,270,0,8,0
21,-6,262,0,6,0
-15,-46,265,0,5,0
56,-8,262,0,3,0
-16,-15,266,0,2,0
-18,-1,257,0,0,0
8,-13,257,0,-2,0
-6,50,283,0,-3,0
13,-24,243,0,-5,0
8,10,192,0,-6,0
-15,14,247,0,-8,0
-7,35,234,0,-9,0
-18,-35,274,0,-11,0
-3,-30,265,0,-12,0
-16,-32,254,0,-14,0
-6,28,204,0,-15,0
-34,-7,252,0,-17,0
-52,18,225,0,-18,0
-34,4,234,0,-20,0
-34,-46,239,0,-21,0
-19,9,228,0,-22,0
-42,7,209,0,-24,0
-35,-4,255,0,-25,0
-32,6,218,0,-26,0
-51,-12,240,0,-28,0
-49,-15,236,0,-29,0
-65,18,221,0,-30,0
-78,12,204,0,-32,0
-97,18,248,0,-33,0
-99,-17,188,0,-34,0
-104,-14,232,0,-35,0
-66,18,195,0,-36,0
-72,-25,194,0,-37,0
-89,-4,244,0,-38,0
-80,-38,194,0,-39,0
-93,-23,161,0,-40,0
-88,25,237,0,-41,0
-71,-7,199,0,-42,0
-58,-6,229,0,-43,0
-75,4,170,0,-43,0
-103,10,195,0,-44,0
-107,-20,210,0,-45,0
-99,33,192,0,-46,0
-123,9,220,0,-46,0
-85,14,182,0,-47,0
-66,-14,156,0,-47,0
-66,33,199,0,-48,0
-72,-11,193,0,-48,0
-87,28,235,0,-49,0
-97,14,216,0,-49,0
-99,-26,191,0,-49,0
-128,10,218,0,-49,0
-97,17,201,0,-50,0
-99,4,175,0,-50,0
-107,-36,198,0,-50,0
-83,19,213,0,-50,0
-63,-1,220,0,-50,0
-95,5,198,0,-50,0
-61,13,229,0,-50,0
-83,13,174,0,-50,0
-110,-1,202,0,-50,0
-118,-8,193,0,-49,0
-89,-15,215,0,-49,0
-85,-31,224,0,-49,0
-106,-10,206,0,-48,0
-88,11,193,0,-48,0
-92,-9,224,0,-47,0
-115,5,203,0,-47,0
-131,-5,232,0,-46,0
-84,11,210,0,-46,0
-114,4,207,0,-45,0
-97,23,205,0,-44,0
-72,-11,247,0,-44,0
-102,24,212,0,-43,0
-108,14,194,0,-42,0
-82,20,231,0,-41,0
-78,-19,224,0,-40,0
-63,-17,211,0,-39,0
-109,-2,211,0,-38,0
-69,28,221,0,-37,0
-48,21,180,0,-36,0
-44,36,190,0,-35,0
-64,-0,199,0,-34,0
-68,-15,223,0,-33,0
-87,5,222,0,-32,0
-32,24,223,0,-31,0
-54,-4,230,0,-29,0
-46,34,252,0,-28,0
-37,20,233,0,-27,0
-50,-15,213,0,-25,0
-48,9,254,0,-24,0
-45,15,233,0,-23,0
-48,-14,223,0,-21,0
-57,-37,259,0,-20,0
-66,-7,229,0,-19,0
-51,-11,212,0,-17,0
-39,-6,224,0,-16,0
-30,-0,243,0,-14,0
-41,-11,259,0,-13,0
-33,-16,217,0,-11,0
0,1,252,0,-10,0
-24,-5,218,0,-8,0
-10,17,221,0,-7,0
-23,-4,231,0,-5,0
-12,-3,273,0,-3,0
-10,9,276,0,-2,0
-24,-54,237,0,-0,0
23,-42,224,0,1,0
14,30,282,0,3,0
9,-14,270,0,4,0
2,-35,256,0,6,0
24,33,256,0,7,0
-24,19,263,0,9,0
21,3,254,0,10,0
27,10,266,0,12,0
8,-15,262,0,13,0
21,21,310,0,15,0
46,-0,285,0,16,0
14,4,271,0,18,0
23,37,283,0,19,0
59,-41,285,0,21,0
30,-1,281,0,22,0
49,-15,303,0,24,0
47,-14,314,0,25,0
19,-6,256,0,26,0
39,-21,319,0,28,0
69,55,264,0,29,0
69,11,292,0,30,0
57,9,288,0,31,0
69,22,289,0,32,0
54,-11,287,0,34,0
61,14,238,0,35,0
39,-2,300,0,36,0
72,-4,304,0,37,0
63,32,302,0,38,0
52,19,314,0,39,0
108,24,297,0,40,0
69,-29,263,0,41,0
86,36,279,0,42,0
57,3,295,0,43,0
81,29,325,0,43,0
129,-2,291,0,44,0
96,37,270,0,45,0
95,42,338,0,45,0
116,-11,301,0,46,0
74,-4,277,0,47,0
87,17,308,0,47,0
109,12,355,0,48,0
87,-9,309,0,48,0
92,34,279,0,49,0
104,-17,322,0,49,0
100,-23,315,0,49,0
115,8,306,0,49,0
120,-28,322,0,50,0
116,23,316,0,50,0
102,40,323,0,50,0
99,-10,316,0,50,0
107,-4,304,0,50,0
97,13,291,0,50,0
138,33,320,0,50,0
45,-26,290,0,50,0
109,2,321,0,50,0
91,22,331,0,49,0
107,-8,318,0,49,0
70,27,299,0,49,0
76,31,298,0,48,0
97,38,338,0,48,0
88,4,276,0,48,0
89,-2,309,0,47,0
82,17,298,0,46,0
101,-10,246,0,46,0
116,-12,289,0,45,0
101,-0,306,0,45,0
63,12,300,0,44,0
63,-5,334,0,43,0
87,1,305,0,42,0
67,18,306,0,41,0
45,-8,296,0,40,0
65,-9,329,0,40,0
23,-14,282,0,39,0
69,-28,291,0,38,0
80,18,310,0,37,0
69,14,294,0,35,0
68,15,269,0,34,0
53,1,294,0,33,0
59,13,259,0,32,0
62,-16,319,0,31,0
56,-21,314,0,30,0
43,-2,268,0,28,0
39,5,277,0,27,0
14,11,263,0,26,0
44,-8,292,0,24,0
61,-15,277,0,23,0
68,4,278,0,22,0
19,3,304,0,20,0
48,-2,281,0,19,0
41,24,281,0,17,0
5,-8,264,0,16,0
24,19,282,0,14,0
55,8,292,0,13,0
-26,9,288,0,11,0
-0,2,246,0,10,0
7,-20,287,0,8,0
-16,-36,267,0,7,0
3,17,249,0,5,0
24,36,289,0,4,0
17,8,250,0,2,0
10,-34,263,0,1,0
-24,14,251,0,-1,0
-24,36,228,0,-2,0
1,9,242,0,-4,0
-25,11,261,0,-6,0
-7,-1,200,0,-7,0
-25,-6,245,0,-9,0
-57,4,264,0,-10,0
-29,-31,261,0,-12,0
-18,7,204,0,-13,0
-23,17,266,0,-15,0
-20,-33,262,0,-16,0
-42,-19,237,0,-18,0
-38,-14,264,0,-19,0
-53,10,209,0,-21,0
-75,44,251,0,-22,0
-32,10,219,0,-23,0
-49,10,238,0,-25,0
-28,25,249,0,-26,0
-52,-7,228,0,-27,0
-54,6,237,0,-29,0
-43,31,220,0,-30,0
-85,-1,212,0,-31,0
-60,2,208,0,-32,0
-45,22,234,0,-33,0
-84,-18,241,0,-35,0
-74,-10,270,0,-36,0
-22,5,277,0,-37,0
-54,14,183,0,-38,0
-68,-32,205,0,-39,0
-97,2,204,0,-40,0
-61,-26,193,0,-41,0
-92,-26,223,0,-42,0
-80,-5,230,0,-42,0
-82,34,203,0,-43,0
-60,-2,209,0,-44,0
-86,35,162,0,-45,0
-94,-25,190,0,-45,0
-88,-20,185,0,-46,0
-80,-32,182,0,-47,0
-99,17,188,0,-47,0
-66,10,157,0,-48,0
-50,36,223,0,-48,0
-95,7,221,0,-48,0
-114,25,162,0,-49,0
-139,-4,203,0,-49,0
-87,-54,198,0,-49,0
-107,16,223,0,-50,0
-57,-30,172,0,-50,0
-98,-1,173,0,-50,0
-76,11,228,0,-50,0
-90,2,225,0,-50,0
-85,5,202,0,-50,0
-99,-7,240,0,-50,0
-129,8,199,0,-50,0
-100,-2,244,0,-50,0
-92,-38,213,0,-49,0
-105,33,181,0,-49,0
-79,-3,183,0,-49,0
-124,29,167,0,-48,0
-109,-2,213,0,-48,0
-111,-27,196,0,-48,0
-108,-19,203,0,-47,0
-77,-14,204,0,-47,0
-91,-18,214,0,-46,0
-72,-33,213,0,-45,0
-101,4,198,0,-45,0
-92,-16,231,0,-44,0
-106,-11,188,0,-43,0
-62,-15,250,0,-42,0
-95,3,207,0,-42,0
-55,-1,212,0,-41,0
-71,-9,217,0,-40,0
-46,0,240,0,-39,0
-89,8,208,0,-38,0
-73,-10,232,0,-37,0
-87,44,236,0,-36,0
-71,-22,238,0,-35,0
-72,5,191,0,-33,0
-52,-3,256,0,-32,0
-35,-14,208,0,-31,0
-75,-15,209,0,-30,0
-30,-3,220,0,-29,0
-62,-31,248,0,-27,0
-77,-10,240,0,-26,0
-86,28,231,0,-25,0
-35,-32,234,0,-23,0
-39,41,193,0,-22,0
-23,-4,236,0,-20,0
-2,-27,231,0,-19,0
-66,-40,246,0,-18,0
-26,6,236,0,-16,0
-48,3,260,0,-15,0
-38,-27,247,0,-13,0
-36,12,251,0,-12,0
-32,-29,248,0,-10,0
12,-17,219,0,-9,0
-63,23,222,0,-7,0
-31,3,268,0,-6,0
11,4,256,0,-4,0
23,2,242,0,-2,0
8,15,226,0,-1,0
-27,-0,284,0,1,0
23,11,284,0,2,0
2,-36,260,0,4,0
23,-6,256,0,5,0
5,38,265,0,7,0
-2,15,264,0,8,0
20,-11,260,0,10,0
30,-18,252,0,11,0
29,5,253,0,13,0
22,-24,273,0,14,0
53,15,270,0,16,0
52,-1,269,0,17,0
51,23,300,0,19,0
57,-17,254,0,20,0
-8,-13,324,0,22,0
36,12,281,0,23,0
53,11,252,0,24,0
21,29,296,0,26,0
71,21,299,0,27,0
66,26,280,0,28,0
42,4,318,0,30,0
108,8,290,0,31,0
65,20,275,0,32,0
68,-12,283,0,33,0
65,6,291,0,34,0
71,15,288,0,36,0
71,-19,306,0,37,0
70,-8,306,0,38,0
93,6,323,0,39,0
89,5,279,0,40,0
47,-0,308,0,41,0
61,30,295,0,41,0
50,-21,314,0,42,0
104,18,283,0,43,0
84,12,321,0,44,0
91,13,291,0,45,0
109,-4,312,0,45,0
133,13,307,0,46,0
77,12,313,0,46,0
109,-4,299,0,47,0
94,36,276,0,48,0
98,-17,332,0,48,0
77,-5,309,0,48,0
98,-4,305,0,49,0
97,14,312,0,49,0
118,-12,298,0,49,0
103,-19,318,0,50,0
119,-5,314,0,50,0
87,-11,281,0,50,0
93,-8,314,0,50,0
124,12,318,0,50,0
107,-17,301,0,50,0
115,2,286,0,50,0
99,-25,295,0,50,0
108,13,308,0,50,0
91,-5,302,0,49,0
95,-45,302,0,49,0
116,-19,310,0,49,0
104,-10,297,0,49,0
124,-7,306,0,48,0
86,17,315,0,48,0
59,-6,279,0,47,0
132,-44,335,0,47,0
45,55,314,0,46,0
75,-13,301,0,45,0
116,1,313,0,45,0
110,2,328,0,44,0
95,-1,318,0,43,0
72,4,303,0,43,0
81,-13,312,0,42,0
39,3,291,0,41,0
79,20,306,0,40,0
72,3,284,0,39,0
91,42,305,0,38,0
53,30,291,0,37,0
86,-12,306,0,36,0
38,0,306,0,35,0
79,-8,309,0,34,0
89,-26,296,0,32,0
64,8,272,0,31,0
33,-11,276,0,30,0
57,23,320,0,29,0
34,2,314,0,27,0
41,-4,298,0,26,0
52,-30,314,0,25,0
54,8,247,0,23,0
56,20,302,0,22,0
44,49,269,0,21,0
28,-13,276,0,19,0
26,4,279,0,18,0
30,28,273,0,16,0
42,-8,290,0,15,0
40,2,279,0,13,0
-26,-22,264,0,12,0
58,7,279,0,10,0
5,-35,288,0,9,0
4,-10,260,0,7,0
22,24,259,0,6,0
15,-15,255,0,4,0
43,61,236,0,3,0
33,-3,288,0,1,0
-8,24,256,0,-0,0
13,-10,252,0,-2,0
23,-5,262,0,-3,0
8,-9,258,0,-5,0
-42,47,249,0,-7,0
-11,21,238,0,-8,0
4,-26,230,0,-10,0
-30,-14,261,0,-11,0
-28,-6,246,0,-13,0
-51,5,228,0,-14,0
-15,5,221,0,-16,0
-34,-14,296,0,-17,0
-27,5,235,0,-19,0
-70,26,235,0,-20,0
13,-11,249,0,-21,0
-63,-0,206,0,-23,0
-84,24,270,0,-24,0
-45,-4,214,0,-26,0
-75,2,229,0,-27,0
-93,21,250,0,-28,0
-62,20,233,0,-29,0
-40,-8,237,0,-31,0
-42,28,242,0,-32,0
-73,-4,248,0,-33,0
-18,-8,227,0,-34,0
-49,-19,255,0,-35,0
-76,13,193,0,-36,0
-66,-22,257,0,-37,0
-81,19,197,0,-38,0
-70,6,245,0,-39,0
-85,-6,208,0,-40,0
-54,-22,207,0,-41,0
-81,-23,205,0,-42,0
-111,9,197,0,-43,0
-68,-6,206,0,-44,0
-79,-19,200,0,-44,0
-91,-27,217,0,-45,0
-106,11,188,0,-46,0
-59,12,232,0,-46,0
-70,7,227,0,-47,0
-119,18,183,0,-47,0
-104,6,256,0,-48,0
-100,13,221,0,-48,0
-83,-0,196,0,-49,0
-107,-23,188,0,-49,0
-84,-35,180,0,-49,0
-78,5,214,0,-50,0
-109,1,223,0,-50,0
-104,-8,229,0,-50,0
-73,-5,197,0,-50,0
-101,-29,177,0,-50,0
-91,25,228,0,-50,0
-86,-5,204,0,-50,0
-88,-34,210,0,-50,0
-158,13,199,0,-50,0
-79,9,191,0,-49,0
-97,37,188,0,-49,0
-120,-0,193,0,-49,0
-114,61,229,0,-49,0
-120,-15,238,0,-48,0
-102,-27,227,0,-48,0
-145,-11,220,0,-47,0
-67,5,194,0,-47,0
-82,-40,230,0,-46,0
-122,16,229,0,-46,0
-97,11,211,0,-45,0
-83,2,196,0,-44,0
-77,-26,208,0,-43,0
-109,-34,209,0,-43,0
-88,1,208,0,-42,0
-70,-3,217,0,-41,0
-110,1,228,0,-40,0
-105,-47,231,0,-39,0
-55,0,253,0,-38,0
-55,-22,183,0,-37,0
-52,-31,233,0,-36,0
-44,-13,226,0,-35,0
-84,6,211,0,-34,0
-92,4,227,0,-33,0
-78,4,221,0,-31,0
-56,13,238,0,-30,0
-22,31,247,0,-29,0
-32,1,231,0,-28,0
-70,4,263,0,-26,0
-70,-8,228,0,-25,0
-35,19,219,0,-24,0
-40,26,213,0,-22,0
-50,-6,236,0,-21,0
-75,-17,254,0,-20,0
-44,-19,243,0,-18,0
-14,6,244,0,-17,0
-8,14,248,0,-15,0
-15,-12,264,0,-14,0
-3,-24,234,0,-12,0
-16,-12,264,0,-11,0
-5,15,251,0,-9,0
-4,3,270,0,-8,0
2,-7,237,0,-6,0
15,1,231,0,-5,0
21,-18,287,0,-3,0
10,-18,254,0,-1,0
-5,-26,242,0,0,0
6,-11,253,0,2,0
26,-17,266,0,3,0
3,16,262,0,5,0
-13,14,245,0,6,0
32,16,296,0,8,0
29,-10,279,0,9,0
2,14,271,0,11,0
38,32,302,0,12,0
43,-46,290,0,14,0
42,-12,265,0,15,0
37,13,273,0,17,0
34,-18,296,0,18,0
50,8,279,0,20,0
-0,24,286,0,21,0
19,21,307,0,23,0
31,-4,259,0,24,0
81,-10,284,0,25,0
67,23,274,0,27,0
77,-2,280,0,28,0
29,1,267,0,29,0
67,34,279,0,30,0
82,-23,276,0,32,0
56,30,288,0,33,0
92,-3,282,0,34,0
58,17,292,0,35,0
91,27,300,0,36,0
87,13,373,0,37,0
81,2,271,0,38,0
71,10,318,0,39,0
60,-42,283,0,40,0
121,-28,310,0,41,0
64,8,303,0,42,0
55,-15,296,0,43,0
67,-3,319,0,44,0
105,12,296,0,44,0
103,4,295,0,45,0
92,-30,286,0,46,0
115,1,301,0,46,0
80,26,304,0,47,0
102,-3,302,0,47,0
87,-25,344,0,48,0
75,2,319,0,48,0
104,-1,288,0,49,0
118,6,324,0,49,0
124,-49,307,0,49,0
83,-32,313,0,50,0
87,-1,283,0,50,0
118,-54,301,0,50,0
54,-10,319,0,50,0
101,11,320,0,50,0
83,3,318,0,50,0
39,-14,304,0,50,0
99,0,280,0,50,0
104,-20,304,0,50,0
119,-11,318,0,50,0
103,-7,272,0,49,0
72,17,275,0,49,0
91,-11,292,0,49,0
103,14,307,0,48,0
92,1,275,0,48,0
77,-11,270,0,47,0
115,17,305,0,47,0
105,1,306,0,46,0
87,5,309,0,46,0
66,-15,293,0,45,0
71,29,299,0,44,0
121,-6,326,0,44,0
81,0,302,0,43,0
83,-30,292,0,42,0
57,-13,306,0,41,0
35,-19,298,0,40,0
72,-39,304,0,39,0
61,31,293,0,38,0
69,14,288,0,37,0
79,-0,305,0,36,0
55,-11,252,0,35,0
88,11,305,0,34,0
52,-24,276,0,33,0
71,-2,242,0,32,0
65,-1,291,0,30,0
73,1,289,0,29,0
56,13,329,0,28,0
64,42,273,0,27,0
38,-22,236,0,25,0
28,-3,285,0,24,0
45,-28,293,0,23,0
46,-3,258,0,21,0
71,-2,302,0,20,0
61,-50,278,0,18,0
63,-7,258,0,17,0
57,10,260,0,15,0
3,42,289,0,14,0
41,8,249,0,12,0
8,1,291,0,11,0
48,15,260,0,9,0
4,-3,309,0,8,0
-11,-22,296,0,6,0
-27,1,268,0,5,0
18,-14,234,0,3,0
-25,-15,221,0,2,0
28,3,274,0,0,0
18,-16,213,0,-1,0
-16,14,215,0,-3,0
-12,8,263,0,-4,0
5,2,239,0,-6,0
13,-3,269,0,-8,0
10,-27,226,0,-9,0
-9,8,235,0,-11,0
-47,-19,222,0,-12,0
-23,12,227,0,-14,0
-41,5,237,0,-15,0
-43,3,234,0,-17,0
-40,-24,257,0,-18,0
-79,15,211,0,-19,0
-53,-18,218,0,-21,0
-68,-35,236,0,-22,0
-52,-20,223,0,-24,0
-25,33,238,0,-25,0
-57,-41,220,0,-26,0
-11,4,172,0,-28,0
-49,20,228,0,-29,0
-37,5,194,0,-30,0
-78,-32,266,0,-31,0
-69,-0,231,0,-33,0
-47,8,204,0,-34,0
-72,-7,204,0,-35,0
-50,6,207,0,-36,0
-103,-5,219,0,-37,0
-69,-21,207,0,-38,0
-112,15,235,0,-39,0
-55,32,208,0,-40,0
-73,28,206,0,-41,0
-106,20,238,0,-42,0
-127,19,216,0,-43,0
-84,10,197,0,-43,0
-91,11,189,0,-44,0
-77,4,195,0,-45,0
-78,-12,201,0,-46,0
-89,8,194,0,-46,0
-100,3,203,0,-47,0
-96,29,226,0,-47,0
-133,13,208,0,-48,0
-75,17,220,0,-48,0
-94,-1,218,0,-49,0
-106,19,230,0,-49,0
-134,-4,181,0,-49,0
-106,20,193,0,-49,0
-117,-13,229,0,-50,0
-93,36,190,0,-50,0
-78,-6,225,0,-50,0
-104,16,221,0,-50,0
-106,3,230,0,-50,0
-90,-4,184,0,-50,0
-112,20,210,0,-50,0
-90,-10,203,0,-50,0
-112,-18,204,0,-50,0
-64,16,181,0,-49,0
-127,27,223,0,-49,0
-86,-40,234,0,-49,0
-83,7,233,0,-48,0
-112,21,216,0,-48,0
-96,1,206,0,-47,0
-84,17,186,0,-47,0
-75,19,179,0,-46,0
-46,17,193,0,-46,0
-119,3,240,0,-45,0
-74,18,228,0,-44,0
-42,-14,221,0,-44,0
-91,-8,185,0,-43,0
-59,5,216,0,-42,0
-107,23,194,0,-41,0
-79,27,230,0,-40,0
-62,1,182,0,-39,0
-79,-22,254,0,-38,0
-77,-4,243,0,-37,0
-57,13,224,0,-36,0
-61,-10,231,0,-35,0
-45,4,212,0,-34,0
-78,-21,196,0,-33,0
-93,6,184,0,-32,0
-52,7,241,0,-31,0
-64,18,262,0,-29,0
-51,-27,234,0,-28,0
-21,-32,228,0,-27,0
-18,52,250,0,-26,0
-50,2,244,0,-24,0
-36,-13,212,0,-23,0
-48,-20,243,0,-21,0
-32,-8,237,0,-20,0
-66,15,220,0,-19,0
-12,-28,228,0,-17,0
-24,-42,226,0,-16,0
-21,2,260,0,-14,0
-64,-15,256,0,-13,0
-13,12,243,0,-11,0
-8,-4,250,0,-10,0
-35,-15,250,0,-8,0
-22,-22,229,0,-7,0
-4,7,256,0,-5,0
10,19,264,0,-4,0
-21,19,247,0,-2,0
15,7,235,0,-0,0
8,-23,260,0,1,0
34,-6,253,0,3,0
1,-45,262,0,4,0
9,44,259,0,6,0
23,-10,254,0,7,0
61,2,252,0,9,0
21,12,289,0,10,0
16,-7,282,0,12,0
33,-4,268,0,13,0
52,-1,224,0,15,0
63,21,279,0,16,0
35,-2,270,0,18,0
46,-33,315,0,19,0
53,-12,307,0,21,0
13,-29,267,0,22,0
57,-28,261,0,23,0
61,-8,273,0,25,0
85,-7,309,0,26,0
49,-31,243,0,27,0
79,-11,308,0,29,0
72,-3,280,0,30,0
82,1,341,0,31,0
45,-63,249,0,32,0
27,19,330,0,34,0
93,41,327,0,35,0
91,-45,285,0,36,0
69,0,289,0,37,0
86,-20,286,0,38,0
76,30,315,0,39,0
101,-14,291,0,40,0
104,-0,296,0,41,0
67,35,304,0,42,0
84,23,285,0,42,0
51,-37,316,0,43,0
115,-22,275,0,44,0
74,10,280,0,45,0
100,-12,275,0,45,0
66,-9,237,0,46,0
102,-31,315,0,47,0
108,39,317,0,47,0
93,5,285,0,48,0
129,4,270,0,48,0
130,10,331,0,49,0
96,-24,332,0,49,0
135,38,339,0,49,0
100,7,319,0,49,0
86,10,255,0,50,0
65,7,306,0,50,0
122,26,334,0,50,0
94,20,315,0,50,0
86,-3,296,0,50,0
67,12,327,0,50,0
101,25,326,0,50,0
112,3,309,0,50,0
107,-3,289,0,50,0
104,-13,289,0,49,0
114,6,303,0,49,0
82,12,324,0,49,0
78,-5,312,0,48,0
87,-22,316,0,48,0
110,4,319,0,48,0
96,-10,290,0,47,0
61,28,312,0,46,0
76,-0,316,0,46,0
114,16,332,0,45,0
121,-28,280,0,45,0
102,-6,279,0,44,0
76,-20,329,0,43,0
63,2,292,0,42,0
62,18,296,0,41,0
78,-14,285,0,41,0
56,23,320,0,40,0
86,34,261,0,39,0
63,4,275,0,38,0
59,-9,322,0,37,0
52,-0,290,0,36,0
76,-35,310,0,34,0
60,-26,303,0,33,0
40,14,280,0,32,0
30,-23,282,0,31,0
64,29,287,0,30,0
70,39,286,0,28,0
57,-27,297,0,27,0
67,-1,324,0,26,0
34,-3,315,0,24,0
37,22,265,0,23,0
18,22,288,0,22,0
37,-21,284,0,20,0
-10,6,315,0,19,0
42,3,255,0,17,0
18,-7,257,0,16,0
28,-9,267,0,14,0
-12,-20,280,0,13,0
34,-29,280,0,11,0
34,19,247,0,10,0
26,-10,261,0,8,0
1,-32,260,0,7,0
55,-9,250,0,5,0
24,-3,260,0,4,0
0,-43,263,0,2,0
20,2,236,0,1,0
36,6,261,0,-1,0
-29,-19,217,0,-2,0
-11,15,264,0,-4,0
-18,18,262,0,-5,0
-2,12,237,0,-7,0
10,-9,227,0,-9,0
8,-12,227,0,-10,0
-13,-7,249,0,-12,0
-31,-9,240,0,-13,0
-48,7,233,0,-15,0
-26,19,283,0,-16,0
-12,-19,221,0,-18,0
-22,-22,239,0,-19,0
-14,10,178,0,-20,0
-47,-12,229,0,-22,0
-54,-49,196,0,-23,0
-29,6,235,0,-25,0
-47,-12,211,0,-26,0
-41,-34,231,0,-27,0
-80,7,198,0,-29,0
-47,64,238,0,-30,0
-52,11,214,0,-31,0
-86,-9,213,0,-32,0
-35,-14,198,0,-33,0
-66,-26,195,0,-35,0
-29,-16,255,0,-36,0
-82,-65,231,0,-37,0
-54,-15,192,0,-38,0
-89,14,224,0,-39,0
-83,17,224,0,-40,0
-78,-11,215,0,-41,0
-67,-13,211,0,-42,0
-77,-30,192,0,-42,0
-85,22,209,0,-43,0
-90,-24,200,0,-44,0
-94,-23,223,0,-45,0
-73,9,193,0,-45,0
-57,15,205,0,-46,0
-106,-17,232,0,-47,0
-131,42,193,0,-47,0
-95,-16,202,0,-48,0
-98,3,196,0,-48,0
-103,21,214,0,-48,0
-101,-4,218,0,-49,0
-108,-0,203,0,-49,0
-86,-42,209,0,-49,0
-86,26,173,0,-50,0
-65,-17,195,0,-50,0
-81,-33,215,0,-50,0
-96,6,236,0,-50,0
-130,-30,196,0,-50,0
-110,13,214,0,-50,0
-63,0,230,0,-50,0
-111,-15,194,0,-50,0
-42,-4,224,0,-50,0
-116,-1,254,0,-49,0
-108,29,211,0,-49,0
-47,10,183,0,-49,0
-78,29,224,0,-48,0
-89,-18,184,0,-48,0
-140,-10,233,0,-48,0
-84,5,202,0,-47,0
-67,13,237,0,-47,0
-55,2,228,0,-46,0
-115,1,242,0,-45,0
-107,-10,226,0,-45,0
-81,-39,252,0,-44,0
-81,28,207,0,-43,0
-74,20,206,0,-42,0
-82,-15,179,0,-42,0
-82,49,211,0,-41,0
-101,-3,236,0,-40,0
-88,-38,215,0,-39,0
-83,-2,225,0,-38,0
-75,-6,182,0,-37,0
-110,5,212,0,-36,0
-99,-15,198,0,-35,0
-54,-0,241,0,-33,0
-102,-8,239,0,-32,0
-70,11,252,0,-31,0
-73,17,201,0,-30,0
-49,21,213,0,-29,0
-43,-38,249,0,-27,0
-83,-24,234,0,-26,0
-60,-6,216,0,-25,0
-28,-13,243,0,-23,0
-29,-3,240,0,-22,0
-66,16,231,0,-21,0
-46,23,236,0,-19,0
-48,-15,238,0,-18,0
-38,28,222,0,-16,0
-10,12,236,0,-15,0
-21,0,227,0,-13,0
1,-39,220,0,-12,0
-24,21,232,0,-10,0
-11,-9,251,0,-9,0
-3,4,258,0,-7,0
18,11,270,0,-6,0
-47,5,245,0,-4,0
-19,2,270,0,-3,0
-37,1,228,0,-1,0
-24,19,242,0,1,0
13,6,283,0,2,0
-29,-11,258,0,4,0
34,12,275,0,5,0
28,-17,277,0,7,0
52,4,281,0,8,0
-0,19,283,0,10,0
3,1,264,0,11,0
14,39,238,0,13,0
23,30,244,0,14,0
-11,-21,283,0,16,0
46,16,261,0,17,0
71,-22,261,0,19,0
16,-1,256,0,20,0
64,-19,266,0,22,0
60,-13,246,0,23,0
40,6,294,0,24,0
66,1,308,0,26,0
64,34,244,0,27,0
75,14,303,0,28,0
60,17,245,0,30,0
52,-18,290,0,31,0
68,-6,274,0,32,0
69,12,275,0,33,0
103,25,298,0,34,0
97,-7,302,0,35,0
56,-2,254,0,37,0
60,12,268,0,38,0
86,5,293,0,39,0
81,-14,269,0,40,0
82,-5,280,0,40,0
86,22,304,0,41,0
105,13,310,0,42,0
106,10,268,0,43,0
89,11,330,0,44,0
82,-50,253,0,45,0
55,45,323,0,45,0
107,-16,301,0,46,0
98,4,303,0,46,0
74,22,277,0,47,0
105,-23,352,0,47,0
98,-35,304,0,48,0
120,18,308,0,48,0
132,25,338,0,49,0
94,5,327,0,49,0
116,-10,308,0,49,0
115,18,315,0,50,0
60,-22,276,0,50,0
62,3,284,0,50,0
104,5,349,0,50,0
110,11,304,0,50,0
92,-3,327,0,50,0
63,-4,259,0,50,0
95,-3,296,0,50,0
93,-44,289,0,50,0
73,10,244,0,49,0
91,-2,340,0,49,0
88,9,287,0,49,0
91,-17,302,0,49,0
117,-8,274,0,48,0
79,-9,289,0,48,0
111,-4,299,0,47,0
118,20,311,0,47,0
84,-28,309,0,46,0
116,-47,270,0,45,0
50,-6,276,0,45,0
115,11,292,0,44,0
118,-2,267,0,43,0
82,13,311,0,43,0
99,-29,312,0,42,0
93,-13,286,0,41,0
93,5,303,0,40,0
101,6,297,0,39,0
94,42,267,0,38,0
65,6,329,0,37,0
54,13,281,0,36,0
70,-60,312,0,35,0
49,1,324,0,34,0
59,-25,255,0,33,0
35,12,295,0,31,0
63,-1,301,0,30,0
68,-33,264,0,29,0
74,3,289,0,28,0
26,7,285,0,26,0
42,-22,290,0,25,0
3,-10,306,0,24,0
1,-17,270,0,22,0
15,24,249,0,21,0
46,8,261,0,19,0
39,-40,298,0,18,0
26,14,280,0,16,0
25,-37,259,0,15,0
28,1,300,0,14,0
65,-11,287,0,12,0
6,7,252,0,11,0
49,-31,284,0,9,0
-11,7,270,0,7,0
20,-24,254,0,6,0
6,-14,268,0,4,0
6,-37,256,0,3,0
4,20,272,0,1,0
-10,-11,236,0,-0,0
-11,9,274,0,-2,0
-42,17,266,0,-3,0
-6,9,249,0,-5,0
-23,9,226,0,-6,0
-26,20,259,0,-8,0
-16,-18,246,0,-10,0
-6,5,264,0,-11,0
3,5,237,0,-13,0
-55,-38,243,0,-14,0
-42,-15,255,0,-16,0
-32,20,239,0,-17,0
-33,4,237,0,-18,0
-57,-32,286,0,-20,0
-57,49,261,0,-21,0
-29,8,242,0,-23,0
-47,-47,227,0,-24,0
-47,18,225,0,-25,0
-53,-25,239,0,-27,0
-48,14,248,0,-28,0
-47,-39,244,0,-29,0
-69,41,241,0,-31,0
-65,14,243,0,-32,0
-89,-15,216,0,-33,0
-84,35,224,0,-34,0
-68,-17,204,0,-35,0
-84,-5,224,0,-36,0
-81,-13,213,0,-37,0
-52,4,207,0,-38,0
-81,50,203,0,-39,0
-116,-16,217,0,-40,0
-64,17,195,0,-41,0
-97,-28,210,0,-42,0
-44,-2,207,0,-43,0
-97,23,207,0,-44,0
-71,-46,214,0,-44,0
-77,-10,225,0,-45,0
-112,-12,201,0,-46,0
-95,14,176,0,-46,0
-103,-7,215,0,-47,0
-77,-25,199,0,-47,0
-91,6,185,0,-48,0
-132,-36,197,0,-48,0
-106,35,212,0,-49,0
-99,-12,196,0,-49,0
-74,18,221,0,-49,0
-116,-4,220,0,-50,0
-129,-8,206,0,-50,0
-63,10,206,0,-50,0
-135,0,238,0,-50,0
-84,-3,230,0,-50,0
-97,1,226,0,-50,0
-58,15,212,0,-50,0
-101,12,205,0,-50,0
-98,5,236,0,-50,0
-100,-14,220,0,-49,0
-71,1,241,0,-49,0
-91,13,190,0,-49,0
-96,12,184,0,-49,0
-99,7,188,0,-48,0
-64,4,188,0,-48,0
-80,16,217,0,-47,0
-72,12,197,0,-47,0
-111,-17,209,0,-46,0
-62,28,231,0,-46,0
-31,-21,233,0,-45,0
-64,9,221,0,-44,0
-89,19,228,0,-44,0
-85,3,205,0,-43,0
-69,-23,222,0,-42,0
-115,-0,205,0,-41,0
-57,-4,243,0,-40,0
-65,21,223,0,-39,0
-77,-32,255,0,-38,0
-99,16,248,0,-37,0
-83,-9,181,0,-36,0
-89,12,208,0,-35,0
-45,15,215,0,-34,0
-99,31,212,0,-33,0
-89,-21,211,0,-32,0
-47,-11,221,0,-30,0
-49,2,236,0,-29,0
-54,3,232,0,-28,0
-45,2,205,0,-27,0
-76,-10,229,0,-25,0
-28,25,219,0,-24,0
-55,-8,240,0,-22,0
-64,-44,239,0,-21,0
-13,-7,270,0,-20,0
-38,-29,229,0,-18,0
-15,-7,266,0,-17,0
-36,11,224,0,-15,0
-9,3,236,0,-14,0
-33,3,224,0,-12,0
-7,4,228,0,-11,0
-18,-8,263,0,-9,0
-37,-4,221,0,-8,0
-62,-20,252,0,-6,0
2,-18,231,0,-5,0
-16,16,241,0,-3,0
1,-5,226,0,-2,0
2,3,252,0,0,0
7,9,228,0,2,0
6,-13,309,0,3,0
22,-15,225,0,5,0
40,-18,272,0,6,0
15,25,272,0,8,0
24,-6,295,0,9,0
34,31,247,0,11,0
33,21,253,0,12,0
46,-15,289,0,14,0
27,22,269,0,15,0
-26,6,273,0,17,0
28,34,308,0,18,0
40,51,297,0,20,0
85,3,283,0,21,0
4,-32,296,0,22,0
44,13,306,0,24,0
62,11,253,0,25,0
44,1,243,0,27,0
45,18,320,0,28,0
22,3,326,0,29,0
94,-4,291,0,30,0
55,3,301,0,32,0
57,-6,273,0,33,0
65,-2,298,0,34,0
112,0,300,0,35,0
61,7,282,0,36,0
62,-30,304,0,37,0
42,27,273,0,38,0
87,10,268,0,39,0
63,-2,308,0,40,0
66,22,278,0,41,0
128,47,289,0,42,0
57,-2,276,0,43,0
93,5,309,0,44,0
125,4,303,0,44,0
113,9,284,0,45,0
117,2,304,0,46,0
129,-18,300,0,46,0
125,-3,316,0,47,0
153,3,290,0,47,0
46,-10,305,0,48,0
88,-27,313,0,48,0
94,-37,322,0,49,0
82,-11,322,0,49,0
122,-8,325,0,49,0
120,-10,327,0,49,0
96,28,318,0,50,0
75,-20,303,0,50,0
147,3,309,0,50,0
142,-9,328,0,50,0
91,-17,276,0,50,0
109,31,302,0,50,0
118,9,310,0,50,0
115,-1,312,0,50,0
74,16,280,0,50,0
89,-12,331,0,49,0
81,2,300,0,49,0
120,1,297,0,49,0
101,21,300,0,48,0
94,-6,319,0,48,0
84,6,300,0,47,0
87,-2,297,0,47,0
86,20,300,0,46,0
104,-20,273,0,46,0
105,-3,307,0,45,0
91,34,281,0,44,0
108,-4,280,0,44,0
123,4,322,0,43,0
69,-29,322,0,42,0
81,16,303,0,41,0
97,-7,249,0,40,0
58,-15,297,0,39,0
88,-12,302,0,38,0
56,2,267,0,37,0
59,18,271,0,36,0
74,-46,292,0,35,0
71,-22,252,0,34,0
48,6,287,0,33,0
95,4,282,0,32,0
47,15,292,0,31,0
53,-7,285,0,29,0
60,46,277,0,28,0
16,14,293,0,27,0
42,1,291,0,25,0
29,-23,271,0,24,0
79,2,320,0,23,0
58,-2,249,0,21,0
47,12,259,0,20,0
5,-9,256,0,18,0
0,1,291,0,17,0
29,-3,281,0,16,0
55,-3,266,0,14,0
45,4,258,0,13,0
8,4,279,0,11,0
14,35,280,0,10,0
60,-10,245,0,8,0
-8,40,266,0,6,0
36,-29,282,0,5,0
14,1,247,0,3,0
-20,21,285,0,2,0
-26,1,264,0,0,0
13,11,271,0,-1,0
-51,43,252,0,-3,0
3,10,239,0,-4,0
-9,12,269,0,-6,0
30,-7,237,0,-7,0
-17,-16,263,0,-9,0
-16,-8,266,0,-11,0
29,26,244,0,-12,0
-23,-9,242,0,-14,0
-19,-11,231,0,-15,0
-60,3,221,0,-16,0
-22,-13,227,0,-18,0
-44,6,215,0,-19,0
-40,-24,211,0,-21,0
-87,-34,267,0,-22,0
-39,26,225,0,-24,0
-16,-27,186,0,-25,0
-27,-13,219,0,-26,0
-60,-3,236,0,-28,0
-54,5,252,0,-29,0
-50,15,204,0,-30,0
-63,6,255,0,-31,0
-68,-28,263,0,-33,0
-69,3,260,0,-34,0
-87,3,222,0,-35,0
-95,-27,228,0,-36,0
-74,4,242,0,-37,0
-54,18,250,0,-38,0
-75,-32,220,0,-39,0
-90,-4,241,0,-40,0
-101,-27,262,0,-41,0
-49,28,219,0,-42,0
-55,-42,209,0,-43,0
-108,-13,211,0,-43,0
-63,8,242,0,-44,0
-81,4,214,0,-45,0
-97,60,225,0,-46,0
-68,-31,199,0,-46,0
-109,-1,207,0,-47,0
-126,1,173,0,-47,0
-95,-30,196,0,-48,0
-112,28,218,0,-48,0
-72,-9,214,0,-49,0
-82,22,169,0,-49,0
-36,8,145,0,-49,0
-67,-1,221,0,-49,0
-134,-6,219,0,-50,0
-97,-15,213,0,-50,0
-101,5,208,0,-50,0
-75,-17,217,0,-50,0
-67,10,233,0,-50,0
-97,5,204,0,-50,0
-131,19,207,0,-50,0
-101,-15,189,0,-50,0
-106,10,167,0,-50,0
-131,10,240,0,-49,0
-97,-2,191,0,-49,0
-74,-7,235,0,-49,0
-95,-40,222,0,-48,0
-106,-9,212,0,-48,0
-103,8,202,0,-47,0
-95,17,228,0,-47,0
-104,20,172,0,-46,0
-90,-20,218,0,-46,0
-98,4,230,0,-45,0
