6,-274,2,0,0,0
47,-214,35,0,0,0
-10,-274,-7,0,0,0
-47,-307,-48,0,0,0
-8,-237,6,0,0,0
37,-221,38,0,0,0
-0,-263,-9,0,0,0
-26,-300,-45,0,0,0
15,-260,-4,0,0,0
53,-221,42,0,0,0
-6,-257,-2,0,0,0
-54,-297,-49,0,0,0
-8,-256,-4,0,0,0
48,-212,36,0,0,0
-11,-256,10,0,0,0
-19,-296,-57,0,0,0
11,-250,-10,0,0,0
11,-233,47,0,0,0
18,-260,1,0,0,0
-46,-296,-34,0,0,0
-13,-265,4,0,0,0
25,-227,38,0,0,0
3,-268,-1,0,0,0
-33,-287,-46,0,0,0
6,-245,9,0,0,0
44,-227,46,0,0,0
-20,-248,11,0,0,0
-44,-294,-36,0,0,0
9,-268,-8,0,0,0
47,-227,19,0,0,0
18,-269,2,0,0,0
-49,-287,-45,0,0,0
2,-242,12,0,0,0
48,-218,45,0,0,0
-6,-252,-1,0,0,0
-38,-290,-53,0,0,0
2,-264,1,0,0,0
42,-217,48,0,0,0
5,-258,-11,0,0,0
-27,-307,-36,0,0,0
8,-252,-0,0,0,0
21,-212,34,0,0,0
0,-263,-5,0,0,0
-37,-277,-46,0,0,0
27,-272,-20,0,0,0
35,-224,31,0,0,0
3,-243,3,0,0,0
-45,-279,-37,0,0,0
3,-290,-24,0,0,0
42,-205,38,0,0,0
3,-253,-4,0,0,0
-46,-298,-34,0,0,0
14,-258,19,0,0,0
46,-213,38,0,0,0
-10,-239,-0,0,0,0
-48,-293,-55,0,0,0
2,-256,17,0,0,0
30,-220,32,0,0,0
3,-260,15,0,0,0
-43,-266,-42,0,0,0
4,-248,17,0,0,0
50,-206,59,0,0,0
-8,-248,-11,0,0,0
-57,-297,-28,0,0,0
13,-248,4,0,0,0
33,-221,45,0,0,0
-5,-251,-4,0,0,0
-43,-293,-44,0,0,0
-13,-266,-6,0,0,0
51,-214,41,0,0,0
7,-251,12,0,0,0
-39,-277,-43,0,0,0
26,-245,-1,0,0,0
47,-211,33,0,0,0
-7,-248,-6,0,0,0
-51,-294,-34,0,0,0
-20,-249,-6,0,0,0
32,-223,45,0,0,0
9,-253,5,0,0,0
-50,-306,-43,0,0,0
-8,-259,15,0,0,0
53,-210,36,0,0,0
1,-271,-1,0,0,0
-28,-286,-49,0,0,0
-16,-243,-2,0,0,0
42,-217,37,0,0,0
-10,-278,-3,0,0,0
-31,-302,-16,0,0,0
-11,-259,28,0,0,0
51,-211,26,0,0,0
-2,-266,-4,0,0,0
-13,-296,-58,0,0,0
19,-240,-4,0,0,0
42,-220,43,0,0,0
-0,-253,3,0,0,0
-44,-277,-38,0,0,0
-2,-265,5,0,0,0
38,-218,64,0,0,0
-5,-242,15,0,0,0
-20,-286,-35,0,0,0
-2,-253,9,0,0,0
43,-211,18,0,0,0
1,-273,-4,0,0,0
-49,-291,-46,0,0,0
-2,-276,-1,0,0,0
52,-209,57,0,0,0
2,-258,-7,0,0,0
-41,-297,-22,0,0,0
2,-266,3,0,0,0
36,-204,50,0,0,0
-25,-258,-7,0,0,0
-48,-288,-61,0,0,0
12,-242,6,0,0,0
29,-205,28,0,0,0
-15,-254,18,0,0,0
-33,-308,-34,0,0,0
-14,-256,12,0,0,0
36,-227,27,0,0,0
-6,-267,8,0,0,0
-34,-311,-29,0,0,0
6,-238,12,0,0,0
55,-210,40,0,0,0
-4,-262,14,0,0,0
-26,-303,-26,0,0,0
5,-261,11,0,0,0
54,-241,22,0,0,0
-16,-261,19,0,0,0
-42,-310,-47,0,0,0
-3,-264,-2,0,0,0
31,-214,30,0,0,0
-6,-247,1,0,0,0
-33,-281,-48,0,0,0
8,-263,2,0,0,0
58,-208,50,0,0,0
4,-256,-2,0,0,0
-45,-294,-22,0,0,0
10,-242,11,0,0,0
25,-219,36,0,0,0
-10,-279,13,0,0,0
-24,-285,-51,0,0,0
26,-258,6,0,0,0
32,-225,39,0,0,0
-19,-273,-8,0,0,0
-30,-293,-22,0,0,0
6,-243,-0,0,0,0
47,-199,26,0,0,0
-11,-248,1,0,0,0
-39,-298,-45,0,0,0
8,-244,5,0,0,0
45,-225,36,0,0,0
7,-258,-6,0,0,0
-19,-299,-48,0,0,0
7,-242,15,0,0,0
39,-222,37,0,0,0
-11,-276,-1,0,0,0
-33,-284,-47,0,0,0
4,-241,-7,0,0,0
36,-225,44,0,0,0
-3,-272,11,0,0,0
-30,-304,-77,0,0,0
-1,-246,8,0,0,0
25,-221,36,0,0,0
-34,-272,-5,0,0,0
-27,-300,-22,0,0,0
-8,-255,13,0,0,0
36,-218,37,0,0,0
3,-260,-12,0,0,0
-34,-281,-48,0,0,0
2,-261,7,0,0,0
36,-217,36,0,0,0
-4,-267,-3,0,0,0
-48,-305,-42,0,0,0
13,-246,23,0,0,0
52,-217,51,0,0,0
-4,-263,-17,0,0,0
-23,-275,-38,0,0,0
-8,-251,13,0,0,0
51,-220,34,0,0,0
-12,-264,-9,0,0,0
-32,-303,-40,0,0,0
21,-230,-16,0,0,0
56,-239,66,0,0,0
-0,-260,-12,0,0,0
-45,-299,-39,0,0,0
-6,-261,-2,0,0,0
30,-210,33,0,0,0
5,-264,-13,0,0,0
-42,-273,-58,0,0,0
24,-237,12,0,0,0
25,-204,38,0,0,0
-23,-272,-10,0,0,0
-43,-300,-38,0,0,0
9,-254,2,0,0,0
47,-228,53,0,0,0
-6,-270,-2,0,0,0
-36,-314,-49,0,0,0
-7,-238,4,0,0,0
38,-211,40,0,0,0
-7,-254,-7,0,0,0
-49,-300,-56,0,0,0
17,-258,14,0,0,0
61,-224,35,0,0,0
-8,-267,-6,0,0,0
-31,-322,-69,0,0,0
9,-253,-1,0,0,0
31,-206,43,0,0,0
-20,-255,-6,0,0,0
-42,-291,-52,0,0,0
14,-235,7,0,0,0
45,-231,30,0,0,0
5,-272,-22,0,0,0
-34,-299,-56,0,0,0
-4,-250,-20,0,0,0
21,-229,53,0,0,0
-5,-265,12,0,0,0
-29,-295,-41,0,0,0
4,-255,9,0,0,0
37,-203,25,0,0,0
16,-257,-10,0,0,0
-40,-286,-9,0,0,0
10,-248,3,0,0,0
42,-218,27,0,0,0
-8,-241,-12,0,0,0
-45,-293,-32,0,0,0
-5,-248,17,0,0,0
38,-226,45,0,0,0
-3,-254,5,0,0,0
-27,-289,-27,0,0,0
-13,-233,9,0,0,0
35,-220,44,0,0,0
-1,-266,-2,0,0,0
-52,-304,-38,0,0,0
11,-248,5,0,0,0
37,-203,45,0,0,0
-4,-272,-15,0,0,0
-41,-287,-48,0,0,0
1,-252,14,0,0,0
40,-218,40,0,0,0
-20,-273,-7,0,0,0
-38,-297,-53,0,0,0
5,-238,2,0,0,0
59,-226,29,0,0,0
-5,-257,-6,0,0,0
-40,-315,-36,0,0,0
8,-253,10,0,0,0
48,-227,49,0,0,0
-6,-282,-14,0,0,0
-41,-310,-30,0,0,0
10,-246,33,0,0,0
38,-227,50,0,0,0
1,-275,-27,0,0,0
-27,-279,-36,0,0,0
-7,-235,15,0,0,0
53,-226,24,0,0,0
-4,-260,1,0,0,0
-38,-297,-43,0,0,0
15,-247,26,0,0,0
35,-200,35,0,0,0
-20,-250,-25,0,0,0
-33,-279,-38,0,0,0
1,-249,6,0,0,0
28,-217,46,0,0,0
-3,-268,9,0,0,0
-29,-287,-51,0,0,0
17,-253,-9,0,0,0
30,-227,38,0,0,0
-5,-252,-9,0,0,0
-39,-293,-38,0,0,0
13,-265,-0,0,0,0
32,-235,42,0,0,0
-13,-255,-8,0,0,0
-27,-305,-27,0,0,0
19,-232,8,0,0,0
33,-228,49,0,0,0
-11,-268,-2,0,0,0
-30,-299,-42,0,0,0
25,-234,-2,0,0,0
39,-200,29,0,0,0
-16,-279,-16,0,0,0
-55,-287,-32,0,0,0
14,-257,6,0,0,0
45,-212,31,0,0,0
-11,-264,-15,0,0,0
-38,-294,-33,0,0,0
-5,-259,2,0,0,0
46,-216,34,0,0,0
6,-255,-36,0,0,0
-40,-295,-43,0,0,0
3,-237,-0,0,0,0
39,-200,24,0,0,0
-3,-255,3,0,0,0
-10,-296,-57,0,0,0
8,-256,21,0,0,0
35,-208,52,0,0,0
-19,-283,-10,0,0,0
-36,-287,-27,0,0,0
13,-240,12,0,0,0
32,-220,42,0,0,0
11,-275,-16,0,0,0
-32,-287,-36,0,0,0
13,-237,15,0,0,0
43,-228,33,0,0,0
-8,-265,-18,0,0,0
-27,-294,-19,0,0,0
-1,-239,2,0,0,0
42,-216,39,0,0,0
6,-260,20,0,0,0
-29,-314,-37,0,0,0
9,-246,22,0,0,0
38,-225,27,0,0,0
-6,-257,-3,0,0,0
-34,-300,-33,0,0,0
7,-234,28,0,0,0
52,-216,55,0,0,0
-3,-252,-13,0,0,0
-40,-290,-49,0,0,0
3,-235,4,0,0,0
57,-214,33,0,0,0
-9,-258,-13,0,0,0
-29,-296,-46,0,0,0
22,-233,12,0,0,0
45,-221,50,0,0,0
-26,-275,-5,0,0,0
-40,-302,-43,0,0,0
-3,-235,7,0,0,0
29,-233,41,0,0,0
-25,-279,-19,0,0,0
-37,-292,-39,0,0,0
18,-247,9,0,0,0
32,-224,31,0,0,0
-13,-271,-19,0,0,0
-23,-287,-38,0,0,0
17,-249,12,0,0,0
29,-218,31,0,0,0
-0,-271,1,0,0,0
-52,-288,-34,0,0,0
13,-253,8,0,0,0
22,-227,38,0,0,0
-16,-279,-8,0,0,0
-57,-282,-41,0,0,0
10,-237,18,0,0,0
40,-206,19,0,0,0
-27,-272,-10,0,0,0
-47,-281,-49,0,0,0
15,-251,15,0,0,0
38,-225,32,0,0,0
-4,-269,-13,0,0,0
-23,-301,-49,0,0,0
22,-240,14,0,0,0
48,-198,32,0,0,0
-9,-279,-2,0,0,0
-47,-285,-18,0,0,0
-1,-242,13,0,0,0
44,-212,34,0,0,0
-13,-253,-5,0,0,0
-41,-296,-26,0,0,0
23,-233,9,0,0,0
41,-219,61,0,0,0
-5,-275,-28,0,0,0
-32,-292,-32,0,0,0
5,-251,12,0,0,0
50,-212,33,0,0,0
-6,-256,-18,0,0,0
-44,-285,-44,0,0,0
18,-246,12,0,0,0
57,-212,38,0,0,0
-11,-271,-31,0,0,0
-60,-299,-42,0,0,0
-4,-248,24,0,0,0
51,-193,35,0,0,0
-17,-269,7,0,0,0
-21,-317,-25,0,0,0
10,-229,17,0,0,0
41,-222,44,0,0,0
-20,-273,-31,0,0,0
-56,-292,-43,0,0,0
14,-251,25,0,0,0
30,-203,44,0,0,0
-5,-285,-7,0,0,0
-73,-293,-42,0,0,0
33,-239,9,0,0,0
48,-218,36,0,0,0
-5,-264,4,0,0,0
-50,-300,-23,0,0,0
0,-260,23,0,0,0
29,-200,36,0,0,0
-28,-273,-23,0,0,0
-32,-300,-28,0,0,0
11,-242,19,0,0,0
52,-216,41,0,0,0
-19,-269,-17,0,0,0
-30,-289,-54,0,0,0
7,-254,-3,0,0,0
48,-225,39,0,0,0
4,-272,-14,0,0,0
-36,-317,-47,0,0,0
10,-247,23,0,0,0
48,-225,39,0,0,0
-25,-255,-6,0,0,0
-37,-295,-30,0,0,0
-0,-225,2,0,0,0
48,-224,30,0,0,0
-14,-261,-13,0,0,0
-40,-313,-43,0,0,0
21,-234,3,0,0,0
42,-211,23,0,0,0
-20,-247,-16,0,0,0
-24,-287,-33,0,0,0
6,-249,17,0,0,0
42,-227,39,0,0,0
-11,-263,-24,0,0,0
-30,-288,-32,0,0,0
15,-252,6,0,0,0
47,-203,36,0,0,0
-18,-276,-7,0,0,0
-17,-292,-42,0,0,0
6,-236,9,0,0,0
36,-223,27,0,0,0
-22,-252,-7,0,0,0
-30,-279,-25,0,0,0
21,-250,13,0,0,0
47,-210,52,0,0,0
-27,-276,7,0,0,0
-41,-300,-22,0,0,0
7,-251,4,0,0,0
34,-209,25,0,0,0
2,-271,1,0,0,0
-36,-290,-28,0,0,0
18,-247,15,0,0,0
57,-228,42,0,0,0
-14,-274,-17,0,0,0
-35,-291,-37,0,0,0
9,-225,13,0,0,0
39,-236,49,0,0,0
1,-266,3,0,0,0
-32,-285,-27,0,0,0
21,-251,25,0,0,0
51,-225,56,0,0,0
-20,-268,-28,0,0,0
-24,-284,-38,0,0,0
9,-248,21,0,0,0
38,-200,39,0,0,0
-8,-267,-17,0,0,0
-29,-286,-43,0,0,0
6,-245,18,0,0,0
47,-226,36,0,0,0
-34,-269,-22,0,0,0
-47,-308,-41,0,0,0
30,-234,29,0,0,0
41,-210,32,0,0,0
-16,-274,-16,0,0,0
-23,-304,-33,0,0,0
17,-244,15,0,0,0
38,-207,45,0,0,0
-26,-269,-20,0,0,0
-34,-280,-22,0,0,0
20,-234,31,0,0,0
25,-221,30,0,0,0
-20,-272,-10,0,0,0
-31,-286,-49,0,0,0
28,-242,3,0,0,0
32,-212,36,0,0,0
-31,-278,-16,0,0,0
-37,-281,-34,0,0,0
16,-246,5,0,0,0
42,-206,36,0,0,0
-11,-274,-20,0,0,0
-47,-289,-30,0,0,0
18,-234,25,0,0,0
37,-213,49,0,0,0
-15,-277,-11,0,0,0
-36,-288,-45,0,0,0
11,-229,19,0,0,0
42,-212,36,0,0,0
-10,-271,-13,0,0,0
-42,-299,-37,0,0,0
20,-236,6,0,0,0
28,-207,46,0,0,0
0,-271,-17,0,0,0
-28,-273,-18,0,0,0
2,-224,18,0,0,0
53,-212,39,0,0,0
-10,-277,-27,0,0,0
-34,-284,-36,0,0,0
13,-235,16,0,0,0
47,-221,32,0,0,0
-14,-271,-5,0,0,0
-41,-275,-39,0,0,0
22,-246,20,0,0,0
42,-226,30,0,0,0
-12,-257,-25,0,0,0
-28,-275,-56,0,0,0
-7,-244,18,0,0,0
46,-230,42,0,0,0
-35,-259,-3,0,0,0
-39,-296,-34,0,0,0
24,-231,22,0,0,0
20,-230,42,0,0,0
-5,-278,-19,0,0,0
-45,-296,-52,0,0,0
4,-227,7,0,0,0
34,-227,38,0,0,0
-17,-253,5,0,0,0
-35,-298,-32,0,0,0
7,-243,14,0,0,0
48,-221,36,0,0,0
-28,-287,-11,0,0,0
-46,-296,-42,0,0,0
19,-250,17,0,0,0
31,-222,38,0,0,0
-4,-282,-13,0,0,0
-38,-302,-29,0,0,0
33,-236,20,0,0,0
26,-223,51,0,0,0
-17,-276,-22,0,0,0
-48,-290,-30,0,0,0
7,-234,10,0,0,0
38,-224,44,0,0,0
-21,-283,-16,0,0,0
-19,-300,-28,0,0,0
1,-241,18,0,0,0
34,-206,34,0,0,0
-12,-264,-31,0,0,0
-56,-284,-44,0,0,0
6,-242,4,0,0,0
52,-221,49,0,0,0
-20,-265,-16,0,0,0
-32,-284,-36,0,0,0
25,-248,28,0,0,0
39,-229,31,0,0,0
-46,-270,-27,0,0,0
-31,-264,-25,0,0,0
15,-233,14,0,0,0
58,-241,37,0,0,0
-42,-264,-15,0,0,0
-41,-297,-33,0,0,0
30,-232,-2,0,0,0
35,-229,32,0,0,0
-26,-260,-25,0,0,0
-62,-283,-57,0,0,0
35,-243,22,0,0,0
32,-215,23,0,0,0
-0,-279,-28,0,0,0
-58,-285,-36,0,0,0
19,-227,19,0,0,0
50,-216,56,0,0,0
-20,-279,-25,0,0,0
-52,-286,-14,0,0,0
20,-225,14,0,0,0
45,-213,20,0,0,0
-16,-258,-11,0,0,0
-44,-304,-33,0,0,0
19,-239,5,0,0,0
41,-226,37,0,0,0
-37,-268,-25,0,0,0
-24,-288,-44,0,0,0
20,-241,33,0,0,0
29,-220,37,0,0,0
-21,-270,-8,0,0,0
-17,-293,-49,0,0,0
2,-234,21,0,0,0
49,-214,25,0,0,0
-34,-258,-7,0,0,0
-16,-317,-33,0,0,0
19,-227,33,0,0,0
28,-219,39,0,0,0
-21,-274,-9,0,0,0
-24,-300,-19,0,0,0
17,-226,-3,0,0,0
41,-228,23,0,0,0
-9,-250,-16,0,0,0
-39,-295,-40,0,0,0
22,-236,22,0,0,0
35,-223,32,0,0,0
-24,-279,-3,0,0,0
-44,-312,-44,0,0,0
37,-227,13,0,0,0
40,-220,18,0,0,0
-2,-276,-35,0,0,0
-19,-289,-37,0,0,0
9,-257,16,0,0,0
17,-219,39,0,0,0
-5,-264,-21,0,0,0
-45,-296,-19,0,0,0
14,-248,18,0,0,0
35,-232,50,0,0,0
7,-281,-8,0,0,0
-25,-294,-35,0,0,0
4,-228,24,0,0,0
45,-221,27,0,0,0
0,-272,-3,0,0,0
-27,-291,-23,0,0,0
10,-236,6,0,0,0
35,-221,51,0,0,0
-23,-297,-24,0,0,0
-35,-294,-37,0,0,0
7,-243,19,0,0,0
51,-232,38,0,0,0
-37,-271,-23,0,0,0
-24,-300,-29,0,0,0
10,-235,9,0,0,0
43,-224,24,0,0,0
-35,-281,-15,0,0,0
-42,-308,-58,0,0,0
8,-241,19,0,0,0
31,-221,30,0,0,0
-3,-269,-6,0,0,0
-36,-280,-26,0,0,0
2,-238,29,0,0,0
53,-226,40,0,0,0
-10,-276,-18,0,0,0
-34,-285,-36,0,0,0
20,-257,26,0,0,0
31,-221,36,0,0,0
-18,-279,-40,0,0,0
-20,-288,-45,0,0,0
7,-235,16,0,0,0
34,-231,27,0,0,0
-31,-259,-33,0,0,0
-21,-292,-37,0,0,0
17,-232,37,0,0,0
50,-224,37,0,0,0
-9,-290,-20,0,0,0
-14,-288,-38,0,0,0
21,-237,23,0,0,0
49,-207,36,0,0,0
-25,-287,-11,0,0,0
-27,-287,-31,0,0,0
32,-236,11,0,0,0
34,-218,24,0,0,0
2,-268,-14,0,0,0
-27,-282,-33,0,0,0
17,-242,8,0,0,0
46,-236,32,0,0,0
-25,-283,-24,0,0,0
-31,-293,-25,0,0,0
27,-240,9,0,0,0
15,-227,55,0,0,0
-4,-271,-26,0,0,0
-49,-253,-29,0,0,0
40,-228,19,0,0,0
13,-204,56,0,0,0
-27,-292,-24,0,0,0
-38,-309,-35,0,0,0
33,-230,9,0,0,0
50,-212,26,0,0,0
-19,-266,-23,0,0,0
-31,-291,-35,0,0,0
15,-250,19,0,0,0
40,-213,32,0,0,0
-18,-282,-11,0,0,0
-39,-288,-37,0,0,0
4,-236,2,0,0,0
18,-218,36,0,0,0
-23,-287,-24,0,0,0
-47,-282,-37,0,0,0
14,-245,36,0,0,0
38,-213,34,0,0,0
-15,-279,-22,0,0,0
-52,-295,-32,0,0,0
26,-237,23,0,0,0
32,-222,41,0,0,0
-22,-271,-20,0,0,0
-27,-286,-32,0,0,0
26,-234,8,0,0,0
29,-235,34,0,0,0
-9,-288,-18,0,0,0
-46,-290,-35,0,0,0
19,-265,22,0,0,0
50,-209,37,0,0,0
-23,-266,-17,0,0,0
-40,-308,-30,0,0,0
5,-216,5,0,0,0
46,-221,31,0,0,0
-16,-282,-39,0,0,0
-54,-278,-29,0,0,0
27,-237,28,0,0,0
15,-243,30,0,0,0
-23,-275,-20,0,0,0
-34,-291,-30,0,0,0
15,-235,25,0,0,0
48,-229,32,0,0,0
-26,-279,-16,0,0,0
-50,-299,-33,0,0,0
11,-231,19,0,0,0
49,-211,30,0,0,0
-22,-296,-28,0,0,0
-27,-293,-27,0,0,0
9,-229,14,0,0,0
30,-206,49,0,0,0
-9,-258,-14,0,0,0
-27,-294,-14,0,0,0
22,-213,16,0,0,0
22,-227,21,0,0,0
-18,-262,8,0,0,0
-40,-309,-32,0,0,0
21,-223,13,0,0,0
36,-222,39,0,0,0
-27,-276,-20,0,0,0
-19,-294,-29,0,0,0
12,-249,11,0,0,0
44,-237,23,0,0,0
-8,-268,-28,0,0,0
-43,-282,-18,0,0,0
12,-223,15,0,0,0
47,-218,36,0,0,0
-18,-282,-2,0,0,0
-50,-307,-42,0,0,0
36,-235,20,0,0,0
30,-220,23,0,0,0
-29,-277,-14,0,0,0
-37,-307,-32,0,0,0
24,-242,15,0,0,0
16,-224,44,0,0,0
-15,-279,-17,0,0,0
-23,-285,-31,0,0,0
-0,-249,34,0,0,0
33,-235,30,0,0,0
-5,-297,-16,0,0,0
-45,-313,-39,0,0,0
29,-239,24,0,0,0
35,-206,47,0,0,0
-20,-259,-21,0,0,0
-58,-293,-42,0,0,0
19,-234,29,0,0,0
16,-235,26,0,0,0
-10,-280,-24,0,0,0
-23,-294,-36,0,0,0
16,-240,2,0,0,0
51,-203,38,0,0,0
-34,-267,-0,0,0,0
-18,-292,-30,0,0,0
32,-230,21,0,0,0
22,-215,34,0,0,0
-16,-294,-7,0,0,0
-31,-296,-36,0,0,0
31,-229,26,0,0,0
44,-221,38,0,0,0
-29,-257,-10,0,0,0
-23,-287,-47,0,0,0
26,-239,35,0,0,0
29,-238,56,0,0,0
-3,-271,-15,0,0,0
-26,-290,-31,0,0,0
22,-226,19,0,0,0
23,-219,32,0,0,0
-23,-288,-19,0,0,0
-44,-292,-32,0,0,0
23,-230,31,0,0,0
25,-228,21,0,0,0
-7,-284,-33,0,0,0
-37,-290,-31,0,0,0
33,-236,36,0,0,0
42,-235,24,0,0,0
3,-290,-24,0,0,0
-7,-290,-33,0,0,0
30,-233,17,0,0,0
24,-231,30,0,0,0
-37,-285,-13,0,0,0
-30,-298,-41,0,0,0
34,-222,19,0,0,0
43,-235,32,0,0,0
-27,-288,-26,0,0,0
-37,-270,-28,0,0,0
7,-255,23,0,0,0
16,-210,20,0,0,0
-25,-274,-7,0,0,0
-35,-277,-36,0,0,0
22,-230,8,0,0,0
41,-218,33,0,0,0
-37,-283,-10,0,0,0
-26,-296,-23,0,0,0
16,-252,35,0,0,0
58,-220,38,0,0,0
-20,-282,-29,0,0,0
-21,-292,-32,0,0,0
24,-245,17,0,0,0
40,-233,16,0,0,0
-23,-282,-19,0,0,0
-38,-289,-27,0,0,0
8,-231,39,0,0,0
52,-232,12,0,0,0
-34,-264,-21,0,0,0
-49,-290,-26,0,0,0
29,-224,35,0,0,0
31,-233,41,0,0,0
-15,-297,-32,0,0,0
-24,-278,-2,0,0,0
31,-237,-4,0,0,0
32,-224,27,0,0,0
-29,-287,-32,0,0,0
-25,-287,-38,0,0,0
28,-230,24,0,0,0
21,-220,25,0,0,0
-52,-269,-19,0,0,0
-52,-286,-34,0,0,0
19,-225,40,0,0,0
29,-232,29,0,0,0
-14,-266,-43,0,0,0
-35,-281,-32,0,0,0
26,-228,23,0,0,0
41,-222,38,0,0,0
-33,-291,-27,0,0,0
-37,-293,-52,0,0,0
20,-243,33,0,0,0
35,-230,42,0,0,0
-15,-276,-36,0,0,0
-37,-302,-24,0,0,0
22,-248,35,0,0,0
31,-228,28,0,0,0
-16,-291,-37,0,0,0
-25,-281,-27,0,0,0
22,-229,38,0,0,0
30,-222,25,0,0,0
-13,-285,-12,0,0,0
-40,-278,-45,0,0,0
20,-231,19,0,0,0
32,-228,20,0,0,0
-38,-281,-29,0,0,0
-37,-295,-31,0,0,0
29,-234,16,0,0,0
21,-226,34,0,0,0
-21,-280,-10,0,0,0
-40,-286,-30,0,0,0
40,-211,38,0,0,0
28,-232,26,0,0,0
-22,-272,-29,0,0,0
-45,-275,-43,0,0,0
25,-252,9,0,0,0
34,-236,26,0,0,0
-22,-285,-29,0,0,0
-43,-293,-38,0,0,0
21,-221,44,0,0,0
36,-209,42,0,0,0
-17,-288,-9,0,0,0
-33,-266,-11,0,0,0
18,-236,29,0,0,0
25,-222,36,0,0,0
-8,-282,-26,0,0,0
-42,-292,-32,0,0,0
20,-224,33,0,0,0
45,-222,27,0,0,0
-23,-270,-28,0,0,0
-37,-281,-33,0,0,0
37,-259,33,0,0,0
27,-226,20,0,0,0
-24,-276,-28,0,0,0
-14,-301,-20,0,0,0
19,-218,33,0,0,0
49,-220,22,0,0,0
-34,-293,-27,0,0,0
-37,-279,-22,0,0,0
44,-243,42,0,0,0
35,-220,39,0,0,0
-31,-281,-24,0,0,0
-44,-305,-24,0,0,0
32,-246,30,0,0,0
36,-224,24,0,0,0
-24,-264,-32,0,0,0
-27,-288,-33,0,0,0
20,-229,20,0,0,0
49,-213,19,0,0,0
-23,-283,-13,0,0,0
-38,-277,-26,0,0,0
28,-225,21,0,0,0
22,-217,26,0,0,0
-24,-272,-16,0,0,0
-22,-254,-23,0,0,0
37,-244,7,0,0,0
51,-222,36,0,0,0
-32,-284,-18,0,0,0
-36,-278,-19,0,0,0
29,-232,18,0,0,0
20,-217,22,0,0,0
-32,-284,-20,0,0,0
-35,-285,-23,0,0,0
17,-226,21,0,0,0
23,-222,48,0,0,0
-35,-255,-27,0,0,0
-29,-296,-37,0,0,0
13,-222,23,0,0,0
27,-222,38,0,0,0
-27,-291,-14,0,0,0
-28,-313,-48,0,0,0
20,-232,32,0,0,0
38,-233,31,0,0,0
-23,-273,-16,0,0,0
-33,-282,-45,0,0,0
34,-235,40,0,0,0
33,-219,34,0,0,0
-31,-279,-25,0,0,0
-30,-281,-29,0,0,0
34,-216,27,0,0,0
39,-232,20,0,0,0
-27,-278,-16,0,0,0
-39,-299,-31,0,0,0
17,-226,22,0,0,0
25,-215,32,0,0,0
-26,-249,-24,0,0,0
-36,-304,-24,0,0,0
21,-235,23,0,0,0
28,-214,33,0,0,0
-22,-284,-15,0,0,0
-25,-284,-27,0,0,0
22,-235,32,0,0,0
24,-209,22,0,0,0
-24,-275,-17,0,0,0
-37,-290,-25,0,0,0
30,-229,39,0,0,0
27,-213,30,0,0,0
-30,-288,-25,0,0,0
-21,-299,-31,0,0,0
12,-234,30,0,0,0
30,-234,28,0,0,0
-11,-293,-36,0,0,0
-43,-305,-39,0,0,0
30,-238,28,0,0,0
42,-245,33,0,0,0
-19,-278,-36,0,0,0
-24,-281,-40,0,0,0
46,-225,44,0,0,0
42,-224,27,0,0,0
-23,-274,-27,0,0,0
-33,-288,-23,0,0,0
45,-254,24,0,0,0
42,-211,28,0,0,0
-43,-291,-16,0,0,0
-11,-282,-15,0,0,0
23,-229,14,0,0,0
21,-226,37,0,0,0
-27,-289,-13,0,0,0
-28,-289,-19,0,0,0
9,-241,31,0,0,0
38,-223,18,0,0,0
-21,-263,-36,0,0,0
-32,-288,-38,0,0,0
24,-228,33,0,0,0
44,-226,30,0,0,0
-15,-269,-38,0,0,0
-14,-281,-49,0,0,0
40,-232,37,0,0,0
45,-235,26,0,0,0
-50,-290,-17,0,0,0
-45,-271,-22,0,0,0
32,-238,41,0,0,0
15,-221,22,0,0,0
-42,-288,-23,0,0,0
-17,-280,-18,0,0,0
21,-229,23,0,0,0
2,-234,40,0,0,0
-49,-284,-24,0,0,0
-47,-295,-24,0,0,0
28,-234,32,0,0,0
21,-226,29,0,0,0
-34,-277,-22,0,0,0
-7,-294,-33,0,0,0
21,-238,20,0,0,0
24,-227,19,0,0,0
-25,-277,-15,0,0,0
-19,-295,-22,0,0,0
39,-229,32,0,0,0
32,-233,19,0,0,0
-19,-282,-31,0,0,0
-25,-287,-20,0,0,0
31,-210,21,0,0,0
22,-239,32,0,0,0
-27,-291,-27,0,0,0
-46,-303,-35,0,0,0
5,-232,20,0,0,0
36,-213,35,0,0,0
-27,-275,-32,0,0,0
-18,-288,-25,0,0,0
6,-234,19,0,0,0
37,-218,32,0,0,0
-24,-284,-22,0,0,0
-25,-284,-34,0,0,0
-4,-245,38,0,0,0
37,-219,36,0,0,0
-42,-283,-47,0,0,0
-20,-293,-39,0,0,0
38,-230,30,0,0,0
34,-219,8,0,0,0
-36,-278,-10,0,0,0
-36,-279,-21,0,0,0
29,-226,22,0,0,0
18,-243,25,0,0,0
-13,-276,-45,0,0,0
-41,-278,-25,0,0,0
40,-218,32,0,0,0
26,-244,19,0,0,0
-27,-284,-24,0,0,0
-28,-287,-32,0,0,0
22,-237,21,0,0,0
27,-220,35,0,0,0
-49,-281,-41,0,0,0
-32,-289,-28,0,0,0
40,-205,25,0,0,0
23,-236,34,0,0,0
-26,-287,-28,0,0,0
-16,-294,-43,0,0,0
39,-234,27,0,0,0
31,-227,31,0,0,0
-26,-291,-21,0,0,0
-18,-284,-31,0,0,0
32,-224,35,0,0,0
22,-264,25,0,0,0
-40,-296,-22,0,0,0
-32,-284,-32,0,0,0
32,-227,41,0,0,0
33,-215,38,0,0,0
-18,-267,-26,0,0,0
-20,-285,-47,0,0,0
27,-246,4,0,0,0
22,-219,18,0,0,0
-32,-277,-37,0,0,0
-26,-264,-14,0,0,0
25,-231,12,0,0,0
29,-231,31,0,0,0
-42,-294,-38,0,0,0
-35,-286,-32,0,0,0
30,-227,40,0,0,0
22,-225,37,0,0,0
-35,-273,-17,0,0,0
-50,-267,-16,0,0,0
18,-235,32,0,0,0
30,-251,19,0,0,0
-23,-294,-37,0,0,0
-26,-305,-29,0,0,0
21,-223,21,0,0,0
21,-213,15,0,0,0
-32,-296,-34,0,0,0
-27,-297,-26,0,0,0
24,-230,47,0,0,0
41,-243,33,0,0,0
-34,-293,-61,0,0,0
-31,-295,-44,0,0,0
32,-238,35,0,0,0
31,-237,19,0,0,0
-17,-293,-29,0,0,0
-19,-280,-24,0,0,0
17,-242,23,0,0,0
27,-234,18,0,0,0
-25,-281,-31,0,0,0
-32,-295,-25,0,0,0
22,-237,35,0,0,0
31,-237,29,0,0,0
-31,-281,-55,0,0,0
-40,-282,-29,0,0,0
40,-227,46,0,0,0
41,-230,35,0,0,0
-27,-284,-35,0,0,0
-18,-279,-40,0,0,0
29,-238,29,0,0,0
31,-230,25,0,0,0
-35,-286,-24,0,0,0
-26,-270,-26,0,0,0
23,-220,41,0,0,0
15,-244,8,0,0,0
-38,-294,-30,0,0,0
-40,-283,-13,0,0,0
50,-222,29,0,0,0
28,-224,12,0,0,0
158,-269,-30,0,0,1338
205,-263,-26,0,0,1755
410,-217,33,0,0,2961
669,-209,35,0,0,4825
937,-275,-41,0,0,7144
1273,-299,-26,0,0,9669
1646,-227,24,0,0,12124
1920,-225,26,0,0,14245
2071,-296,-24,0,0,15801
2183,-283,-34,0,0,16623
2253,-208,31,0,0,16623
2124,-223,41,0,0,15801
1862,-278,-46,0,0,14245
1584,-283,-30,0,0,12124
1308,-252,21,0,0,9669
966,-232,19,0,0,7144
629,-280,-47,0,0,4825
392,-276,-48,0,0,2961
261,-219,36,0,0,1755
202,-231,15,0,0,1338
-17,-296,-28,0,0,0
-39,-279,-45,0,0,0
19,-206,37,0,0,0
-2,-243,32,0,0,0
-34,-278,-24,0,0,0
-22,-274,-3,0,0,0
30,-220,20,0,0,0
26,-235,1,0,0,0
-39,-280,-27,0,0,0
-39,-280,-41,0,0,0
25,-238,-1,0,0,0
26,-220,21,0,0,0
-32,-285,-41,0,0,0
-19,-259,-34,0,0,0
23,-237,27,0,0,0
25,-219,43,0,0,0
-34,-279,-41,0,0,0
-32,-282,-29,0,0,0
10,-235,39,0,0,0
25,-235,24,0,0,0
-36,-292,-35,0,0,0
-33,-290,-33,0,0,0
31,-230,36,0,0,0
19,-234,20,0,0,0
-38,-282,-42,0,0,0
-5,-285,-16,0,0,0
37,-237,26,0,0,0
26,-217,32,0,0,0
-38,-293,-20,0,0,0
-14,-273,-33,0,0,0
34,-236,24,0,0,0
10,-243,20,0,0,0
-36,-271,-23,0,0,0
-36,-301,-18,0,0,0
40,-222,28,0,0,0
21,-240,30,0,0,0
-46,-277,-34,0,0,0
-15,-273,-33,0,0,0
35,-208,44,0,0,0
28,-230,27,0,0,0
-26,-293,-35,0,0,0
-31,-286,-26,0,0,0
31,-213,24,0,0,0
27,-235,36,0,0,0
-44,-279,-29,0,0,0
-27,-275,-29,0,0,0
35,-222,26,0,0,0
45,-241,24,0,0,0
-47,-282,-16,0,0,0
-20,-292,-31,0,0,0
37,-236,28,0,0,0
40,-232,21,0,0,0
-31,-286,-38,0,0,0
-34,-286,-12,0,0,0
28,-237,18,0,0,0
16,-239,30,0,0,0
-25,-293,-27,0,0,0
-31,-282,-39,0,0,0
33,-231,37,0,0,0
16,-245,41,0,0,0
-36,-297,-23,0,0,0
-29,-269,-9,0,0,0
46,-229,34,0,0,0
20,-248,10,0,0,0
-23,-291,-25,0,0,0
-6,-286,-27,0,0,0
35,-222,44,0,0,0
21,-228,25,0,0,0
-31,-282,-36,0,0,0
-28,-284,-34,0,0,0
55,-239,32,0,0,0
27,-236,17,0,0,0
-19,-285,-44,0,0,0
-21,-289,-23,0,0,0
29,-225,28,0,0,0
26,-230,38,0,0,0
-18,-293,-31,0,0,0
-30,-283,-37,0,0,0
15,-225,17,0,0,0
27,-219,31,0,0,0
-39,-271,-14,0,0,0
-19,-279,-36,0,0,0
45,-211,27,0,0,0
35,-222,24,0,0,0
-36,-307,-19,0,0,0
-8,-298,-26,0,0,0
40,-228,35,0,0,0
14,-229,16,0,0,0
-42,-282,-36,0,0,0
-16,-292,-25,0,0,0
28,-215,39,0,0,0
43,-226,29,0,0,0
-50,-282,-38,0,0,0
-14,-257,-25,0,0,0
22,-219,33,0,0,0
31,-222,8,0,0,0
-47,-297,-20,0,0,0
-26,-271,-12,0,0,0
22,-236,-0,0,0,0
12,-234,16,0,0,0
-31,-267,-33,0,0,0
-29,-287,-28,0,0,0
40,-225,29,0,0,0
6,-231,35,0,0,0
-29,-294,-42,0,0,0
-25,-266,-21,0,0,0
33,-197,42,0,0,0
18,-236,38,0,0,0
-52,-281,-25,0,0,0
-22,-286,-34,0,0,0
34,-209,34,0,0,0
4,-235,15,0,0,0
-18,-281,-18,0,0,0
-46,-282,-32,0,0,0
31,-224,34,0,0,0
13,-223,26,0,0,0
-46,-279,-19,0,0,0
-27,-292,-18,0,0,0
41,-225,28,0,0,0
33,-230,30,0,0,0
-26,-291,-31,0,0,0
-23,-274,-29,0,0,0
31,-234,30,0,0,0
24,-224,33,0,0,0
-28,-301,-35,0,0,0
-21,-286,-35,0,0,0
30,-236,41,0,0,0
36,-241,22,0,0,0
-39,-281,-33,0,0,0
-23,-281,-37,0,0,0
29,-220,29,0,0,0
22,-242,4,0,0,0
-39,-275,-45,0,0,0
-14,-276,-14,0,0,0
10,-207,26,0,0,0
38,-211,23,0,0,0
-37,-284,-29,0,0,0
-22,-284,-22,0,0,0
31,-227,41,0,0,0
7,-227,38,0,0,0
-34,-300,-38,0,0,0
-19,-280,-33,0,0,0
33,-230,32,0,0,0
16,-251,15,0,0,0
-22,-298,-46,0,0,0
-30,-294,-17,0,0,0
9,-226,43,0,0,0
29,-235,15,0,0,0
-49,-297,-13,0,0,0
-20,-291,-25,0,0,0
37,-227,42,0,0,0
7,-243,34,0,0,0
-35,-292,-46,0,0,0
-21,-295,-14,0,0,0
47,-220,17,0,0,0
22,-248,18,0,0,0
-54,-296,-33,0,0,0
-14,-284,-30,0,0,0
19,-215,51,0,0,0
19,-242,17,0,0,0
-18,-284,-24,0,0,0
-8,-279,-33,0,0,0
36,-221,25,0,0,0
26,-246,27,0,0,0
-57,-304,-27,0,0,0
-11,-277,-18,0,0,0
24,-222,22,0,0,0
27,-224,39,0,0,0
-34,-282,-34,0,0,0
-35,-294,-17,0,0,0
27,-216,41,0,0,0
15,-213,38,0,0,0
-46,-286,-49,0,0,0
-10,-258,-15,0,0,0
31,-224,50,0,0,0
38,-233,22,0,0,0
-22,-303,-23,0,0,0
-35,-262,-7,0,0,0
52,-224,41,0,0,0
30,-252,17,0,0,0
-37,-292,-24,0,0,0
-20,-269,-31,0,0,0
31,-218,32,0,0,0
29,-213,31,0,0,0
-43,-291,-38,0,0,0
-30,-287,-9,0,0,0
45,-213,39,0,0,0
30,-232,14,0,0,0
-32,-271,-32,0,0,0
-11,-282,-24,0,0,0
25,-230,39,0,0,0
31,-237,24,0,0,0
-35,-287,-49,0,0,0
-21,-284,-6,0,0,0
37,-233,47,0,0,0
27,-258,21,0,0,0
-25,-274,-31,0,0,0
-16,-292,-30,0,0,0
38,-225,32,0,0,0
32,-234,16,0,0,0
-28,-283,-34,0,0,0
-24,-273,-14,0,0,0
35,-206,46,0,0,0
21,-245,20,0,0,0
-26,-303,-17,0,0,0
-11,-296,-0,0,0,0
29,-234,29,0,0,0
33,-224,0,0,0,0
-35,-305,-23,0,0,0
-18,-279,-28,0,0,0
32,-223,45,0,0,0
38,-234,29,0,0,0
-19,-296,-38,0,0,0
-27,-267,-18,0,0,0
30,-215,31,0,0,0
27,-226,11,0,0,0
-25,-283,-51,0,0,0
-21,-287,-13,0,0,0
36,-223,43,0,0,0
22,-232,20,0,0,0
-35,-297,-46,0,0,0
-13,-256,-29,0,0,0
41,-223,28,0,0,0
32,-237,31,0,0,0
-5,-266,-20,0,0,0
-17,-280,-19,0,0,0
31,-214,34,0,0,0
22,-235,-1,0,0,0
-26,-288,-21,0,0,0
-14,-276,-21,0,0,0
34,-230,33,0,0,0
19,-235,34,0,0,0
-35,-283,-24,0,0,0
-7,-278,-34,0,0,0
25,-206,36,0,0,0
30,-233,4,0,0,0
-33,-288,-41,0,0,0
2,-271,-39,0,0,0
20,-223,47,0,0,0
12,-241,6,0,0,0
-44,-292,-48,0,0,0
-19,-262,-18,0,0,0
18,-224,19,0,0,0
8,-236,-3,0,0,0
-16,-286,-34,0,0,0
-21,-270,-7,0,0,0
54,-235,16,0,0,0
21,-235,31,0,0,0
-17,-296,-47,0,0,0
-15,-266,1,0,0,0
40,-226,42,0,0,0
8,-236,19,0,0,0
-40,-299,-27,0,0,0
-25,-282,-22,0,0,0
43,-212,36,0,0,0
9,-224,32,0,0,0
-16,-278,-38,0,0,0
-7,-267,-21,0,0,0
50,-232,43,0,0,0
-4,-235,18,0,0,0
-41,-282,-23,0,0,0
-14,-276,-13,0,0,0
37,-235,25,0,0,0
22,-239,34,0,0,0
-12,-268,-30,0,0,0
-24,-281,-13,0,0,0
45,-236,27,0,0,0
24,-246,21,0,0,0
-28,-298,-33,0,0,0
-21,-284,-32,0,0,0
44,-225,29,0,0,0
15,-227,23,0,0,0
-33,-286,-25,0,0,0
-6,-262,-26,0,0,0
33,-204,38,0,0,0
5,-235,10,0,0,0
-34,-277,-38,0,0,0
-18,-275,-21,0,0,0
14,-239,38,0,0,0
18,-250,-3,0,0,0
-31,-303,-24,0,0,0
-9,-285,-35,0,0,0
57,-217,35,0,0,0
3,-241,21,0,0,0
-22,-292,-40,0,0,0
-13,-271,-20,0,0,0
31,-197,24,0,0,0
14,-239,26,0,0,0
-39,-289,-35,0,0,0
-44,-266,-25,0,0,0
22,-223,54,0,0,0
18,-242,16,0,0,0
-35,-298,-53,0,0,0
-18,-276,-34,0,0,0
47,-229,40,0,0,0
18,-242,16,0,0,0
-44,-281,-34,0,0,0
-19,-268,-2,0,0,0
34,-222,39,0,0,0
8,-238,32,0,0,0
-39,-285,-33,0,0,0
-25,-287,-5,0,0,0
41,-220,34,0,0,0
19,-224,28,0,0,0
-46,-304,-43,0,0,0
-19,-266,-32,0,0,0
41,-200,32,0,0,0
13,-254,29,0,0,0
-17,-309,-40,0,0,0
-18,-268,-22,0,0,0
43,-223,44,0,0,0
18,-235,33,0,0,0
-28,-295,-55,0,0,0
-27,-271,-16,0,0,0
33,-220,35,0,0,0
12,-235,13,0,0,0
-37,-294,-28,0,0,0
-25,-261,-21,0,0,0
23,-230,45,0,0,0
18,-248,20,0,0,0
-30,-289,-36,0,0,0
-14,-272,-8,0,0,0
37,-227,29,0,0,0
13,-237,25,0,0,0
-37,-292,-35,0,0,0
-24,-268,-1,0,0,0
46,-219,45,0,0,0
26,-236,9,0,0,0
-16,-300,-37,0,0,0
-30,-261,-20,0,0,0
34,-229,40,0,0,0
8,-223,12,0,0,0
-51,-294,-40,0,0,0
-19,-274,-24,0,0,0
28,-224,35,0,0,0
19,-234,28,0,0,0
-42,-308,-27,0,0,0
-9,-277,-20,0,0,0
55,-219,49,0,0,0
20,-239,30,0,0,0
-19,-268,-48,0,0,0
-30,-283,-16,0,0,0
39,-219,28,0,0,0
21,-244,47,0,0,0
-38,-300,-45,0,0,0
-31,-277,-33,0,0,0
20,-238,13,0,0,0
27,-253,9,0,0,0
-47,-289,-58,0,0,0
-13,-278,-8,0,0,0
44,-213,48,0,0,0
7,-237,30,0,0,0
-24,-280,-28,0,0,0
-15,-266,-17,0,0,0
32,-209,44,0,0,0
30,-258,18,0,0,0
-41,-263,-40,0,0,0
-12,-280,-8,0,0,0
54,-226,43,0,0,0
15,-255,8,0,0,0
-39,-295,-34,0,0,0
-24,-272,-32,0,0,0
44,-219,38,0,0,0
6,-229,9,0,0,0
-26,-293,-40,0,0,0
-23,-285,-20,0,0,0
48,-231,35,0,0,0
11,-235,18,0,0,0
-45,-298,-36,0,0,0
-0,-276,-8,0,0,0
45,-228,27,0,0,0
7,-236,-3,0,0,0
-31,-301,-28,0,0,0
-18,-282,-24,0,0,0
33,-232,62,0,0,0
23,-234,35,0,0,0
-26,-306,-47,0,0,0
-12,-278,-2,0,0,0
31,-207,25,0,0,0
12,-227,15,0,0,0
-40,-293,-36,0,0,0
-24,-278,-17,0,0,0
37,-214,41,0,0,0
12,-246,15,0,0,0
-37,-290,-33,0,0,0
-16,-263,-22,0,0,0
43,-216,40,0,0,0
16,-236,19,0,0,0
-25,-302,-43,0,0,0
-23,-270,-9,0,0,0
35,-226,28,0,0,0
22,-235,12,0,0,0
-46,-275,-43,0,0,0
-26,-285,-19,0,0,0
41,-216,60,0,0,0
14,-228,2,0,0,0
-39,-298,-28,0,0,0
-21,-266,-27,0,0,0
27,-222,35,0,0,0
31,-226,7,0,0,0
-31,-291,-47,0,0,0
-22,-275,-21,0,0,0
40,-224,33,0,0,0
11,-232,23,0,0,0
-39,-300,-44,0,0,0
-28,-266,2,0,0,0
37,-230,32,0,0,0
20,-247,29,0,0,0
-54,-288,-35,0,0,0
-7,-270,-20,0,0,0
33,-220,33,0,0,0
12,-231,3,0,0,0
-36,-281,-30,0,0,0
-4,-262,-14,0,0,0
25,-219,31,0,0,0
26,-254,15,0,0,0
-30,-293,-9,0,0,0
-19,-255,-11,0,0,0
50,-216,29,0,0,0
-2,-247,1,0,0,0
-47,-292,-37,0,0,0
-22,-264,-16,0,0,0
56,-216,58,0,0,0
31,-232,9,0,0,0
-37,-299,-41,0,0,0
-32,-269,-4,0,0,0
49,-228,38,0,0,0
32,-245,16,0,0,0
-23,-296,-43,0,0,0
-37,-255,-9,0,0,0
34,-218,20,0,0,0
13,-230,8,0,0,0
-40,-289,-28,0,0,0
-17,-276,-17,0,0,0
39,-214,45,0,0,0
21,-240,21,0,0,0
-32,-297,-51,0,0,0
-28,-254,-10,0,0,0
46,-222,20,0,0,0
22,-230,14,0,0,0
-39,-295,-37,0,0,0
-11,-290,-27,0,0,0
44,-219,31,0,0,0
23,-253,28,0,0,0
-35,-281,-40,0,0,0
-23,-252,-19,0,0,0
27,-227,40,0,0,0
10,-248,18,0,0,0
-50,-297,-34,0,0,0
-15,-273,-50,0,0,0
22,-212,26,0,0,0
5,-248,27,0,0,0
-42,-277,-48,0,0,0
-13,-270,-23,0,0,0
49,-215,21,0,0,0
2,-236,6,0,0,0
-21,-297,-29,0,0,0
5,-272,-19,0,0,0
67,-225,49,0,0,0
27,-248,15,0,0,0
-22,-298,-30,0,0,0
-31,-270,-19,0,0,0
31,-211,40,0,0,0
7,-252,30,0,0,0
-20,-292,-44,0,0,0
-17,-293,-17,0,0,0
30,-212,39,0,0,0
19,-247,5,0,0,0
-40,-309,-48,0,0,0
-10,-262,-45,0,0,0
42,-236,39,0,0,0
34,-246,19,0,0,0
-42,-295,-26,0,0,0
-13,-270,-13,0,0,0
28,-223,41,0,0,0
15,-247,14,0,0,0
-41,-291,-37,0,0,0
-29,-273,-24,0,0,0
33,-214,42,0,0,0
4,-225,-12,0,0,0
-47,-292,-46,0,0,0
-4,-266,-9,0,0,0
50,-215,37,0,0,0
-11,-251,11,0,0,0
-45,-288,-32,0,0,0
-10,-264,-15,0,0,0
39,-225,27,0,0,0
12,-238,26,0,0,0
-43,-309,-36,0,0,0
2,-257,-6,0,0,0
36,-210,50,0,0,0
4,-241,22,0,0,0
-24,-300,-32,0,0,0
-31,-268,-0,0,0,0
45,-212,36,0,0,0
10,-250,3,0,0,0
-52,-315,-59,0,0,0
-13,-264,-22,0,0,0
68,-205,36,0,0,0
9,-235,18,0,0,0
-51,-307,-42,0,0,0
-4,-274,-27,0,0,0
38,-210,39,0,0,0
20,-239,15,0,0,0
-43,-303,-22,0,0,0
-15,-260,-7,0,0,0
37,-204,32,0,0,0
31,-237,-2,0,0,0
-55,-290,-29,0,0,0
-28,-280,-22,0,0,0
35,-212,29,0,0,0
25,-238,17,0,0,0
-41,-275,-31,0,0,0
-14,-264,-12,0,0,0
27,-223,33,0,0,0
3,-237,6,0,0,0
-34,-292,-20,0,0,0
-5,-266,13,0,0,0
32,-242,24,0,0,0
1,-234,17,0,0,0
-33,-293,-37,0,0,0
3,-264,-0,0,0,0
20,-207,29,0,0,0
34,-241,20,0,0,0
-27,-293,-39,0,0,0
-11,-266,-12,0,0,0
51,-225,32,0,0,0
-6,-248,31,0,0,0
-28,-294,-41,0,0,0
-24,-268,-21,0,0,0
36,-200,34,0,0,0
28,-228,2,0,0,0
-37,-305,-37,0,0,0
-6,-269,-9,0,0,0
48,-222,54,0,0,0
12,-248,5,0,0,0
-37,-292,-28,0,0,0
-21,-287,-18,0,0,0
24,-219,57,0,0,0
19,-241,1,0,0,0
-49,-274,-36,0,0,0
-6,-269,-9,0,0,0
36,-225,42,0,0,0
29,-264,22,0,0,0
-44,-291,-24,0,0,0
-8,-263,-19,0,0,0
26,-219,49,0,0,0
3,-229,16,0,0,0
-30,-290,-52,0,0,0
-5,-276,-30,0,0,0
30,-240,53,0,0,0
6,-239,15,0,0,0
-40,-297,-71,0,0,0
-5,-262,-22,0,0,0
36,-227,40,0,0,0
2,-235,14,0,0,0
-35,-285,-47,0,0,0
-17,-265,-14,0,0,0
36,-204,49,0,0,0
-9,-215,1,0,0,0
-44,-294,-32,0,0,0
-4,-262,-25,0,0,0
40,-238,34,0,0,0
6,-250,26,0,0,0
-26,-288,-42,0,0,0
3,-271,-1,0,0,0
42,-207,35,0,0,0
12,-252,7,0,0,0
-42,-294,-50,0,0,0
-24,-263,-15,0,0,0
40,-226,36,0,0,0
40,-251,-17,0,0,0
-39,-299,-34,0,0,0
1,-274,-9,0,0,0
31,-217,35,0,0,0
3,-251,16,0,0,0
-26,-292,-46,0,0,0
-12,-269,-9,0,0,0
43,-229,46,0,0,0
35,-243,-0,0,0,0
-36,-297,-34,0,0,0
-12,-281,-1,0,0,0
26,-210,47,0,0,0
7,-239,17,0,0,0
-32,-289,-18,0,0,0
-14,-274,-11,0,0,0
34,-217,42,0,0,0
31,-244,12,0,0,0
-42,-292,-38,0,0,0
-17,-264,-7,0,0,0
43,-222,40,0,0,0
27,-241,25,0,0,0
-33,-291,-23,0,0,0
-4,-264,-18,0,0,0
45,-212,38,0,0,0
27,-242,21,0,0,0
-33,-279,-50,0,0,0
-2,-261,-3,0,0,0
42,-210,42,0,0,0
31,-247,6,0,0,0
-24,-304,-52,0,0,0
-22,-276,-7,0,0,0
42,-213,44,0,0,0
0,-256,1,0,0,0
-32,-308,-32,0,0,0
2,-258,-38,0,0,0
43,-237,26,0,0,0
13,-265,13,0,0,0
-34,-306,-57,0,0,0
-7,-277,11,0,0,0
32,-218,39,0,0,0
20,-263,-4,0,0,0
-30,-283,-40,0,0,0
-18,-249,-1,0,0,0
36,-233,46,0,0,0
14,-224,-3,0,0,0
-31,-277,-42,0,0,0
8,-269,1,0,0,0
44,-213,58,0,0,0
-2,-231,25,0,0,0
-21,-284,-45,0,0,0
7,-249,-5,0,0,0
23,-210,27,0,0,0
23,-245,1,0,0,0
-29,-301,-26,0,0,0
-1,-272,-6,0,0,0
25,-217,46,0,0,0
15,-229,4,0,0,0
-48,-291,-41,0,0,0
-6,-254,-10,0,0,0
52,-213,40,0,0,0
8,-256,7,0,0,0
-26,-284,-29,0,0,0
-7,-253,-23,0,0,0
48,-223,43,0,0,0
13,-260,13,0,0,0
-35,-293,-41,0,0,0
-22,-270,8,0,0,0
26,-214,58,0,0,0
1,-251,6,0,0,0
-47,-293,-25,0,0,0
-14,-256,-16,0,0,0
46,-216,34,0,0,0
-3,-235,3,0,0,0
-37,-299,-31,0,0,0
-7,-249,-20,0,0,0
55,-223,30,0,0,0
16,-252,6,0,0,0
-56,-296,-49,0,0,0
-11,-265,3,0,0,0
38,-215,46,0,0,0
4,-253,17,0,0,0
-44,-305,-42,0,0,0
-17,-269,3,0,0,0
27,-199,28,0,0,0
-8,-249,16,0,0,0
-46,-306,-43,0,0,0
7,-264,-3,0,0,0
48,-213,49,0,0,0
8,-229,16,0,0,0
-25,-295,-26,0,0,0
6,-275,-21,0,0,0
44,-228,38,0,0,0
1,-260,-7,0,0,0
-46,-305,-49,0,0,0
-13,-261,-12,0,0,0
35,-219,39,0,0,0
-3,-241,1,0,0,0
-54,-311,-45,0,0,0
-8,-245,-1,0,0,0
62,-224,52,0,0,0
38,-246,18,0,0,0
-38,-299,-27,0,0,0
-22,-281,-12,0,0,0
21,-213,47,0,0,0
-5,-256,14,0,0,0
-38,-299,-59,0,0,0
-25,-252,-24,0,0,0
58,-226,38,0,0,0
18,-261,12,0,0,0
-57,-267,-32,0,0,0
-19,-249,10,0,0,0
25,-218,48,0,0,0
10,-254,16,0,0,0
-27,-316,-40,0,0,0
-12,-247,-1,0,0,0
39,-218,42,0,0,0
-8,-247,14,0,0,0
-46,-297,-36,0,0,0
3,-265,-7,0,0,0
46,-204,41,0,0,0
-10,-264,5,0,0,0
-11,-287,-48,0,0,0
6,-254,-13,0,0,0
35,-214,36,0,0,0
-1,-258,13,0,0,0
-30,-292,-39,0,0,0
1,-265,-8,0,0,0
43,-219,42,0,0,0
2,-247,2,0,0,0
-39,-305,-35,0,0,0
1,-276,-5,0,0,0
47,-209,50,0,0,0
-2,-246,18,0,0,0
-26,-286,-43,0,0,0
3,-262,-3,0,0,0
49,-229,43,0,0,0
-0,-261,-5,0,0,0
-23,-303,-58,0,0,0
4,-262,-13,0,0,0
52,-204,55,0,0,0
0,-231,0,0,0,0
-30,-279,-32,0,0,0
-8,-263,-5,0,0,0
49,-216,40,0,0,0
-3,-233,1,0,0,0
-41,-315,-29,0,0,0
-1,-288,-7,0,0,0
39,-216,32,0,0,0
3,-243,1,0,0,0
-61,-297,-28,0,0,0
4,-254,10,0,0,0
41,-209,27,0,0,0
2,-239,0,0,0,0
-50,-285,-59,0,0,0
-7,-268,-11,0,0,0
52,-216,36,0,0,0
4,-253,15,0,0,0
-33,-302,-34,0,0,0
-13,-280,-15,0,0,0
17,-216,26,0,0,0
3,-249,2,0,0,0
-40,-295,-44,0,0,0
6,-258,-8,0,0,0
48,-235,42,0,0,0
22,-251,18,0,0,0
-45,-307,-43,0,0,0
1,-266,-13,0,0,0
28,-231,58,0,0,0
16,-263,7,0,0,0
-45,-312,-24,0,0,0
-0,-268,-0,0,0,0
25,-218,45,0,0,0
17,-236,13,0,0,0
-44,-287,-25,0,0,0
-1,-260,0,0,0,0
24,-219,30,0,0,0
24,-278,11,0,0,0
-42,-299,-50,0,0,0
5,-264,-6,0,0,0
32,-213,45,0,0,0
-11,-250,30,0,0,0
-36,-301,-7,0,0,0
-7,-269,3,0,0,0
33,-205,27,0,0,0
1,-269,9,0,0,0
-37,-274,-42,0,0,0
-9,-260,-17,0,0,0
57,-216,41,0,0,0
10,-249,-11,0,0,0
-52,-291,-45,0,0,0
-5,-264,-9,0,0,0
35,-221,43,0,0,0
-12,-260,9,0,0,0
-41,-290,-39,0,0,0
19,-251,-1,0,0,0
43,-224,36,0,0,0
-4,-262,-11,0,0,0
-20,-307,-47,0,0,0
-1,-241,-26,0,0,0
32,-218,43,0,0,0
-16,-270,-15,0,0,0
-48,-309,-39,0,0,0
-3,-256,7,0,0,0
38,-230,31,0,0,0
18,-267,14,0,0,0
-24,-290,-36,0,0,0
-19,-255,-3,0,0,0
38,-208,51,0,0,0
16,-251,-13,0,0,0
-34,-312,-35,0,0,0
-7,-262,-3,0,0,0
53,-212,32,0,0,0
-0,-257,14,0,0,0
-37,-292,-37,0,0,0
-9,-251,-1,0,0,0
29,-208,47,0,0,0
-27,-244,-3,0,0,0
-47,-299,-43,0,0,0
-5,-252,3,0,0,0
42,-223,50,0,0,0
10,-242,2,0,0,0
-31,-296,-33,0,0,0
-6,-240,-11,0,0,0
34,-206,49,0,0,0
-6,-246,1,0,0,0
-45,-301,-30,0,0,0
-6,-265,-14,0,0,0
35,-203,47,0,0,0
12,-259,-10,0,0,0
-69,-295,-49,0,0,0
1,-269,-3,0,0,0
44,-238,33,0,0,0
10,-260,6,0,0,0
-36,-309,-43,0,0,0
-21,-257,-12,0,0,0
15,-216,46,0,0,0
-7,-252,13,0,0,0
-51,-304,-37,0,0,0
-8,-256,-6,0,0,0
54,-223,46,0,0,0
-9,-243,2,0,0,0
-18,-294,-43,0,0,0
-5,-285,6,0,0,0
32,-226,35,0,0,0
14,-250,-5,0,0,0
-34,-297,-38,0,0,0
7,-275,2,0,0,0
33,-213,40,0,0,0
3,-222,15,0,0,0
-28,-310,-49,0,0,0
10,-246,2,0,0,0
19,-202,48,0,0,0
2,-257,10,0,0,0
-64,-321,-48,0,0,0
7,-265,1,0,0,0
53,-218,32,0,0,0
3,-254,20,0,0,0
-50,-299,-38,0,0,0
-13,-243,-15,0,0,0
48,-209,43,0,0,0
-3,-251,12,0,0,0
-40,-286,-43,0,0,0
19,-242,-8,0,0,0
58,-215,28,0,0,0
6,-266,-12,0,0,0
-51,-288,-48,0,0,0
10,-274,-21,0,0,0
29,-207,47,0,0,0
1,-266,-8,0,0,0
-45,-303,-30,0,0,0
3,-259,-11,0,0,0
44,-212,39,0,0,0
5,-244,-4,0,0,0
-23,-289,-50,0,0,0
-7,-248,3,0,0,0
32,-210,47,0,0,0
-1,-247,11,0,0,0
-46,-288,-33,0,0,0
-9,-264,-1,0,0,0
45,-223,48,0,0,0
17,-253,-9,0,0,0
-50,-306,-50,0,0,0
-19,-256,3,0,0,0
45,-227,38,0,0,0
7,-242,-7,0,0,0
-44,-315,-26,0,0,0
-6,-260,-12,0,0,0
55,-216,43,0,0,0
-4,-248,-7,0,0,0
-40,-307,-39,0,0,0
6,-257,9,0,0,0
24,-219,29,0,0,0
-8,-271,1,0,0,0
-32,-291,-42,0,0,0
9,-265,-2,0,0,0
42,-216,29,0,0,0
3,-254,13,0,0,0
-39,-312,-55,0,0,0
1,-265,-25,0,0,0
52,-222,23,0,0,0
-6,-255,2,0,0,0
-39,-302,-50,0,0,0
-8,-261,-2,0,0,0
58,-211,49,0,0,0
-9,-267,25,0,0,0
-36,-321,-33,0,0,0
-11,-257,-9,0,0,0
31,-195,30,0,0,0
8,-256,-8,0,0,0
-30,-292,-40,0,0,0
-7,-257,-12,0,0,0
26,-226,35,0,0,0
-11,-260,-5,0,0,0
-43,-293,-40,0,0,0
8,-256,-2,0,0,0
38,-209,24,0,0,0
20,-242,-0,0,0,0
-39,-289,-36,0,0,0
4,-269,11,0,0,0
37,-214,46,0,0,0
7,-259,-11,0,0,0
-33,-285,-41,0,0,0
-18,-270,-9,0,0,0
40,-205,22,0,0,0
1,-258,6,0,0,0
-29,-311,-46,0,0,0
-2,-258,3,0,0,0
39,-212,20,0,0,0
-16,-253,3,0,0,0
-27,-297,-40,0,0,0
25,-266,-13,0,0,0
33,-203,55,0,0,0
1,-243,2,0,0,0
-22,-285,-50,0,0,0
-2,-248,-10,0,0,0
47,-194,29,0,0,0
12,-250,-5,0,0,0
-47,-306,-52,0,0,0
-23,-252,6,0,0,0
24,-216,26,0,0,0
-6,-251,6,0,0,0
-34,-306,-53,0,0,0
-3,-257,-4,0,0,0
29,-231,45,0,0,0
-7,-246,10,0,0,0
-31,-298,-29,0,0,0
-15,-270,22,0,0,0
