0,-254,0,0,0,0
0,-261,0,0,0,0
0,-255,0,0,0,0
0,-269,0,0,0,0
0,-259,0,0,0,0
0,-251,0,0,0,0
0,-255,0,0,0,0
0,-249,0,0,0,0
0,-248,0,0,0,0
0,-267,0,0,0,0
0,-260,0,0,0,0
0,-252,0,0,0,0
0,-259,0,0,0,0
0,-248,0,0,0,0
0,-260,0,0,0,0
0,-253,0,0,0,0
0,-248,0,0,0,0
0,-253,0,0,0,0
0,-252,0,0,0,0
0,-256,0,0,0,0
0,-255,0,0,0,0
0,-257,0,0,0,0
0,-253,0,0,0,0
0,-249,0,0,0,0
0,-257,0,0,0,0
0,-248,0,0,0,0
0,-262,0,0,0,0
0,-256,0,0,0,0
0,-258,0,0,0,0
0,-262,0,0,0,0
0,-253,0,0,0,0
0,-247,0,0,0,0
0,-267,0,0,0,0
0,-261,0,0,0,0
0,-255,0,0,0,0
0,-254,0,0,0,0
0,-255,0,0,0,0
0,-254,0,0,0,0
0,-257,0,0,0,0
0,-257,0,0,0,0
0,-253,0,0,0,0
0,-253,0,0,0,0
0,-263,0,0,0,0
0,-262,0,0,0,0
0,-263,0,0,0,0
0,-258,0,0,0,0
0,-256,0,0,0,0
0,-251,0,0,0,0
0,-257,0,0,0,0
0,-253,0,0,0,0
0,-255,0,0,0,0
0,-255,0,0,0,0
0,-257,0,0,0,0
0,-256,0,0,0,0
0,-249,0,0,0,0
0,-250,0,0,0,0
0,-250,0,0,0,0
0,-255,0,0,0,0
0,-258,0,0,0,0
0,-260,0,0,0,0
0,-264,0,0,0,0
0,-256,0,0,0,0
0,-258,0,0,0,0
0,-253,0,0,0,0
0,-255,0,0,0,0
0,-249,0,0,0,0
0,-262,0,0,0,0
0,-258,0,0,0,0
0,-257,0,0,0,0
0,-262,0,0,0,0
0,-255,0,0,0,0
0,-259,0,0,0,0
0,-249,0,0,0,0
0,-260,0,0,0,0
0,-258,0,0,0,0
0,-251,0,0,0,0
0,-265,0,0,0,0
0,-250,0,0,0,0
0,-254,0,0,0,0
0,-254,0,0,0,0
0,-257,0,0,0,0
0,-255,0,0,0,0
0,-258,0,0,0,0
0,-255,0,0,0,0
0,-247,0,0,0,0
0,-261,0,0,0,0
0,-250,0,0,0,0
0,-251,0,0,0,0
0,-256,0,0,0,0
0,-255,0,0,0,0
0,-255,0,0,0,0
0,-243,0,0,0,0
0,-252,0,0,0,0
0,-261,0,0,0,0
0,-256,0,0,0,0
0,-260,0,0,0,0
0,-256,0,0,0,0
0,-256,0,0,0,0
0,-250,0,0,0,0
0,-255,0,0,0,0
0,-262,0,0,0,0
0,-250,0,0,0,0
0,-247,0,0,0,0
0,-250,0,0,0,0
0,-249,0,0,0,0
0,-257,0,0,0,0
0,-245,0,0,0,0
0,-258,0,0,0,0
0,-257,0,0,0,0
0,-253,0,0,0,0
0,-253,0,0,0,0
0,-255,0,0,0,0
0,-251,0,0,0,0
0,-256,0,0,0,0
0,-265,0,0,0,0
0,-254,0,0,0,0
0,-256,0,0,0,0
0,-265,0,0,0,0
0,-246,0,0,0,0
0,-259,0,0,0,0
0,-255,0,0,0,0
0,-259,0,0,0,0
0,-261,0,0,0,0
0,-264,0,0,0,0
0,-253,0,0,0,0
0,-251,0,0,0,0
0,-254,0,0,0,0
0,-249,0,0,0,0
0,-256,0,0,0,0
0,-253,0,0,0,0
0,-259,0,0,0,0
0,-249,0,0,0,0
0,-255,0,0,0,0
0,-258,0,0,0,0
0,-262,0,0,0,0
0,-257,0,0,0,0
0,-249,0,0,0,0
0,-266,0,0,0,0
0,-253,0,0,0,0
0,-261,0,0,0,0
0,-256,0,0,0,0
0,-246,0,0,0,0
0,-259,0,0,0,0
0,-260,0,0,0,0
0,-257,0,0,0,0
0,-245,0,0,0,0
0,-271,0,0,0,0
0,-257,0,0,0,0
0,-258,0,0,0,0
0,-253,0,0,0,0
0,-247,0,0,0,0
0,-254,0,0,0,0
0,-261,0,0,0,0
0,-253,0,0,0,0
0,-249,0,0,0,0
0,-264,0,0,0,0
0,-269,0,0,0,0
0,-253,0,0,0,0
0,-260,0,0,0,0
0,-255,0,0,0,0
0,-251,0,0,0,0
0,-259,0,0,0,0
0,-255,0,0,0,0
0,-247,0,0,0,0
0,-255,0,0,0,0
0,-258,0,0,0,0
0,-254,0,0,0,0
0,-254,0,0,0,0
0,-256,0,0,0,0
0,-251,0,0,0,0
0,-254,0,0,0,0
0,-247,0,0,0,0
0,-257,0,0,0,0
0,-252,0,0,0,0
0,-265,0,0,0,0
0,-256,0,0,0,0
0,-255,0,0,0,0
0,-251,0,0,0,0
0,-253,0,0,0,0
0,-255,0,0,0,0
0,-264,0,0,0,0
0,-249,0,0,0,0
0,-258,0,0,0,0
0,-245,0,0,0,0
0,-261,0,0,0,0
0,-257,0,0,0,0
0,-262,0,0,0,0
0,-266,0,0,0,0
0,-262,0,0,0,0
0,-266,0,0,0,0
0,-262,0,0,0,0
0,-260,0,0,0,0
0,-257,0,0,0,0
0,-259,0,0,0,0
0,-250,0,0,0,0
0,-265,0,0,0,0
0,-262,0,0,0,0
0,-256,0,0,0,0
0,-261,0,0,0,0
0,-262,0,0,0,0
0,-251,0,0,0,0
0,-249,0,0,0,0
0,-253,0,0,0,0
0,-249,0,0,0,0
0,-254,0,0,0,0
0,-260,0,0,0,0
0,-255,0,0,0,0
0,-258,0,0,0,0
0,-253,0,0,0,0
0,-261,0,0,0,0
0,-265,0,0,0,0
0,-258,0,0,0,0
0,-248,0,0,0,0
0,-261,0,0,0,0
0,-252,0,0,0,0
0,-258,0,0,0,0
0,-251,0,0,0,0
0,-258,0,0,0,0
0,-258,0,0,0,0
0,-243,0,0,0,0
0,-262,0,0,0,0
0,-253,0,0,0,0
0,-261,0,0,0,0
0,-255,0,0,0,0
0,-261,0,0,0,0
0,-261,0,0,0,0
0,-255,0,0,0,0
0,-248,0,0,0,0
0,-248,0,0,0,0
0,-256,0,0,0,0
0,-262,0,0,0,0
0,-254,0,0,0,0
0,-256,0,0,0,0
0,-245,0,0,0,0
0,-262,0,0,0,0
0,-264,0,0,0,0
0,-254,0,0,0,0
0,-256,0,0,0,0
0,-255,0,0,0,0
0,-249,0,0,0,0
0,-258,0,0,0,0
0,-257,0,0,0,0
0,-259,0,0,0,0
0,-251,0,0,0,0
0,-243,0,0,0,0
0,-258,0,0,0,0
0,-256,0,0,0,0
0,-253,0,0,0,0
0,-254,0,0,0,0
0,-257,0,0,0,0
0,-266,0,0,0,0
0,-254,0,0,0,0
0,-247,0,0,0,0
0,-266,0,0,0,0
0,-246,0,0,0,0
0,-251,0,0,0,0
0,-259,0,0,0,0
0,-248,0,0,0,0
0,-265,0,0,0,0
0,-265,0,0,0,0
0,-253,0,0,0,0
0,-248,0,0,0,0
0,-257,0,0,0,0
0,-256,0,0,0,0
0,-266,0,0,0,0
0,-255,0,0,0,0
0,-253,0,0,0,0
0,-260,0,0,0,0
0,-261,0,0,0,0
0,-252,0,0,0,0
0,-263,0,0,0,0
0,-258,0,0,0,0
0,-250,0,0,0,0
0,-258,0,0,0,0
0,-263,0,0,0,0
0,-262,0,0,0,0
0,-262,0,0,0,0
0,-253,0,0,0,0
0,-267,0,0,0,0
0,-256,0,0,0,0
0,-263,0,0,0,0
0,-252,0,0,0,0
0,-250,0,0,0,0
0,-253,0,0,0,0
0,-256,0,0,0,0
0,-255,0,0,0,0
0,-246,0,0,0,0
0,-262,0,0,0,0
0,-260,0,0,0,0
0,-254,0,0,0,0
0,-261,0,0,0,0
0,-255,0,0,0,0
0,-256,0,0,0,0
0,-255,0,0,0,0
0,-261,0,0,0,0
0,-254,0,0,0,0
0,-256,0,0,0,0
0,-265,0,0,0,0
0,-258,0,0,0,0
0,-265,0,0,0,0
0,-250,0,0,0,0
0,-253,0,0,0,0
0,-260,0,0,0,0
0,-259,0,0,0,0
0,-257,0,0,0,0
0,-258,0,0,0,0
0,-249,0,0,0,0
0,-244,0,0,0,0
0,-253,0,0,0,0
0,-255,0,0,0,0
0,-257,0,0,0,0
0,-251,0,0,0,0
0,-256,0,0,0,0
0,-257,0,0,0,0
0,-258,0,0,0,0
0,-257,0,0,0,0
0,-259,0,0,0,0
0,-259,0,0,0,0
0,-257,0,0,0,0
0,-246,0,0,0,0
0,-253,0,0,0,0
0,-257,0,0,0,0
0,-260,0,0,0,0
0,-255,0,0,0,0
0,-256,0,0,0,0
0,-253,0,0,0,0
0,-253,0,0,0,0
0,-262,0,0,0,0
0,-262,0,0,0,0
0,-249,0,0,0,0
0,-258,0,0,0,0
0,-254,0,0,0,0
0,-249,0,0,0,0
0,-244,0,0,0,0
0,-251,0,0,0,0
0,-248,0,0,0,0
0,-250,0,0,0,0
0,-253,0,0,0,0
0,-253,0,0,0,0
0,-253,0,0,0,0
0,-252,0,0,0,0
0,-252,0,0,0,0
0,-260,0,0,0,0
0,-247,0,0,0,0
0,-248,0,0,0,0
0,-257,0,0,0,0
0,-259,0,0,0,0
0,-246,0,0,0,0
0,-256,0,0,0,0
0,-270,0,0,0,0
0,-248,0,0,0,0
0,-255,0,0,0,0
0,-253,0,0,0,0
0,-256,0,0,0,0
0,-251,0,0,0,0
0,-263,0,0,0,0
0,-253,0,0,0,0
0,-263,0,0,0,0
0,-268,0,0,0,0
0,-264,0,0,0,0
0,-260,0,0,0,0
0,-254,0,0,0,0
0,-253,0,0,0,0
0,-253,0,0,0,0
0,-247,0,0,0,0
0,-258,0,0,0,0
0,-255,0,0,0,0
0,-263,0,0,0,0
0,-260,0,0,0,0
0,-259,0,0,0,0
0,-243,0,0,0,0
0,-253,0,0,0,0
0,-251,0,0,0,0
0,-255,0,0,0,0
0,-256,0,0,0,0
0,-258,0,0,0,0
0,-256,0,0,0,0
0,-255,0,0,0,0
0,-254,0,0,0,0
0,-250,0,0,0,0
0,-248,0,0,0,0
0,-261,0,0,0,0
0,-254,0,0,0,0
0,-253,0,0,0,0
0,-251,0,0,0,0
0,-253,0,0,0,0
0,-259,0,0,0,0
0,-252,0,0,0,0
0,-262,0,0,0,0
0,-253,0,0,0,0
0,-260,0,0,0,0
0,-254,0,0,0,0
0,-255,0,0,0,0
0,-253,0,0,0,0
0,-260,0,0,0,0
0,-259,0,0,0,0
0,-252,0,0,0,0
0,-265,0,0,0,0
0,-255,0,0,0,0
0,-259,0,0,0,0
0,-255,0,0,0,0
0,-258,0,0,0,0
0,-255,0,0,0,0
0,-259,0,0,0,0
0,-255,0,0,0,0
0,-258,0,0,0,0
0,-256,0,0,0,0
0,-255,0,0,0,0
0,-254,0,0,0,0
0,-251,0,0,0,0
0,-268,0,0,0,0
0,-257,0,0,0,0
0,-254,0,0,0,0
0,-255,0,0,0,0
0,-255,0,0,0,0
0,-261,0,0,0,0
0,-252,0,0,0,0
0,-253,0,0,0,0
0,-258,0,0,0,0
0,-254,0,0,0,0
0,-256,0,0,0,0
0,-265,0,0,0,0
0,-264,0,0,0,0
0,-258,0,0,0,0
0,-255,0,0,0,0
0,-256,0,0,0,0
0,-250,0,0,0,0
0,-254,0,0,0,0
0,-256,0,0,0,0
0,-255,0,0,0,0
0,-267,0,0,0,0
0,-257,0,0,0,0
0,-250,0,0,0,0
0,-261,0,0,0,0
0,-251,0,0,0,0
0,-263,0,0,0,0
0,-267,0,0,0,0
0,-256,0,0,0,0
0,-258,0,0,0,0
0,-258,0,0,0,0
0,-256,0,0,0,0
0,-248,0,0,0,0
0,-264,0,0,0,0
0,-252,0,0,0,0
0,-258,0,0,0,0
0,-264,0,0,0,0
0,-261,0,0,0,0
0,-256,0,0,0,0
0,-255,0,0,0,0
0,-256,0,0,0,0
0,-257,0,0,0,0
0,-249,0,0,0,0
0,-245,0,0,0,0
0,-255,0,0,0,0
0,-265,0,0,0,0
0,-250,0,0,0,0
0,-253,0,0,0,0
0,-253,0,0,0,0
0,-261,0,0,0,0
0,-264,0,0,0,0
0,-256,0,0,0,0
0,-262,0,0,0,0
0,-251,0,0,0,0
0,-255,0,0,0,0
0,-262,0,0,0,0
0,-257,0,0,0,0
0,-259,0,0,0,0
0,-260,0,0,0,0
0,-250,0,0,0,0
0,-260,0,0,0,0
0,-255,0,0,0,0
0,-260,0,0,0,0
0,-257,0,0,0,0
0,-258,0,0,0,0
0,-251,0,0,0,0
0,-259,0,0,0,0
0,-251,0,0,0,0
0,-250,0,0,0,0
0,-256,0,0,0,0
0,-255,0,0,0,0
0,-260,0,0,0,0
0,-256,0,0,0,0
0,-264,0,0,0,0
0,-264,0,0,0,0
0,-256,0,0,0,0
0,-268,0,0,0,0
0,-251,0,0,0,0
0,-256,0,0,0,0
0,-251,0,0,0,0
0,-253,0,0,0,0
0,-252,0,0,0,0
0,-253,0,0,0,0
0,-257,0,0,0,0
0,-252,0,0,0,0
0,-256,0,0,0,0
0,-256,0,0,0,0
0,-255,0,0,0,0
0,-257,0,0,0,0
0,-253,0,0,0,0
0,-247,0,0,0,0
0,-251,0,0,0,0
0,-251,0,0,0,0
0,-257,0,0,0,0
0,-262,0,0,0,0
0,-256,0,0,0,0
0,-254,0,0,0,0
0,-257,0,0,0,0
0,-260,0,0,0,0
0,-253,0,0,0,0
0,-250,0,0,0,0
0,-261,0,0,0,0
0,-265,0,0,0,0
0,-250,0,0,0,0
0,-250,0,0,0,0
0,-255,0,0,0,0
0,-258,0,0,0,0
0,-253,0,0,0,0
0,-242,0,0,0,0
0,-255,0,0,0,0
0,-253,0,0,0,0
0,-254,0,0,0,0
0,-259,0,0,0,0
0,-258,0,0,0,0
0,-251,0,0,0,0
0,-249,0,0,0,0
0,-262,0,0,0,0
0,-254,0,0,0,0
0,-257,0,0,0,0
0,-262,0,0,0,0
0,-258,0,0,0,0
0,-249,0,0,0,0
0,-257,0,0,0,0
0,-254,0,0,0,0
0,-255,0,0,0,0
0,-251,0,0,0,0
0,-264,0,0,0,0
0,-264,0,0,0,0
0,-255,0,0,0,0
0,-249,0,0,0,0
0,-253,0,0,0,0
0,-261,0,0,0,0
0,-252,0,0,0,0
0,-256,0,0,0,0
0,-256,0,0,0,0
0,-243,0,0,0,0
0,-266,0,0,0,0
0,-263,0,0,0,0
0,-263,0,0,0,0
0,-255,0,0,0,0
0,-251,0,0,0,0
0,-254,0,0,0,0
0,-261,0,0,0,0
0,-255,0,0,0,0
0,-250,0,0,0,0
0,-259,0,0,0,0
0,-257,0,0,0,0
0,-258,0,0,0,0
0,-259,0,0,0,0
0,-253,0,0,0,0
0,-251,0,0,0,0
0,-252,0,0,0,0
0,-256,0,0,0,0
0,-259,0,0,0,0
0,-254,0,0,0,0
0,-251,0,0,0,0
0,-263,0,0,0,0
0,-252,0,0,0,0
0,-248,0,0,0,0
0,-254,0,0,0,0
0,-248,0,0,0,0
0,-254,0,0,0,0
0,-252,0,0,0,0
0,-255,0,0,0,0
0,-258,0,0,0,0
0,-247,0,0,0,0
0,-265,0,0,0,0
0,-259,0,0,0,0
0,-254,0,0,0,0
0,-248,0,0,0,0
0,-254,0,0,0,0
0,-252,0,0,0,0
0,-256,0,0,0,0
0,-253,0,0,0,0
0,-255,0,0,0,0
0,-258,0,0,0,0
0,-255,0,0,0,0
0,-265,0,0,0,0
0,-257,0,0,0,0
0,-245,0,0,0,0
0,-259,0,0,0,0
0,-255,0,0,0,0
0,-259,0,0,0,0
0,-259,0,0,0,0
0,-261,0,0,0,0
0,-251,0,0,0,0
0,-258,0,0,0,0
0,-257,0,0,0,0
0,-245,0,0,0,0
0,-258,0,0,0,0
0,-254,0,0,0,0
0,-267,0,0,0,0
0,-259,0,0,0,0
0,-254,0,0,0,0
0,-259,0,0,0,0
0,-254,0,0,0,0
0,-256,0,0,0,0
0,-256,0,0,0,0
0,-251,0,0,0,0
0,-259,0,0,0,0
0,-251,0,0,0,0
0,-260,0,0,0,0
0,-258,0,0,0,0
0,-253,0,0,0,0
0,-250,0,0,0,0
0,-254,0,0,0,0
0,-263,0,0,0,0
0,-258,0,0,0,0
0,-256,0,0,0,0
0,-253,0,0,0,0
0,-259,0,0,0,0
0,-253,0,0,0,0
0,-255,0,0,0,0
0,-255,0,0,0,0
0,-268,0,0,0,0
0,-248,0,0,0,0
0,-257,0,0,0,0
0,-260,0,0,0,0
0,-253,0,0,0,0
0,-254,0,0,0,0
0,-256,0,0,0,0
0,-262,0,0,0,0
0,-248,0,0,0,0
0,-265,0,0,0,0
0,-256,0,0,0,0
0,-253,0,0,0,0
0,-254,0,0,0,0
0,-260,0,0,0,0
0,-253,0,0,0,0
0,-253,0,0,0,0
0,-262,0,0,0,0
0,-257,0,0,0,0
0,-252,0,0,0,0
0,-259,0,0,0,0
0,-253,0,0,0,0
0,-255,0,0,0,0
0,-249,0,0,0,0
0,-248,0,0,0,0
0,-256,0,0,0,0
0,-243,0,0,0,0
0,-263,0,0,0,0
0,-252,0,0,0,0
0,-253,0,0,0,0
0,-259,0,0,0,0
0,-254,0,0,0,0
0,-259,0,0,0,0
0,-254,0,0,0,0
0,-246,0,0,0,0
0,-261,0,0,0,0
0,-252,0,0,0,0
0,-251,0,0,0,0
0,-252,0,0,0,0
0,-243,0,0,0,0
0,-261,0,0,0,0
0,-252,0,0,0,0
0,-250,0,0,0,0
0,-256,0,0,0,0
0,-256,0,0,0,0
0,-264,0,0,0,0
0,-252,0,0,0,0
0,-260,0,0,0,0
0,-257,0,0,0,0
0,-252,0,0,0,0
0,-260,0,0,0,0
0,-256,0,0,0,0
0,-255,0,0,0,0
0,-257,0,0,0,0
0,-265,0,0,0,0
0,-252,0,0,0,0
0,-263,0,0,0,0
0,-257,0,0,0,0
0,-250,0,0,0,0
0,-254,0,0,0,0
0,-263,0,0,0,0
0,-254,0,0,0,0
0,-251,0,0,0,0
0,-264,0,0,0,0
0,-251,0,0,0,0
0,-263,0,0,0,0
0,-260,0,0,0,0
0,-259,0,0,0,0
0,-263,0,0,0,0
0,-254,0,0,0,0
0,-256,0,0,0,0
0,-249,0,0,0,0
0,-260,0,0,0,0
0,-252,0,0,0,0
0,-245,0,0,0,0
0,-251,0,0,0,0
0,-261,0,0,0,0
0,-255,0,0,0,0
0,-258,0,0,0,0
0,-262,0,0,0,0
0,-256,0,0,0,0
0,-263,0,0,0,0
0,-253,0,0,0,0
0,-261,0,0,0,0
0,-263,0,0,0,0
0,-260,0,0,0,0
0,-254,0,0,0,0
0,-257,0,0,0,0
0,-258,0,0,0,0
0,-259,0,0,0,0
0,-263,0,0,0,0
0,-248,0,0,0,0
0,-247,0,0,0,0
0,-253,0,0,0,0
0,-247,0,0,0,0
0,-247,0,0,0,0
0,-257,0,0,0,0
0,-259,0,0,0,0
0,-252,0,0,0,0
0,-260,0,0,0,0
0,-263,0,0,0,0
0,-257,0,0,0,0
0,-259,0,0,0,0
0,-262,0,0,0,0
0,-255,0,0,0,0
0,-256,0,0,0,0
0,-256,0,0,0,0
0,-248,0,0,0,0
0,-249,0,0,0,0
0,-257,0,0,0,0
0,-262,0,0,0,0
0,-245,0,0,0,0
0,-259,0,0,0,0
0,-252,0,0,0,0
0,-257,0,0,0,0
0,-250,0,0,0,0
0,-254,0,0,0,0
0,-251,0,0,0,0
0,-256,0,0,0,0
0,-264,0,0,0,0
0,-267,0,0,0,0
0,-253,0,0,0,0
0,-256,0,0,0,0
0,-252,0,0,0,0
0,-256,0,0,0,0
0,-247,0,0,0,0
0,-249,0,0,0,0
0,-251,0,0,0,0
0,-257,0,0,0,0
0,-254,0,0,0,0
0,-267,0,0,0,0
0,-271,0,0,0,0
0,-257,0,0,0,0
0,-257,0,0,0,0
0,-247,0,0,0,0
0,-251,0,0,0,0
0,-256,0,0,0,0
0,-250,0,0,0,0
0,-252,0,0,0,0
0,-254,0,0,0,0
0,-256,0,0,0,0
0,-265,0,0,0,0
0,-258,0,0,0,0
0,-256,0,0,0,0
0,-254,0,0,0,0
0,-256,0,0,0,0
0,-254,0,0,0,0
0,-258,0,0,0,0
0,-259,0,0,0,0
0,-249,0,0,0,0
0,-259,0,0,0,0
0,-260,0,0,0,0
0,-257,0,0,0,0
0,-246,0,0,0,0
0,-251,0,0,0,0
0,-261,0,0,0,0
0,-258,0,0,0,0
0,-249,0,0,0,0
0,-258,0,0,0,0
0,-262,0,0,0,0
0,-264,0,0,0,0
0,-264,0,0,0,0
0,-250,0,0,0,0
0,-257,0,0,0,0
0,-257,0,0,0,0
0,-252,0,0,0,0
0,-252,0,0,0,0
0,-251,0,0,0,0
0,-257,0,0,0,0
0,-256,0,0,0,0
0,-257,0,0,0,0
0,-258,0,0,0,0
0,-257,0,0,0,0
0,-262,0,0,0,0
0,-245,0,0,0,0
0,-258,0,0,0,0
0,-252,0,0,0,0
0,-253,0,0,0,0
0,-259,0,0,0,0
0,-248,0,0,0,0
0,-241,0,0,0,0
0,-264,0,0,0,0
0,-255,0,0,0,0
0,-255,0,0,0,0
0,-252,0,0,0,0
0,-254,0,0,0,0
0,-259,0,0,0,0
0,-266,0,0,0,0
0,-247,0,0,0,0
0,-248,0,0,0,0
0,-256,0,0,0,0
0,-260,0,0,0,0
0,-247,0,0,0,0
0,-260,0,0,0,0
0,-256,0,0,0,0
0,-250,0,0,0,0
0,-260,0,0,0,0
0,-262,0,0,0,0
0,-260,0,0,0,0
0,-259,0,0,0,0
0,-267,0,-353,-119,0
0,-275,0,151,196,0
0,-256,0,125,-390,0
0,-239,0,-77,361,0
0,-247,0,-210,-352,0
0,-238,0,-185,341,0
0,-229,0,-173,108,0
0,-224,0,102,124,0
0,-224,0,2,-311,0
0,-213,0,16,-235,0
0,-229,0,-256,69,0
0,-215,0,-313,266,0
0,-225,0,23,-344,0
0,-199,0,-132,308,0
0,-228,0,172,-86,0
0,-221,0,189,-20,0
0,-185,0,-371,-35,0
0,-207,0,-67,-20,0
0,-187,0,-129,122,0
0,-189,0,164,-225,0
0,-186,0,-29,-274,0
0,-205,0,-373,233,0
0,-192,0,-17,-370,0
0,-152,0,352,147,0
0,-190,0,34,153,0
0,-188,0,-4,-139,0
0,-167,0,-390,-92,0
0,-170,0,-54,180,0
0,-191,0,295,380,0
0,-181,0,117,334,0
0,-162,0,-115,9,0
0,-131,0,171,392,0
0,-162,0,11,86,0
0,-164,0,231,65,0
0,-137,0,-166,-187,0
0,-145,0,-394,-115,0
0,-132,0,38,-282,0
0,-132,0,-302,-134,0
0,-122,0,26,-80,0
0,-142,0,-16,317,0
0,-136,0,394,2,0
0,-133,0,303,398,0
0,-127,0,8,235,0
0,-113,0,207,256,0
0,-146,0,-6,-303,0
0,-104,0,202,236,0
0,-83,0,164,-148,0
0,-93,0,238,-85,0
0,-99,0,134,-353,0
0,-95,0,-124,-194,0
0,-101,0,116,-287,0
0,-96,0,114,289,0
0,-98,0,115,254,0
0,-68,0,238,40,0
0,-83,0,-134,358,0
0,-64,0,-126,36,0
0,-73,0,-398,47,0
0,-108,0,77,-37,0
0,-63,0,289,-34,0
0,-60,0,302,-123,0
0,-60,0,114,13,0
0,-74,0,84,-137,0
0,-76,0,253,217,0
0,-54,0,23,-210,0
0,-24,0,-87,-316,0
0,-39,0,-128,69,0
0,-47,0,-266,155,0
0,-59,0,334,-270,0
0,-22,0,235,-60,0
0,-32,0,-53,-328,0
0,-30,0,-1,-79,0
0,-26,0,-382,-282,0
0,-35,0,249,-6,0
0,-22,0,206,-254,0
0,-6,0,-173,115,0
0,-19,0,-368,45,0
0,-5,0,-9,36,0
0,-30,0,-27,-327,0
0,-16,0,221,147,0
0,8,0,-345,-386,0
0,-18,192,-4135,2525,2883
0,14,218,7492,-4948,2576
0,102,294,4780,-3537,5021
0,267,417,4437,6377,-5289
0,470,581,-9001,4318,5913
0,707,779,784,2869,-5722
0,998,1001,842,2454,-3240
0,1293,1236,7830,-300,5731
0,1576,1475,4967,3159,651
0,1876,1705,2937,-2836,-952
0,2137,1916,-525,8426,-5551
0,2361,2097,-2153,-1018,8885
0,2543,2242,-2501,-8944,-8049
0,2665,2342,-328,928,-5009
0,2742,2394,2690,1287,-1684
0,2731,2394,2133,716,-670
0,2665,2342,12040,414,993
0,2553,2242,-3745,2132,-2212
0,2366,2097,-640,2419,3033
0,2134,1916,504,-3717,-1615
0,1879,1705,6983,2755,1432
0,1590,1475,-6585,-2787,2357
0,1288,1236,3147,-1901,-2085
0,994,1001,-10903,2093,4364
0,719,779,-3102,-3327,1962
0,473,581,4147,-3423,-2331
0,258,417,3183,4824,7533
0,112,294,6315,3823,-2948
0,14,218,-11786,980,12578
0,-17,192,-983,-2725,2232
0,6,263,0,0,0
0,0,259,0,0,0
-3,-5,265,0,0,0
3,-0,251,0,0,0
5,-1,254,0,0,0
-7,-6,256,0,0,0
-3,-2,256,0,0,0
3,4,262,0,0,0
-2,2,261,0,0,0
2,8,261,0,0,0
-2,-5,254,0,0,0
3,2,269,0,0,0
10,-0,255,0,0,0
-1,-3,255,0,0,0
6,7,255,0,0,0
4,2,247,0,0,0
4,3,261,0,0,0
4,-1,257,0,0,0
7,-5,255,0,0,0
-1,-0,257,0,0,0
-8,2,251,0,0,0
3,-10,248,0,0,0
1,3,265,0,0,0
-5,4,268,0,0,0
2,4,249,0,0,0
1,-7,261,0,0,0
-2,6,254,0,0,0
0,3,259,0,0,0
-6,4,255,0,0,0
-8,4,263,0,0,0
3,1,255,0,0,0
-6,5,245,0,0,0
1,-1,246,0,0,0
-12,-0,256,0,0,0
2,-0,260,0,0,0
10,-7,264,0,0,0
3,-0,266,0,0,0
-9,-3,258,0,0,0
-6,3,264,0,0,0
-5,-12,249,0,0,0
9,-6,263,0,0,0
-5,-3,267,0,0,0
-1,6,259,0,0,0
6,-5,254,0,0,0
-1,-1,249,0,0,0
-2,6,263,0,0,0
4,2,254,0,0,0
-2,-2,251,0,0,0
5,6,257,0,0,0
7,-5,259,0,0,0
4,1,253,0,0,0
2,6,256,0,0,0
-1,-2,245,0,0,0
2,-6,255,0,0,0
-2,-8,257,0,0,0
-9,-3,257,0,0,0
3,-7,258,0,0,0
-1,2,254,0,0,0
6,4,260,0,0,0
-6,-3,267,0,0,0
0,-4,262,0,0,0
4,-7,258,0,0,0
10,-6,254,0,0,0
-6,1,255,0,0,0
-3,7,258,0,0,0
-5,1,253,0,0,0
-8,-4,252,0,0,0
-5,6,249,0,0,0
-1,3,248,0,0,0
-0,-4,262,0,0,0
-5,-9,253,0,0,0
6,-7,256,0,0,0
-1,11,258,0,0,0
6,-2,259,0,0,0
0,-5,254,0,0,0
1,1,255,0,0,0
-10,5,258,0,0,0
1,11,259,0,0,0
-3,2,262,0,0,0
-10,-3,251,0,0,0
4,8,263,0,0,0
4,-1,258,0,0,0
3,1,255,0,0,0
-4,-2,260,0,0,0
-3,3,257,0,0,0
5,5,251,0,0,0
12,5,257,0,0,0
5,1,259,0,0,0
3,7,253,0,0,0
-0,-1,256,0,0,0
-2,-4,258,0,0,0
4,2,257,0,0,0
5,-8,247,0,0,0
-7,-1,261,0,0,0
-5,4,257,0,0,0
1,2,262,0,0,0
2,-1,257,0,0,0
3,-2,254,0,0,0
8,7,269,0,0,0
4,5,256,0,0,0
4,-5,257,0,0,0
-4,-0,254,0,0,0
-3,-2,252,0,0,0
1,2,252,0,0,0
-3,1,253,0,0,0
-1,-9,255,0,0,0
-3,11,251,0,0,0
-8,3,254,0,0,0
1,-0,258,0,0,0
5,6,258,0,0,0
-8,-7,250,0,0,0
8,-11,255,0,0,0
-7,-2,258,0,0,0
3,1,261,0,0,0
0,9,255,0,0,0
-6,-3,261,0,0,0
-7,8,254,0,0,0
7,5,250,0,0,0
4,-13,254,0,0,0
1,1,251,0,0,0
3,-7,247,0,0,0
-2,-1,252,0,0,0
-1,4,252,0,0,0
-0,2,259,0,0,0
5,5,259,0,0,0
1,5,260,0,0,0
-4,-11,252,0,0,0
-9,2,254,0,0,0
12,-3,258,0,0,0
0,0,250,0,0,0
-1,4,262,0,0,0
-3,5,255,0,0,0
-1,13,249,0,0,0
4,-5,253,0,0,0
-6,1,256,0,0,0
-5,-7,260,0,0,0
-6,-3,262,0,0,0
-4,6,261,0,0,0
-11,2,252,0,0,0
-1,-3,256,0,0,0
0,-1,249,0,0,0
2,-1,255,0,0,0
4,-2,255,0,0,0
15,3,256,0,0,0
-11,-1,254,0,0,0
-4,0,259,0,0,0
8,4,251,0,0,0
-3,-5,262,0,0,0
-1,-5,249,0,0,0
-3,-5,256,0,0,0
-10,2,260,0,0,0
-5,-6,259,0,0,0
1,-4,248,0,0,0
2,0,257,0,0,0
-2,-9,256,0,0,0
-2,-7,244,0,0,0
3,-4,252,0,0,0
-5,-5,246,0,0,0
4,6,252,0,0,0
-1,-4,254,0,0,0
-4,-3,265,0,0,0
2,-0,252,0,0,0
4,2,270,0,0,0
4,-4,268,0,0,0
-3,4,258,0,0,0
-1,9,250,0,0,0
-5,4,261,0,0,0
-8,-2,254,0,0,0
2,17,258,0,0,0
-9,0,257,0,0,0
4,-2,250,0,0,0
-4,5,255,0,0,0
3,2,261,0,0,0
-1,0,251,0,0,0
-6,-1,259,0,0,0
5,1,258,0,0,0
4,14,251,0,0,0
-0,-0,257,0,0,0
-3,2,262,0,0,0
1,1,254,0,0,0
11,11,254,0,0,0
6,-1,262,0,0,0
3,-3,254,0,0,0
8,5,250,0,0,0
-0,-4,253,0,0,0
-3,10,259,0,0,0
1,6,252,0,0,0
6,6,257,0,0,0
2,-4,258,0,0,0
6,13,250,0,0,0
9,1,264,0,0,0
0,-0,254,0,0,0
2,-1,258,0,0,0
4,-5,255,0,0,0
-1,4,249,0,0,0
2,-3,249,0,0,0
0,-1,258,0,0,0
3,2,257,0,0,0
6,-3,255,0,0,0
6,1,262,0,0,0
1,3,262,0,0,0
-2,3,262,0,0,0
-1,-0,256,0,0,0
4,-5,263,0,0,0
-5,-0,260,0,0,0
-14,-1,268,0,0,0
-7,-2,248,0,0,0
1,3,255,0,0,0
-3,2,258,0,0,0
10,6,255,0,0,0
1,4,257,0,0,0
-0,2,269,0,0,0
2,3,253,0,0,0
3,-2,260,0,0,0
-2,-2,268,0,0,0
3,6,269,0,0,0
-9,-1,261,0,0,0
3,-1,258,0,0,0
-2,-2,259,0,0,0
-8,-3,263,0,0,0
11,1,248,0,0,0
-3,1,262,0,0,0
4,0,260,0,0,0
-10,-4,255,0,0,0
4,0,257,0,0,0
3,-2,255,0,0,0
-10,-8,260,0,0,0
-5,-4,255,0,0,0
5,7,263,0,0,0
6,4,253,0,0,0
-3,2,255,0,0,0
-5,-5,251,0,0,0
-2,-6,248,0,0,0
-2,-4,254,0,0,0
3,9,251,0,0,0
-1,3,250,0,0,0
-1,-5,250,0,0,0
-2,-8,255,0,0,0
0,-0,252,0,0,0
1,-1,264,0,0,0
-1,-1,260,0,0,0
4,2,261,0,0,0
10,-3,256,0,0,0
-6,-3,251,0,0,0
2,-9,251,0,0,0
10,-1,258,0,0,0
4,-0,254,0,0,0
3,-10,258,0,0,0
2,1,266,0,0,0
-0,-12,252,0,0,0
-3,11,255,0,0,0
2,-5,249,0,0,0
-5,-7,254,0,0,0
-0,-4,263,0,0,0
1,-5,258,0,0,0
-9,-8,259,0,0,0
-1,-3,258,0,0,0
6,11,252,0,0,0
1,-5,255,0,0,0
-1,-1,260,0,0,0
-4,-1,254,0,0,0
-2,1,266,0,0,0
-1,4,256,0,0,0
-6,-3,252,0,0,0
6,-7,250,0,0,0
-2,-0,256,0,0,0
0,-8,254,0,0,0
2,7,257,0,0,0
-1,-4,252,0,0,0
-6,-0,261,0,0,0
11,2,257,0,0,0
-3,-1,258,0,0,0
0,-4,257,0,0,0
4,-3,254,0,0,0
-2,2,256,0,0,0
6,-9,254,0,0,0
-10,-1,247,0,0,0
-8,1,248,0,0,0
-2,7,254,0,0,0
-10,1,258,0,0,0
2,0,251,0,0,0
-3,0,258,0,0,0
3,1,261,0,0,0
6,6,260,0,0,0
2,3,250,0,0,0
-0,-4,254,0,0,0
2,6,264,0,0,0
-8,11,252,0,0,0
0,0,257,0,0,0
-5,1,253,0,0,0
-13,-7,257,0,0,0
-4,-9,252,0,0,0
-5,11,254,0,0,0
-1,-0,263,0,0,0
-1,1,250,0,0,0
0,2,256,0,0,0
-9,-5,247,0,0,0
8,-4,255,0,0,0
1,2,265,0,0,0
-3,-1,257,0,0,0
-5,-4,261,0,0,0
1,3,254,0,0,0
2,-0,257,0,0,0
-2,12,261,0,0,0
-7,-7,257,0,0,0
-2,-6,259,0,0,0
8,2,258,0,0,0
1,-10,260,0,0,0
-9,2,258,0,0,0
-4,1,263,0,0,0
-2,4,266,0,0,0
2,-2,251,0,0,0
2,1,255,0,0,0
3,1,255,0,0,0
2,-4,257,0,0,0
3,-1,259,0,0,0
0,7,256,0,0,0
4,-10,256,0,0,0
1,1,263,0,0,0
-5,0,252,0,0,0
7,2,253,0,0,0
-8,-3,249,0,0,0
-4,-5,257,0,0,0
0,0,263,0,0,0
-10,-2,251,0,0,0
0,-5,259,0,0,0
-10,-7,256,0,0,0
-5,-2,263,0,0,0
0,-3,257,0,0,0
8,3,262,0,0,0
5,-5,253,0,0,0
2,11,260,0,0,0
-4,-8,259,0,0,0
2,-1,264,0,0,0
-4,0,256,0,0,0
3,-3,253,0,0,0
1,1,264,0,0,0
10,-5,249,0,0,0
-7,-1,260,0,0,0
-0,8,253,0,0,0
6,-7,255,0,0,0
-3,6,257,0,0,0
-2,1,256,0,0,0
-2,7,259,0,0,0
1,-1,250,0,0,0
10,2,255,0,0,0
-6,-6,247,0,0,0
-5,8,258,0,0,0
2,-3,256,0,0,0
-1,-8,256,0,0,0
-1,2,253,0,0,0
-1,4,262,0,0,0
2,-6,252,0,0,0
1,-4,255,0,0,0
1,-11,259,0,0,0
1,11,255,0,0,0
-3,4,265,0,0,0
-7,-3,255,0,0,0
6,9,264,0,0,0
-1,1,264,0,0,0
-4,-0,254,0,0,0
-1,4,263,0,0,0
6,6,255,0,0,0
-2,-2,249,0,0,0
-7,4,258,0,0,0
-6,-7,249,0,0,0
-14,2,256,0,0,0
1,-2,258,0,0,0
0,-3,263,0,0,0
-3,-2,257,0,0,0
-3,-1,256,0,0,0
5,-6,258,0,0,0
-6,-3,251,0,0,0
3,7,257,0,0,0
-1,-3,254,0,0,0
2,-3,250,0,0,0
-2,4,258,0,0,0
-11,1,256,0,0,0
1,6,254,0,0,0
-4,1,249,0,0,0
6,-0,251,0,0,0
7,6,241,0,0,0
-9,-5,259,0,0,0
-4,-9,249,0,0,0
0,7,260,0,0,0
0,9,257,0,0,0
6,-5,251,0,0,0
-3,-8,259,0,0,0
1,7,259,0,0,0
0,3,248,0,0,0
-4,-1,252,0,0,0
-6,-0,258,0,0,0
7,5,257,0,0,0
-1,-8,257,0,0,0
-2,-2,262,0,0,0
0,-3,258,0,0,0
7,4,258,0,0,0
-5,3,255,0,0,0
-5,4,252,0,0,0
5,2,250,0,0,0
4,-9,257,0,0,0
-0,2,247,0,0,0
0,2,259,0,0,0
-3,5,264,0,0,0
3,-4,255,0,0,0
-5,1,259,0,0,0
10,-2,252,0,0,0
-3,2,258,0,0,0
1,4,245,0,0,0
-2,-5,269,0,0,0
4,2,259,0,0,0
9,4,255,0,0,0
6,-7,259,0,0,0
8,-2,253,0,0,0
0,6,259,0,0,0
-0,-2,251,0,0,0
-2,-2,252,0,0,0
1,2,257,0,0,0
-4,-5,246,0,0,0
-6,1,247,0,0,0
-7,5,257,0,0,0
-4,0,255,0,0,0
-2,-0,255,0,0,0
-1,15,255,0,0,0
3,5,250,0,0,0
2,-4,258,0,0,0
-4,-5,254,0,0,0
-2,-3,259,0,0,0
0,7,257,0,0,0
-2,5,258,0,0,0
4,0,247,0,0,0
-3,-0,261,0,0,0
4,-2,251,0,0,0
-3,-3,260,0,0,0
4,5,255,0,0,0
4,-3,259,0,0,0
7,1,252,0,0,0
11,2,261,0,0,0
2,-5,258,0,0,0
-0,6,248,0,0,0
-1,-2,253,0,0,0
-5,0,249,0,0,0
4,-1,262,0,0,0
4,2,267,0,0,0
5,-2,258,0,0,0
-5,8,264,0,0,0
-2,-5,255,0,0,0
-4,1,254,0,0,0
1,-1,248,0,0,0
8,1,255,0,0,0
1,4,254,0,0,0
13,0,253,0,0,0
4,-6,249,0,0,0
-4,5,261,0,0,0
-10,-1,248,0,0,0
-3,-2,261,0,0,0
1,-1,251,0,0,0
-8,-6,257,0,0,0
-2,0,259,0,0,0
1,9,252,0,0,0
3,10,262,0,0,0
4,-0,256,0,0,0
10,8,257,0,0,0
0,-1,250,0,0,0
8,3,258,0,0,0
1,4,250,0,0,0
-13,-1,256,0,0,0
-5,-0,239,0,0,0
4,-1,250,0,0,0
5,0,259,0,0,0
3,0,255,0,0,0
5,-6,256,0,0,0
-0,-5,263,0,0,0
-5,-4,249,0,0,0
-6,1,260,0,0,0
3,-5,260,0,0,0
1,-2,251,0,0,0
5,-1,260,0,0,0
-0,1,254,0,0,0
0,-5,258,0,0,0
-3,2,262,0,0,0
-9,6,251,0,0,0
-3,0,256,0,0,0
-9,-2,260,0,0,0
-1,7,248,0,0,0
3,-1,261,0,0,0
-7,11,249,0,0,0
6,3,260,0,0,0
3,9,253,0,0,0
-2,4,262,0,0,0
2,-4,255,0,0,0
-1,4,261,0,0,0
7,1,260,0,0,0
-2,-1,252,0,0,0
-5,2,253,0,0,0
-6,8,258,0,0,0
-4,-3,262,0,0,0
2,-4,258,0,0,0
-0,-2,248,0,0,0
-3,-3,257,0,0,0
2,-2,260,0,0,0
-11,6,263,0,0,0
-1,-9,264,0,0,0
3,3,256,0,0,0
-3,0,259,0,0,0
6,4,254,0,0,0
-2,-0,257,0,0,0
-2,4,254,0,0,0
2,-2,252,0,0,0
2,2,263,0,0,0
-2,-2,258,0,0,0
3,9,258,0,0,0
4,3,260,0,0,0
11,-1,260,0,0,0
4,7,252,0,0,0
2,-0,257,0,0,0
-0,-8,262,0,0,0
-2,12,251,0,0,0
5,-3,251,0,0,0
5,8,250,0,0,0
-4,-3,256,0,0,0
4,-5,252,0,0,0
-7,0,250,0,0,0
0,3,265,0,0,0
1,2,255,0,0,0
0,-1,253,0,0,0
5,-6,251,0,0,0
5,-3,257,0,0,0
1,-0,249,0,0,0
-1,6,266,0,0,0
-2,-4,248,0,0,0
-1,2,251,0,0,0
3,-6,254,0,0,0
-8,-2,252,0,0,0
-1,6,247,0,0,0
-8,-2,256,0,0,0
2,1,263,0,0,0
6,2,254,0,0,0
0,-1,264,0,0,0
-2,-8,258,0,0,0
-11,4,254,0,0,0
-1,2,248,0,0,0
2,5,252,0,0,0
5,3,256,0,0,0
2,1,256,0,0,0
2,7,261,0,0,0
-2,-7,254,0,0,0
-3,2,255,0,0,0
-7,1,253,0,0,0
-6,2,252,0,0,0
0,-6,267,0,0,0
5,-11,252,0,0,0
-3,7,259,0,0,0
7,0,256,0,0,0
-1,4,257,0,0,0
4,5,249,0,0,0
5,-8,255,0,0,0
-1,-1,256,0,0,0
-0,-5,263,0,0,0
-1,5,260,0,0,0
-4,-1,251,0,0,0
1,3,255,0,0,0
-6,1,259,0,0,0
-7,3,254,0,0,0
6,-1,254,0,0,0
7,-6,261,0,0,0
-3,-2,257,0,0,0
4,-1,252,0,0,0
-0,-0,260,0,0,0
-4,-6,254,0,0,0
0,-4,251,0,0,0
-3,-1,258,0,0,0
2,-15,252,0,0,0
-5,5,250,0,0,0
-7,3,256,0,0,0
-8,-9,256,0,0,0
-8,6,246,0,0,0
-4,5,254,0,0,0
4,4,257,0,0,0
-3,0,257,0,0,0
-3,1,266,0,0,0
-8,0,252,0,0,0
3,-7,257,0,0,0
-7,3,256,0,0,0
-8,2,261,0,0,0
3,0,263,0,0,0
-2,5,257,0,0,0
-2,-1,258,0,0,0
0,-8,258,0,0,0
0,-3,255,0,0,0
-1,-0,248,0,0,0
3,8,255,0,0,0
1,-3,260,0,0,0
7,-10,247,0,0,0
-4,-6,247,0,0,0
-2,-2,259,0,0,0
4,1,256,0,0,0
1,-11,254,0,0,0
-14,-0,255,0,0,0
-5,-5,255,0,0,0
1,6,260,0,0,0
-8,5,255,0,0,0
3,-1,255,0,0,0
-9,-12,261,0,0,0
2,1,250,0,0,0
5,-4,257,0,0,0
-1,10,248,0,0,0
-0,2,262,0,0,0
-1,-3,259,0,0,0
0,-6,263,0,0,0
-7,-2,259,0,0,0
-3,-3,249,0,0,0
-3,6,261,0,0,0
-2,1,257,0,0,0
-1,-7,277,0,0,0
7,-1,252,0,0,0
6,-11,256,0,0,0
-5,13,255,0,0,0
1,2,253,0,0,0
-2,0,261,0,0,0
-4,-6,248,0,0,0
-2,-5,260,0,0,0
5,6,255,0,0,0
-6,6,266,0,0,0
-3,4,261,0,0,0
3,11,251,0,0,0
-1,-1,254,0,0,0
0,2,249,0,0,0
-2,-0,251,0,0,0
-1,-1,252,0,0,0
-8,-8,258,0,0,0
-5,-5,252,0,0,0
-0,6,259,0,0,0
1,8,250,0,0,0
-1,4,260,0,0,0
-4,12,254,0,0,0
-7,2,259,0,0,0
-2,12,261,0,0,0
1,1,260,0,0,0
1,1,253,0,0,0
4,1,261,0,0,0
-2,-1,248,0,0,0
4,0,255,0,0,0
-3,-10,260,0,0,0
3,-1,251,0,0,0
6,1,246,0,0,0
1,-3,254,0,0,0
-8,3,256,0,0,0
3,12,243,0,0,0
0,10,250,0,0,0
-2,-4,257,0,0,0
1,-1,252,0,0,0
-2,-6,261,0,0,0
5,-4,246,0,0,0
1,3,255,0,0,0
-1,8,260,0,0,0
-3,5,261,0,0,0
5,-1,251,0,0,0
-1,7,250,0,0,0
2,5,254,0,0,0
-1,-8,241,0,0,0
2,2,252,0,0,0
0,3,263,0,0,0
0,-8,253,0,0,0
-4,-13,262,0,0,0
-6,-0,261,0,0,0
-4,-4,259,0,0,0
2,-2,256,0,0,0
-15,-1,252,0,0,0
7,-6,259,0,0,0
1,4,257,0,0,0
5,-5,260,0,0,0
2,-3,249,0,0,0
-6,3,248,0,0,0
2,3,248,0,0,0
-2,4,256,0,0,0
-3,-4,246,0,0,0
-8,-0,251,0,0,0
1,1,259,0,0,0
2,-7,253,0,0,0
5,4,253,0,0,0
8,-1,255,0,0,0
-7,7,260,0,0,0
5,-2,265,0,0,0
0,7,249,0,0,0
-4,1,260,0,0,0
3,-0,264,0,0,0
-0,2,250,0,0,0
-1,4,258,0,0,0
0,5,257,0,0,0
1,-5,253,0,0,0
-8,5,254,0,0,0
5,-4,255,0,0,0
1,8,253,0,0,0
12,1,257,0,0,0
14,-5,256,0,0,0
5,5,258,0,0,0
3,6,257,0,0,0
-4,1,249,0,0,0
-5,-0,254,0,0,0
-2,-4,261,0,0,0
-13,-9,255,0,0,0
-4,1,251,0,0,0
2,-5,256,0,0,0
-2,1,254,0,0,0
-1,-6,259,0,0,0
1,2,254,0,0,0
-1,-6,264,0,0,0
3,3,269,0,0,0
1,-4,259,0,0,0
-4,-2,258,0,0,0
2,-8,262,0,0,0
5,8,261,0,0,0
1,3,254,0,0,0
-0,-7,265,0,0,0
3,6,252,0,0,0
1,14,251,0,0,0
-6,5,257,0,0,0
-5,0,260,0,0,0
-7,-1,264,0,0,0
11,-2,251,0,0,0
3,1,260,0,0,0
6,-0,260,0,0,0
0,8,254,0,0,0
-2,-8,250,0,0,0
0,-3,261,0,0,0
2,-1,256,0,0,0
8,4,253,0,0,0
1,-8,256,0,0,0
-2,7,257,0,0,0
3,9,251,0,0,0
-2,4,252,0,0,0
-6,3,258,0,0,0
-4,2,259,0,0,0
-3,10,256,0,0,0
6,1,258,0,0,0
-4,4,245,0,0,0
-5,-9,258,0,0,0
4,-4,266,0,0,0
0,8,242,0,0,0
-2,0,247,0,0,0
6,-1,254,0,0,0
-3,6,250,0,0,0
-2,3,260,0,0,0
8,-12,259,0,0,0
-4,2,263,0,0,0
1,0,256,0,0,0
-7,1,259,0,0,0
-11,2,257,0,0,0
5,-7,260,0,0,0
1,5,257,0,0,0
1,1,247,0,0,0
-5,4,251,0,0,0
7,-2,255,0,0,0
7,7,253,0,0,0
-5,10,250,0,0,0
1,4,258,0,0,0
1,2,250,0,0,0
1,-0,256,0,0,0
-4,3,249,0,0,0
2,6,263,0,0,0
2,12,261,0,0,0
-1,3,255,0,0,0
2,6,258,0,0,0
3,1,247,0,0,0
-4,-3,257,0,0,0
4,-12,254,0,0,0
7,-6,257,0,0,0
5,6,257,0,0,0
-3,10,252,0,0,0
5,-3,255,0,0,0
4,0,257,0,0,0
-0,-3,254,0,0,0
3,7,260,0,0,0
2,3,262,0,0,0
3,1,259,0,0,0
4,-0,251,0,0,0
8,-2,257,0,0,0
6,-7,257,0,0,0
-0,7,255,0,0,0
1,6,255,0,0,0
-3,7,254,0,0,0
6,1,261,0,0,0
3,-0,249,0,0,0
-5,-6,254,0,0,0
-7,-6,252,0,0,0
-2,1,256,0,0,0
4,0,262,0,0,0
2,2,259,0,0,0
5,3,248,0,0,0
-1,4,255,0,0,0
-15,5,255,0,0,0
2,6,253,0,0,0
-5,-4,251,0,0,0
10,2,259,0,0,0
-0,1,261,0,0,0
-4,1,260,0,0,0
1,-1,258,0,0,0
2,3,250,0,0,0
3,-0,254,0,0,0
-9,5,255,0,0,0
-4,3,249,0,0,0
-1,-1,260,0,0,0
2,-13,263,0,0,0
4,-1,260,0,0,0
6,6,254,0,0,0
8,3,254,0,0,0
5,-8,267,0,0,0
4,10,252,0,0,0
-0,-5,251,0,0,0
-2,6,257,0,0,0
-2,2,252,0,0,0
4,-1,257,0,0,0
1,2,252,0,0,0
-4,8,260,0,0,0
3,9,254,0,0,0
-4,6,260,0,0,0
5,6,249,0,0,0
9,2,255,0,0,0
2,-2,262,0,0,0
0,5,260,0,0,0
5,9,250,0,0,0
5,-3,259,0,0,0
-9,1,264,0,0,0
-5,5,245,0,0,0
2,8,251,0,0,0
-3,-8,264,0,0,0
0,2,254,0,0,0
2,-6,245,0,0,0
-2,1,251,0,0,0
1,-5,242,0,0,0
1,13,253,0,0,0
-0,2,257,0,0,0
3,1,254,0,0,0
-5,-6,259,0,0,0
-3,-2,258,0,0,0
0,-2,253,0,0,0
-1,-5,249,0,0,0
15,-1,255,0,0,0
-1,-2,255,0,0,0
-1,3,252,0,0,0
-3,-0,256,0,0,0
-1,-0,257,0,0,0
-3,6,256,0,0,0
-6,1,243,0,0,0
-4,-1,253,0,0,0
5,-1,259,0,0,0
4,1,253,0,0,0
-7,-0,249,0,0,0
8,-1,251,0,0,0
-3,8,260,0,0,0
5,-2,253,0,0,0
1,-1,256,0,0,0
3,3,246,0,0,0
-7,-13,257,0,0,0
-2,3,252,0,0,0
2,1,255,0,0,0
-10,-2,265,0,0,0
9,0,251,0,0,0
1,3,252,0,0,0
-12,7,256,0,0,0
6,-6,249,0,0,0
-5,4,254,0,0,0
8,-2,251,0,0,0
-8,-7,249,0,0,0
-7,-8,249,0,0,0
-1,3,257,0,0,0
-12,6,253,0,0,0
-1,-0,250,0,0,0
-5,-2,252,0,0,0
1,2,256,0,0,0
5,-2,255,0,0,0
-7,1,249,0,0,0
-2,8,244,0,0,0
-5,-5,255,0,0,0
-0,-8,255,0,0,0
-0,-1,253,0,0,0
8,-4,252,0,0,0
6,-1,260,0,0,0
-6,1,257,0,0,0
-3,-4,255,0,0,0
0,-4,250,0,0,0
-1,1,255,0,0,0
5,5,257,0,0,0
-1,-3,252,0,0,0
-1,10,265,0,0,0
-1,-2,247,0,0,0
1,-0,259,0,0,0
-2,-1,269,0,0,0
-3,-4,260,0,0,0
-1,1,250,0,0,0
4,-2,262,0,0,0
3,-5,251,0,0,0
-5,4,253,0,0,0
3,-6,252,0,0,0
-6,-8,250,0,0,0
8,-0,239,0,0,0
1,-6,256,0,0,0
-2,6,257,0,0,0
-2,0,255,0,0,0
5,1,258,0,0,0
1,-3,252,0,0,0
-2,-5,251,0,0,0
-2,-5,248,0,0,0
-2,3,249,0,0,0
8,-4,259,0,0,0
5,-8,259,0,0,0
1,-1,257,0,0,0
3,-7,254,0,0,0
15,-2,252,0,0,0
-9,-3,251,0,0,0
-0,-5,260,0,0,0
-4,-8,247,0,0,0
3,-9,253,0,0,0
1,9,261,0,0,0
-5,-1,261,0,0,0
4,4,258,0,0,0
-1,0,260,0,0,0
2,7,263,0,0,0
-2,-5,259,0,0,0
3,3,258,0,0,0
-2,3,257,0,0,0
-5,-1,251,0,0,0
-3,-3,253,0,0,0
4,-8,261,0,0,0
-7,-4,261,0,0,0
-1,2,261,0,0,0
-6,-5,260,0,0,0
-5,-6,254,0,0,0
-2,2,248,0,0,0
-1,5,249,0,0,0
1,2,264,0,0,0
2,0,252,0,0,0
-7,-0,257,0,0,0
-3,-4,262,0,0,0
-3,-0,260,0,0,0
-0,0,247,0,0,0
-7,-1,257,0,0,0
-0,-7,261,0,0,0
-3,6,253,0,0,0
1,-1,269,0,0,0
-5,-5,249,0,0,0
-1,2,257,0,0,0
-7,-6,248,0,0,0
4,-5,258,0,0,0
5,5,274,0,0,0
-3,4,247,0,0,0
1,0,257,0,0,0
3,2,265,0,0,0
-2,-14,252,0,0,0
-1,2,255,0,0,0
2,-5,252,0,0,0
-1,-4,256,0,0,0
-3,8,265,0,0,0
5,-1,255,0,0,0
4,5,259,0,0,0
1,-6,261,0,0,0
4,-5,269,0,0,0
-3,-4,256,0,0,0
-8,-2,252,0,0,0
-4,-3,256,0,0,0
1,-4,251,0,0,0
2,-5,262,0,0,0
2,-4,258,0,0,0
3,-0,248,0,0,0
-7,5,246,0,0,0
-4,3,257,0,0,0
-4,-4,255,0,0,0
0,-12,255,0,0,0
2,-1,252,0,0,0
8,-8,259,0,0,0
-1,-2,259,0,0,0
4,-2,256,0,0,0
6,7,251,0,0,0
-8,3,256,0,0,0
-5,0,254,0,0,0
-1,-1,248,0,0,0
2,-2,252,0,0,0
-6,5,267,0,0,0
6,-5,253,0,0,0
2,10,249,0,0,0
-4,7,249,0,0,0
1,-12,257,0,0,0
-9,0,256,0,0,0
-3,2,254,0,0,0
-2,-0,253,0,0,0
-6,13,253,0,0,0
2,7,253,0,0,0
0,12,254,0,0,0
1,-1,254,0,0,0
3,-2,262,0,0,0
4,5,251,0,0,0
3,-1,252,0,0,0
2,-1,260,0,0,0
1,3,248,0,0,0
-1,-6,254,0,0,0
1,2,256,0,0,0
-1,7,267,0,0,0
-2,-8,261,0,0,0
-5,5,253,0,0,0
4,5,260,0,0,0
1,-5,246,0,0,0
2,3,255,0,0,0
2,11,259,0,0,0
7,2,258,0,0,0
10,-1,257,0,0,0
3,-2,255,0,0,0
2,4,259,0,0,0
-0,7,273,0,0,0
1,-4,256,0,0,0
6,0,255,0,0,0
-2,4,255,0,0,0
-5,6,252,0,0,0
1,2,260,0,0,0
-12,-6,254,0,0,0
-3,3,263,0,0,0
1,5,259,0,0,0
-2,2,248,0,0,0
-1,-1,255,0,0,0
-2,7,254,0,0,0
5,5,264,0,0,0
-4,6,258,0,0,0
-2,-3,250,0,0,0
-3,-7,257,0,0,0
-3,-0,260,0,0,0
-0,-4,254,0,0,0
7,-0,249,0,0,0
-2,7,266,0,0,0
4,-3,262,0,0,0
6,6,262,0,0,0
-15,5,257,0,0,0
7,-5,264,0,0,0
2,-1,254,0,0,0
-1,1,260,0,0,0
-3,-0,247,0,0,0
0,9,259,0,0,0
7,3,259,0,0,0
4,-4,251,0,0,0
-0,6,255,0,0,0
3,-2,262,0,0,0
9,-10,262,0,0,0
-1,-4,253,0,0,0
-4,-4,242,0,0,0
3,0,256,0,0,0
-3,3,252,0,0,0
4,7,249,0,0,0
-8,0,258,0,0,0
1,-2,253,0,0,0
-1,-2,263,0,0,0
8,-2,259,0,0,0
5,-1,248,0,0,0
12,6,256,0,0,0
2,6,245,0,0,0
-2,-0,264,0,0,0
-1,-5,257,0,0,0
-7,-3,262,0,0,0
-1,-5,262,0,0,0
-8,7,249,0,0,0
2,-1,257,0,0,0
3,-1,259,0,0,0
-5,-5,256,0,0,0
-7,-1,253,0,0,0
7,15,258,0,0,0
-3,1,258,0,0,0
11,3,257,0,0,0
-0,-6,260,0,0,0
-2,2,256,0,0,0
3,2,252,0,0,0
-2,-2,261,0,0,0
4,-7,254,0,0,0
6,5,266,0,0,0
-6,4,258,0,0,0
3,5,259,0,0,0
-7,2,248,0,0,0
-4,9,258,0,0,0
-3,4,246,0,0,0
2,8,260,0,0,0
4,-7,256,0,0,0
4,1,253,0,0,0
-0,2,261,0,0,0
0,-11,251,0,0,0
1,-5,249,0,0,0
-11,-1,247,0,0,0
-6,-3,255,0,0,0
-6,3,262,0,0,0
3,2,254,0,0,0
8,-7,264,0,0,0
6,-1,261,0,0,0
1,-2,257,0,0,0
-4,-7,256,0,0,0
-0,5,253,0,0,0
1,6,260,0,0,0
4,-3,256,0,0,0
-1,-3,261,0,0,0
7,-6,247,0,0,0
5,-7,257,0,0,0
-8,4,261,0,0,0
3,2,255,0,0,0
-2,-1,257,0,0,0
1,6,259,0,0,0
-4,4,260,0,0,0
3,-9,248,0,0,0
2,3,254,0,0,0
-6,-3,258,0,0,0
-2,0,257,0,0,0
-5,-0,257,0,0,0
-2,3,258,0,0,0
3,4,253,0,0,0
-12,-0,265,0,0,0
-8,1,254,0,0,0
1,2,257,0,0,0
1,5,254,0,0,0
-2,-2,254,0,0,0
-0,2,261,0,0,0
0,-7,256,0,0,0
0,3,266,0,0,0
-2,5,259,0,0,0
-0,-1,258,0,0,0
-2,4,266,0,0,0
-1,-4,257,0,0,0
-2,-7,251,0,0,0
-1,8,256,0,0,0
-0,1,263,0,0,0
-7,-3,253,0,0,0
6,8,248,0,0,0
9,6,256,0,0,0
-1,-8,255,0,0,0
-0,6,256,0,0,0
-1,4,258,0,0,0
-1,2,256,0,0,0
3,5,249,0,0,0
7,-1,266,0,0,0
-12,10,254,0,0,0
-9,-4,260,0,0,0
-6,-1,252,0,0,0
-6,-10,248,0,0,0
3,-12,255,0,0,0
1,-3,257,0,0,0
0,7,259,0,0,0
-4,3,252,0,0,0
1,2,256,0,0,0
4,1,253,0,0,0
8,-2,257,0,0,0
-2,-1,261,0,0,0
-4,-0,250,0,0,0
-2,-7,268,0,0,0
3,8,259,0,0,0
4,1,262,0,0,0
-6,-2,259,0,0,0
-6,6,259,0,0,0
-3,2,256,0,0,0
3,-2,258,0,0,0
-4,-3,266,0,0,0
5,2,255,0,0,0
-8,-4,261,0,0,0
2,-8,252,0,0,0
-0,-7,248,0,0,0
-7,3,259,0,0,0
-1,6,254,0,0,0
-4,-3,255,0,0,0
0,-5,249,0,0,0
-10,-0,252,0,0,0
-5,-2,251,0,0,0
3,1,256,0,0,0
6,-5,256,0,0,0
-7,-6,262,0,0,0
-2,5,259,0,0,0
3,-7,262,0,0,0
-2,-2,261,0,0,0
-1,2,247,0,0,0
-5,1,252,0,0,0
4,9,258,0,0,0
3,2,249,0,0,0
4,9,258,0,0,0
-0,-4,257,0,0,0
7,3,252,0,0,0
3,2,259,0,0,0
-2,-4,261,0,0,0
5,-2,258,0,0,0
7,-6,258,0,0,0
-3,-3,261,0,0,0
-4,-6,257,0,0,0
-1,2,253,0,0,0
7,-1,256,0,0,0
1,7,263,0,0,0
5,-1,252,0,0,0
2,-3,253,0,0,0
-8,0,258,0,0,0
-3,-5,267,0,0,0
-2,-8,253,0,0,0
5,4,244,0,0,0
-3,1,250,0,0,0
-2,-4,258,0,0,0
0,11,253,0,0,0
-1,-1,246,0,0,0
2,8,260,0,0,0
4,6,255,0,0,0
-5,-0,251,0,0,0
1,0,258,0,0,0
1,2,256,0,0,0
-1,2,259,0,0,0
-4,6,256,0,0,0
-3,-2,270,0,0,0
2,1,264,0,0,0
-1,3,253,0,0,0
2,1,253,0,0,0
-1,-7,249,0,0,0
1,-7,257,0,0,0
1,3,255,0,0,0
-0,1,259,0,0,0
2,1,260,0,0,0
-1,-1,253,0,0,0
7,4,254,0,0,0
-4,-1,257,0,0,0
-11,8,258,0,0,0
-1,-4,259,0,0,0
-6,7,262,0,0,0
-0,2,256,0,0,0
-2,-4,256,0,0,0
-3,-5,256,0,0,0
-1,2,251,0,0,0
0,4,256,0,0,0
-1,3,258,0,0,0
11,-0,262,0,0,0
0,9,260,0,0,0
-5,-5,256,0,0,0
0,-8,242,0,0,0
-4,1,256,0,0,0
-3,0,263,0,0,0
-4,8,254,0,0,0
-1,8,248,0,0,0
-3,2,257,0,0,0
2,-1,256,0,0,0
1,-7,260,0,0,0
6,-11,264,0,0,0
-4,1,244,0,0,0
5,6,264,0,0,0
-4,-2,255,0,0,0
1,9,260,0,0,0
-3,-12,267,0,0,0
4,4,255,0,0,0
3,6,252,0,0,0
4,10,256,0,0,0
6,0,251,0,0,0
3,-3,252,0,0,0
11,-4,251,0,0,0
-1,-6,253,0,0,0
2,0,252,0,0,0
2,2,251,0,0,0
4,-4,257,0,0,0
7,-1,245,0,0,0
-11,5,254,0,0,0
2,2,250,0,0,0
12,4,249,0,0,0
4,-5,255,0,0,0
3,-3,256,0,0,0
-11,-10,250,0,0,0
-0,-1,254,0,0,0
1,9,258,0,0,0
4,-6,256,0,0,0
-4,16,262,0,0,0
-3,-2,255,0,0,0
7,4,260,0,0,0
-3,1,255,0,0,0
4,0,249,0,0,0
-4,3,254,0,0,0
7,-3,247,0,0,0
-1,-3,270,0,0,0
-1,4,252,0,0,0
5,5,253,0,0,0
-1,-3,262,0,0,0
7,1,260,0,0,0
3,2,252,0,0,0
-5,-6,259,0,0,0
-4,6,256,0,0,0
-8,-3,269,0,0,0
-5,4,262,0,0,0
-2,-8,261,0,0,0
1,1,252,0,0,0
-0,-4,258,0,0,0
-2,-8,260,0,0,0
5,0,248,0,0,0
6,-8,252,0,0,0
4,4,248,0,0,0
8,13,259,0,0,0
7,1,255,0,0,0
-3,-3,256,0,0,0
4,-3,245,0,0,0
2,-0,259,0,0,0
6,-7,255,0,0,0
-5,-8,253,0,0,0
0,-1,249,0,0,0
-6,-4,258,0,0,0
-0,-4,259,0,0,0
0,-7,258,0,0,0
5,6,252,0,0,0
-4,3,257,0,0,0
-5,11,255,0,0,0
1,0,255,0,0,0
3,-6,254,0,0,0
3,3,253,0,0,0
6,-8,256,0,0,0
7,6,264,0,0,0
0,-1,250,0,0,0
10,8,263,0,0,0
10,2,257,0,0,0
8,-2,259,0,0,0
-3,6,257,0,0,0
3,1,249,0,0,0
0,-4,260,0,0,0
10,2,252,0,0,0
-4,-3,258,0,0,0
1,7,267,0,0,0
-4,4,256,0,0,0
2,-1,256,0,0,0
-3,1,258,0,0,0
2,4,262,0,0,0
-3,3,262,0,0,0
-2,-4,261,0,0,0
-5,1,254,0,0,0
4,-5,260,0,0,0
1,4,259,0,0,0
1,5,260,0,0,0
-5,-4,253,0,0,0
-2,0,257,0,0,0
-2,-1,255,0,0,0
-5,-0,250,0,0,0
-6,-3,252,0,0,0
-1,-4,261,0,0,0
-8,-3,254,0,0,0
-0,1,253,0,0,0
-5,1,265,0,0,0
5,5,257,0,0,0
3,9,256,0,0,0
4,3,261,0,0,0
-1,-5,255,0,0,0
0,2,263,0,0,0
2,3,254,0,0,0
-2,-3,256,0,0,0
6,-1,257,0,0,0
-1,14,254,0,0,0
-0,0,256,0,0,0
-5,-16,255,0,0,0
6,-8,254,0,0,0
-3,-1,254,0,0,0
-5,-7,253,0,0,0
0,1,258,0,0,0
9,2,258,0,0,0
-3,-1,253,0,0,0
3,4,254,0,0,0
6,4,260,0,0,0
-2,-5,256,0,0,0
3,-2,256,0,0,0
-4,-4,255,0,0,0
4,-5,253,0,0,0
2,-3,261,0,0,0
3,-3,252,0,0,0
3,1,253,0,0,0
2,1,253,0,0,0
-3,1,257,0,0,0
-4,4,262,0,0,0
-3,0,258,0,0,0
5,8,259,0,0,0
-1,-0,255,0,0,0
-3,1,257,0,0,0
-3,-3,252,0,0,0
-1,3,264,0,0,0
-4,-9,265,0,0,0
-6,-1,251,0,0,0
-4,9,262,0,0,0
1,1,254,0,0,0
-6,1,259,0,0,0
4,-7,248,0,0,0
-8,5,258,0,0,0
0,4,247,0,0,0
-3,2,258,0,0,0
-7,-6,255,0,0,0
-8,1,255,0,0,0
-2,-2,253,0,0,0
-2,-7,253,0,0,0
1,-5,258,0,0,0
12,1,254,0,0,0
-9,-2,247,0,0,0
-3,1,250,0,0,0
0,2,258,0,0,0
8,-5,252,0,0,0
-1,4,252,0,0,0
-2,4,247,0,0,0
-1,-2,263,0,0,0
4,8,259,0,0,0
4,-6,253,0,0,0
2,-2,260,0,0,0
-4,-1,256,0,0,0
-7,-3,262,0,0,0
5,1,249,0,0,0
9,-3,252,0,0,0
8,5,260,0,0,0
5,-2,262,0,0,0
12,10,260,0,0,0
5,-1,256,0,0,0
-6,5,261,0,0,0
-6,-2,258,0,0,0
-2,7,264,0,0,0
-7,-7,256,0,0,0
-8,0,258,0,0,0
-0,2,258,0,0,0
7,-9,261,0,0,0
1,7,255,0,0,0
5,-0,260,0,0,0
9,1,250,0,0,0
-7,-1,254,0,0,0
12,-9,258,0,0,0
-4,-2,254,0,0,0
2,-2,265,0,0,0
-6,-5,248,0,0,0
-5,-1,254,0,0,0
5,-4,256,0,0,0
-2,-0,254,0,0,0
5,-5,261,0,0,0
2,-4,261,0,0,0
-6,7,260,0,0,0
-2,2,247,0,0,0
-3,1,250,0,0,0
1,-1,268,0,0,0
-6,-1,251,0,0,0
-1,-2,248,0,0,0
-7,10,259,0,0,0
-1,-2,260,0,0,0
0,11,258,0,0,0
1,3,255,0,0,0
7,0,262,0,0,0
-0,-1,248,0,0,0
6,8,257,0,0,0
4,-1,249,0,0,0
0,-14,255,0,0,0
-7,-5,251,0,0,0
12,12,255,0,0,0
-6,0,256,0,0,0
-4,3,261,0,0,0
3,-0,255,0,0,0
-3,-2,254,0,0,0
2,-0,257,0,0,0
2,-5,248,0,0,0
4,2,258,0,0,0
2,6,255,0,0,0
1,-0,260,0,0,0
-3,-1,264,0,0,0
-6,-2,253,0,0,0
-3,-5,260,0,0,0
-2,-1,259,0,0,0
-3,3,256,0,0,0
0,-3,262,0,0,0
3,12,260,0,0,0
-10,3,252,0,0,0
-2,-2,253,0,0,0
3,-4,259,0,0,0
-1,1,258,0,0,0
-1,-0,256,0,0,0
-11,-1,249,0,0,0
8,5,252,0,0,0
-12,-1,248,0,0,0
-2,9,257,0,0,0
2,4,250,0,0,0
-4,7,255,0,0,0
3,5,249,0,0,0
-2,-2,263,0,0,0
8,4,261,0,0,0
-11,-11,258,0,0,0
-6,-3,252,0,0,0
-2,3,268,0,0,0
3,6,256,0,0,0
2,10,264,0,0,0
8,7,266,0,0,0
-0,-10,259,0,0,0
-6,-3,246,0,0,0
1,2,255,0,0,0
-4,-7,256,0,0,0
5,1,259,0,0,0
-1,1,256,0,0,0
-6,2,256,0,0,0
-0,-2,253,0,0,0
7,0,250,0,0,0
-1,3,251,0,0,0
-0,-8,258,0,0,0
9,-6,248,0,0,0
-11,-5,266,0,0,0
-8,0,268,0,0,0
-6,10,258,0,0,0
6,-3,259,0,0,0
6,-4,253,0,0,0
3,-4,257,0,0,0
-4,-4,250,0,0,0
7,9,254,0,0,0
-2,-2,253,0,0,0
-1,3,250,0,0,0
7,0,252,0,0,0
6,5,250,0,0,0
5,2,252,0,0,0
3,-0,261,0,0,0
-12,-10,265,0,0,0
-1,1,259,0,0,0
-6,-2,264,0,0,0
-1,-0,258,0,0,0
-3,2,254,0,0,0
1,13,258,0,0,0
1,1,256,0,0,0
-1,-4,247,0,0,0
1,-9,244,0,0,0
-7,-7,260,0,0,0
3,6,254,0,0,0
3,-3,252,0,0,0
2,5,249,0,0,0
5,5,255,0,0,0
9,3,258,0,0,0
-2,6,248,0,0,0
9,-0,262,0,0,0
7,1,258,0,0,0
1,-5,252,0,0,0
-5,6,252,0,0,0
-4,4,255,0,0,0
3,4,258,0,0,0
-6,-0,252,0,0,0
-2,-5,252,0,0,0
-5,-0,250,0,0,0
5,1,255,0,0,0
-4,-9,254,0,0,0
11,9,258,0,0,0
2,12,251,0,0,0
9,4,255,0,0,0
8,8,264,0,0,0
-11,-3,248,0,0,0
0,3,263,0,0,0
-3,7,248,0,0,0
1,6,258,0,0,0
2,3,248,0,0,0
0,5,257,0,0,0
-9,3,255,0,0,0
1,11,261,0,0,0
3,-4,247,0,0,0
7,-2,262,0,0,0
2,1,255,0,0,0
-2,-6,258,0,0,0
3,1,260,0,0,0
3,1,255,0,0,0
-1,2,252,0,0,0
4,-5,257,0,0,0
-8,2,256,0,0,0
-1,-6,254,0,0,0
-7,5,265,0,0,0
-9,4,268,0,0,0
-6,-5,264,0,0,0
1,1,257,0,0,0
5,-3,250,0,0,0
-5,-1,258,0,0,0
8,-2,250,0,0,0
-2,2,253,0,0,0
-2,-3,249,0,0,0
6,6,247,0,0,0
-5,5,259,0,0,0
-5,1,254,0,0,0
5,3,259,0,0,0
3,0,254,0,0,0
9,6,260,0,0,0
1,-2,252,0,0,0
6,-2,249,0,0,0
6,-13,260,0,0,0
0,-6,263,0,0,0
6,8,254,0,0,0
-8,2,252,0,0,0
-3,4,255,0,0,0
2,1,259,0,0,0
-10,-8,254,0,0,0
-5,9,256,0,0,0
4,6,255,0,0,0
1,-0,264,0,0,0
10,-2,260,0,0,0
-7,6,257,0,0,0
-1,2,252,0,0,0
2,3,247,0,0,0
3,5,252,0,0,0
2,0,256,0,0,0
-1,-4,252,0,0,0
6,4,256,0,0,0
7,-6,259,0,0,0
3,-10,258,0,0,0
4,1,262,0,0,0
0,-3,257,0,0,0
-1,2,252,0,0,0
-10,-1,252,0,0,0
6,-9,252,0,0,0
-2,-13,259,0,0,0
-3,2,253,0,0,0
1,-7,260,0,0,0
-6,12,254,0,0,0
-6,3,266,0,0,0
2,-2,258,0,0,0
-4,-0,252,0,0,0
2,5,259,0,0,0
-5,-6,258,0,0,0
3,-2,259,0,0,0
3,2,257,0,0,0
4,1,252,0,0,0
4,1,258,0,0,0
-14,-3,258,0,0,0
6,-2,252,0,0,0
5,1,251,0,0,0
2,1,261,0,0,0
-1,-2,258,0,0,0
-2,6,259,0,0,0
0,4,257,0,0,0
-1,-1,253,0,0,0
3,-2,243,0,0,0
-2,5,257,0,0,0
8,0,263,0,0,0
6,-1,248,0,0,0
-8,-1,256,0,0,0
-7,5,265,0,0,0
-10,-6,245,0,0,0
-3,-1,245,0,0,0
-0,-5,257,0,0,0
2,6,254,0,0,0
7,-1,259,0,0,0
1,-6,250,0,0,0
-3,-1,260,0,0,0
-6,8,264,0,0,0
1,-1,257,0,0,0
-3,7,261,0,0,0
3,2,258,0,0,0
10,-2,249,0,0,0
-1,0,255,0,0,0
7,-2,256,0,0,0
2,9,262,0,0,0
5,1,257,0,0,0
5,5,254,0,0,0
-5,-1,263,0,0,0
-4,5,259,0,0,0
-2,-5,261,0,0,0
-1,1,261,0,0,0
3,11,241,0,0,0
2,-9,256,0,0,0
4,-7,249,0,0,0
-9,-4,251,0,0,0
-2,-6,248,0,0,0
2,-2,257,0,0,0
4,4,252,0,0,0
6,-14,255,0,0,0
1,4,256,0,0,0
2,-6,259,0,0,0
4,-5,260,0,0,0
7,5,260,0,0,0
-3,-6,255,0,0,0
-2,-5,255,0,0,0
-1,3,257,0,0,0
-7,-7,246,0,0,0
5,6,250,0,0,0
10,2,251,0,0,0
-3,3,255,0,0,0
1,1,256,0,0,0
4,0,255,0,0,0
-10,-9,258,0,0,0
-6,-8,251,0,0,0
5,3,252,0,0,0
5,-4,252,0,0,0
7,4,257,0,0,0
-6,11,259,0,0,0
11,-6,256,0,0,0
2,2,256,0,0,0
-3,1,262,0,0,0
-1,-4,252,0,0,0
1,2,255,0,0,0
-2,15,257,0,0,0
-6,1,261,0,0,0
4,-2,264,0,0,0
3,-2,255,0,0,0
0,-10,253,0,0,0
0,2,256,0,0,0
3,1,253,0,0,0
-6,5,251,0,0,0
4,-7,260,0,0,0
-6,-3,261,0,0,0
5,-1,260,0,0,0
-1,-0,259,0,0,0
-2,-0,256,0,0,0
1,-6,263,0,0,0
2,-5,259,0,0,0
3,-3,258,0,0,0
1,5,258,0,0,0
1,-5,259,0,0,0
-5,-13,256,0,0,0
-9,-2,253,0,0,0
5,-5,260,0,0,0
3,-1,255,0,0,0
-4,8,259,0,0,0
1,1,253,0,0,0
6,3,261,0,0,0
2,-1,262,0,0,0
1,-2,252,0,0,0
-6,10,252,0,0,0
1,5,247,0,0,0
1,2,253,0,0,0
-6,1,253,0,0,0
-3,1,258,0,0,0
-1,-1,262,0,0,0
-4,9,255,0,0,0
-3,-2,252,0,0,0
2,-1,264,0,0,0
-0,-1,260,0,0,0
7,-1,272,0,0,0
5,-1,257,0,0,0
-10,-2,260,0,0,0
3,6,251,0,0,0
-2,-5,254,0,0,0
2,-9,260,0,0,0
-3,-1,253,0,0,0
-1,-2,261,0,0,0
6,-8,254,0,0,0
10,8,255,0,0,0
-3,1,253,0,0,0
-9,4,249,0,0,0
-2,2,259,0,0,0
6,1,264,0,0,0
3,7,257,0,0,0
1,-4,255,0,0,0
0,-3,269,0,0,0
0,-10,250,0,0,0
-8,-3,255,0,0,0
2,-3,258,0,0,0
-0,-7,255,0,0,0
8,-1,258,0,0,0
-4,4,262,0,0,0
-5,-4,260,0,0,0
-3,5,255,0,0,0
0,-6,254,0,0,0
-4,4,251,0,0,0
0,15,261,0,0,0
2,-4,259,0,0,0
-1,6,252,0,0,0
0,-1,253,0,0,0
-6,-1,244,0,0,0
-0,5,251,0,0,0
-5,-3,255,0,0,0
1,-1,267,0,0,0
11,-1,257,0,0,0
-7,-8,257,0,0,0
-0,-7,251,0,0,0
7,2,241,0,0,0
-4,1,260,0,0,0
-11,-4,251,0,0,0
8,5,251,0,0,0
-1,6,257,0,0,0
7,4,254,0,0,0
1,3,252,0,0,0
8,8,257,0,0,0
6,12,249,0,0,0
2,5,255,0,0,0
7,-3,258,0,0,0
-0,-4,262,0,0,0
-5,1,252,0,0,0
-0,3,251,0,0,0
-1,-8,255,0,0,0
11,2,253,0,0,0
2,10,251,0,0,0
6,7,253,0,0,0
-9,-6,259,0,0,0
4,1,258,0,0,0
-6,4,260,0,0,0
-4,2,253,0,0,0
-6,-4,262,0,0,0
3,1,259,0,0,0
-8,-12,243,0,0,0
-1,4,251,0,0,0
5,3,266,0,0,0
-4,4,267,0,0,0
8,5,250,0,0,0
-6,3,263,0,0,0
-1,9,254,0,0,0
-1,4,253,0,0,0
0,-1,258,0,0,0
1,-5,262,0,0,0
-11,6,263,0,0,0
-10,-6,257,0,0,0
-5,-5,252,0,0,0
1,1,257,0,0,0
-5,-0,259,0,0,0
0,10,256,0,0,0
-1,8,252,0,0,0
-2,4,255,0,0,0
7,0,249,0,0,0
-10,1,252,0,0,0
6,-1,266,0,0,0
3,-6,256,0,0,0
-4,3,254,0,0,0
3,5,257,0,0,0
3,3,254,0,0,0
-1,-5,255,0,0,0
9,8,259,0,0,0
10,5,253,0,0,0
-1,-2,257,0,0,0
7,9,260,0,0,0
10,-11,257,0,0,0
5,6,260,0,0,0
2,-1,261,0,0,0
-5,8,251,0,0,0
-1,-8,258,0,0,0
3,5,254,0,0,0
-4,-3,258,0,0,0
-10,-3,253,0,0,0
7,1,263,0,0,0
1,2,260,0,0,0
-5,5,249,0,0,0
-9,2,252,0,0,0
8,9,260,0,0,0
-2,-10,253,0,0,0
4,-3,254,0,0,0
2,5,255,0,0,0
7,-9,251,0,0,0
5,-6,257,0,0,0
8,-3,252,0,0,0
7,2,260,0,0,0
3,3,258,0,0,0
-6,-10,262,0,0,0
-6,2,252,0,0,0
-1,-4,251,0,0,0
-1,6,248,0,0,0
-6,-5,259,0,0,0
-2,-2,259,0,0,0
-4,-2,259,0,0,0
1,4,258,0,0,0
-3,5,255,0,0,0
1,3,257,0,0,0
2,5,254,0,0,0
-5,-2,248,0,0,0
2,3,249,0,0,0
2,14,249,0,0,0
0,-2,257,0,0,0
5,2,252,0,0,0
-5,0,259,0,0,0
11,5,264,0,0,0
-3,3,252,0,0,0
6,0,256,0,0,0
3,2,258,0,0,0
12,7,257,0,0,0
2,4,256,0,0,0
-3,-2,253,0,0,0
-1,1,250,0,0,0
-3,0,250,0,0,0
-1,2,243,0,0,0
-2,9,256,0,0,0
1,1,251,0,0,0
-3,7,260,0,0,0
-1,0,267,0,0,0
4,1,261,0,0,0
4,1,263,0,0,0
-7,-3,250,0,0,0
3,-5,249,0,0,0
7,-3,254,0,0,0
-4,-4,256,0,0,0
11,-5,258,0,0,0
6,-3,257,0,0,0
9,3,252,0,0,0
-2,7,252,0,0,0
-4,3,261,0,0,0
-5,-5,255,0,0,0
3,10,255,0,0,0
-4,0,260,0,0,0
-4,-1,249,0,0,0
4,2,255,0,0,0
-5,2,250,0,0,0
4,-2,261,0,0,0
6,-4,253,0,0,0
6,-4,252,0,0,0
-2,-6,251,0,0,0
-2,3,252,0,0,0
-2,5,255,0,0,0
7,-8,258,0,0,0
4,-4,261,0,0,0
9,-1,251,0,0,0
-15,4,259,0,0,0
3,2,250,0,0,0
-13,-1,253,0,0,0
1,2,256,0,0,0
-3,1,252,0,0,0
3,-8,254,0,0,0
3,-5,258,0,0,0
-0,7,260,0,0,0
4,-1,253,0,0,0
-5,-7,256,0,0,0
-1,-2,249,0,0,0
4,2,255,0,0,0
-1,0,245,0,0,0
7,-4,263,0,0,0
6,13,256,0,0,0
-1,-3,261,0,0,0
1,1,253,0,0,0
-3,-3,253,0,0,0
-6,-4,256,0,0,0
5,6,253,0,0,0
-1,-4,253,0,0,0
1,-3,257,0,0,0
2,4,258,0,0,0
2,1,252,0,0,0
-4,-5,251,0,0,0
1,-1,255,0,0,0
3,0,257,0,0,0
-2,-6,246,0,0,0
-12,8,257,0,0,0
1,5,253,0,0,0
-5,-8,251,0,0,0
4,4,258,0,0,0
4,-3,261,0,0,0
16,-5,253,0,0,0
1,-4,255,0,0,0
-4,-3,257,0,0,0
-12,9,256,0,0,0
-2,-0,249,0,0,0
0,-1,248,0,0,0
4,7,249,0,0,0
-7,-4,260,0,0,0
-6,5,266,0,0,0
5,-8,257,0,0,0
-3,-4,260,0,0,0
3,1,259,0,0,0
-4,8,256,0,0,0
3,-1,247,0,0,0
4,6,251,0,0,0
10,-7,251,0,0,0
-10,-4,255,0,0,0
-7,-4,264,0,0,0
-1,-3,255,0,0,0
4,9,258,0,0,0
6,11,273,0,0,0
-2,-2,255,0,0,0
4,1,255,0,0,0
-2,-6,260,0,0,0
-0,-0,252,0,0,0
5,6,257,0,0,0
-4,-2,263,0,0,0
-3,-6,246,0,0,0
-7,-1,258,0,0,0
0,9,256,0,0,0
1,6,250,0,0,0
-3,5,248,0,0,0
3,-9,251,0,0,0
-2,8,262,0,0,0
4,1,266,0,0,0
10,-10,256,0,0,0
10,10,252,0,0,0
-2,10,254,0,0,0
-2,-5,256,0,0,0
-0,-2,260,0,0,0
4,-0,263,0,0,0
-2,0,266,0,0,0
2,0,262,0,0,0
-4,4,253,0,0,0
-6,2,256,0,0,0
8,2,260,0,0,0
-2,2,258,0,0,0
-5,2,252,0,0,0
-6,0,262,0,0,0
-2,2,262,0,0,0
5,-2,260,0,0,0
2,-9,251,0,0,0
9,2,256,0,0,0
1,4,259,0,0,0
-0,5,257,0,0,0
8,-4,262,0,0,0
3,-2,258,0,0,0
7,7,255,0,0,0
-7,3,245,0,0,0
6,6,249,0,0,0
8,-4,258,0,0,0
3,1,250,0,0,0
10,-3,254,0,0,0
11,-3,258,0,0,0
-1,-12,246,0,0,0
6,2,266,0,0,0
6,0,254,0,0,0
3,7,268,0,0,0
-4,-0,251,0,0,0
1,4,250,0,0,0
-3,-6,251,0,0,0
4,-5,247,0,0,0
5,-4,255,0,0,0
8,-3,256,0,0,0
-4,1,257,0,0,0
3,1,262,0,0,0
-3,-3,261,0,0,0
1,-6,252,0,0,0
5,5,260,0,0,0
-6,2,256,0,0,0
9,7,251,0,0,0
-4,4,258,0,0,0
2,8,256,0,0,0
-1,9,254,0,0,0
-4,6,260,0,0,0
2,-8,252,0,0,0
9,-0,252,0,0,0
3,0,257,0,0,0
2,-5,260,0,0,0
2,7,250,0,0,0
-4,-5,256,0,0,0
-4,-1,258,0,0,0
2,-0,261,0,0,0
-7,-6,249,0,0,0
5,6,264,0,0,0
2,-0,256,0,0,0
-5,4,253,0,0,0
12,-7,259,0,0,0
6,-2,254,0,0,0
0,-1,256,0,0,0
0,0,250,0,0,0
5,-4,259,0,0,0
-6,0,259,0,0,0
5,1,245,0,0,0
-1,3,251,0,0,0
-4,1,250,0,0,0
-1,-1,255,0,0,0
-2,-5,257,0,0,0
-0,-4,253,0,0,0
-1,-4,252,0,0,0
8,-2,255,0,0,0
-5,7,256,0,0,0
9,-14,255,0,0,0
-3,2,252,0,0,0
4,-1,254,0,0,0
3,-3,254,0,0,0
7,4,258,0,0,0
3,-1,258,0,0,0
-9,-8,266,0,0,0
-2,-2,248,0,0,0
6,-10,262,0,0,0
-4,4,253,0,0,0
2,-4,251,0,0,0
-5,8,250,0,0,0
-5,6,258,0,0,0
-1,3,261,0,0,0
-3,6,254,0,0,0
7,-4,250,0,0,0
-4,7,256,0,0,0
-5,2,255,0,0,0
-4,-0,253,0,0,0
-1,-1,244,0,0,0
1,4,258,0,0,0
-7,8,250,0,0,0
-7,3,251,0,0,0
6,-13,242,0,0,0
-3,2,253,0,0,0
1,4,258,0,0,0
2,5,268,0,0,0
5,4,254,0,0,0
-6,-5,269,0,0,0
-10,-1,257,0,0,0
2,-9,253,0,0,0
8,4,254,0,0,0
3,-1,256,0,0,0
1,9,257,0,0,0
-0,-6,256,0,0,0
-5,-10,250,0,0,0
10,3,254,0,0,0
-7,2,256,0,0,0
-4,6,260,0,0,0
7,8,245,0,0,0
-6,4,262,0,0,0
2,-1,258,0,0,0
1,8,253,0,0,0
5,-3,251,0,0,0
0,2,255,0,0,0
2,-3,258,0,0,0
