-30,-259,0,109,39,-123
97,-319,0,-126,25,307
41,-153,0,202,-219,91
72,-170,0,-12,-187,7
29,-167,0,-25,-95,-190
89,-125,0,93,106,-242
70,-156,0,-52,193,-68
108,-149,0,-36,-191,-55
120,-24,0,102,-186,194
167,-56,0,280,-3,39
177,15,0,63,12,55
102,-0,0,-75,-364,140
72,-7,0,401,-57,-175
226,2,0,-128,-77,-66
239,53,0,125,-220,-117
176,65,0,-255,-96,-62
106,-9,0,74,146,-225
187,-19,0,-51,80,366
243,55,0,369,217,-244
233,15,0,168,146,288
98,119,0,144,-276,31
138,11,0,-432,-144,-230
98,83,0,-52,164,-208
143,61,0,187,142,214
50,-29,0,99,287,-85
104,-95,0,123,84,134
-24,-91,0,27,324,-105
112,-83,0,343,-96,168
75,-121,0,272,207,192
53,-142,0,-350,439,168
41,-100,0,252,-24,220
136,-220,0,-26,276,-309
54,-97,0,-75,175,-290
0,-117,0,-59,-63,60
17,-266,0,214,15,306
14,-338,0,29,152,-46
1,-374,0,-180,-238,224
-34,-278,0,-138,292,103
-108,-351,0,-88,170,-207
-99,-383,0,-368,-274,214
-95,-525,0,-13,-25,4
-106,-437,0,113,105,35
-134,-501,0,258,-14,158
-159,-537,0,101,215,439
-148,-485,0,-72,48,92
-163,-489,0,-70,136,-267
-110,-565,0,155,-65,174
-130,-562,0,-173,-319,96
-126,-562,0,-104,134,-85
-222,-643,0,18,-205,-394
-86,-513,0,68,13,118
-233,-593,0,-73,359,-64
-111,-568,0,-314,95,116
-226,-576,0,191,192,-267
-63,-517,0,-312,83,403
-149,-559,0,-203,-1,291
-137,-508,0,-11,-104,148
-84,-467,0,-17,162,-141
-77,-498,0,494,-5,133
-56,-412,0,-382,-411,-346
-184,-436,0,39,-448,190
-26,-423,0,-107,-78,-169
-20,-463,0,277,-124,60
-122,-421,0,-263,3,150
-51,-343,0,154,-362,66
-47,-221,0,84,-132,-325
37,-365,0,-54,-285,-43
62,-374,0,-97,48,-277
-16,-259,0,-13,56,-236
33,-251,0,-224,320,245
16,-149,0,-235,-74,224
40,-193,0,437,52,106
71,-83,0,100,-318,-348
216,-148,0,157,79,-444
76,-121,0,-214,-677,172
62,-80,0,-77,9,-294
124,-33,0,-122,44,209
136,-2,0,-141,324,-27
62,-76,0,295,75,-186
169,-7,0,-90,-28,-23
176,109,0,-32,230,-18
215,28,0,-195,-230,195
179,68,0,329,-73,298
76,43,0,-122,108,22
245,53,0,-72,186,225
88,46,0,-47,263,63
11,-1,0,-108,102,4
232,91,0,145,352,-160
93,-25,0,-41,164,-59
153,-10,0,-71,85,58
118,1,0,359,49,30
171,48,0,-140,-172,177
110,-22,0,357,-190,174
15,-5,0,-163,-100,22
139,-75,0,134,88,-162
38,-80,0,-73,90,255
110,-44,0,-81,-137,169
117,-208,0,25,-287,61
-35,-188,0,137,-433,90
2,-202,0,-145,-310,-97
-19,-140,0,60,301,140
-134,-226,0,10,-38,197
-38,-300,0,157,-67,-30
62,-395,0,224,-174,-293
39,-446,0,24,142,-178
-95,-417,0,74,123,185
-54,-382,0,-179,-182,-358
-171,-421,0,-197,236,-21
-115,-485,0,-640,175,-141
-126,-431,0,241,-413,130
-137,-472,0,23,225,171
-124,-528,0,-20,108,-209
-168,-511,0,-78,20,-382
-112,-522,0,105,-314,-114
-161,-479,0,50,3,-18
-192,-540,0,66,-57,448
-139,-530,0,-143,55,-74
-66,-603,0,-140,144,305
-150,-641,0,168,390,528
-143,-425,0,3,-74,-308
-204,-514,0,-275,-127,34
-124,-560,0,294,-96,-8
-125,-473,0,-445,-166,83
-144,-572,0,219,-116,338
-161,-525,0,-180,41,545
-163,-525,0,1,196,-8
-126,-545,0,-135,-235,142
-61,-370,0,213,232,-118
-62,-413,0,366,-180,-135
-121,-397,0,131,-17,252
-84,-316,0,-129,354,-224
12,-345,0,132,14,75
-2,-418,0,-165,-371,15
64,-289,0,77,298,-117
-48,-228,0,-98,285,-118
-32,-234,0,78,37,379
80,-157,0,98,355,-58
43,-207,0,-164,-1,-256
103,-155,0,236,-116,21
81,-170,0,-4,-74,-137
54,9,0,-17,46,291
91,-34,0,172,2,312
96,-74,0,15,363,45
84,-122,0,-129,352,366
160,-76,0,-80,-138,-212
136,1,0,-93,181,-91
154,-108,0,2,233,242
191,3,0,-93,-268,-253
69,100,0,-21,603,-175
93,-60,0,-282,-49,-464
57,173,0,293,146,319
157,66,0,329,-42,-63
114,37,0,132,40,-43
191,15,0,225,-99,-92
113,76,0,197,177,-13
90,12,0,-180,228,20
178,-43,0,241,297,-414
77,-17,0,108,62,98
93,28,0,-12,108,-176
90,23,0,44,230,251
112,-11,0,-82,-272,80
71,-56,0,220,124,321
98,-92,0,51,-237,33
92,-116,0,201,252,208
167,-214,0,59,316,15
5,-159,0,-139,256,37
65,-140,0,12,-259,-156
46,-235,0,414,-347,-708
-7,-306,0,-213,-255,-357
74,-316,0,126,200,-109
114,-375,0,110,-332,-296
-15,-431,0,-181,17,399
-60,-424,0,-26,-119,599
-20,-468,0,134,132,265
-110,-421,0,-53,-23,-130
-144,-548,0,-179,168,250
-6,-394,0,-43,240,-158
-100,-521,0,-228,348,214
-10,-526,0,60,82,64
-167,-467,0,-155,11,-46
-131,-529,0,-128,14,-110
-60,-502,0,412,368,-207
-206,-465,0,-506,209,53
-322,-519,0,104,451,-8
-120,-530,0,-53,199,-199
-115,-666,0,422,-95,74
-131,-556,0,304,-237,-81
-32,-580,0,-23,-151,-229
-170,-510,0,179,194,79
-147,-613,0,-67,236,-134
-141,-487,0,-161,-375,270
-142,-463,0,11,-218,-110
-154,-566,0,-20,-85,58
-100,-411,0,2,-28,-153
-130,-450,0,453,-1,-42
-52,-437,0,-275,-7,-87
-74,-390,0,-129,11,343
-78,-283,0,79,-422,-415
-36,-382,0,-83,-198,79
-13,-319,0,111,126,113
-74,-316,0,-373,-46,-225
-30,-276,0,-68,-47,48
23,-225,0,-36,251,287
66,-186,0,-95,206,158
74,-156,0,-135,-114,-59
2,-90,0,-242,182,12
85,-95,0,152,-333,58
52,-16,0,-15,36,-100
-6,-106,0,-54,-58,-169
85,-32,0,-219,-308,239
49,-16,0,-21,4,-181
217,150,0,39,334,-22
159,4,0,306,20,108
145,38,0,-447,151,303
108,-78,0,91,95,-58
139,105,0,95,332,312
210,36,0,303,422,158
93,45,0,45,-137,-141
210,-13,0,89,-300,12
142,44,0,143,-54,189
112,24,0,-350,-194,13
150,43,0,-537,156,119
168,-16,0,62,257,-128
114,-3,0,-142,-263,-246
63,-69,0,69,-249,-25
116,-16,0,121,-289,-249
212,-22,0,-27,235,182
98,-25,0,-98,378,-106
141,-29,0,-409,69,-277
141,-50,0,-146,-73,-96
88,-198,0,243,8,118
50,-270,0,391,-115,326
45,-100,0,33,58,79
-33,-164,0,10,-117,300
-29,-243,0,-422,-46,-144
35,-266,0,147,53,157
-134,-301,0,83,-107,255
-57,-276,0,137,-201,-174
-90,-369,0,287,-48,154
-65,-315,0,88,38,73
-106,-430,0,-95,36,-391
-88,-349,0,0,185,365
-101,-389,0,34,200,-162
-116,-419,0,-35,274,-397
-120,-405,0,36,230,242
-109,-588,0,137,-25,146
-46,-534,0,115,557,186
-107,-531,0,-5,-41,163
-39,-546,0,222,208,56
-111,-545,0,90,-123,24
-116,-519,0,130,-343,407
-131,-558,0,35,261,-18
-238,-576,0,50,-99,66
-112,-527,0,169,105,167
-118,-470,0,-267,-30,330
-113,-615,0,-327,156,-191
-97,-550,0,-45,-39,-505
-156,-531,0,163,22,-451
-147,-479,0,-133,-21,-46
-161,-451,0,74,-116,115
-68,-478,0,26,28,-108
-164,-455,0,-124,-226,-141
-107,-492,0,266,-56,-29
-13,-433,0,-341,219,-46
-77,-345,0,53,-262,323
-47,-358,0,3,-204,-202
-18,-323,0,-85,-544,175
-81,-283,0,15,122,337
-47,-226,0,-79,-161,19
-41,-270,0,167,268,-5
16,-201,0,264,-158,98
139,-206,0,-150,-49,-30
110,-228,0,43,159,512
121,-195,0,-81,-105,90
51,-116,0,-81,36,-11
118,-98,0,-81,-46,121
121,2,0,-173,-157,256
134,-90,0,189,71,-93
176,-2,0,-36,-66,-256
132,-37,0,-76,93,259
132,-44,0,73,193,167
191,18,0,34,202,19
185,-38,0,73,-173,-25
87,-114,0,-49,136,127
123,85,0,-235,-380,239
161,71,0,52,-80,-587
141,116,0,165,-1,393
68,-24,0,51,-232,41
113,117,0,-74,113,-286
158,75,0,-335,-79,-211
143,14,0,-282,-142,155
93,-1,0,300,1,202
103,30,0,96,-309,233
101,-25,0,141,-130,76
210,-32,0,73,-122,323
131,-87,0,41,-146,-8
3,-97,0,-78,133,271
13,-140,0,-7,98,36
31,-110,0,33,-149,136
3,-84,0,-82,158,-1
35,-243,0,544,-47,-1
47,-211,0,164,70,-423
29,-303,0,141,-191,-164
10,-311,0,152,-154,-267
-1,-406,0,-118,81,9
-63,-295,0,-12,222,-145
-5,-313,0,-260,9,266
-80,-221,0,-279,-149,85
-53,-497,0,-135,192,-55
-8,-592,0,330,-53,299
-98,-544,0,-304,81,-484
-126,-535,0,-293,-175,-167
-125,-476,0,445,-377,7
-133,-447,0,-223,-341,-135
-228,-549,0,207,-128,-437
-170,-521,0,175,-102,-1
-183,-504,0,113,86,-217
-151,-586,0,-335,180,-217
-163,-580,0,-89,-191,84
-183,-546,0,30,7,-333
-66,-446,0,-135,-388,-253
-110,-508,0,-42,-20,-23
-146,-476,0,46,18,-60
-102,-557,0,-26,132,156
-165,-498,0,-174,-273,309
-162,-505,0,-406,-357,331
-77,-508,0,-203,18,35
-110,-493,0,179,350,120
-81,-586,0,455,-75,-232
-85,-370,0,73,27,136
-88,-487,0,-207,216,-345
-50,-450,0,-9,-5,-63
-51,-478,0,-126,70,129
19,-367,0,-100,221,-152
-22,-353,0,-392,-16,75
-22,-354,0,-150,-23,411
-33,-191,0,298,-112,-93
-22,-239,0,47,-176,155
85,-245,0,-379,-95,29
43,-117,0,118,-503,-283
165,-176,0,195,-1,265
1,-51,0,144,49,66
114,-50,0,184,-83,81
174,-74,0,-35,-202,168
130,-80,0,172,259,89
175,-27,0,-263,-55,253
129,64,0,-91,-110,150
151,-75,0,41,-82,-166
94,21,0,-70,160,-168
183,31,0,282,137,49
163,78,0,35,-37,-266
164,83,0,-33,-10,-63
211,55,0,409,-68,156
102,59,0,90,-46,-168
105,114,0,-124,79,131
175,6,0,15,56,-58
171,52,0,-274,-58,-28
175,24,0,115,123,-12
142,2,0,59,-522,-136
131,-9,0,155,-324,-315
144,-10,0,70,-57,-375
-15,-17,0,-26,-115,-55
140,-72,0,-64,-232,249
67,-146,0,142,122,255
114,-66,0,136,175,365
232,-170,0,83,158,-74
35,-114,0,-132,-44,374
27,-235,0,-378,83,152
-34,-273,0,313,175,-21
-79,-203,0,99,-42,-107
-55,-321,0,-15,-323,100
-56,-387,0,309,-19,-49
11,-316,0,-157,-180,-94
-15,-372,0,264,-323,264
-74,-444,0,24,88,331
-61,-377,0,-177,-149,-110
-66,-379,0,-36,245,-39
-130,-448,0,110,-14,136
-126,-475,0,144,-21,-165
-76,-448,0,-268,251,6
-178,-498,0,190,317,243
-43,-627,0,331,-108,-38
-112,-548,0,-224,-286,226
-107,-701,0,-448,294,408
-161,-602,0,356,360,222
-237,-540,0,-226,-76,305
-147,-564,0,-153,72,98
-143,-557,0,-53,-206,174
-236,-517,0,-17,-110,-406
-112,-547,0,208,-65,157
-209,-484,0,239,88,4
-106,-623,0,-177,-508,-109
-152,-475,0,-357,-130,215
-113,-474,0,405,-24,-250
-86,-481,0,-253,-153,-352
-40,-419,0,-238,-118,-69
-47,-490,0,-90,-44,-47
-131,-459,0,77,-126,81
-7,-339,0,74,-62,212
-100,-366,0,-228,321,-242
-20,-283,0,235,-62,-290
93,-268,0,121,-22,51
-35,-261,0,-53,14,27
78,-221,0,-106,-89,-212
69,-226,0,42,397,1
-3,-154,0,-13,-104,-22
1,-155,0,22,235,-147
-7,-86,0,-298,144,-55
61,-85,0,42,-108,-190
124,10,0,-453,-101,-149
46,-16,0,135,51,250
64,-98,0,91,-268,-122
42,5,0,149,10,85
140,60,0,119,179,115
93,41,0,263,-112,200
112,31,0,-393,-276,-202
136,46,0,-266,140,-87
134,6,0,-161,387,-101
152,18,0,-83,72,69
138,-29,0,-229,168,-92
170,103,0,-68,-13,-52
22,-8,0,-126,19,-140
176,-18,0,7,180,185
155,-56,0,134,40,-437
69,55,0,261,-187,-171
75,119,0,-221,-126,-308
42,24,0,82,90,-253
59,49,0,-81,-113,256
111,38,0,-167,-9,615
-11,-72,0,23,2,179
101,-24,0,295,177,-19
42,-158,0,363,38,-79
120,-178,0,-207,28,72
3,-256,0,196,55,-98
34,-80,0,-23,150,183
-113,-218,0,315,-372,-322
10,-309,0,14,-95,-234
-31,-293,0,-228,31,144
-30,-291,0,-141,31,401
-48,-354,0,170,-4,239
-69,-351,0,7,171,47
-98,-280,0,-224,-113,-95
-66,-393,0,-377,-15,-9
-42,-474,0,-442,-120,-4
-117,-464,0,-104,-114,367
-123,-521,0,-108,-116,-109
-136,-534,0,318,-12,91
-84,-519,0,-171,4,-361
-164,-538,0,79,148,-103
-196,-488,0,325,-395,-68
-161,-517,0,-139,-10,168
-169,-568,0,-2,472,154
-151,-603,0,-226,122,-168
-207,-470,0,-347,50,-5
-215,-490,0,147,14,30
-70,-579,0,-59,158,-158
-71,-594,0,139,-119,-50
-191,-443,0,-284,266,-64
-196,-560,0,100,108,9
-146,-431,0,-33,-240,409
-90,-486,0,-25,66,22
-111,-440,0,295,34,192
-53,-448,0,-146,-191,211
-22,-472,0,-53,230,-13
-6,-445,0,-52,29,179
-97,-301,0,-296,-166,364
-92,-304,0,-129,25,-22
-5,-379,0,-62,223,-220
-43,-291,0,235,-139,-254
-62,-253,0,240,-39,77
8,-214,0,55,252,-12
-52,-219,0,-374,72,-242
112,-167,0,322,103,104
48,-165,0,297,46,70
51,-61,0,120,222,-149
29,-85,0,12,-65,-274
119,-152,0,202,125,-192
121,-68,0,167,-5,131
186,-2,0,-3,-66,-62
121,88,0,54,74,27
146,-13,0,139,252,126
85,-12,0,-38,359,-222
151,36,0,197,527,42
164,-22,0,73,-14,174
137,99,0,265,-257,-49
150,53,0,-51,415,-304
194,89,0,68,96,70
80,63,0,-230,-47,-317
236,96,0,-13,-291,182
262,-48,0,81,457,-259
117,-32,0,1,-177,209
78,100,0,220,48,-2
99,30,0,-50,122,29
87,-23,0,317,79,120
141,35,0,-71,-243,190
46,35,0,-504,-217,117
60,-112,0,115,314,-296
67,-113,0,72,-69,336
49,-106,0,16,321,-386
-0,-120,0,124,105,38
93,-212,0,190,254,83
116,-158,0,-53,-247,97
75,-196,0,251,-320,11
-40,-272,0,237,151,126
-45,-236,0,-8,13,-200
-42,-279,0,-62,-35,565
10,-383,0,83,198,179
-31,-453,0,-328,-179,299
59,-366,0,-167,265,12
-138,-431,0,-178,68,-29
24,-443,0,-143,47,19
-80,-377,0,-8,-57,250
-20,-505,0,42,263,40
-105,-465,0,39,447,374
-175,-471,0,97,-108,-28
-159,-464,0,-230,-364,92
-110,-544,0,-189,-192,196
-222,-564,0,33,-51,-130
-102,-473,0,135,78,104
-66,-495,0,114,-297,-193
-145,-517,0,-262,81,227
-194,-614,0,24,-40,-200
-223,-467,0,-275,-169,84
-100,-514,0,-515,-244,-241
-48,-507,0,166,-36,689
-122,-500,0,-381,319,-101
-139,-535,0,265,171,-236
-235,-507,0,-33,-46,-106
-219,-576,0,96,163,112
-131,-406,0,-31,440,150
-111,-424,0,66,225,163
51,-402,0,-125,264,-190
-44,-329,0,168,114,-233
-12,-390,0,-431,-105,117
-31,-246,0,-75,255,-96
21,-251,0,251,-102,220
-52,-274,0,-256,-29,113
39,-246,0,-142,-365,178
33,-156,0,161,-206,-294
-26,-160,0,194,31,-162
46,-54,0,56,-16,-261
39,-110,0,109,9,-115
21,-84,0,178,11,40
144,-83,0,119,-142,-57
82,-136,0,9,7,87
82,23,0,-104,-103,-450
39,-0,0,239,-192,-3
201,-39,0,-156,-374,-16
171,-9,0,-54,203,-219
55,13,0,188,191,4
126,33,0,292,-155,-135
173,71,0,-353,-655,-13
187,47,0,157,-59,106
134,12,0,155,120,445
193,-21,0,1,-306,100
225,23,0,-129,130,169
125,19,0,60,-103,-201
144,-63,0,36,-191,-117
189,24,0,-148,-213,-64
146,28,0,-224,132,-160
138,-58,0,23,-120,-131
22,-11,0,255,-91,52
115,-18,0,229,-11,217
103,-102,0,221,220,31
34,-119,0,-290,61,-253
-1,-156,0,-36,-310,126
58,-123,0,-193,-140,284
73,-245,0,451,76,214
37,-176,0,44,253,152
-62,-146,0,347,240,41
-1,-206,0,-174,-205,-39
21,-269,0,252,-396,178
-12,-388,0,-455,-321,-209
-84,-308,0,-472,313,-335
-22,-397,0,133,195,-111
-51,-380,0,246,182,221
-126,-357,0,-294,118,212
-131,-428,0,299,106,-85
-137,-516,0,145,173,-157
-228,-495,0,117,-167,-288
-87,-514,0,140,-248,-144
-120,-527,0,291,-115,-203
-144,-431,0,-24,-19,-42
-172,-567,0,38,-56,127
-85,-592,0,423,-91,213
-161,-520,0,29,-141,243
-95,-423,0,34,-49,175
-183,-531,0,-111,15,-177
-142,-552,0,-90,-263,-108
-169,-547,0,119,-114,-136
-287,-539,0,217,-19,454
-195,-516,0,-261,96,76
-113,-554,0,-204,197,-92
-104,-573,0,82,100,24
-110,-471,0,130,108,-249
-133,-420,0,-17,-102,407
-110,-448,0,81,350,110
-154,-490,0,-149,7,-83
-89,-487,0,-46,-445,-168
71,-321,0,113,-71,-395
24,-446,0,-238,-193,-191
-120,-283,0,-323,161,60
-41,-301,0,-203,-55,-310
-79,-360,0,-90,5,48
-23,-262,0,-74,-69,92
67,-217,0,-78,122,102
-8,-225,0,575,456,-339
8,-164,0,364,-45,-253
8,-186,0,184,384,-220
13,-88,0,293,-54,241
95,-131,0,-117,152,-56
111,-138,0,97,156,-3
133,-57,0,103,247,-261
185,31,0,379,117,40
113,-22,0,122,101,-38
99,-10,0,-97,-195,201
228,-15,0,-592,123,-247
67,9,0,-72,87,-131
166,25,0,-222,14,-200
81,14,0,66,9,142
166,29,0,337,15,-421
204,21,0,224,-65,-105
130,60,0,-1,-31,-141
114,47,0,-344,269,-109
163,17,0,-51,-111,-173
157,50,0,231,305,-145
107,12,0,106,179,-13
98,-38,0,282,-251,-138
148,-22,0,-40,543,-39
68,-47,0,126,-132,97
169,-146,0,-134,-281,110
89,38,0,398,135,65
78,-134,0,-115,-435,-104
101,-185,0,-318,281,588
117,-228,0,212,-190,-336
38,-126,0,113,344,-426
-20,-167,0,84,325,-214
16,-228,0,20,-84,-185
5,-233,0,10,-242,140
13,-302,0,76,2,127
-68,-307,0,372,-42,-218
-38,-429,0,-143,133,122
-99,-406,0,-61,100,-214
-115,-410,0,277,-41,-141
-120,-452,0,21,187,-202
-148,-470,0,433,-133,188
-162,-465,0,-19,-66,340
-124,-437,0,-66,-118,-455
18,-544,0,-203,-24,97
-73,-534,0,-86,86,-58
-132,-547,0,469,-197,-288
-250,-610,0,-509,149,204
-112,-612,0,-192,272,-72
-109,-555,0,-42,165,181
-84,-570,0,257,-67,-452
-153,-695,0,-142,-94,217
-147,-459,0,106,91,-97
-137,-524,0,462,-4,-231
-205,-521,0,249,273,329
-194,-538,0,206,-28,-62
-31,-466,0,-173,34,-40
-43,-464,0,-153,122,-93
-115,-362,0,601,-14,118
-155,-425,0,-120,97,-111
-91,-432,0,147,229,77
-99,-470,0,152,-219,34
-8,-366,0,-80,93,15
-49,-343,0,126,-178,300
-87,-358,0,62,-100,-31
-50,-167,0,17,139,-95
-148,-328,0,-115,-10,133
51,-288,0,266,-68,-252
29,-237,0,196,482,-103
70,-188,0,-94,-183,-157
-1,-140,0,-91,-228,-151
55,-142,0,-180,-36,-38
22,-123,0,-13,119,-111
63,-69,0,162,-137,-202
146,-85,0,203,-81,-104
108,-25,0,-137,119,139
119,-7,0,57,-201,-237
135,-3,0,-95,496,-202
204,59,0,96,146,-59
171,-19,0,-178,-265,19
169,48,0,-402,-150,31
216,89,0,127,-2,114
226,46,0,-89,46,-2
98,-49,0,275,105,342
88,79,0,228,-45,291
135,21,0,-7,69,24
75,20,0,-17,-199,-151
159,9,0,-55,20,-6
140,-8,0,-23,-106,598
83,-80,0,-344,-132,-252
225,-32,0,255,-91,-105
151,-82,0,-66,-128,301
127,-34,0,-409,235,-27
34,-14,0,431,227,197
33,-70,0,-159,383,-381
-2,-86,0,226,-317,-195
1,-139,0,189,-143,-336
63,-150,0,170,-192,103
9,-165,0,-156,166,382
55,-279,0,9,-16,-83
-36,-248,0,195,-303,47
29,-262,0,68,-117,25
35,-281,0,359,333,94
-91,-302,0,-83,18,-126
-124,-390,0,-219,99,123
-90,-421,0,37,-63,289
-172,-493,0,-12,250,66
-52,-457,0,-73,199,123
-135,-465,0,-1,-120,46
-107,-459,0,-219,48,-42
-44,-517,0,-42,-67,600
-122,-515,0,38,-107,80
-60,-511,0,-116,41,187
-135,-583,0,326,-235,28
-161,-625,0,65,-60,-199
-92,-548,0,211,-105,-222
-193,-505,0,497,-26,74
-103,-552,0,-441,-450,-39
-165,-555,0,-105,-91,96
-157,-532,0,-71,-252,163
-121,-520,0,277,-48,25
-190,-425,0,163,299,111
-215,-576,0,7,-32,330
-81,-459,0,357,38,148
-104,-409,0,116,161,4
-99,-421,0,-92,533,-26
-50,-495,0,36,1,4
-78,-365,0,17,171,167
-50,-475,0,0,-223,240
-48,-380,0,56,44,77
90,-319,0,-444,-32,19
14,-371,0,-24,-36,224
-25,-318,0,116,-276,-126
-59,-326,0,-222,107,-95
2,-298,0,58,-58,47
24,-89,0,-264,56,-523
4,-249,0,125,243,-69
81,-142,0,-169,59,-36
112,-122,0,-127,-165,-20
-51,-25,0,123,91,-126
-5,-115,0,62,-159,-20
85,-128,0,99,103,-281
100,25,0,-114,-201,-206
161,-54,0,104,126,88
158,-67,0,224,67,-611
76,50,0,5,204,84
40,83,0,101,-50,427
185,7,0,166,48,-153
155,50,0,-45,86,324
174,52,0,350,-331,-197
109,146,0,148,60,107
91,77,0,-111,-81,-7
93,-26,0,143,-24,-139
197,59,0,192,-176,109
150,62,0,309,224,173
96,-21,0,145,-128,-43
81,-35,0,342,43,63
123,22,0,-51,-161,-53
157,-16,0,98,94,343
85,-44,0,61,156,38
153,-76,0,-238,-125,-356
115,-196,0,108,-188,-147
40,-198,0,4,13,96
-19,-20,0,-3,346,114
-10,-195,0,36,98,-331
18,-208,0,-352,-235,-172
5,-233,0,-340,274,-361
-19,-238,0,283,219,557
-54,-254,0,-234,303,-145
-51,-395,0,-163,-4,18
13,-258,0,-207,-11,52
-16,-383,0,186,437,182
-30,-399,0,-350,21,-93
-41,-382,0,31,252,-61
-49,-438,0,-260,23,-79
-37,-426,0,138,-144,120
-152,-462,0,-89,-251,-90
-56,-479,0,30,-126,-197
-53,-547,0,50,2,110
-64,-460,0,-140,141,75
-164,-588,0,-36,175,-262
-90,-492,0,168,215,41
-160,-521,0,169,-93,-106
-215,-539,0,7,-179,252
-73,-501,0,130,137,-138
-166,-588,0,-11,101,-221
-148,-576,0,88,-130,-165
-93,-523,0,455,218,310
-78,-506,0,227,252,138
-199,-536,0,-98,-97,-43
-77,-570,0,-189,423,179
-138,-528,0,295,-98,-122
-134,-461,0,214,-56,19
-14,-408,0,170,-139,10
-78,-390,0,358,74,85
-105,-429,0,130,40,13
-16,-400,0,-57,-252,160
-97,-361,0,211,360,-64
-60,-315,0,-207,-142,-214
-93,-322,0,98,75,151
-90,-85,0,272,-148,214
-46,-212,0,19,241,342
-1,-205,0,-600,-75,-214
86,-209,0,7,95,50
-31,-181,0,-121,-186,-155
42,-163,0,65,283,-174
27,-104,0,113,34,-9
46,-154,0,-353,-323,-240
58,-84,0,366,14,414
59,-4,0,69,240,-14
95,-82,0,76,-264,-101
131,6,0,3,-45,-239
202,-9,0,146,-276,417
189,62,0,43,282,31
208,63,0,-325,-77,121
148,35,0,121,-285,55
131,20,0,411,74,157
212,54,0,280,387,336
124,115,0,-51,161,188
92,22,0,26,52,-273
138,34,0,-380,312,-23
147,18,0,-118,13,-65
79,17,0,528,43,8
115,74,0,204,44,336
109,0,0,-22,122,258
128,-76,0,207,118,106
67,-17,0,149,-110,163
95,-108,0,11,-225,-86
179,-85,0,330,-132,-312
38,-72,0,-219,21,345
78,-141,0,34,78,294
27,-128,0,253,60,-376
16,-168,0,-121,-353,69
-28,-174,0,-168,292,127
93,-216,0,-128,195,-246
5,-258,0,-254,237,-393
39,-313,0,-121,31,-108
-7,-298,0,-216,218,137
-4,-346,0,160,-24,182
-71,-348,0,-91,-172,80
-96,-376,0,181,261,-246
-80,-379,0,48,2,-290
-121,-457,0,-248,-74,59
-99,-464,0,-238,6,-486
-133,-487,0,150,136,-222
-120,-557,0,158,405,-37
-221,-491,0,-162,-143,-136
-107,-625,0,-123,16,223
-104,-506,0,67,184,356
-179,-547,0,333,-195,157
-245,-550,0,31,4,-91
-135,-556,0,139,88,104
-198,-575,0,249,157,-82
-116,-611,0,-151,28,56
-147,-496,0,-50,141,-121
-180,-547,0,363,13,152
-13,-522,0,-140,52,98
-166,-465,0,13,19,283
-172,-587,0,-72,-37,-50
-34,-572,0,58,-53,-371
-142,-433,0,-2,140,258
-82,-459,0,-48,-341,293
-11,-430,0,188,-289,-174
-111,-413,0,-20,-180,31
-43,-358,0,83,27,-62
27,-385,0,-388,-303,-262
29,-268,0,152,-34,-105
-53,-333,0,-100,-13,-86
-110,-308,0,48,137,-262
25,-226,0,226,200,-128
13,-219,0,-300,35,-29
34,-198,0,56,61,24
-42,-231,0,187,265,-88
-39,-231,0,-262,-202,-161
34,-103,0,551,-369,-159
79,-59,0,-80,-184,150
109,58,0,346,159,-378
127,-13,0,400,-30,-135
167,14,0,121,241,-425
75,119,0,294,-155,110
173,50,0,85,128,-25
121,19,0,-93,-239,91
186,43,0,-132,40,344
179,83,0,31,-152,-130
163,104,0,-185,-103,-148
89,5,0,399,255,98
186,69,0,25,88,262
156,25,0,-36,150,-99
183,97,0,117,-210,-64
68,180,0,-112,-357,107
95,-43,0,-69,304,298
82,-8,0,101,-258,454
91,28,0,231,172,-237
171,-98,0,147,41,161
181,-17,0,-203,96,-109
65,-99,0,71,51,-16
134,-245,0,-170,24,-455
-4,-259,0,124,143,-15
4,-190,0,-334,157,154
-18,-173,0,-136,50,239
80,-217,0,147,-52,-292
45,-155,0,-4,-422,-9
-74,-219,0,-418,256,-218
-97,-225,0,91,148,-317
-56,-344,0,-259,-259,-91
29,-375,0,-80,-203,-167
-64,-381,0,-549,54,-105
-76,-311,0,-181,-214,-303
-82,-413,0,-147,48,-130
-27,-468,0,63,-33,-175
-73,-517,0,-195,-65,-310
-80,-439,0,149,-279,-9
-75,-494,0,147,263,-230
-131,-478,0,-246,-177,-127
-181,-487,0,226,0,-79
-144,-535,0,203,-357,206
-101,-690,0,-135,-311,-187
-131,-608,0,215,-187,-155
-116,-579,0,58,-137,-170
-188,-586,0,281,152,57
-124,-540,0,-127,60,-103
-161,-450,0,157,-41,212
-124,-547,0,202,92,112
-147,-465,0,-85,332,-499
-124,-503,0,-59,-196,-283
-81,-452,0,-113,82,-211
-167,-374,0,649,-213,-51
-88,-361,0,-255,364,106
-126,-455,0,-370,79,88
-129,-431,0,-111,254,-33
-56,-391,0,-114,184,378
-44,-364,0,-364,284,286
-52,-448,0,-368,-286,-93
58,-322,0,-174,-106,-51
-110,-219,0,259,156,-54
-6,-170,0,-55,-76,156
56,-254,0,321,35,42
-12,-254,0,106,-135,-363
82,-176,0,19,-458,15
136,-151,0,620,75,17
66,-101,0,-212,81,154
125,-108,0,139,264,38
144,-91,0,171,-301,21
198,-16,0,55,109,-85
97,29,0,83,-83,228
90,4,0,-126,237,-349
131,-10,0,-31,-166,-374
96,-4,0,-180,-130,-87
134,61,0,668,-232,112
141,67,0,182,375,165
81,-28,0,-35,110,-42
143,48,0,-20,26,-170
144,54,0,-209,-182,238
171,122,0,222,-52,187
61,67,0,41,-65,199
142,-24,0,180,-121,-344
222,29,0,-84,-178,-129
142,16,0,71,-322,-234
105,41,0,1,-120,93
139,49,0,-57,42,-33
101,-40,0,-341,79,25
106,-28,0,-296,-257,62
129,-66,0,233,315,289
67,-87,0,-8,-298,55
85,-192,0,332,-76,-113
31,-214,0,-306,-45,491
13,-214,0,-161,-39,-222
2,-266,0,-26,-2,188
111,-234,0,-118,-79,163
21,-118,0,105,-4,293
109,-261,0,59,99,266
-96,-235,0,-27,-195,111
-124,-369,0,19,-123,-258
-130,-306,0,-83,188,-194
-154,-336,0,-98,120,43
-129,-517,0,-33,95,-51
-78,-485,0,263,52,68
-132,-552,0,255,30,-67
-90,-450,0,-174,-144,-285
-119,-519,0,252,-141,-85
-136,-561,0,176,23,-541
-62,-521,0,556,-34,56
-241,-587,0,28,253,-236
-130,-525,0,-149,144,188
-216,-564,0,154,-390,103
-149,-575,0,-294,159,40
-154,-515,0,-211,136,36
-124,-596,0,291,-10,174
-87,-610,0,-6,91,-122
-225,-598,0,278,274,-289
-217,-557,0,390,158,18
-124,-512,0,34,50,-118
-158,-518,0,191,-60,-258
-103,-546,0,284,-63,115
-175,-497,0,-102,-678,64
-93,-511,0,72,147,171
4,-372,0,57,192,59
-22,-312,0,137,96,21
-168,-395,0,140,-66,33
-76,-358,0,161,326,-15
-92,-363,0,40,229,202
-35,-333,0,-284,502,-317
104,-210,0,-51,89,-72
58,-209,0,-316,-103,35
113,-152,0,247,406,164
63,-282,0,-339,-79,61
198,-117,0,-119,47,-514
60,-90,0,-11,240,-239
23,-126,0,-175,67,382
-12,-81,0,408,54,-112
145,-70,0,-181,-180,382
97,-137,0,-226,-63,-17
72,8,0,-221,100,522
160,101,0,336,-371,-288
61,44,0,-127,-137,-191
148,96,0,159,-310,28
144,10,0,-86,159,-88
87,67,0,-127,58,-290
81,107,0,107,-43,129
183,114,0,253,-140,109
170,94,0,-59,306,120
189,4,0,352,-393,-279
134,-1,0,-199,-193,-52
155,-31,0,24,112,-419
154,-19,0,-97,317,-175
124,23,0,190,-195,445
145,21,0,8,191,228
124,-52,0,333,-38,-182
94,-95,0,28,-244,53
116,-46,0,-4,-216,-365
50,-103,0,191,-123,348
101,-104,0,86,160,-164
84,-167,0,305,-174,-155
55,-221,0,-154,-58,-155
-12,-205,0,72,11,-79
83,-169,0,-163,-54,308
12,-335,0,176,-17,-44
69,-235,0,172,-244,-40
-58,-281,0,-322,-136,-186
-19,-385,0,76,121,55
-19,-283,0,31,-32,16
-151,-367,0,11,-266,-195
-45,-496,0,98,235,4
-88,-494,0,131,-72,-26
-191,-517,0,54,64,190
-113,-545,0,75,-153,-231
-117,-418,0,163,-58,-56
-166,-571,0,201,-93,-53
-92,-553,0,125,73,187
-91,-538,0,-60,63,-506
-89,-567,0,-100,-109,205
-69,-565,0,160,-267,-15
-198,-581,0,230,-59,105
-59,-499,0,57,109,20
-143,-576,0,-391,202,156
-74,-574,0,-371,111,-103
-140,-543,0,-31,-139,-384
-116,-526,0,-56,216,-24
-63,-523,0,140,235,350
-120,-411,0,-19,155,-180
-154,-396,0,-96,141,-104
-220,-497,0,168,263,-88
-79,-457,0,-6,-137,-149
-117,-438,0,153,-295,139
-88,-430,0,-233,-221,-17
16,-380,0,185,301,-40
-97,-330,0,236,88,-10
21,-407,0,-264,92,56
-9,-231,0,-218,12,-38
22,-223,0,-291,-95,197
6,-153,0,-38,131,-52
-54,-157,0,-94,-132,116
65,-163,0,-49,2,-170
71,-231,0,-0,-371,158
38,-87,0,384,75,134
60,-34,0,-10,89,-253
66,-52,0,-21,120,-316
188,-38,0,79,-135,-120
177,41,0,-136,-124,-172
53,6,0,13,-286,-188
106,25,0,198,32,-64
127,91,0,226,389,-20
143,33,0,95,390,324
175,100,0,-174,76,29
293,12,0,-498,75,-204
140,-10,0,-219,-179,48
204,24,0,-102,-151,-40
192,-78,0,-180,62,-340
89,146,0,-86,-33,275
155,-63,0,-22,-211,138
109,131,0,219,-173,-557
88,58,0,-78,166,234
149,95,0,-3,19,-94
113,-20,0,128,-161,157
108,-75,0,266,-296,172
58,-25,0,37,-59,-19
-16,-45,0,176,96,-139
8,-31,0,22,-124,-104
124,-140,0,-246,147,-13
77,-153,0,-291,115,-58
22,-141,0,-8,104,308
17,-278,0,25,-42,-91
67,-225,0,163,178,-166
-4,-253,0,8,51,-350
44,-274,0,-115,223,-78
8,-315,0,-202,-200,-268
-71,-350,0,-313,-57,-181
-63,-385,0,-340,16,93
-142,-379,0,154,-129,-112
-159,-333,0,196,-144,148
-97,-456,0,-508,142,-277
11,-453,0,362,6,130
-38,-442,0,136,-258,183
-120,-564,0,341,-131,222
-146,-547,0,-141,-91,-142
-150,-537,0,-558,169,-212
-176,-506,0,267,-21,-206
-111,-562,0,58,-54,-59
-202,-523,0,224,66,124
-121,-619,0,77,-130,70
-203,-534,0,-131,50,172
-90,-531,0,138,-44,-13
-144,-527,0,85,-57,38
-199,-641,0,-126,-173,40
-168,-545,0,303,-381,159
-114,-525,0,185,-87,-259
-117,-547,0,182,145,-70
-86,-571,0,-170,-166,-281
-175,-382,0,-68,386,-258
-47,-465,0,353,-123,-93
-114,-453,0,322,-21,-222
-89,-463,0,35,126,-96
-21,-419,0,313,325,-222
-62,-321,0,-213,5,319
-8,-269,0,92,-31,282
6,-346,0,-21,-40,-46
18,-287,0,-12,-112,-6
38,-214,0,-133,81,207
-47,-262,0,-277,357,154
-1,-250,0,196,-43,98
4,-206,0,189,226,98
170,-201,0,97,75,11
57,-99,0,92,509,80
-5,-0,0,-294,-166,-169
15,-86,0,-13,30,130
84,-27,0,202,-161,74
217,41,0,-254,40,-227
95,-29,0,153,-67,86
103,-2,0,112,-80,-58
165,60,0,0,156,241
98,56,0,66,-59,-53
115,56,0,126,0,-26
168,97,0,119,54,-90
224,49,0,-168,261,307
91,24,0,8,-257,91
148,64,0,-467,405,41
144,4,0,228,59,-184
130,91,0,-86,-133,-184
133,-41,0,-68,221,305
91,-48,0,-53,-150,76
194,34,0,169,-74,-264
138,-82,0,339,176,16
151,-72,0,-39,101,-253
32,-105,0,219,-42,249
147,-87,0,36,109,-2
110,-207,0,258,-71,195
10,-184,0,-366,284,-146
-15,-131,0,10,346,-353
20,-134,0,-142,238,-40
24,-200,0,-14,251,-472
-33,-246,0,218,190,495
-15,-228,0,-316,41,-30
-2,-291,0,-104,99,-193
-48,-391,0,67,-129,166
-114,-389,0,-107,-211,-119
-17,-395,0,-187,-61,3
-24,-471,0,-75,-196,54
-19,-388,0,-91,-4,61
-61,-498,0,-7,86,-143
-82,-486,0,185,-351,156
-121,-459,0,-87,-435,-271
-116,-529,0,454,42,242
-137,-562,0,354,65,-20
-169,-588,0,-204,-99,-203
-78,-597,0,-232,-419,110
-222,-547,0,247,-40,304
-92,-539,0,-431,-82,80
-135,-573,0,229,-21,137
-173,-595,0,64,109,-215
-183,-533,0,-140,305,-100
-41,-525,0,121,318,299
-73,-497,0,20,112,40
-113,-492,0,50,118,322
-77,-459,0,461,-62,-96
-134,-539,0,323,-2,-193
-157,-507,0,3,157,0
-17,-424,0,94,-4,-233
-129,-499,0,-53,73,-111
21,-325,0,134,81,7
-79,-383,0,-69,202,-379
-51,-390,0,-245,-48,-102
45,-206,0,-113,77,108
-102,-307,0,128,315,96
15,-276,0,221,37,127
-19,-281,0,-47,-71,-226
50,-241,0,-77,-116,82
33,-138,0,63,479,95
-18,-187,0,246,-144,-238
32,-50,0,481,-8,-87
80,-160,0,270,-187,221
44,-142,0,115,5,-364
105,-101,0,312,71,5
85,46,0,184,52,-121
133,-55,0,-323,-46,56
132,-60,0,245,-45,219
150,-49,0,154,195,-234
197,40,0,-149,-75,-178
66,85,0,299,-215,-124
143,25,0,57,-135,145
107,31,0,-44,-100,43
128,-38,0,-104,155,233
154,148,0,330,-299,-96
111,39,0,-68,-279,-141
105,89,0,-52,-108,291
109,71,0,35,-258,-167
107,70,0,-208,279,-26
104,70,0,205,354,-32
69,-41,0,-74,148,194
15,-24,0,231,341,-45
55,-44,0,-218,-47,271
54,-17,0,12,-116,-402
101,-137,0,-35,251,145
49,-89,0,-170,77,-280
75,-221,0,-131,-109,244
38,-141,0,334,329,-117
-45,-225,0,96,-147,-280
59,-121,0,203,-75,100
38,-326,0,-263,-150,-165
-112,-267,0,4,147,86
-69,-367,0,-5,-13,177
-32,-359,0,288,104,-112
-48,-351,0,-263,-73,203
-67,-362,0,129,-21,-23
-36,-401,0,318,-150,-105
-73,-461,0,-103,-94,-294
-141,-467,0,137,-128,205
-92,-499,0,-74,414,137
-215,-422,0,57,-189,67
-100,-534,0,-77,-290,300
-178,-474,0,263,-188,-13
-191,-555,0,-223,-208,-111
-196,-518,0,-150,323,149
-128,-570,0,-107,97,-124
-167,-598,0,9,302,-40
-163,-487,0,-187,60,122
-142,-550,0,47,-394,50
-233,-567,0,186,354,-210
-93,-523,0,428,169,-7
-221,-557,0,131,18,-64
-133,-557,0,-221,-9,-97
-143,-468,0,-152,68,-57
-196,-506,0,-32,32,130
-118,-394,0,291,-455,-300
-196,-436,0,-67,-203,41
-23,-448,0,54,443,36
33,-468,0,-226,-341,18
-62,-369,0,-76,-76,-229
-43,-429,0,8,-18,-80
-54,-379,0,120,-270,-233
-26,-364,0,10,148,77
15,-318,0,-105,545,-242
76,-280,0,347,-144,245
26,-166,0,-93,107,-97
50,-146,0,-455,-135,-120
65,-122,0,-280,-117,-190
-30,-181,0,-92,-40,109
42,-165,0,-9,78,-185
-11,-67,0,88,53,-23
105,-130,0,-38,-194,216
222,-76,0,-397,-456,-483
139,-6,0,-80,143,158
163,-55,0,277,-119,68
163,-21,0,-394,-57,332
164,-37,0,346,55,24
182,-29,0,-45,339,-140
93,105,0,-383,-19,-184
147,35,0,114,-265,-111
106,-42,0,115,-119,-1
140,-94,0,-389,-27,93
141,46,0,-37,-7,-180
177,4,0,175,-235,-272
81,80,0,-286,319,255
96,30,0,-159,92,-194
100,-66,0,-252,31,198
172,72,0,50,-81,-108
96,-20,0,65,266,-226
80,-37,0,-49,48,244
110,-112,0,-336,-56,-14
50,-116,0,84,-107,37
14,-48,0,330,-428,182
126,-110,0,454,122,311
-43,-203,0,421,117,-71
61,-123,0,50,-287,85
-64,-285,0,148,97,28
126,-276,0,-331,-192,-127
-57,-282,0,98,48,-159
18,-332,0,-110,128,-91
-62,-340,0,75,132,306
-3,-387,0,370,-146,-151
-12,-398,0,59,66,-317
-36,-369,0,-418,-138,-215
-120,-340,0,-256,11,-55
-83,-377,0,-197,67,-420
-115,-401,0,360,166,240
-133,-526,0,91,456,99
-223,-512,0,-64,22,46
-105,-415,0,179,91,63
-73,-481,0,-20,-91,-83
-123,-513,0,60,171,7
-51,-571,0,300,171,-263
-9,-481,0,27,-180,-305
-242,-588,0,-118,170,-118
-163,-575,0,-177,52,366
-115,-608,0,48,-198,126
-163,-486,0,-50,627,263
-151,-584,0,301,-10,-91
-73,-491,0,300,302,-258
-157,-470,0,-99,-104,-101
-83,-437,0,29,-198,248
-99,-547,0,-32,242,209
-53,-472,0,-209,-16,66
-109,-454,0,202,-35,65
-14,-404,0,-235,144,-423
44,-418,0,-56,-72,171
-56,-392,0,-348,-164,-91
-38,-306,0,-25,104,350
52,-283,0,488,-57,260
34,-239,0,-25,-437,-53
38,-132,0,294,236,-94
14,-226,0,-169,-146,-5
3,-165,0,-432,242,108
142,-226,0,-249,302,235
56,-72,0,351,-118,-75
3,-72,0,-58,157,-54
157,-44,0,179,242,-103
103,-136,0,-142,-51,110
116,-44,0,33,-343,84
158,-80,0,18,-105,-340
199,-89,0,273,-296,12
74,-23,0,-59,165,37
157,-16,0,-25,-149,147
193,79,0,218,98,-123
115,69,0,-261,-173,165
194,-21,0,331,-64,258
191,38,0,-184,-15,-141
180,47,0,-97,279,35
151,-57,0,-342,326,-77
126,62,0,-216,330,-220
184,74,0,189,-165,40
148,24,0,124,-257,108
94,25,0,148,-48,576
121,-49,0,95,224,-93
91,-17,0,-220,-532,99
176,-76,0,171,-84,137
88,-89,0,-317,-46,157
130,-62,0,-53,85,4
30,-92,0,-363,341,175
23,-115,0,75,-118,106
46,-264,0,-98,188,-49
49,-174,0,-35,36,-255
46,-106,0,-73,-68,142
-34,-365,0,-34,-350,279
-7,-213,0,141,-6,-394
-47,-299,0,7,48,114
-37,-302,0,178,-266,31
-63,-354,0,-104,-54,-608
-74,-366,0,244,-514,92
-141,-388,0,65,93,-105
-206,-459,0,-417,-155,472
-32,-473,0,-48,-10,2
-166,-489,0,142,-17,-45
-95,-502,0,-161,49,-34
-148,-531,0,248,-230,160
-237,-594,0,155,-24,251
-188,-492,0,119,-349,27
-143,-499,0,133,-179,49
-143,-512,0,332,-46,63
-129,-630,0,213,282,36
-189,-515,0,-13,-166,49
-114,-558,0,-199,-67,-162
-83,-463,0,11,-100,71
-22,-524,0,139,162,170
-168,-506,0,-181,14,325
-127,-547,0,134,154,118
-8,-487,0,124,122,56
-68,-499,0,163,17,264
-70,-510,0,-11,84,6
-38,-481,0,-60,72,156
-150,-453,0,-93,-283,-82
-115,-409,0,41,10,156
-122,-286,0,-184,-180,167
-52,-378,0,228,46,87
-5,-317,0,300,-112,93
22,-274,0,45,-25,-206
-22,-267,0,-119,63,542
-10,-253,0,483,-57,229
19,-208,0,16,-132,168
40,-205,0,-29,-41,231
84,-141,0,44,218,237
43,-61,0,199,-249,32
-41,-113,0,-301,167,115
-15,-159,0,40,-167,-148
75,-82,0,-60,332,5
153,-18,0,51,157,-276
186,30,0,-115,109,137
101,7,0,-78,271,-128
96,-111,0,-408,-205,24
73,51,0,-30,-83,182
117,-1,0,-310,238,157
166,18,0,-228,-84,55
150,17,0,64,351,-11
150,34,0,283,-34,-316
103,13,0,-129,-360,-174
224,8,0,-298,-57,156
190,75,0,-26,-16,85
108,-13,0,-157,247,-154
215,-31,0,7,180,-190
151,-66,0,-112,381,135
-4,-4,0,97,150,-362
109,-51,0,-43,-259,148
79,10,0,266,-170,273
59,24,0,-239,-13,182
189,-99,0,26,-137,-210
70,-108,0,-6,92,-54
72,-88,0,-47,71,74
33,-86,0,-346,238,140
78,-131,0,-468,408,-357
76,-183,0,-44,592,-128
127,-204,0,140,-90,-414
-10,-311,0,154,-378,-247
57,-195,0,261,1,55
-16,-217,0,145,204,145
-38,-340,0,175,187,-137
-37,-447,0,-346,-138,-42
-68,-452,0,-341,211,-336
-5,-448,0,-138,-76,21
-19,-518,0,135,188,48
-98,-483,0,61,2,80
-103,-479,0,-177,349,-77
-166,-550,0,-464,17,-36
-182,-451,0,-325,141,-342
-180,-527,0,111,-9,16
-113,-636,0,237,278,-257
-201,-489,0,-55,167,69
-152,-564,0,311,-197,-345
-144,-560,0,-21,-244,-274
-133,-483,0,-266,-302,-107
-225,-639,0,-43,111,-455
-149,-507,0,4,273,34
-112,-588,0,151,-173,179
-128,-509,0,-89,-243,-29
-188,-473,0,278,57,-53
-90,-499,0,194,103,-102
-144,-464,0,6,325,-472
-152,-377,0,-9,305,141
-66,-506,0,85,106,388
-128,-336,0,-287,-33,-104
31,-461,0,-178,13,187
-47,-295,0,340,21,-543
-6,-321,0,-93,397,-109
-52,-389,0,-268,328,204
-21,-276,0,225,-274,225
-111,-227,0,115,-216,410
12,-390,0,229,-161,1
-34,-133,0,143,148,411
80,-130,0,296,-94,-333
103,-141,0,-41,48,315
85,-129,0,-327,-442,226
46,-124,0,64,414,-36
87,-47,0,-160,-218,63
160,50,0,-301,-113,-93
80,-20,0,314,454,-92
78,-25,0,-223,-119,-16
118,-49,0,-36,121,293
52,50,0,-353,493,-204
176,5,0,-157,405,-43
147,30,0,-11,-280,66
131,28,0,-214,-73,-127
143,3,0,272,-45,-194
94,24,0,-185,482,-33
193,54,0,277,-19,202
109,16,0,-3,72,-36
175,50,0,-339,-41,38
101,10,0,-17,110,-52
125,78,0,-336,137,251
89,21,0,-1,87,-73
165,-47,0,66,-375,104
102,-63,0,-86,-85,26
58,-43,0,83,102,277
23,-85,0,-87,76,-129
-17,-49,0,-15,-213,180
49,-116,0,-238,346,-576
13,-125,0,116,-23,220
56,-83,0,-118,32,150
113,-211,0,-63,36,327
-15,-176,0,-152,-13,-33
-28,-206,0,-306,-67,-84
-35,-314,0,-119,-52,-224
-18,-397,0,-379,-92,255
-2,-391,0,166,-487,156
-83,-372,0,-242,-80,136
-131,-406,0,56,576,277
-141,-362,0,-233,146,129
-68,-419,0,-200,-122,-394
-146,-424,0,1,223,172
-97,-460,0,-3,276,131
-61,-491,0,201,124,205
-114,-455,0,-12,53,211
-145,-531,0,180,-82,-142
-228,-523,0,51,-215,-40
-219,-586,0,350,82,-295
-194,-395,0,265,-224,83
-128,-449,0,-180,15,136
-187,-616,0,-73,361,136
-76,-554,0,306,-414,-249
-186,-576,0,120,251,-31
-94,-551,0,185,-36,-327
-133,-537,0,-85,-185,-308
-164,-574,0,-341,399,-152
-218,-490,0,305,163,355
-41,-457,0,-64,181,28
-160,-445,0,186,214,148
-24,-385,0,-355,-11,-45
-72,-415,0,177,-55,-97
-52,-379,0,-117,372,12
-33,-331,0,-309,212,182
-35,-348,0,19,-24,-13
-5,-322,0,147,-293,28
-71,-297,0,-290,-221,-227
5,-310,0,-268,81,22
-65,-306,0,-18,-186,57
130,-289,0,170,72,36
66,-129,0,36,50,114
9,-178,0,76,76,313
105,-115,0,-253,135,-7
128,-49,0,-77,-391,55
102,-62,0,-428,-119,56
52,30,0,57,58,84
144,-72,0,29,477,183
145,-86,0,-260,410,8
191,106,0,-124,-90,84
221,31,0,17,336,-34
133,-99,0,-177,-35,-74
118,32,0,-440,75,-74
100,97,0,13,38,-9
98,128,0,237,20,264
118,117,0,-830,-218,-63
187,59,0,65,9,-49
115,-18,0,278,50,-267
145,-23,0,-280,-137,-279
121,12,0,186,90,121
98,32,0,97,21,496
150,-51,0,68,-384,124
88,-42,0,-216,-225,15
129,-38,0,-63,158,-415
88,-161,0,7,-267,49
61,-84,0,93,-44,195
69,-9,0,-135,-254,-191
-45,-236,0,-185,-56,86
77,-110,0,-47,-319,10
14,-103,0,-25,-160,412
10,-232,0,39,375,121
-5,-264,0,-8,-417,387
-32,-203,0,237,58,13
38,-284,0,43,-21,-13
-77,-365,0,-14,7,457
-84,-337,0,104,-94,-250
-118,-375,0,156,447,114
-158,-339,0,-185,299,103
-140,-449,0,-2,292,-6
-62,-480,0,160,-71,-24
-55,-485,0,-182,-96,-45
-100,-457,0,-45,37,61
-141,-431,0,244,-351,162
-76,-539,0,16,130,252
-164,-493,0,-58,-5,617
-156,-546,0,187,-85,42
-76,-557,0,-33,274,-30
-140,-464,0,-319,174,260
-124,-582,0,174,306,-333
-98,-538,0,5,367,-76
-133,-577,0,65,-264,239
-147,-619,0,-287,-141,186
-98,-602,0,13,-58,118
-160,-540,0,35,-59,-154
-191,-494,0,-64,-205,218
-117,-460,0,363,-15,34
-184,-498,0,10,31,-95
-101,-509,0,-140,439,-40
-123,-442,0,-142,74,98
-27,-432,0,147,-44,-117
-5,-441,0,-2,159,17
-6,-411,0,5,-21,-62
-39,-429,0,-123,38,236
-42,-290,0,54,-211,-17
-8,-326,0,-68,-13,242
8,-219,0,321,263,-16
-13,-215,0,-86,127,-194
47,-183,0,-167,-91,105
44,-176,0,234,-99,65
25,-147,0,384,38,54
66,-125,0,-129,216,-258
124,-108,0,-117,-47,158
105,-102,0,-242,-52,-75
151,-80,0,39,205,-106
149,-74,0,127,-143,111
101,-45,0,51,143,49
103,39,0,-124,-155,-213
117,44,0,130,-169,219
118,48,0,-150,154,64
116,-32,0,-6,423,202
220,75,0,-15,-37,-330
134,92,0,-135,7,-182
129,14,0,76,4,263
209,70,0,-235,-231,-206
173,-18,0,437,-159,87
180,-19,0,-95,394,18
128,75,0,-56,95,134
128,33,0,-65,-79,326
135,-4,0,197,229,-6
84,-70,0,-444,-9,-196
71,-51,0,-79,94,-214
74,-97,0,-61,262,191
51,-59,0,-95,161,229
152,-138,0,119,156,67
82,-187,0,-36,250,206
77,-187,0,-94,292,103
-45,-180,0,-414,-184,-184
168,-182,0,-99,249,426
46,-265,0,-204,80,253
-33,-306,0,-39,135,207
22,-236,0,114,186,157
8,-375,0,-301,185,-64
-57,-372,0,71,374,-292
-17,-351,0,-261,-130,-147
-134,-295,0,374,-131,8
-3,-438,0,140,-382,2
-11,-552,0,122,-247,-91
-72,-462,0,-189,-21,-289
-163,-493,0,311,-44,-125
-180,-506,0,-297,20,-110
-189,-578,0,136,300,-171
-129,-434,0,430,209,70
-229,-560,0,-65,171,-56
-192,-553,0,-89,-35,107
-233,-585,0,-140,-3,155
-122,-568,0,17,-375,-267
-211,-548,0,125,-346,22
-84,-509,0,-308,175,70
-127,-613,0,350,87,-96
-153,-505,0,32,22,93
-111,-465,0,79,-8,-166
-119,-522,0,-325,117,-316
-87,-462,0,-234,11,237
-129,-439,0,-10,335,-376
15,-467,0,15,-72,-291
-100,-445,0,283,-104,-47
-100,-363,0,-63,238,-210
-81,-404,0,-199,40,-3
37,-359,0,-146,107,224
-92,-356,0,236,634,239
66,-276,0,-137,146,75
10,-404,0,58,153,-63
16,-331,0,94,-78,-144
-24,-254,0,56,-281,19
8,-176,0,-52,198,-438
17,-144,0,296,-353,24
-12,-192,0,134,92,137
86,-114,0,-145,104,252
104,-124,0,13,34,185
188,-52,0,-23,-396,398
205,-47,0,-208,228,-486
43,-27,0,168,355,-170
104,-35,0,149,-327,267
175,59,0,129,-104,134
261,43,0,-150,49,-243
85,60,0,-254,-295,-30
231,2,0,118,-121,220
210,101,0,200,26,43
233,50,0,180,149,-548
184,109,0,176,-361,11
165,88,0,511,-37,175
99,67,0,119,-127,14
100,85,0,170,-195,51
180,48,0,101,-239,337
95,-83,0,-364,153,224
135,12,0,-160,-57,-250
122,-23,0,313,-77,-224
38,-73,0,103,429,-116
136,-17,0,-68,147,-47
65,-122,0,161,258,169
53,-179,0,-52,-165,276
92,-228,0,185,89,-231
66,-166,0,-28,-267,-151
67,-277,0,54,-65,387
-98,-261,0,-311,-38,-97
-21,-219,0,-314,-32,95
-100,-316,0,9,-250,298
-48,-373,0,393,340,-255
-142,-286,0,1,-157,82
-72,-366,0,-83,-315,-306
-94,-468,0,118,1,-0
-13,-452,0,-65,25,-195
-112,-422,0,30,-76,-62
-190,-332,0,-182,-191,73
-154,-516,0,66,202,306
-52,-483,0,97,-25,224
-155,-503,0,278,18,340
-169,-537,0,237,-72,30
-117,-559,0,-201,-50,-221
-69,-576,0,-135,188,45
-132,-457,0,-442,73,259
-154,-502,0,-22,-191,-11
-99,-602,0,-78,62,21
-179,-556,0,-201,181,-120
-148,-507,0,-310,113,-552
-88,-557,0,-183,96,81
-155,-535,0,454,237,254
-112,-542,0,-18,209,-240
-122,-520,0,15,-172,-305
-85,-464,0,-29,152,-36
-148,-476,0,-162,-153,210
-120,-444,0,7,251,-63
-182,-396,0,60,160,-57
-86,-472,0,-128,21,-9
-64,-405,0,468,-102,-28
8,-427,0,-117,-18,115
-25,-334,0,356,83,-21
-17,-374,0,182,-23,-292
-19,-238,0,-305,-431,5
18,-325,0,-85,-155,-221
74,-185,0,223,-100,-48
39,-215,0,-51,447,185
6,-211,0,-154,-14,64
121,-191,0,100,83,11
42,-140,0,-289,-136,-338
26,-84,0,63,11,258
69,-45,0,151,-12,71
109,-7,0,628,-174,240
113,-57,0,-107,-36,172
95,-29,0,20,61,-317
158,-19,0,-171,4,-286
165,24,0,-96,97,244
148,39,0,-167,133,249
111,29,0,-38,-24,-181
131,-44,0,136,-124,95
190,43,0,-243,47,299
108,97,0,-173,51,26
172,-35,0,-336,209,7
136,66,0,144,43,170
111,17,0,233,-132,203
43,21,0,-132,-499,86
135,7,0,361,187,376
86,10,0,-139,36,-460
169,-4,0,100,-111,72
129,-32,0,-248,44,-52
99,-102,0,-239,-42,-346
216,-75,0,-248,110,127
51,-10,0,134,187,-6
17,-143,0,24,-25,292
141,-166,0,-164,0,-231
54,-267,0,-66,139,62
5,-191,0,-207,149,242
58,-142,0,-208,156,-51
54,-343,0,352,-158,243
-23,-226,0,72,-153,-186
-36,-316,0,-143,-236,158
-130,-288,0,-3,32,282
-91,-476,0,50,-147,-127
-66,-509,0,26,-365,-337
-192,-510,0,-382,-298,32
-133,-428,0,-54,-276,306
-112,-446,0,-66,-57,157
-125,-445,0,185,-142,-16
-188,-553,0,308,-41,-12
-108,-626,0,3,-93,-232
-111,-584,0,52,263,-81
-195,-538,0,-92,-1,62
-205,-652,0,-272,-54,-13
-214,-538,0,31,-95,5
-137,-439,0,-422,285,164
-150,-580,0,167,-51,208
-98,-658,0,36,43,-80
-213,-568,0,-3,425,103
-40,-587,0,-3,-178,150
-86,-522,0,-166,140,-132
-211,-548,0,-268,290,117
-45,-410,0,-3,-336,186
-76,-459,0,-13,45,109
-80,-550,0,-9,-163,67
-88,-426,0,25,-167,-53
-116,-411,0,-219,269,25
-78,-430,0,-140,-193,169
-48,-349,0,-190,26,61
-112,-399,0,72,57,6
-78,-363,0,22,-100,65
27,-298,0,59,21,411
-70,-273,0,64,72,52
17,-259,0,177,-395,255
60,-185,0,187,48,164
52,-214,0,143,109,109
104,-172,0,15,-21,179
147,-138,0,246,176,-201
95,-118,0,-133,-70,247
115,-146,0,-186,83,-197
87,81,0,191,-72,-130
24,-84,0,-26,109,-388
125,-73,0,140,-99,-380
80,-99,0,48,421,153
104,38,0,132,-122,30
223,56,0,-213,285,200
142,87,0,247,-340,211
120,33,0,272,228,47
170,41,0,-290,36,176
152,96,0,150,-397,334
116,63,0,-22,-118,-150
136,39,0,281,81,213
139,108,0,-354,172,502
62,-35,0,-360,-19,259
198,-66,0,-40,232,110
43,-23,0,-189,-96,195
61,16,0,-183,63,-135
76,111,0,319,-340,267
127,-109,0,-246,-17,-68
123,-34,0,119,205,-183
45,-78,0,-197,187,26
-10,-122,0,209,77,167
56,-249,0,204,-429,40
-12,-145,0,-20,-215,-113
19,-144,0,-529,-185,-2
-16,-343,0,-557,66,-58
8,-283,0,33,-222,150
-55,-331,0,16,42,-31
-122,-205,0,-61,219,17
-52,-288,0,235,256,-129
-121,-392,0,45,-5,-116
-138,-355,0,12,-73,64
-112,-461,0,-87,-218,-66
-150,-555,0,148,-8,5
-141,-496,0,26,280,-15
-167,-452,0,77,-12,421
-97,-455,0,-307,-241,-567
-118,-417,0,-34,-137,-360
-98,-599,0,79,94,77
-215,-521,0,136,142,-92
-61,-529,0,78,121,13
-102,-517,0,-210,200,289
-162,-503,0,-121,115,182
-266,-574,0,-374,50,71
-244,-538,0,14,-57,94
-172,-468,0,-194,-4,166
-141,-573,0,-13,85,-56
-106,-528,0,-332,-40,109
-183,-558,0,28,127,278
-99,-500,0,-169,-127,-4
-245,-467,0,104,21,190
-121,-430,0,73,234,196
-101,-419,0,27,24,-1
-110,-395,0,88,54,138
-79,-387,0,-103,69,306
-74,-401,0,110,37,307
17,-332,0,-162,-2,-256
-46,-240,0,-173,-144,-205
58,-257,0,-35,98,-271
8,-289,0,320,233,115
8,-299,0,-174,-297,82
-9,-131,0,-137,-267,-87
99,-100,0,-24,49,-100
121,-84,0,195,-215,195
71,-40,0,292,142,90
117,-54,0,-282,366,-155
35,-97,0,160,65,-522
30,-18,0,231,-206,101
143,-65,0,32,-66,36
38,-43,0,110,-83,-64
128,19,0,315,87,-122
111,76,0,-33,-69,180
177,-63,0,-138,-125,-73
95,31,0,-406,-88,-101
34,133,0,271,97,201
166,-2,0,82,398,-68
160,58,0,21,45,-128
124,51,0,284,-182,-280
209,13,0,80,170,-69
161,53,0,-34,125,77
93,-23,0,217,-80,-143
118,-6,0,-421,23,-206
136,-7,0,-650,380,194
124,-58,0,367,-64,-222
65,25,0,318,-277,27
189,-83,0,84,374,-31
122,-58,0,-24,-249,-88
69,-138,0,435,216,196
106,-195,0,126,-266,274
35,-61,0,247,174,261
-11,-179,0,122,-227,19
89,-188,0,347,294,-87
51,-325,0,137,63,-229
5,-204,0,103,-451,137
67,-337,0,23,228,229
13,-316,0,58,-142,-256
-114,-357,0,376,65,346
-84,-430,0,191,170,-117
-85,-391,0,-211,-191,389
-88,-385,0,177,170,-363
0,-542,0,-307,-17,-23
-182,-413,0,-47,14,-330
-187,-403,0,-281,-99,81
-149,-486,0,-266,-223,-18
-18,-495,0,659,240,38
-182,-503,0,59,330,-297
-199,-602,0,-85,207,44
-108,-587,0,-371,-300,11
-183,-522,0,-58,-146,-55
-172,-613,0,137,-149,41
-87,-523,0,43,-16,-38
-143,-585,0,103,16,309
-254,-613,0,-200,114,-221
-44,-560,0,120,108,-3
-72,-533,0,94,86,-206
-137,-651,0,-114,-272,-18
-137,-521,0,116,104,212
-105,-484,0,-6,-129,163
-50,-599,0,43,-3,-93
-67,-476,0,-283,290,57
-97,-404,0,0,-118,-178
-70,-396,0,-161,-242,-166
-16,-327,0,114,379,-91
-56,-366,0,146,-84,86
-103,-401,0,207,84,65
-82,-286,0,42,-195,-184
-17,-285,0,-51,-228,350
3,-158,0,172,340,-48
54,-99,0,-137,127,-167
28,-135,0,105,27,169
-4,-102,0,367,-229,202
108,-199,0,322,-219,-35
5,-35,0,-85,11,-76
93,-39,0,-67,263,-93
186,-41,0,-198,-126,-103
116,-49,0,293,-166,-322
194,-42,0,317,-247,134
90,59,0,-431,-244,-79
106,-1,0,-5,145,-58
75,13,0,-45,96,83
140,68,0,-379,429,-230
110,-32,0,-141,219,-96
126,34,0,-70,9,182
114,35,0,112,-30,150
114,72,0,-77,73,-95
186,58,0,-365,-43,101
104,-86,0,-26,-103,-279
111,14,0,-209,-18,-250
174,-30,0,-225,-409,149
177,-5,0,50,-302,-483
170,13,0,116,-282,-273
200,-103,0,-117,29,615
171,-16,0,238,-207,310
121,-66,0,408,-515,76
101,-212,0,247,241,285
111,-185,0,79,230,-348
33,-85,0,158,-311,-28
99,-95,0,134,363,27
-15,-156,0,58,-218,31
-63,-265,0,-42,106,188
94,-288,0,-115,-27,200
64,-309,0,-105,125,111
-80,-273,0,-19,-19,-315
-93,-313,0,-272,195,373
-63,-396,0,123,44,-4
2,-437,0,4,391,166
-96,-426,0,328,345,-492
-79,-478,0,27,94,381
-135,-494,0,19,-198,-269
-102,-478,0,-33,-270,243
-219,-496,0,32,105,-536
-131,-568,0,187,326,417
-138,-485,0,-93,-300,487
-142,-557,0,83,-232,-257
-151,-469,0,99,61,-95
-134,-516,0,-72,-61,-267
-219,-687,0,-207,297,-214
-128,-543,0,-113,224,184
-156,-484,0,-191,-286,253
-149,-570,0,129,279,-28
-121,-494,0,-1,65,67
