41,-350,0,-47,171,27
-72,-276,0,-180,-243,-435
-57,-206,0,-15,49,47
-26,-152,0,-81,87,253
23,-129,0,-94,-138,224
51,-147,0,108,14,-421
132,-97,0,-96,-320,-120
195,-59,0,404,223,31
96,-15,0,-35,176,-11
108,22,0,-22,-153,187
72,-37,0,222,-438,160
44,-28,0,-30,-270,68
91,24,0,310,-115,-65
194,-50,0,185,-66,-20
120,45,0,271,8,15
101,80,0,124,230,-176
184,32,0,234,142,38
145,12,0,-53,-207,-91
198,110,0,7,442,290
136,106,0,13,386,137
128,61,0,-46,19,-43
103,-65,0,-59,424,265
133,128,0,-564,281,117
105,-66,0,-459,97,132
197,-24,0,-215,-139,220
131,58,0,-55,99,31
34,-51,0,8,372,-40
165,-91,0,145,175,-340
107,-82,0,-59,21,-208
90,-99,0,-115,266,241
-1,-138,0,-32,-51,139
125,-55,0,149,-9,-260
13,-53,0,-268,-307,-48
57,-68,0,-251,-53,-255
113,-169,0,34,53,-211
-46,-227,0,-306,7,101
-11,-235,0,127,8,191
141,-183,0,-282,497,-33
-43,-247,0,-131,128,103
-89,-299,0,-7,-41,-201
-68,-301,0,-187,-124,-279
-69,-305,0,115,203,-241
-50,-367,0,316,-13,430
-177,-444,0,-39,122,-125
-74,-432,0,94,-29,38
-27,-416,0,-94,299,-169
-146,-491,0,-178,-111,-147
-71,-514,0,215,9,171
-103,-430,0,48,207,-152
-43,-510,0,94,-111,61
-88,-468,0,212,153,-383
-116,-567,0,88,22,157
-162,-537,0,-149,148,4
-258,-542,0,53,197,-268
-53,-513,0,37,94,180
-100,-554,0,176,-67,38
-131,-529,0,290,66,-52
-193,-530,0,-11,-311,90
-114,-594,0,-472,-302,-341
-184,-601,0,-420,-31,126
-232,-552,0,8,-234,137
-120,-495,0,-54,-255,-20
-101,-457,0,185,-327,-26
-74,-507,0,-48,313,-105
-182,-361,0,-248,72,-115
-39,-441,0,-244,-218,40
-133,-499,0,-192,261,-296
-114,-373,0,236,-135,87
-94,-446,0,-242,159,417
-57,-404,0,282,9,344
-54,-382,0,-102,-73,319
-29,-333,0,55,161,76
-93,-291,0,-62,150,-79
53,-323,0,-9,259,-119
48,-402,0,-196,-325,-96
-21,-230,0,77,-184,-129
-57,-112,0,74,55,165
92,-171,0,100,-153,72
-34,-177,0,-130,-272,-78
71,-213,0,-41,157,-5
54,-45,0,-251,-95,146
43,-94,0,68,-116,-4
155,-58,0,278,-101,205
21,-38,0,273,258,32
102,-34,0,46,237,-299
164,-15,0,-129,-16,217
196,76,0,18,-243,3
119,69,0,39,-292,101
58,-10,0,353,-95,23
98,-5,0,203,153,-175
130,-4,0,-46,89,-237
91,27,0,-14,-287,-32
166,60,0,-6,-62,120
115,33,0,-141,633,-210
40,32,0,138,-85,27
101,-33,0,155,-97,-104
74,75,0,-111,-167,-43
149,131,0,25,-16,-24
188,-31,0,-7,-304,89
93,26,0,-193,-21,-503
210,-48,0,-106,207,-790
54,-47,0,-4,18,-172
14,39,0,-370,-84,13
144,-52,0,-104,243,-478
123,-59,0,186,62,-358
33,-166,0,-304,106,11
31,-151,0,129,-164,-91
-35,-120,0,-268,-45,298
29,-214,0,-19,278,511
52,-167,0,-268,174,-327
-22,-305,0,47,-122,96
-56,-369,0,162,327,79
-22,-309,0,56,-0,136
6,-319,0,98,-303,-57
-46,-392,0,245,-65,-59
-94,-380,0,-287,127,-20
-38,-502,0,114,-160,159
-42,-423,0,186,-133,177
-104,-440,0,55,-56,64
-27,-541,0,40,-282,38
-200,-475,0,249,-445,-268
-150,-462,0,-46,180,-149
-86,-460,0,-162,-211,235
-160,-392,0,43,-221,93
-96,-543,0,-30,-339,345
-216,-553,0,50,331,6
-187,-529,0,-202,-197,218
-96,-513,0,105,72,-385
-163,-532,0,-131,-370,37
-90,-465,0,-274,124,109
-205,-564,0,286,-16,5
-77,-686,0,206,-20,-171
-139,-575,0,156,-282,-288
-136,-500,0,-57,-24,17
-103,-565,0,86,-32,246
-148,-508,0,-284,167,128
-124,-523,0,227,60,-13
-97,-471,0,16,-191,182
-118,-467,0,-328,23,-27
-101,-407,0,139,-297,197
-97,-403,0,97,-24,-186
-88,-491,0,224,110,21
-86,-368,0,-27,76,-130
-15,-367,0,-14,8,-114
-84,-282,0,131,100,-114
-46,-282,0,17,-198,363
-50,-262,0,-221,91,163
12,-217,0,-350,183,105
58,-251,0,-207,-1,-363
4,-234,0,14,-9,37
-12,-117,0,-96,298,-64
62,-162,0,248,27,-78
115,-138,0,-152,160,-369
58,-125,0,-75,-106,246
112,-93,0,-217,-130,-115
138,-113,0,118,-100,-40
103,-107,0,184,-75,75
71,-42,0,-176,220,-88
145,-23,0,-161,-103,7
111,-0,0,160,126,125
136,61,0,-0,-24,51
185,20,0,-147,-113,-252
208,-12,0,-77,71,-182
206,-28,0,-180,123,244
138,57,0,-278,-93,-348
215,2,0,-484,254,-84
140,55,0,-5,116,-310
168,-38,0,134,69,61
207,26,0,198,-136,297
77,20,0,350,-240,-332
207,115,0,48,-139,152
118,-50,0,23,-365,354
166,-50,0,185,242,-65
66,7,0,-152,58,-19
20,28,0,-94,267,103
138,-55,0,85,-139,-150
105,-68,0,-134,167,91
93,-12,0,-35,-277,-167
83,-93,0,-186,-458,-479
51,-148,0,106,-125,22
37,-184,0,-133,-110,-173
23,-131,0,-17,-93,-36
-5,-168,0,32,-277,104
-35,-237,0,355,-344,-376
-67,-272,0,376,239,103
-16,-261,0,-331,89,7
18,-229,0,402,-348,-73
-102,-282,0,70,124,253
-62,-396,0,89,-147,-113
-92,-409,0,298,78,501
-81,-410,0,-57,-197,-132
-112,-457,0,10,313,82
-137,-441,0,-389,-106,-206
-113,-488,0,-279,-1,18
-164,-459,0,-188,-233,39
-121,-418,0,-118,1,-164
-92,-615,0,-334,10,-79
-133,-534,0,-348,-23,133
-175,-535,0,-233,-93,-314
-27,-599,0,-216,470,367
-100,-534,0,186,-265,59
-89,-554,0,130,-99,180
-205,-570,0,-33,-323,-116
-194,-667,0,-52,385,136
-128,-577,0,-147,223,-0
-189,-553,0,-227,-172,19
-208,-496,0,-8,-50,-244
-170,-572,0,-297,-6,194
-84,-470,0,-2,133,107
-105,-538,0,338,-64,24
-188,-584,0,221,278,-152
-101,-478,0,160,107,12
-73,-456,0,132,-380,140
-74,-449,0,269,174,349
-131,-463,0,116,29,122
55,-458,0,-13,511,97
-181,-398,0,-248,251,-14
9,-412,0,-56,195,18
-39,-297,0,-81,53,-54
-62,-320,0,178,47,63
-41,-215,0,33,131,-279
58,-329,0,96,215,53
48,-226,0,-270,143,-68
-18,-152,0,337,61,-109
100,-196,0,-74,-172,45
109,-150,0,150,-368,95
79,-158,0,133,350,-58
32,-96,0,-153,168,106
165,-62,0,78,-53,47
67,-76,0,-39,-277,325
165,-53,0,-8,274,-92
164,59,0,231,110,360
146,-105,0,-282,177,-115
88,45,0,-31,385,5
144,-12,0,-172,-28,-161
157,13,0,182,39,-75
174,72,0,-182,215,42
143,10,0,90,15,-98
139,67,0,-372,-148,165
136,65,0,140,149,-382
164,62,0,7,233,-33
86,-29,0,41,61,23
124,18,0,314,68,272
147,119,0,224,48,-28
160,-3,0,-63,125,-169
57,102,0,304,18,205
135,-7,0,36,366,130
91,-48,0,79,-139,-153
131,-17,0,-84,-551,85
123,-45,0,-467,11,188
145,-57,0,66,-96,2
108,-75,0,-217,-124,-263
30,-131,0,-101,143,-32
-31,-155,0,151,127,-384
8,-133,0,-31,-199,122
-4,-223,0,119,-145,-72
-3,-216,0,183,-35,26
24,-244,0,179,141,-14
48,-200,0,-86,-516,105
-63,-177,0,46,188,-5
-46,-290,0,285,-19,129
-101,-419,0,116,-159,-247
-13,-352,0,125,292,-69
-61,-385,0,31,112,-231
-110,-371,0,324,205,-204
-196,-487,0,-184,-206,-16
-58,-538,0,251,422,-222
-175,-508,0,-219,307,-273
-115,-532,0,-67,-89,295
-93,-404,0,-94,5,24
-140,-445,0,188,-194,149
-86,-546,0,-54,-135,-404
-196,-553,0,22,-264,-181
-105,-619,0,-397,86,148
-138,-569,0,-393,-155,-134
-88,-626,0,88,162,-111
-161,-523,0,-144,97,105
-141,-645,0,-285,610,-66
-221,-514,0,72,42,-170
-223,-639,0,-66,-150,-196
-119,-564,0,238,60,229
-150,-556,0,344,-15,-446
-173,-492,0,-168,28,-148
-143,-554,0,-113,-165,-93
-176,-505,0,13,155,210
-69,-422,0,-16,31,148
-139,-510,0,-31,286,121
-156,-428,0,21,-163,-17
-66,-369,0,107,-80,79
-103,-400,0,24,254,345
-101,-381,0,155,36,-258
-73,-333,0,429,223,-149
-82,-412,0,132,147,61
-85,-374,0,-226,182,-49
-52,-371,0,67,-68,107
120,-307,0,199,19,148
-60,-229,0,578,-109,-368
33,-159,0,237,-251,-87
30,-215,0,84,286,186
171,-192,0,68,-34,184
48,-160,0,-23,-27,-182
43,-116,0,-75,230,180
56,-62,0,-3,222,-1
91,-126,0,127,-99,414
96,-87,0,-273,-283,115
221,-89,0,134,50,19
103,-35,0,208,40,-202
131,47,0,-85,-272,27
46,-19,0,-100,-105,201
126,-14,0,93,-237,-104
199,125,0,-29,-73,-465
129,26,0,356,176,-141
136,94,0,-214,-1,-177
94,87,0,-137,-191,-155
121,76,0,-299,-208,-86
105,58,0,457,-206,-61
95,-54,0,199,-68,-219
199,62,0,132,-246,21
88,37,0,277,-56,-205
118,-13,0,19,78,-196
67,16,0,154,148,-216
117,-0,0,-78,164,245
115,10,0,99,-324,80
52,122,0,158,-67,568
62,-47,0,-429,-118,-110
103,-146,0,-391,-241,-193
89,-109,0,263,424,69
48,-162,0,-219,96,202
68,-111,0,89,-451,-44
35,-96,0,-108,255,-217
17,-129,0,-47,29,381
-70,-229,0,-160,114,81
-4,-341,0,362,-18,-113
-62,-355,0,88,293,-291
-61,-311,0,-22,-257,248
-51,-327,0,207,134,-269
-96,-352,0,-8,30,-116
-105,-404,0,145,274,-85
-34,-400,0,250,5,-46
-12,-418,0,120,-150,109
-75,-388,0,12,230,22
-99,-531,0,61,26,177
-86,-533,0,62,49,-125
-103,-510,0,14,83,-85
-213,-509,0,-34,55,-335
-107,-532,0,-11,-273,-368
-108,-539,0,256,-22,-64
-141,-459,0,-322,82,125
-131,-494,0,194,29,-206
-111,-464,0,-114,-309,-16
-152,-648,0,-48,-36,-277
-159,-585,0,54,-41,127
-119,-521,0,-403,175,-90
-201,-489,0,144,-113,-192
-161,-543,0,50,172,-131
-216,-555,0,218,-35,136
-155,-517,0,13,39,224
-86,-526,0,-81,277,403
-122,-462,0,156,54,-101
-120,-548,0,162,288,-259
-170,-443,0,65,300,-57
-75,-434,0,10,313,78
-83,-398,0,-358,85,81
-55,-439,0,-169,140,11
-102,-345,0,-28,-132,15
-71,-350,0,-172,273,120
-29,-313,0,0,291,103
1,-362,0,-123,-432,-197
-16,-341,0,-166,26,-40
-4,-188,0,-51,24,54
73,-118,0,-62,-408,335
4,-163,0,-189,158,-56
2,-174,0,-197,-83,355
47,-178,0,-218,241,-233
43,-171,0,279,-49,-229
27,-84,0,-215,134,230
-14,-138,0,84,-97,-194
181,2,0,240,-93,270
40,-101,0,134,-100,45
108,59,0,59,-70,195
88,65,0,25,-179,96
124,62,0,36,-104,62
196,-26,0,9,-212,272
78,58,0,28,258,-133
94,132,0,-33,-369,-21
155,66,0,12,74,98
188,104,0,153,402,105
140,-86,0,-220,285,-160
140,19,0,-70,185,51
58,14,0,-128,-79,-61
98,21,0,-120,-77,-368
146,7,0,-229,111,515
137,56,0,-154,126,241
162,40,0,-76,93,-369
22,80,0,416,-100,-333
120,3,0,16,-308,19
194,108,0,-95,-383,-202
3,-114,0,-248,163,-61
14,5,0,36,416,-87
105,-215,0,100,-76,-175
60,-134,0,-112,324,204
-18,-210,0,234,-168,-168
-6,-149,0,1,-47,-108
15,-118,0,110,309,-353
-71,-269,0,-123,310,123
37,-221,0,103,-168,47
18,-294,0,44,-164,-270
-44,-239,0,22,-385,195
-90,-281,0,-201,-88,-248
-82,-301,0,-156,-245,-134
41,-307,0,123,-95,-75
-85,-356,0,-140,25,126
-70,-391,0,270,26,-279
-81,-477,0,-38,175,-325
-100,-367,0,-228,-102,-368
-51,-536,0,195,-102,-350
-100,-497,0,103,-282,136
-99,-370,0,24,376,294
-142,-516,0,-175,160,264
-115,-494,0,217,-268,87
-101,-560,0,-252,-30,211
-79,-646,0,295,-219,59
-99,-471,0,-138,-205,-416
-114,-518,0,-72,-59,-45
-170,-575,0,-174,92,-90
-101,-522,0,-72,327,152
-199,-570,0,60,-70,215
-194,-529,0,42,-77,-112
-194,-552,0,401,196,-211
-113,-603,0,-305,-424,253
-100,-492,0,-155,125,74
-138,-486,0,-210,-180,-232
-154,-546,0,67,-245,-136
-71,-489,0,-209,227,436
-101,-528,0,157,-338,263
-126,-470,0,-128,276,-48
-193,-394,0,-186,1,34
-103,-409,0,262,-365,-363
-47,-469,0,312,-113,393
-45,-433,0,50,166,27
-81,-331,0,73,-108,-90
-10,-255,0,-30,11,18
-20,-293,0,-140,339,-248
91,-204,0,229,-452,-167
84,-178,0,111,-50,-148
97,-226,0,32,426,276
81,-189,0,-103,-37,-57
16,-179,0,58,157,-9
71,-180,0,108,-106,-147
181,-35,0,208,380,44
124,10,0,-41,206,-27
49,-17,0,286,121,79
101,-53,0,308,3,-150
113,-33,0,59,11,36
140,-57,0,-249,40,268
83,36,0,36,-173,-350
115,37,0,31,59,9
209,-21,0,-313,399,56
235,77,0,-329,-13,206
172,10,0,76,-184,-117
196,-96,0,82,17,-2
88,-30,0,-442,-157,188
136,63,0,-54,40,-138
84,22,0,267,319,-285
207,124,0,160,28,125
68,-23,0,12,225,-153
128,-39,0,-104,157,148
116,12,0,512,427,-267
217,-35,0,128,-152,373
115,-110,0,20,377,263
97,-14,0,-76,-210,77
88,-64,0,-51,158,-69
92,-178,0,-181,54,124
98,-56,0,256,-101,109
49,-69,0,-173,293,177
82,-211,0,-64,-345,-191
2,-210,0,-98,-211,-59
39,-129,0,104,-40,-507
-10,-172,0,-169,129,-446
18,-179,0,39,336,-17
35,-365,0,-175,215,10
73,-280,0,56,-146,116
-52,-295,0,-187,88,-140
-78,-326,0,52,-94,-365
-36,-411,0,203,-385,-274
-126,-383,0,40,-142,-24
-71,-394,0,8,108,212
-18,-421,0,-217,114,-177
-70,-352,0,132,440,-46
-109,-429,0,70,320,-153
-134,-446,0,-232,27,-87
-178,-489,0,-68,53,-46
-117,-486,0,87,77,-119
-133,-508,0,309,25,197
-139,-556,0,-193,-411,-115
-260,-542,0,268,369,-99
-81,-463,0,-233,187,-68
-162,-614,0,-163,-507,-178
-209,-612,0,200,-152,-140
-97,-524,0,30,-238,108
-116,-548,0,-207,-206,162
-130,-531,0,166,-234,384
-152,-485,0,-480,-151,-151
-110,-549,0,-270,-66,-196
-118,-510,0,-118,-76,40
-152,-509,0,-94,364,152
-139,-423,0,111,235,429
-86,-479,0,-16,249,-24
-48,-623,0,69,-42,-42
-82,-402,0,37,158,-337
-28,-465,0,314,48,-241
-123,-313,0,119,-101,-31
-86,-328,0,-249,289,281
-104,-350,0,-337,263,-70
21,-369,0,103,243,224
53,-288,0,-81,64,115
70,-321,0,71,-21,40
-44,-265,0,-3,-498,-241
-11,-223,0,-264,85,192
47,-119,0,-213,-202,70
12,-97,0,-238,-259,181
34,-84,0,-330,-213,298
61,-226,0,-111,-206,-265
95,-158,0,-394,314,31
187,-72,0,-26,458,-526
160,-58,0,104,-163,-156
123,-9,0,32,-150,-145
247,64,0,-112,40,-152
67,76,0,69,-66,-56
169,69,0,267,185,-190
153,-51,0,-7,-128,225
56,45,0,192,176,-160
128,37,0,197,-58,76
223,58,0,-292,-283,230
124,34,0,88,570,-82
65,88,0,-276,-264,80
74,-7,0,30,-373,104
80,90,0,-154,-377,-162
257,100,0,-4,193,172
161,12,0,14,29,130
121,-99,0,103,-603,111
48,-24,0,154,-5,-38
133,24,0,158,-102,280
25,56,0,278,-22,-115
163,69,0,-43,376,-7
94,-62,0,-66,-266,-587
33,-111,0,-133,11,-91
53,-159,0,-372,-17,45
2,-183,0,-49,-153,127
8,-215,0,-188,-105,219
45,-220,0,-68,-84,19
94,-216,0,-112,-23,-495
-85,-306,0,-228,56,140
-10,-258,0,-38,70,-258
-77,-336,0,-206,-56,235
67,-307,0,-44,487,249
-126,-342,0,147,120,-294
-3,-456,0,-255,-120,-330
36,-391,0,-45,-127,-80
-73,-377,0,-120,-257,78
-64,-399,0,-145,63,30
-74,-413,0,105,234,-2
-86,-432,0,-110,268,-312
-140,-560,0,98,-84,38
-166,-513,0,199,-52,95
-156,-599,0,-66,-172,-16
-137,-582,0,-138,-120,45
-75,-545,0,-95,168,-194
-138,-493,0,75,67,-7
-154,-597,0,293,-22,100
-240,-524,0,-24,432,-217
-181,-538,0,173,-72,-145
-198,-461,0,70,303,74
-228,-584,0,-151,123,-74
-30,-610,0,92,43,-211
-89,-530,0,-12,308,-65
-127,-513,0,35,-242,77
-193,-569,0,223,-113,302
-122,-526,0,94,241,-196
-188,-527,0,11,445,-420
-142,-487,0,-101,163,330
23,-479,0,-140,96,-103
-137,-453,0,1,83,65
-222,-476,0,221,128,-87
-49,-379,0,438,248,101
-76,-411,0,16,45,310
-75,-309,0,42,95,-37
15,-403,0,-44,-405,-168
-77,-317,0,185,-123,136
-33,-338,0,-60,152,-242
30,-251,0,192,-69,-27
23,-109,0,9,-46,24
47,-244,0,-297,-201,-169
125,-193,0,-170,-115,82
160,-105,0,-308,-130,-162
87,-94,0,-87,-322,-130
53,-47,0,-274,261,-151
130,-131,0,-51,-142,-305
153,34,0,-200,86,88
108,39,0,-243,-102,110
95,-15,0,228,114,97
116,-8,0,189,75,-334
187,35,0,-288,235,66
138,-27,0,11,120,155
165,34,0,51,-11,89
154,68,0,284,391,25
127,73,0,83,-34,-205
127,92,0,75,31,-105
119,34,0,75,-11,-264
155,27,0,165,257,-32
139,25,0,63,111,-95
62,-1,0,-204,6,56
158,45,0,259,159,-162
113,4,0,57,143,151
218,38,0,44,34,135
170,-45,0,-269,-61,46
121,-71,0,-424,132,-264
123,-112,0,-182,-37,32
77,-5,0,171,-124,22
111,-70,0,180,77,224
-22,-32,0,269,-37,92
44,-172,0,269,-60,161
88,-164,0,90,245,-132
-23,-261,0,-28,-218,7
164,-194,0,306,-387,157
-13,-293,0,103,-310,-322
51,-215,0,-527,-114,-158
-15,-333,0,-123,-182,-245
53,-197,0,28,-361,69
29,-411,0,340,-94,-566
-14,-350,0,-190,75,200
5,-376,0,-168,-590,-6
-50,-319,0,176,-205,118
-13,-394,0,-220,-52,-274
-57,-414,0,342,134,-264
-51,-384,0,168,154,-291
-152,-581,0,-49,36,123
-118,-637,0,-446,93,48
-103,-572,0,-34,-179,353
-144,-562,0,-246,77,129
-191,-530,0,23,14,-125
-185,-526,0,182,188,-383
-164,-463,0,248,-167,437
-178,-564,0,-105,-124,121
-146,-601,0,-7,323,75
-187,-543,0,-164,88,-436
-216,-579,0,-122,-518,-264
-88,-585,0,-112,213,-254
-152,-518,0,194,98,-351
-71,-673,0,-338,129,162
-134,-470,0,-46,92,262
-196,-533,0,178,-110,-389
-89,-479,0,-233,-273,37
-143,-537,0,-28,4,91
-125,-423,0,-231,-63,320
-97,-466,0,343,-44,-273
-142,-473,0,4,-208,-184
-131,-525,0,-171,-534,-65
-51,-420,0,-141,-340,-211
54,-352,0,123,14,176
-66,-391,0,-350,-52,-108
-93,-342,0,188,-432,-81
12,-265,0,425,121,108
-17,-281,0,-49,-415,-147
-36,-242,0,-214,-79,2
74,-129,0,-60,-37,-127
90,-196,0,321,-202,-79
97,-156,0,126,79,-31
78,-201,0,346,-167,145
63,-110,0,-159,67,-51
121,-170,0,97,168,47
108,-57,0,-201,-98,272
49,-68,0,159,-13,251
114,-59,0,118,54,-297
155,-91,0,-317,-6,37
109,-38,0,83,296,458
55,64,0,276,-347,-166
195,2,0,-10,73,-296
100,48,0,-56,-419,34
184,37,0,-34,97,54
182,-30,0,331,-237,189
112,82,0,-146,-84,225
117,37,0,405,670,248
79,77,0,241,-210,9
190,118,0,-135,114,-41
130,59,0,-118,-94,213
197,63,0,229,-132,252
76,37,0,-141,121,-13
197,69,0,151,-272,-16
124,-12,0,127,44,114
183,44,0,286,-199,-206
31,-76,0,-234,100,-80
64,-37,0,-125,123,-204
47,-61,0,13,-114,-60
86,-161,0,172,-37,25
-38,-9,0,19,44,156
24,-207,0,86,71,245
29,-114,0,-67,-51,109
42,-180,0,332,-242,-101
80,-263,0,251,-291,-54
31,-271,0,-12,-83,7
39,-243,0,-97,146,-65
-118,-311,0,200,-352,203
-56,-309,0,40,115,-59
-39,-379,0,38,129,118
12,-374,0,4,-67,-115
-163,-417,0,134,-122,-38
-134,-378,0,223,57,-148
-48,-473,0,-11,-101,180
-49,-422,0,-122,-28,112
3,-477,0,265,268,-42
-103,-431,0,193,60,-120
-127,-489,0,-184,181,53
-121,-527,0,-177,175,18
-105,-526,0,-399,17,-49
-236,-505,0,59,32,-84
-168,-530,0,-35,-489,59
-155,-594,0,309,-275,-7
-99,-513,0,15,176,-20
-166,-500,0,118,196,262
-133,-527,0,-23,74,-36
-203,-474,0,-243,-243,-47
-229,-643,0,342,291,173
-187,-556,0,61,-110,227
-250,-644,0,-103,56,-226
-89,-567,0,-41,-325,-81
-191,-553,0,36,-85,-74
-179,-547,0,22,-118,-108
-74,-384,0,102,-32,134
-32,-481,0,205,27,-324
-139,-389,0,-85,-498,487
-67,-532,0,-228,269,-45
-60,-421,0,-58,-228,-214
-14,-294,0,-313,-29,17
-26,-404,0,63,77,-128
-142,-401,0,114,229,-25
-27,-331,0,137,2,-84
54,-273,0,-101,-125,7
-21,-189,0,262,247,460
36,-190,0,-29,421,174
-18,-268,0,-46,220,-357
39,-170,0,324,65,190
-24,-135,0,-157,188,53
24,-130,0,-368,248,104
117,-104,0,141,-21,-77
138,-49,0,283,-174,147
17,-61,0,-255,-73,150
136,-6,0,-182,234,-92
145,4,0,-277,32,474
124,45,0,-240,-98,-25
95,16,0,225,9,5
133,-3,0,6,405,-312
64,-18,0,89,213,310
196,5,0,74,204,-27
215,58,0,177,285,-485
98,-34,0,-163,43,414
147,-52,0,-403,-330,-205
245,62,0,-129,-63,290
180,-18,0,-275,-115,-279
189,38,0,452,-163,-291
145,84,0,242,4,-144
100,47,0,-330,-114,83
148,-5,0,-80,262,15
137,34,0,-101,170,174
140,-24,0,-29,317,276
86,-33,0,-16,302,-63
52,-54,0,-211,286,-113
42,-90,0,7,145,54
142,-64,0,107,194,-100
75,-143,0,227,203,227
8,-50,0,268,34,6
64,-129,0,-2,-44,174
12,-126,0,-193,44,92
2,-208,0,49,215,-371
-76,-290,0,185,30,-256
15,-313,0,-190,224,164
-21,-396,0,30,137,-159
-71,-272,0,-96,27,394
-54,-274,0,299,-164,163
-32,-315,0,-98,91,-214
-140,-385,0,-12,129,33
-107,-372,0,195,201,-169
-36,-502,0,52,-122,-390
-145,-463,0,-193,-349,-60
1,-400,0,-245,121,248
-181,-416,0,-49,-192,-465
-169,-468,0,-176,104,51
-100,-521,0,-172,-56,-198
-135,-578,0,90,86,-70
-151,-508,0,136,-104,172
-272,-555,0,-220,409,163
-115,-621,0,-13,70,-362
-125,-582,0,561,226,-166
-184,-546,0,-141,148,-94
-170,-679,0,-21,-116,-332
-170,-567,0,-346,-20,72
-118,-537,0,340,-122,-195
-170,-563,0,251,96,-6
-97,-535,0,-184,-89,-113
-259,-555,0,167,-10,306
-205,-464,0,-22,183,-31
-140,-402,0,2,116,34
-101,-414,0,-85,-194,-204
-67,-504,0,72,-342,-54
-42,-445,0,-131,-123,551
-86,-327,0,22,106,-211
-88,-382,0,51,157,-280
-1,-389,0,121,-195,155
-34,-253,0,-3,-142,19
-105,-318,0,100,-67,120
-51,-229,0,-107,-200,75
66,-256,0,-134,-148,-63
-116,-337,0,170,111,89
41,-258,0,-28,-130,-2
-56,-68,0,46,-92,-87
112,-162,0,-94,-178,-307
42,-90,0,297,-365,14
50,-156,0,75,-469,146
94,-130,0,-28,176,297
137,-21,0,113,-32,-239
89,-29,0,86,-104,-99
168,-23,0,-182,-362,188
158,-93,0,-515,99,87
98,23,0,-178,-174,-463
276,6,0,-125,-180,161
71,62,0,109,320,163
133,69,0,-48,414,12
21,-25,0,-489,-147,-208
190,26,0,-18,-13,12
162,86,0,154,-25,105
152,114,0,-288,-6,-206
144,-30,0,327,93,3
136,168,0,84,-104,-213
151,-20,0,-167,-125,53
131,49,0,-46,-155,-93
139,92,0,-128,151,239
216,17,0,138,370,57
140,47,0,-49,21,-189
136,-18,0,80,-323,77
75,34,0,197,-53,177
120,-90,0,257,131,-41
101,-150,0,123,85,202
79,-132,0,406,-30,-73
39,-61,0,-242,79,69
61,-93,0,129,-135,-103
30,-200,0,50,-183,-376
42,-282,0,-204,-96,-537
-41,-279,0,-336,-209,15
-52,-329,0,174,56,288
-31,-212,0,-304,-360,-89
17,-331,0,169,-215,-49
-34,-403,0,31,-144,-489
-75,-295,0,467,87,250
-111,-322,0,-285,-99,-111
-119,-305,0,-137,-204,-235
-80,-410,0,27,82,-43
-79,-497,0,27,-77,-95
-33,-431,0,-320,97,-446
-203,-512,0,-65,-100,39
-123,-529,0,-35,-350,-49
-233,-573,0,-72,-449,-50
-145,-493,0,-422,155,405
-158,-647,0,222,51,-192
-129,-470,0,-237,-71,459
-140,-521,0,144,-287,-421
-167,-606,0,-113,32,-182
-164,-573,0,-27,227,-104
-156,-545,0,-54,87,56
-102,-522,0,-260,11,49
-130,-541,0,-370,431,-161
-209,-495,0,75,-317,105
-155,-517,0,281,336,-194
-96,-466,0,41,-431,-54
-102,-553,0,63,-45,-74
-153,-506,0,-62,-226,176
-168,-479,0,-215,44,-34
-69,-451,0,-300,-132,73
-57,-413,0,-443,-60,172
-37,-557,0,118,42,-45
-26,-392,0,-193,-25,-42
44,-479,0,107,-103,102
-30,-377,0,-0,105,-312
-19,-421,0,47,-443,-79
-12,-269,0,4,51,326
-58,-343,0,89,-215,-165
-54,-290,0,144,100,81
45,-225,0,-384,-72,-0
26,-204,0,53,137,134
-50,-126,0,-478,-456,47
66,-147,0,249,-140,67
43,-235,0,191,-48,231
37,-133,0,292,-150,-28
57,-35,0,-232,-67,-13
42,-7,0,-150,-37,88
135,-50,0,79,50,210
106,-24,0,97,-415,-227
102,2,0,-393,118,201
133,-73,0,485,-3,-441
218,6,0,-356,-570,-236
121,78,0,-325,-106,238
116,48,0,202,381,-11
69,50,0,136,313,65
156,70,0,-71,301,-280
103,88,0,50,-98,-1
134,60,0,-214,2,38
203,54,0,-22,97,-245
141,57,0,-128,8,132
163,45,0,48,16,399
204,0,0,135,134,136
100,29,0,-36,277,-43
122,-25,0,124,10,92
162,-69,0,143,72,246
154,-131,0,407,6,96
159,-29,0,205,-164,-174
104,-91,0,-65,-78,151
136,-251,0,-415,32,91
53,-178,0,17,44,28
5,-157,0,221,134,-30
56,-198,0,87,-40,56
39,-130,0,-55,91,218
62,-202,0,-293,86,-273
-30,-241,0,170,-126,-193
17,-353,0,-215,10,-170
-41,-301,0,-84,417,-371
-122,-355,0,-65,-314,63
-18,-375,0,161,-34,174
-45,-382,0,52,35,-467
14,-453,0,-261,97,29
-94,-329,0,-63,-151,281
-97,-495,0,-130,21,-76
-51,-507,0,-272,145,201
-113,-578,0,217,-14,-153
-168,-476,0,96,-286,-190
-154,-441,0,-105,-295,104
-168,-572,0,213,-277,-297
-56,-535,0,147,-366,-473
-44,-587,0,90,270,66
-172,-499,0,98,-105,-202
-16,-594,0,-86,-83,160
-168,-502,0,86,20,-74
-151,-557,0,185,-11,125
-214,-511,0,-425,-165,15
-159,-518,0,340,113,-123
-111,-554,0,-266,-53,119
-167,-549,0,-24,480,114
-203,-555,0,159,98,251
-201,-481,0,-8,-242,277
-110,-483,0,-86,50,252
-121,-455,0,357,94,92
-91,-539,0,104,-392,333
-112,-473,0,-153,-191,208
-59,-395,0,334,-45,336
-61,-367,0,4,-68,-3
-101,-415,0,143,-154,-115
-18,-420,0,49,242,-480
-39,-426,0,254,201,321
-106,-237,0,165,-716,288
-51,-278,0,552,-176,-293
-53,-245,0,-245,-13,-150
-10,-220,0,-170,143,-6
9,-333,0,-39,-128,-111
5,-225,0,98,44,-23
24,-164,0,-172,-138,330
16,-142,0,70,-326,56
155,-173,0,-210,-117,194
117,-46,0,43,210,201
0,-36,0,-74,145,6
34,26,0,-18,16,6
43,28,0,-155,143,-125
178,-48,0,-191,274,-53
235,-9,0,-20,-31,9
122,-98,0,-162,-15,-49
27,-10,0,-490,-289,-97
185,113,0,-341,47,138
156,27,0,67,-19,-213
127,15,0,90,190,212
246,65,0,-62,84,-202
93,1,0,101,-75,352
162,24,0,116,-242,291
270,-9,0,190,-394,294
144,-10,0,-236,374,-281
25,-44,0,-59,-114,478
102,-44,0,-111,313,0
222,-28,0,222,112,194
95,-45,0,-224,-145,154
75,-92,0,251,-20,-171
30,-94,0,-56,145,-206
198,-141,0,-222,32,196
141,-107,0,-222,27,-77
113,-63,0,292,124,-163
52,-32,0,70,1,-2
71,-233,0,325,-212,-162
61,-187,0,-434,-50,52
19,-191,0,260,33,-59
69,-172,0,272,13,405
-33,-275,0,-34,301,-61
-11,-304,0,459,145,-279
-115,-281,0,-81,-108,196
-24,-290,0,-436,-161,262
-49,-349,0,-180,75,-66
-150,-470,0,-275,306,-247
-157,-447,0,460,7,159
-115,-336,0,-85,248,346
-47,-437,0,-21,64,-379
-69,-403,0,-81,-247,100
-129,-502,0,160,314,43
-151,-512,0,122,43,71
-90,-457,0,170,-174,31
-151,-529,0,102,-200,171
-100,-428,0,367,19,-111
-109,-439,0,-117,-429,229
-153,-523,0,111,198,-204
-171,-533,0,484,-280,33
-88,-555,0,-24,-169,345
-117,-402,0,-115,379,128
-111,-604,0,23,10,-47
-131,-503,0,-53,-280,115
-162,-538,0,83,-74,-170
-153,-665,0,-193,324,203
-179,-548,0,98,-144,-128
-202,-477,0,-216,162,428
-116,-563,0,290,31,-277
-79,-525,0,-273,146,98
-159,-384,0,182,-46,-79
-20,-498,0,136,279,42
-20,-467,0,207,-279,66
-47,-406,0,-252,103,-335
-119,-398,0,99,-629,-143
-58,-447,0,287,95,190
-64,-356,0,551,102,-165
-54,-340,0,267,-76,-61
23,-268,0,-99,110,287
-26,-315,0,320,51,30
72,-293,0,10,-126,-198
-41,-218,0,70,13,78
8,-117,0,377,-69,197
-7,-149,0,-308,144,145
87,-197,0,-91,379,168
-74,-99,0,50,74,-177
117,-47,0,55,78,20
2,-111,0,-337,122,4
-18,-25,0,236,-504,342
163,77,0,334,-491,-60
69,50,0,86,-13,-186
147,73,0,-90,116,100
116,-26,0,24,-116,189
235,67,0,-219,-231,98
133,74,0,57,69,57
135,40,0,-135,-171,92
106,146,0,-449,33,55
121,-46,0,117,-3,-163
36,21,0,367,101,-13
132,70,0,197,87,207
190,12,0,79,-112,17
152,-0,0,-37,-241,-80
174,1,0,-254,211,-222
114,26,0,-135,44,175
126,-16,0,85,6,136
-8,84,0,167,-40,83
33,-52,0,-127,-26,-80
129,-163,0,-367,-15,-240
90,8,0,-74,45,52
80,-89,0,71,478,-238
132,-56,0,29,-204,96
57,-90,0,-249,41,-303
55,-167,0,85,-309,39
66,-171,0,-177,-105,267
31,-219,0,14,-145,-221
99,-217,0,-225,-77,135
85,-257,0,-274,92,-171
13,-283,0,119,36,196
-71,-279,0,-1,7,284
-1,-381,0,-312,-68,-113
22,-444,0,-137,257,-125
-26,-356,0,41,191,102
-43,-418,0,-290,138,271
-126,-362,0,-344,78,-46
-58,-446,0,-45,-262,-240
-33,-485,0,-267,161,-275
-137,-522,0,-275,73,172
-108,-415,0,202,17,-32
-117,-603,0,-49,248,44
-147,-570,0,-383,-192,166
-190,-459,0,-105,-44,-151
-126,-546,0,71,-103,-0
-121,-539,0,250,-97,-285
-181,-558,0,64,129,125
-179,-630,0,307,13,71
-156,-571,0,-104,255,-421
-162,-524,0,185,-371,-481
-206,-624,0,-159,69,-24
-131,-619,0,-294,-203,-170
-106,-447,0,-98,143,430
-65,-565,0,94,163,-87
-58,-527,0,-35,321,29
-211,-451,0,-502,63,265
-213,-441,0,-88,212,227
-31,-501,0,-254,383,-101
-95,-479,0,184,12,16
-104,-483,0,113,141,-81
-48,-470,0,-148,-112,-145
-21,-371,0,-80,111,6
-57,-277,0,47,40,-346
-152,-325,0,-63,-64,-160
-20,-374,0,-139,-125,-317
23,-202,0,-90,-142,-201
67,-315,0,-45,85,312
-42,-224,0,54,151,-421
-50,-171,0,-128,15,315
-27,-223,0,-250,-78,323
-15,-205,0,320,-284,19
46,-93,0,53,-34,458
65,-141,0,-35,-251,-24
92,-74,0,199,26,-377
7,-36,0,88,-182,-104
94,-126,0,-38,-56,80
181,-1,0,-103,91,-97
90,-96,0,33,83,42
163,37,0,153,-237,-108
189,-83,0,-9,-153,-100
149,117,0,-205,101,140
201,53,0,-214,98,75
166,-41,0,370,55,65
148,25,0,-479,290,168
171,68,0,284,308,-66
113,77,0,-83,-148,-173
123,46,0,136,220,125
145,97,0,-88,232,27
72,146,0,-336,-110,107
90,37,0,321,195,225
58,93,0,-5,-313,-230
134,9,0,29,65,-149
212,-23,0,-113,17,140
109,-62,0,276,276,-95
72,-5,0,229,-28,-81
-13,-27,0,122,-179,-319
101,-83,0,-269,-221,-174
25,-170,0,168,-45,-193
166,-100,0,-1,255,12
-20,-168,0,117,42,-57
13,-236,0,-225,-4,409
4,-194,0,173,-27,78
43,-318,0,296,165,9
-30,-149,0,114,-19,220
-39,-269,0,80,-212,-122
-17,-379,0,-94,66,-393
-67,-306,0,-98,-195,223
-21,-310,0,252,111,-80
-10,-414,0,58,-256,-280
-7,-458,0,244,204,-29
-126,-495,0,237,-437,290
-80,-438,0,81,165,-167
-147,-466,0,-59,34,61
-115,-429,0,-18,-179,234
-94,-566,0,1,123,282
-169,-458,0,63,85,13
-143,-575,0,-11,173,233
-158,-581,0,22,174,340
-195,-506,0,-350,-75,59
-132,-488,0,232,-264,200
-183,-580,0,-284,-69,320
-139,-606,0,168,-16,-127
-89,-539,0,289,146,187
-56,-550,0,-235,316,215
-183,-528,0,-332,50,-36
-167,-555,0,113,191,123
-151,-561,0,-21,-230,-14
-77,-549,0,-179,-252,-126
-140,-596,0,-272,-3,175
-166,-484,0,226,-283,-42
-77,-462,0,-37,95,175
-16,-379,0,96,200,22
-138,-496,0,451,102,-100
-107,-451,0,-172,130,-184
-87,-451,0,32,60,106
-109,-349,0,236,-15,98
-73,-336,0,66,-104,-62
-106,-330,0,132,-136,-184
-51,-440,0,176,155,104
-48,-234,0,110,223,218
-40,-308,0,-24,68,-63
-0,-196,0,-138,-296,313
-40,-214,0,156,60,60
160,-153,0,-16,70,45
107,-169,0,167,51,107
55,-186,0,174,-356,-12
-31,-121,0,-70,-15,-359
58,-130,0,-155,-230,-53
96,-56,0,210,50,-1
92,-31,0,384,-137,383
96,-97,0,-38,170,480
179,21,0,46,80,-52
76,-56,0,154,302,104
189,-31,0,-1,-142,203
160,85,0,17,99,-61
191,-19,0,-132,-9,-86
133,-52,0,-149,-42,258
114,18,0,227,98,71
76,102,0,100,14,-376
168,76,0,33,30,35
111,-23,0,222,74,-354
115,141,0,189,-3,-138
110,22,0,58,330,-59
192,63,0,-270,329,-187
64,-35,0,-25,31,-161
159,-61,0,-127,317,34
129,32,0,70,51,-38
77,-42,0,168,-405,-132
16,17,0,-142,-466,-26
171,-107,0,-4,-154,-158
191,-119,0,-328,193,-169
108,-168,0,5,-218,116
12,-131,0,-41,-93,238
58,-155,0,-275,155,-306
23,-150,0,89,219,-348
108,-154,0,-173,-18,-97
9,-153,0,110,-19,-33
62,-262,0,-133,162,46
-18,-252,0,234,391,109
13,-292,0,-291,115,-138
14,-352,0,-47,-207,502
-28,-367,0,127,351,11
-91,-366,0,34,-445,113
-136,-433,0,-400,244,-347
-105,-344,0,-136,-286,-466
-117,-393,0,192,-10,-89
-115,-474,0,-118,-262,-320
-36,-455,0,-17,-269,150
-78,-461,0,-296,-95,226
-148,-547,0,183,53,181
-37,-470,0,359,-45,-170
-104,-619,0,57,157,142
-131,-554,0,74,55,-148
-164,-615,0,-3,115,411
-131,-624,0,84,218,-108
-167,-645,0,57,101,42
-198,-626,0,-98,-75,215
-210,-551,0,-76,253,-167
-63,-565,0,94,28,-71
-163,-545,0,-93,-273,-32
-105,-470,0,91,127,50
-131,-546,0,-629,-107,-103
-99,-558,0,-12,138,49
-145,-542,0,28,120,-23
-192,-432,0,-135,10,-7
-85,-453,0,-278,132,-134
-128,-397,0,-243,-263,-111
-50,-402,0,53,-184,-247
-109,-364,0,-76,153,-18
-18,-362,0,107,81,-145
-1,-354,0,368,307,-62
-19,-316,0,28,199,6
-64,-307,0,-97,131,115
2,-264,0,341,-113,318
-34,-224,0,55,229,-174
-62,-146,0,46,-95,187
-3,-222,0,-263,44,-4
77,-129,0,150,22,-210
100,-160,0,-198,107,109
198,-197,0,14,169,-279
69,-152,0,191,2,-31
85,-73,0,-180,254,143
110,-125,0,-193,58,117
98,-31,0,-24,-151,285
167,-85,0,361,-136,64
94,-66,0,-87,-72,-14
133,-48,0,77,-361,59
157,8,0,398,-31,-197
97,38,0,103,-13,317
211,-27,0,-115,222,-119
122,-17,0,83,-275,-301
138,71,0,-21,194,39
145,26,0,72,66,-23
143,85,0,153,-96,-169
272,20,0,-160,-589,-151
140,-35,0,339,30,-179
197,50,0,-43,230,223
156,27,0,107,369,176
107,7,0,149,-96,-113
122,-65,0,260,-127,284
152,-77,0,93,145,-187
103,15,0,339,-45,36
181,-17,0,-71,-380,153
56,-142,0,-132,-94,289
111,-128,0,-370,10,-241
96,-59,0,-284,255,-223
43,-194,0,-195,-510,87
-18,-193,0,-24,127,561
20,-194,0,-101,-305,306
52,-208,0,136,217,-7
30,-312,0,-235,-141,-151
-0,-302,0,-101,-79,-66
-75,-283,0,109,72,-179
24,-267,0,159,101,261
-113,-260,0,-1,104,224
-97,-386,0,-185,278,245
-87,-330,0,-54,-395,-277
-54,-453,0,-8,-358,-291
-109,-433,0,-123,-74,-346
-167,-507,0,186,-169,406
-74,-424,0,186,48,-7
-61,-476,0,252,216,-32
-148,-544,0,-183,-16,303
-127,-576,0,131,159,-447
-111,-517,0,90,318,97
-162,-617,0,145,-157,-168
-151,-584,0,168,77,-307
-103,-567,0,-31,25,46
-157,-608,0,-140,41,376
-89,-441,0,-48,-16,402
-86,-548,0,281,-58,2
-110,-590,0,189,-37,-254
-60,-535,0,531,-198,20
-58,-467,0,31,137,-235
-208,-434,0,103,99,-81
-56,-526,0,-299,168,125
-103,-563,0,70,270,-127
-59,-569,0,160,-49,-191
-131,-470,0,97,-167,49
-136,-519,0,-7,-190,-55
3,-406,0,-96,-67,129
-69,-361,0,237,-39,63
-47,-394,0,210,-123,-44
-76,-355,0,256,-167,-265
-4,-354,0,-115,-20,-11
-1,-321,0,-300,-347,114
-35,-284,0,136,55,-38
-5,-332,0,36,180,-118
11,-248,0,-234,-340,25
32,-198,0,397,139,-47
20,-178,0,-268,-104,-227
113,-172,0,-21,31,296
60,-97,0,-117,-211,44
120,-44,0,90,-523,95
85,-78,0,-207,128,339
92,-62,0,66,17,-259
86,27,0,123,-102,-99
147,-28,0,342,266,92
160,-13,0,-177,109,99
130,-6,0,51,-64,38
116,16,0,-52,157,-183
225,-69,0,-84,416,250
143,-75,0,77,-472,-122
174,37,0,-145,-64,222
196,60,0,46,149,195
-22,18,0,-44,175,-31
126,-3,0,-63,-178,53
153,47,0,124,98,-68
219,41,0,-40,54,-122
133,40,0,-361,-282,-23
168,-9,0,34,91,114
122,-46,0,82,-19,363
194,96,0,243,34,142
29,-86,0,-84,-288,-198
62,-5,0,-3,-49,114
78,-53,0,-74,39,-82
68,-88,0,161,-381,-150
109,-129,0,-14,253,-95
109,-125,0,186,-39,79
127,-177,0,161,6,29
75,-138,0,-451,221,-93
32,-186,0,-235,259,-46
-5,-133,0,-92,80,37
141,-151,0,16,39,346
-43,-288,0,-145,-53,-26
-56,-277,0,20,-238,28
42,-310,0,-78,-82,-231
-68,-373,0,185,-243,-95
-85,-303,0,240,-0,-129
-21,-322,0,503,353,-222
-74,-305,0,-143,-73,-11
-34,-402,0,-357,114,-149
-146,-465,0,8,-73,-300
-54,-486,0,-284,100,98
-67,-453,0,271,-313,32
-119,-441,0,290,-127,-18
-164,-518,0,-11,34,108
-186,-499,0,28,-24,-256
-103,-473,0,104,305,94
-201,-516,0,-155,147,310
-104,-472,0,-19,-56,-149
-93,-528,0,-288,473,53
-87,-488,0,-33,-41,82
-198,-524,0,-36,-181,-122
-125,-640,0,350,-29,-297
-157,-486,0,101,-284,174
-150,-585,0,204,-127,-165
31,-545,0,-203,-104,-336
-134,-567,0,-127,-136,-138
-112,-472,0,-30,157,162
-103,-558,0,32,220,26
-96,-455,0,152,-14,-260
-107,-499,0,260,-149,80
-84,-545,0,-224,195,-60
-125,-576,0,-142,15,-217
-87,-304,0,-185,-327,201
-119,-389,0,218,-202,-97
-81,-354,0,110,-410,219
52,-385,0,257,47,18
45,-319,0,-301,6,25
53,-275,0,-40,230,122
-55,-300,0,25,-19,-24
24,-205,0,-289,84,-1
-50,-340,0,-120,-174,196
60,-247,0,459,-201,452
44,-189,0,-21,-281,-35
50,-122,0,-168,432,-67
81,-75,0,-123,119,-4
89,-46,0,-147,-343,135
122,96,0,321,-110,73
57,-147,0,237,-242,192
50,-51,0,-181,-190,61
135,-9,0,30,-90,-386
105,39,0,52,-256,233
129,21,0,-336,154,239
167,5,0,-210,-119,141
126,62,0,154,146,-157
206,103,0,317,-421,-300
198,-11,0,250,-128,94
153,-17,0,74,83,81
53,-61,0,42,68,-242
238,60,0,-80,-21,136
148,87,0,145,178,-37
42,150,0,239,-258,-256
160,41,0,8,70,142
100,111,0,-149,-62,-179
103,6,0,-344,37,135
138,-11,0,197,-70,85
94,-54,0,111,-1,110
127,-9,0,14,-112,121
64,-27,0,-173,131,110
105,-39,0,-104,-81,184
79,-118,0,47,39,-156
96,-88,0,492,96,-363
143,-142,0,-53,369,-175
106,-173,0,-123,131,-71
44,-214,0,254,88,-15
-32,-174,0,206,16,-260
34,-187,0,-297,157,92
-14,-254,0,24,-45,-71
-54,-296,0,-237,86,87
8,-342,0,15,115,17
-10,-312,0,267,263,-164
-51,-389,0,84,82,-135
-67,-402,0,143,256,11
-105,-412,0,31,-260,195
-128,-474,0,203,-152,-47
-91,-483,0,-184,-124,-89
-104,-534,0,417,-63,162
-122,-519,0,-369,-104,186
-157,-558,0,130,-31,-223
-146,-351,0,184,101,-296
-232,-615,0,-203,-196,209
-235,-635,0,17,42,158
-146,-651,0,145,269,291
-130,-513,0,257,-274,184
-113,-565,0,304,261,332
-120,-589,0,67,-260,76
-152,-499,0,67,35,128
-121,-514,0,65,347,110
-100,-542,0,277,-291,-75
-165,-520,0,118,-107,192
-115,-572,0,-192,143,21
-99,-599,0,65,-268,-8
-202,-555,0,-157,66,84
-73,-566,0,-260,-219,30
-62,-451,0,-54,278,-113
-155,-420,0,-60,-209,-256
-141,-377,0,-19,-386,-136
-117,-344,0,-236,23,-295
-94,-417,0,79,204,-41
39,-383,0,15,-326,165
-4,-358,0,-303,64,55
56,-377,0,259,84,105
-10,-278,0,91,-215,-67
-59,-224,0,55,-98,393
12,-192,0,-98,27,65
1,-138,0,-297,31,-117
38,-178,0,479,-120,-10
47,-187,0,-23,-223,13
30,-215,0,15,106,386
93,-58,0,9,43,-56
93,-84,0,230,361,-32
50,-152,0,-117,267,259
163,-47,0,76,191,193
144,-32,0,-240,-88,197
81,-25,0,83,-261,-37
95,-11,0,173,98,255
174,12,0,187,-134,-40
147,65,0,-170,126,-256
87,61,0,-5,321,119
166,149,0,-46,-52,-202
86,-12,0,179,118,30
188,45,0,-158,-320,20
177,-28,0,-39,-68,-130
95,-20,0,-57,30,-31
104,2,0,181,-57,-1
156,15,0,276,192,-141
85,73,0,-266,-299,156
170,60,0,-118,52,-421
155,59,0,-23,11,119
111,-69,0,-211,1,325
117,-67,0,-57,-149,-123
78,-66,0,135,128,-60
57,-85,0,78,273,-324
142,-89,0,-182,-200,-87
-36,-148,0,-21,-60,-44
4,-150,0,-373,-7,96
29,-106,0,126,190,-221
80,-177,0,114,49,242
112,-201,0,-241,187,-70
-13,-295,0,16,-362,-32
-26,-281,0,46,-323,-13
-132,-363,0,135,-332,-129
-15,-314,0,-24,-61,-384
-92,-341,0,-210,345,262
-76,-361,0,102,-153,183
-88,-445,0,156,-33,44
-166,-480,0,-391,456,-363
-68,-399,0,299,-100,-74
-94,-522,0,-6,-21,-145
-151,-400,0,190,24,120
-5,-532,0,-139,-202,80
-170,-528,0,-304,-137,-271
-147,-497,0,182,8,-156
-228,-486,0,440,330,-231
-123,-442,0,-269,-192,-20
-170,-583,0,104,-61,-472
-238,-562,0,-177,133,-55
-99,-500,0,56,147,159
-120,-533,0,-119,271,-23
-187,-553,0,-97,-136,40
-136,-515,0,176,70,242
-161,-520,0,-296,-184,35
-119,-586,0,-55,-57,230
-102,-502,0,196,-256,24
-265,-570,0,-209,-309,-5
-23,-475,0,57,127,-234
-100,-458,0,-20,-170,173
-69,-435,0,-99,315,-344
-101,-382,0,-173,-99,50
-50,-429,0,-16,-70,87
-53,-445,0,-147,63,207
-166,-434,0,261,189,301
-24,-404,0,259,84,-217
-18,-221,0,-61,-318,434
-37,-342,0,169,65,44
-19,-346,0,-104,-133,50
-7,-171,0,-5,-385,140
-6,-302,0,171,-102,514
-6,-202,0,-30,216,-88
27,-177,0,-310,340,-152
48,-85,0,72,-26,-226
45,-117,0,163,385,242
89,-77,0,-58,211,40
13,-150,0,169,272,-88
102,-5,0,11,-175,29
92,-151,0,36,-198,98
92,33,0,231,-547,7
134,-49,0,95,-276,-264
156,37,0,126,-51,-146
171,47,0,-73,-121,-208
159,3,0,-201,303,-91
129,-29,0,47,185,191
192,12,0,295,61,-35
127,23,0,403,-219,-119
154,7,0,195,5,-28
143,16,0,-201,115,258
126,39,0,-378,-7,199
66,20,0,52,35,81
133,24,0,-288,148,36
125,33,0,458,-175,426
138,26,0,595,102,216
125,-19,0,160,-180,-171
153,79,0,-133,215,242
123,-67,0,-230,310,15
63,-62,0,-88,-328,79
-19,-126,0,267,-102,-247
206,-65,0,-35,163,15
88,-73,0,-27,-227,-188
86,-79,0,439,-81,127
16,46,0,-134,-161,-284
46,-199,0,-26,94,190
47,-209,0,87,-118,-34
-17,-271,0,-199,-94,-236
-32,-142,0,46,197,-216
-14,-338,0,-217,-398,159
30,-286,0,-214,-215,83
19,-257,0,78,-98,210
-104,-369,0,39,229,-162
-116,-364,0,-70,188,19
-157,-422,0,75,258,-63
-117,-430,0,-149,-323,180
-60,-467,0,274,-114,30
-136,-407,0,-172,-150,-148
-148,-477,0,-40,136,-249
-78,-447,0,-283,-297,-87
-188,-530,0,97,236,-191
-105,-509,0,181,80,-251
-120,-570,0,123,-280,337
-61,-528,0,25,-35,-366
-82,-564,0,-24,25,493
-179,-541,0,-348,-75,118
-176,-604,0,47,64,309
-127,-539,0,-29,148,181
-147,-645,0,-16,135,377
-225,-488,0,-136,-47,282
-66,-504,0,-38,45,-208
-94,-519,0,274,-210,223
-81,-494,0,86,226,152
-127,-543,0,109,-154,-162
-58,-541,0,-151,-64,-243
-135,-562,0,66,182,58
-114,-528,0,-178,-321,396
-51,-378,0,-10,173,117
-127,-420,0,374,224,-57
-130,-443,0,-234,76,82
-103,-359,0,59,-129,-139
-5,-337,0,-245,56,64
-40,-260,0,-110,-23,-68
-59,-391,0,32,-356,-41
94,-273,0,472,292,92
-26,-246,0,302,-323,43
48,-251,0,-47,-301,37
-40,-242,0,126,-141,120
44,-169,0,175,106,-206
52,-185,0,-120,242,-60
-16,-119,0,74,-37,203
109,-49,0,-74,149,-95
32,-241,0,29,-176,105
70,-34,0,136,-172,-42
179,-73,0,-119,-186,-51
147,-58,0,-91,-71,31
186,23,0,-256,-23,263
64,-53,0,79,78,-126
128,-48,0,-153,-105,-301
104,68,0,371,-51,-193
206,-43,0,202,-98,-204
149,118,0,-76,200,-36
69,123,0,-191,-13,-181
74,72,0,24,-452,-293
212,76,0,30,92,169
144,104,0,151,-262,-63
141,26,0,-124,290,-235
159,56,0,-277,16,89
189,64,0,36,55,32
139,58,0,-244,322,-111
210,-8,0,-57,-172,-109
93,51,0,98,19,-569
103,2,0,125,-183,224
145,-67,0,215,61,-122
60,-77,0,251,-321,-96
109,-107,0,-162,80,14
46,-49,0,-218,105,-88
146,-219,0,37,60,180
-39,-209,0,-318,286,-26
100,-169,0,-42,65,39
-43,-177,0,504,-19,-52
72,-298,0,337,359,-28
101,-205,0,-171,157,-122
-7,-255,0,-45,26,137
28,-283,0,4,117,-69
30,-293,0,435,-138,-91
-87,-382,0,111,-11,-169
-108,-372,0,116,-227,267
-134,-356,0,-108,191,-383
-79,-485,0,-188,60,198
-66,-466,0,382,139,-592
-80,-380,0,-254,-171,-338
-50,-442,0,-29,-253,309
-149,-584,0,164,-413,66
-161,-564,0,-246,-115,99
-123,-492,0,145,152,396
-120,-610,0,-380,110,118
-128,-604,0,-52,64,281
-118,-402,0,34,133,281
-132,-556,0,-266,112,-144
-87,-530,0,268,-196,-42
-230,-614,0,-89,-360,-338
-138,-609,0,-55,-85,196
-233,-531,0,157,-67,-287
-190,-561,0,-148,187,-113
-193,-486,0,157,12,22
-110,-521,0,-131,177,30
-125,-491,0,50,122,-24
-122,-521,0,-275,-127,77
-207,-529,0,163,503,381
-75,-391,0,-0,-209,172
-123,-436,0,169,-125,49
-177,-510,0,290,-242,-123
-83,-490,0,117,-244,157
-104,-346,0,-24,123,34
-29,-338,0,16,-425,-127
-24,-360,0,71,-86,-35
-66,-297,0,-130,121,-73
138,-357,0,268,-103,53
88,-211,0,-500,-225,-267
123,-110,0,280,-198,-170
75,-172,0,105,185,-52
-52,-195,0,55,136,388
143,-143,0,134,314,-229
70,-156,0,-106,199,138
23,-109,0,-298,114,-480
164,-32,0,60,247,-189
127,-77,0,104,-254,218
98,-90,0,-53,334,385
80,3,0,152,243,145
64,-91,0,84,323,118
89,-24,0,-7,-17,-223
103,-25,0,188,160,-207
124,-9,0,221,156,-266
156,100,0,207,-288,186
35,57,0,-548,277,212
120,75,0,-128,96,-100
120,-5,0,371,103,524
212,59,0,-88,90,338
198,35,0,-209,29,-5
171,62,0,235,331,94
160,20,0,296,75,-462
215,9,0,-313,-87,138
69,-12,0,254,-229,-3
79,-40,0,54,-42,-75
152,20,0,194,35,185
78,-53,0,278,-117,292
120,49,0,-5,595,53
87,-61,0,-176,113,-58
73,-110,0,290,10,-113
76,-171,0,-16,31,145
47,-128,0,96,-104,-17
23,-173,0,250,43,20
-34,-202,0,174,97,-110
34,-110,0,-257,-113,-12
64,-170,0,-152,-210,-195
4,-304,0,264,187,338
-62,-225,0,-23,-356,-43
45,-333,0,-308,70,197
-63,-398,0,233,-55,-428
-2,-443,0,174,-65,28
-129,-390,0,-67,-367,60
-69,-400,0,62,18,86
-74,-469,0,200,139,13
-153,-373,0,17,34,-178
-131,-474,0,168,-14,107
-188,-446,0,137,296,94
-157,-589,0,350,-163,-64
-61,-477,0,340,126,37
-183,-410,0,234,-10,-64
-127,-468,0,-184,5,54
-160,-550,0,370,108,-18
-110,-644,0,-148,166,294
-188,-580,0,-165,-63,214
-221,-583,0,-55,7,-59
-106,-559,0,501,167,456
-173,-449,0,-397,138,168
-169,-547,0,-93,254,240
-176,-553,0,64,-85,552
-48,-536,0,-220,-67,238
-21,-578,0,16,118,-94
-187,-512,0,-137,-24,144
-146,-400,0,65,-24,561
-179,-506,0,142,-8,120
-149,-360,0,10,86,47
-75,-436,0,475,26,41
-55,-346,0,-66,406,164
-38,-453,0,259,183,-0
-173,-389,0,-104,-62,-63
-50,-374,0,21,222,-97
-49,-300,0,-216,-114,54
-77,-257,0,228,2,136
-119,-262,0,242,-69,-37
41,-202,0,-304,93,189
-12,-205,0,292,-13,21
-123,-239,0,-7,176,78
53,-217,0,162,-16,365
11,-177,0,-97,218,131
35,-102,0,-223,-86,49
105,-118,0,-87,-28,-90
125,-56,0,-114,27,199
147,-55,0,-64,-36,63
126,-4,0,-8,-20,-9
93,-98,0,-291,-221,157
104,-41,0,-3,-123,-240
161,51,0,115,-174,244
190,-18,0,-407,-111,197
120,38,0,55,-171,81
144,13,0,-305,-261,28
70,-53,0,273,49,215
184,19,0,14,-413,-638
134,-19,0,445,47,87
177,41,0,197,11,244
202,-14,0,441,282,309
163,55,0,403,166,29
59,-6,0,-142,-51,343
165,-16,0,-111,171,-272
206,-34,0,-156,-330,-356
121,65,0,246,-105,-264
65,-44,0,59,210,158
79,-54,0,45,414,283
158,-52,0,327,116,222
55,-95,0,124,209,-51
76,-51,0,-186,-220,138
142,-103,0,52,66,-55
-24,-200,0,-24,-98,190
27,-231,0,225,24,-359
20,-127,0,-282,171,-6
-44,-265,0,-321,12,80
121,-268,0,-201,-57,-138
24,-240,0,4,136,47
-56,-322,0,-25,64,-115
-18,-362,0,-54,-70,-116
-159,-336,0,252,-396,-199
30,-430,0,275,86,-163
-33,-345,0,-179,141,205
-93,-385,0,280,9,14
-36,-429,0,97,-148,-172
-132,-354,0,202,2,46
-82,-558,0,77,57,242
-90,-455,0,-19,433,-89
-180,-456,0,-236,-191,-42
-85,-514,0,91,-208,-227
-155,-509,0,-262,-237,-78
-175,-552,0,38,114,-220
-48,-629,0,-6,-270,-31
-176,-596,0,-43,-220,-246
-203,-599,0,28,-18,7
-265,-563,0,113,128,-191
-153,-590,0,181,-132,-177
-176,-513,0,290,101,24
-116,-545,0,-338,-153,293
-234,-596,0,190,-56,129
-150,-499,0,-149,-10,477
-80,-491,0,-149,219,-56
-108,-525,0,6,141,-65
-58,-538,0,96,-143,70
-43,-518,0,-199,185,308
-135,-491,0,146,339,147
-129,-435,0,-345,210,33
-74,-361,0,-250,-177,-110
-85,-373,0,-214,136,-209
-74,-405,0,24,-130,111
-120,-322,0,92,-24,144
-43,-327,0,-107,-136,-316
-109,-339,0,-1,257,26
-38,-316,0,7,81,-73
-56,-248,0,-14,-345,-61
50,-214,0,165,358,256
8,-212,0,135,-105,-142
123,-147,0,-141,71,47
17,-82,0,122,-77,-43
108,-160,0,-147,-528,47
-35,-30,0,-148,-95,-6
76,-70,0,-254,106,250
105,-119,0,373,235,-715
124,-57,0,-18,166,-246
170,-36,0,93,-103,33
150,-48,0,-155,-174,-267
207,75,0,-96,122,-48
180,38,0,157,333,309
139,9,0,241,-79,-168
193,82,0,64,135,-421
100,37,0,-204,-69,65
82,46,0,220,-69,319
152,116,0,-4,-26,202
181,88,0,65,-89,15
95,52,0,62,-265,-433
178,98,0,-71,199,465
122,114,0,129,203,225
233,-20,0,448,-200,86
126,53,0,-221,-184,-39
67,21,0,75,-70,238
59,-35,0,103,282,27
58,-86,0,103,-8,-44
65,-78,0,-123,86,174
35,-121,0,77,-234,124
103,-56,0,-20,-167,103
44,-207,0,-64,-584,429
11,-162,0,-71,524,-100
103,-89,0,-14,-5,255
82,-258,0,-45,1,-194
37,-246,0,213,-62,-157
24,-203,0,51,-397,-160
23,-260,0,172,48,139
-57,-259,0,-10,46,-76
-56,-300,0,259,12,48
-29,-339,0,149,169,-196
-63,-381,0,108,-98,-23
-76,-339,0,158,-202,215
-65,-445,0,137,111,101
-30,-459,0,-106,-69,-303
-52,-444,0,68,-197,-152
-154,-512,0,-124,268,146
-60,-465,0,-130,-180,-351
-166,-432,0,-391,-282,-75
-182,-504,0,124,-403,-25
-101,-547,0,171,-5,89
-136,-551,0,226,-465,-59
-130,-538,0,28,-258,-67
-162,-549,0,-215,564,-100
-126,-526,0,55,-298,224
-134,-499,0,-66,112,151
-127,-537,0,-21,40,31
-99,-604,0,369,-37,-263
-200,-610,0,225,-545,245
-94,-486,0,40,13,-162
-186,-516,0,163,-216,-159
-168,-566,0,86,257,-86
-37,-534,0,72,1,-53
-206,-501,0,-59,-65,19
-90,-465,0,-42,-305,-276
-56,-447,0,-414,-42,-296
-101,-345,0,-212,-175,96
15,-335,0,-2,7,201
-88,-296,0,108,310,-246
-51,-393,0,-109,83,-245
-48,-418,0,-103,-8,102
-83,-288,0,-394,-28,103
42,-322,0,179,117,-296
-52,-314,0,186,221,25
38,-156,0,95,-164,-107
8,-190,0,-97,-136,122
-64,-243,0,83,-89,-324
26,-211,0,234,152,140
125,-139,0,-218,155,-131
107,-107,0,-116,105,-346
-17,-111,0,-48,587,310
95,-80,0,170,-129,120
105,-35,0,-189,-47,-261
143,52,0,65,48,-135
143,93,0,-82,-158,87
77,41,0,-2,-11,-223
146,1,0,503,-34,-305
116,86,0,-51,-90,199
231,-11,0,-454,-259,172
69,5,0,77,-37,-219
85,72,0,338,324,-20
129,25,0,-90,90,-38
134,-4,0,120,-129,-79
130,75,0,-135,-370,24
159,36,0,268,-82,-52
203,69,0,467,-70,295
94,-18,0,10,-12,20
159,31,0,-227,99,129
108,78,0,106,66,-59
152,-68,0,131,-79,-200
142,-40,0,-131,-167,184
137,-92,0,180,-219,-379
171,-25,0,200,131,352
71,-115,0,-71,-9,121
18,-114,0,-115,-81,-353
163,-161,0,-31,-311,-98
5,-191,0,7,-159,-33
-11,-190,0,362,397,-27
-118,-128,0,11,258,-194
-60,-250,0,89,75,462
35,-197,0,17,6,-104
9,-270,0,92,-283,-135
-30,-273,0,249,-469,-2
-32,-260,0,352,83,-101
-72,-385,0,-29,-51,-6
-131,-366,0,118,438,239
-65,-364,0,-152,-150,-208
-121,-423,0,-122,-76,-45
-186,-465,0,-90,328,-55
-162,-476,0,212,-182,-21
-220,-456,0,100,-74,216
-145,-533,0,-103,250,351
-68,-479,0,-96,106,95
-81,-584,0,28,-219,-36
-165,-536,0,55,-49,142
-114,-537,0,-186,-156,43
-81,-545,0,-79,-198,2
-179,-605,0,125,-3,297
-154,-647,0,-358,-117,-66
-129,-540,0,221,47,178
-177,-559,0,10,163,-12
-126,-525,0,-135,-473,289
-116,-576,0,228,-121,310
-241,-555,0,12,118,515
-195,-551,0,337,-228,165
-208,-577,0,-257,-156,90
-158,-510,0,163,-299,-119
-150,-558,0,-155,270,315
-69,-565,0,-483,-69,-115
-98,-431,0,175,63,104
-28,-455,0,-58,-238,-86
-170,-416,0,164,93,56
-32,-479,0,281,84,54
-15,-403,0,48,-119,-170
-67,-312,0,310,73,68
-22,-257,0,-12,107,41
-111,-261,0,-257,-3,6
30,-283,0,244,93,-78
-45,-271,0,406,291,-39
133,-151,0,-254,-288,-375
-39,-211,0,18,-240,249
83,-199,0,159,100,-66
170,-109,0,204,85,-137
22,-103,0,79,-24,-24
72,-146,0,-292,-293,453
-22,1,0,-169,100,-348
