3,-21,323,0,0,0
9,24,285,0,2,0
-15,18,224,0,3,0
-27,-11,253,0,5,0
23,-39,240,0,6,0
-9,-17,253,0,8,0
-5,-25,226,0,9,0
21,18,310,0,11,0
12,-6,271,0,12,0
44,18,277,0,14,0
49,-31,267,0,15,0
19,-31,286,0,17,0
60,-3,237,0,18,0
39,-27,266,0,20,0
19,-9,266,0,21,0
41,34,293,0,22,0
73,8,280,0,24,0
60,-19,263,0,25,0
72,-4,265,0,27,0
52,21,304,0,28,0
61,-10,305,0,29,0
64,16,269,0,30,0
73,-2,294,0,32,0
93,10,282,0,33,0
64,15,267,0,34,0
77,-29,285,0,35,0
95,-1,334,0,36,0
89,10,312,0,37,0
70,-13,311,0,38,0
68,4,300,0,39,0
71,2,291,0,40,0
71,32,358,0,41,0
71,-18,321,0,42,0
92,31,329,0,43,0
101,-13,333,0,44,0
77,-34,335,0,44,0
84,15,278,0,45,0
140,2,307,0,46,0
73,27,298,0,46,0
84,6,315,0,47,0
64,9,343,0,47,0
87,10,286,0,48,0
87,-10,286,0,48,0
105,-14,284,0,49,0
135,-27,294,0,49,0
120,29,279,0,49,0
111,-14,302,0,50,0
106,-19,311,0,50,0
80,10,355,0,50,0
114,-23,322,0,50,0
42,-30,330,0,50,0
94,31,305,0,50,0
111,8,282,0,50,0
142,-2,294,0,50,0
97,6,297,0,50,0
82,23,294,0,50,0
98,-35,281,0,49,0
96,-22,317,0,49,0
65,32,282,0,49,0
129,-19,318,0,48,0
98,-40,284,0,48,0
80,-23,294,0,47,0
98,-15,307,0,47,0
97,-4,323,0,46,0
54,21,290,0,46,0
86,12,280,0,45,0
40,-39,306,0,44,0
87,-22,277,0,44,0
73,-13,296,0,43,0
85,9,298,0,42,0
79,-7,329,0,41,0
90,17,300,0,40,0
62,-2,298,0,39,0
109,5,285,0,38,0
78,11,265,0,37,0
63,-1,248,0,36,0
85,37,338,0,35,0
93,7,299,0,34,0
28,-31,253,0,33,0
72,-31,273,0,32,0
78,27,316,0,30,0
31,9,254,0,29,0
38,4,284,0,28,0
83,37,269,0,27,0
48,49,290,0,25,0
49,-29,274,0,24,0
46,5,271,0,23,0
47,24,280,0,21,0
13,17,313,0,20,0
68,24,269,0,18,0
23,29,282,0,17,0
34,4,282,0,15,0
21,38,258,0,14,0
5,-19,266,0,12,0
37,-31,267,0,11,0
32,-31,302,0,9,0
54,4,297,0,8,0
17,16,297,0,6,0
24,5,248,0,5,0
-13,11,230,0,3,0
-9,13,262,0,2,0
-4,7,250,0,0,0
8,-40,211,0,-2,0
20,30,261,0,-3,0
-40,-0,263,0,-5,0
-14,-15,243,0,-6,0
-24,6,271,0,-8,0
-11,29,235,0,-9,0
-16,-6,260,0,-11,0
-15,25,232,0,-12,0
-3,-1,267,0,-14,0
-50,7,240,0,-15,0
-10,4,259,0,-17,0
-57,43,198,0,-18,0
-15,16,223,0,-20,0
-61,-11,233,0,-21,0
-38,-5,237,0,-22,0
-34,1,258,0,-24,0
-65,-10,220,0,-25,0
-48,-2,204,0,-27,0
-80,-3,223,0,-28,0
-22,-35,217,0,-29,0
-64,1,204,0,-30,0
-29,14,255,0,-32,0
-79,5,191,0,-33,0
-72,16,226,0,-34,0
-86,-30,238,0,-35,0
-75,-2,208,0,-36,0
-51,27,239,0,-37,0
-110,4,199,0,-38,0
-68,15,208,0,-39,0
-94,15,196,0,-40,0
-82,16,206,0,-41,0
-82,28,236,0,-42,0
-73,23,230,0,-43,0
-108,-15,257,0,-44,0
-96,-2,213,0,-44,0
-126,31,226,0,-45,0
-78,3,222,0,-46,0
-98,13,168,0,-46,0
-71,5,224,0,-47,0
-121,9,224,0,-47,0
-78,14,214,0,-48,0
-111,-2,200,0,-48,0
-105,7,235,0,-49,0
-63,14,208,0,-49,0
-119,-39,227,0,-49,0
-91,-12,196,0,-50,0
-100,-9,206,0,-50,0
-87,-27,165,0,-50,0
-131,-4,198,0,-50,0
-127,15,207,0,-50,0
-107,3,220,0,-50,0
-83,-1,204,0,-50,0
-68,-19,228,0,-50,0
-135,-3,237,0,-50,0
-122,18,235,0,-50,0
-78,-13,219,0,-49,0
-112,-9,214,0,-49,0
-86,31,200,0,-49,0
-80,-4,181,0,-48,0
-98,3,231,0,-48,0
-64,-2,207,0,-47,0
-112,-4,201,0,-47,0
-72,-17,218,0,-46,0
-92,-2,214,0,-46,0
-85,2,236,0,-45,0
-98,6,220,0,-44,0
-91,20,212,0,-44,0
-58,-39,221,0,-43,0
-85,-4,181,0,-42,0
-72,36,215,0,-41,0
-39,32,225,0,-40,0
-79,-10,229,0,-39,0
-77,9,159,0,-38,0
-82,6,247,0,-37,0
-106,-31,220,0,-36,0
-87,-10,220,0,-35,0
-96,3,239,0,-34,0
-86,4,222,0,-33,0
-107,4,204,0,-32,0
-40,8,232,0,-30,0
-33,34,209,0,-29,0
-41,24,204,0,-28,0
-118,26,249,0,-27,0
-44,22,235,0,-25,0
-41,-33,217,0,-24,0
-52,-2,240,0,-23,0
-72,25,209,0,-21,0
-26,13,224,0,-20,0
-32,-0,251,0,-18,0
1,-25,253,0,-17,0
-28,-35,243,0,-15,0
-48,3,263,0,-14,0
-28,-5,277,0,-12,0
2,-1,243,0,-11,0
8,-42,225,0,-9,0
-33,11,243,0,-8,0
-14,3,270,0,-6,0
-40,22,232,0,-5,0
40,-22,254,0,-3,0
-14,40,281,0,-2,0
-44,-2,215,0,-0,0
-16,14,274,0,1,0
-13,7,261,0,3,0
5,-7,271,0,5,0
6,-27,238,0,6,0
46,38,283,0,8,0
14,28,275,0,9,0
31,-3,281,0,11,0
31,15,293,0,12,0
30,-34,276,0,14,0
20,-7,253,0,15,0
32,10,286,0,17,0
35,22,284,0,18,0
47,-21,255,0,20,0
53,-6,242,0,21,0
20,-52,275,0,22,0
91,-23,290,0,24,0
2,-23,275,0,25,0
40,0,309,0,26,0
59,1,282,0,28,0
54,3,298,0,29,0
66,9,318,0,30,0
32,9,311,0,32,0
55,-11,285,0,33,0
36,15,310,0,34,0
70,-29,291,0,35,0
94,-21,269,0,36,0
27,-4,298,0,37,0
50,14,286,0,38,0
67,22,351,0,39,0
76,18,272,0,40,0
60,8,308,0,41,0
97,3,322,0,42,0
86,-22,310,0,43,0
75,-6,273,0,44,0
68,17,280,0,44,0
111,-2,286,0,45,0
84,2,313,0,46,0
73,18,289,0,46,0
59,-22,316,0,47,0
86,-20,310,0,47,0
95,5,313,0,48,0
105,20,297,0,48,0
98,-22,300,0,49,0
121,22,303,0,49,0
86,-16,328,0,49,0
150,14,329,0,50,0
113,-5,344,0,50,0
122,-16,314,0,50,0
91,-11,322,0,50,0
147,-39,316,0,50,0
63,-15,294,0,50,0
103,-3,298,0,50,0
129,30,332,0,50,0
65,-8,292,0,50,0
112,5,280,0,50,0
69,14,304,0,49,0
118,16,277,0,49,0
86,-5,278,0,49,0
111,37,301,0,48,0
103,-7,268,0,48,0
112,-12,292,0,47,0
85,-3,281,0,47,0
91,-9,264,0,46,0
94,-32,262,0,46,0
106,-6,310,0,45,0
40,-2,296,0,44,0
113,23,311,0,44,0
68,-18,302,0,43,0
91,18,272,0,42,0
76,-29,281,0,41,0
80,2,279,0,40,0
47,-5,300,0,39,0
105,8,279,0,38,0
82,30,324,0,37,0
71,-8,295,0,36,0
94,-11,275,0,35,0
67,-1,283,0,34,0
54,-7,293,0,33,0
68,-19,307,0,32,0
75,19,286,0,30,0
71,3,281,0,29,0
78,10,328,0,28,0
58,10,295,0,27,0
52,-21,282,0,25,0
64,-20,257,0,24,0
28,-14,295,0,23,0
70,-4,284,0,21,0
29,-5,264,0,20,0
36,7,279,0,18,0
46,1,232,0,17,0
20,-3,260,0,15,0
50,22,291,0,14,0
19,-15,245,0,12,0
5,19,254,0,11,0
25,13,238,0,9,0
14,-18,260,0,8,0
17,-21,262,0,6,0
22,-6,258,0,5,0
7,-5,302,0,3,0
-11,-1,293,0,2,0
-9,-30,251,0,0,0
4,2,278,0,-1,0
-8,-23,232,0,-3,0
-10,-11,278,0,-5,0
16,-16,256,0,-6,0
-17,12,273,0,-8,0
-18,19,280,0,-9,0
3,14,227,0,-11,0
-10,-45,244,0,-12,0
-26,19,253,0,-14,0
-19,-28,235,0,-15,0
-37,-21,233,0,-17,0
-43,-1,227,0,-18,0
-27,-30,210,0,-20,0
-55,4,232,0,-21,0
-16,38,236,0,-22,0
-30,21,214,0,-24,0
-68,50,214,0,-25,0
-43,-7,188,0,-26,0
-45,-19,252,0,-28,0
-53,-9,201,0,-29,0
-89,-38,232,0,-30,0
-81,-6,186,0,-32,0
-71,10,214,0,-33,0
-71,-10,224,0,-34,0
-82,-1,222,0,-35,0
-92,-14,219,0,-36,0
-41,-2,232,0,-37,0
-115,7,229,0,-38,0
-86,21,219,0,-39,0
-104,3,215,0,-40,0
-90,-1,222,0,-41,0
-89,-18,212,0,-42,0
-107,27,218,0,-43,0
-79,-26,207,0,-44,0
-98,7,220,0,-44,0
-68,-9,180,0,-45,0
-82,-28,213,0,-46,0
-123,-1,164,0,-46,0
-95,-18,230,0,-47,0
-106,6,200,0,-47,0
-74,7,206,0,-48,0
-84,0,193,0,-48,0
-124,12,215,0,-49,0
-104,-43,197,0,-49,0
-120,-9,248,0,-49,0
-109,-12,215,0,-49,0
-79,7,200,0,-50,0
-86,-2,220,0,-50,0
-95,-10,190,0,-50,0
-137,5,195,0,-50,0
-83,-5,186,0,-50,0
-125,-11,226,0,-50,0
-97,29,166,0,-50,0
-103,-15,208,0,-50,0
-100,-22,199,0,-50,0
-109,23,212,0,-49,0
-90,18,221,0,-49,0
-104,-3,194,0,-49,0
-90,-25,228,0,-48,0
-103,16,198,0,-48,0
-96,30,166,0,-47,0
-104,-20,224,0,-47,0
-86,53,224,0,-46,0
-91,4,237,0,-46,0
-109,0,222,0,-45,0
-74,-1,200,0,-44,0
-101,27,240,0,-44,0
-100,-22,231,0,-43,0
-45,-13,190,0,-42,0
-69,-29,230,0,-41,0
-104,20,201,0,-40,0
-91,26,205,0,-39,0
-96,-15,185,0,-38,0
-90,29,213,0,-37,0
-67,-18,226,0,-36,0
-98,-4,231,0,-35,0
-56,-24,265,0,-34,0
-93,8,271,0,-33,0
-63,-5,214,0,-32,0
-64,-19,217,0,-30,0
-71,5,236,0,-29,0
-58,5,177,0,-28,0
-76,41,251,0,-27,0
-31,-24,223,0,-25,0
-57,-41,249,0,-24,0
-30,24,254,0,-23,0
-54,18,233,0,-21,0
-39,-19,275,0,-20,0
-30,-16,271,0,-18,0
-22,-12,270,0,-17,0
-31,3,280,0,-15,0
-27,-9,243,0,-14,0
-62,7,216,0,-12,0
-52,-14,229,0,-11,0
-22,-1,243,0,-9,0
11,9,195,0,-8,0
10,34,264,0,-6,0
-38,16,261,0,-5,0
-10,-36,273,0,-3,0
-20,26,249,0,-2,0
14,20,248,0,-0,0
9,38,215,0,1,0
4,-19,253,0,3,0
1,8,257,0,5,0
17,-11,269,0,6,0
50,-6,249,0,8,0
53,22,272,0,9,0
17,-18,299,0,11,0
-16,9,273,0,12,0
-4,-6,229,0,14,0
-8,0,298,0,15,0
44,11,270,0,17,0
29,11,310,0,18,0
25,37,247,0,20,0
75,24,286,0,21,0
72,-9,267,0,22,0
31,-4,264,0,24,0
73,-23,276,0,25,0
79,27,257,0,26,0
52,13,293,0,28,0
57,-11,303,0,29,0
48,-8,281,0,30,0
39,-4,282,0,32,0
59,-32,300,0,33,0
78,-1,300,0,34,0
19,-4,304,0,35,0
75,1,238,0,36,0
44,-34,274,0,37,0
114,10,291,0,38,0
89,18,273,0,39,0
52,9,268,0,40,0
77,25,281,0,41,0
101,18,330,0,42,0
101,-33,290,0,43,0
122,-26,307,0,43,0
61,20,310,0,44,0
88,10,293,0,45,0
87,31,312,0,46,0
99,18,323,0,46,0
98,12,290,0,47,0
135,24,279,0,47,0
86,-17,353,0,48,0
68,4,304,0,48,0
106,19,293,0,49,0
136,15,307,0,49,0
92,-16,346,0,49,0
76,19,312,0,49,0
121,24,318,0,50,0
131,10,289,0,50,0
119,3,338,0,50,0
72,1,293,0,50,0
89,-12,282,0,50,0
131,1,307,0,50,0
97,17,325,0,50,0
119,10,297,0,50,0
105,-11,315,0,50,0
127,15,298,0,49,0
108,-6,291,0,49,0
93,26,296,0,49,0
91,40,318,0,48,0
95,19,345,0,48,0
94,-2,290,0,47,0
104,14,333,0,47,0
102,-12,336,0,46,0
151,5,346,0,46,0
103,-19,297,0,45,0
93,16,316,0,44,0
91,36,334,0,44,0
69,-17,305,0,43,0
92,3,289,0,42,0
52,-1,297,0,41,0
108,-6,290,0,40,0
41,21,296,0,39,0
73,23,307,0,38,0
80,-17,292,0,37,0
91,15,299,0,36,0
82,15,268,0,35,0
57,34,279,0,34,0
74,5,269,0,33,0
42,-29,285,0,32,0
57,5,285,0,31,0
54,18,293,0,29,0
61,-30,278,0,28,0
58,-7,314,0,27,0
58,2,282,0,25,0
72,-14,248,0,24,0
24,-16,266,0,23,0
33,-1,277,0,21,0
24,17,326,0,20,0
68,-24,283,0,18,0
39,-13,296,0,17,0
57,20,235,0,15,0
71,-29,256,0,14,0
29,-12,278,0,12,0
25,-14,295,0,11,0
-43,-16,257,0,9,0
15,-11,264,0,8,0
-10,9,273,0,6,0
31,-6,277,0,5,0
-15,-24,267,0,3,0
-10,-20,247,0,2,0
3,-14,248,0,0,0
-35,-35,278,0,-1,0
6,-2,230,0,-3,0
-6,-3,249,0,-5,0
-15,7,240,0,-6,0
-12,-25,232,0,-8,0
11,-10,272,0,-9,0
-58,-10,238,0,-11,0
17,4,238,0,-12,0
-43,2,260,0,-14,0
-15,25,219,0,-15,0
13,-33,198,0,-17,0
-33,14,259,0,-18,0
-51,-17,234,0,-20,0
-19,-4,270,0,-21,0
-35,-6,231,0,-22,0
-31,-3,248,0,-24,0
-42,-23,245,0,-25,0
-46,-5,235,0,-26,0
-65,-18,236,0,-28,0
-90,1,253,0,-29,0
-51,-2,206,0,-30,0
-42,26,197,0,-31,0
-77,-13,239,0,-33,0
-86,16,239,0,-34,0
-83,-11,251,0,-35,0
-42,-12,239,0,-36,0
-78,2,220,0,-37,0
-112,2,204,0,-38,0
-98,-20,223,0,-39,0
-114,25,210,0,-40,0
-80,-12,236,0,-41,0
-126,3,206,0,-42,0
-129,-1,224,0,-43,0
-74,-21,193,0,-43,0
-75,-15,198,0,-44,0
-97,20,221,0,-45,0
-72,-21,229,0,-46,0
-99,-7,173,0,-46,0
-94,-24,230,0,-47,0
-84,29,181,0,-47,0
-108,-25,207,0,-48,0
-74,-14,206,0,-48,0
-48,-7,179,0,-49,0
-64,13,187,0,-49,0
-103,-8,206,0,-49,0
-106,7,185,0,-49,0
-98,-4,214,0,-50,0
-92,24,218,0,-50,0
-97,-8,230,0,-50,0
-72,-7,213,0,-50,0
-126,35,232,0,-50,0
-107,-20,214,0,-50,0
-130,-20,187,0,-50,0
-61,-9,221,0,-50,0
-94,39,218,0,-50,0
-85,15,210,0,-49,0
-115,15,209,0,-49,0
-105,7,240,0,-49,0
-69,10,238,0,-48,0
-103,-2,203,0,-48,0
-77,-26,235,0,-47,0
-108,-33,206,0,-47,0
-77,10,209,0,-46,0
-60,19,201,0,-46,0
-77,33,182,0,-45,0
-102,-11,219,0,-44,0
-111,25,194,0,-44,0
-104,-14,235,0,-43,0
-103,-18,219,0,-42,0
-75,-61,227,0,-41,0
-70,23,225,0,-40,0
-91,-5,219,0,-39,0
-52,-2,235,0,-38,0
-75,13,205,0,-37,0
-48,30,215,0,-36,0
-58,12,203,0,-35,0
-52,-1,202,0,-34,0
-39,26,214,0,-33,0
-42,-22,214,0,-32,0
-71,28,224,0,-31,0
-29,27,180,0,-29,0
-68,-1,211,0,-28,0
-72,-0,231,0,-27,0
-51,-20,213,0,-25,0
-38,-0,197,0,-24,0
-45,-10,235,0,-23,0
-48,-30,258,0,-21,0
-47,-38,223,0,-20,0
-36,-3,206,0,-18,0
-8,15,260,0,-17,0
3,4,227,0,-15,0
-40,14,220,0,-14,0
-31,18,261,0,-12,0
-25,-45,253,0,-11,0
-24,-15,248,0,-9,0
-25,18,261,0,-8,0
26,-3,246,0,-6,0
-21,29,274,0,-5,0
-3,6,259,0,-3,0
7,-13,278,0,-2,0
3,-8,271,0,-0,0
-22,24,269,0,1,0
34,23,270,0,3,0
24,25,249,0,4,0
-3,22,242,0,6,0
38,9,254,0,8,0
19,-40,260,0,9,0
-1,9,255,0,11,0
15,-29,263,0,12,0
7,-11,272,0,14,0
67,-18,305,0,15,0
21,3,244,0,17,0
14,-2,266,0,18,0
16,-3,290,0,19,0
26,8,285,0,21,0
27,-7,288,0,22,0
54,-20,249,0,24,0
32,10,330,0,25,0
75,31,293,0,26,0
46,0,287,0,28,0
73,7,297,0,29,0
54,-32,257,0,30,0
59,24,267,0,31,0
63,-9,302,0,33,0
52,-8,269,0,34,0
72,-13,289,0,35,0
73,-35,297,0,36,0
65,3,312,0,37,0
117,19,288,0,38,0
85,4,293,0,39,0
47,-15,325,0,40,0
91,1,290,0,41,0
84,0,285,0,42,0
80,-0,295,0,43,0
93,1,280,0,43,0
72,-42,328,0,44,0
59,7,239,0,45,0
94,17,323,0,46,0
93,3,305,0,46,0
114,-26,302,0,47,0
117,-43,316,0,47,0
82,-12,319,0,48,0
101,22,303,0,48,0
97,-23,305,0,49,0
89,-20,306,0,49,0
88,38,308,0,49,0
103,3,341,0,49,0
121,-1,287,0,50,0
89,4,305,0,50,0
98,2,288,0,50,0
105,-9,292,0,50,0
121,-18,289,0,50,0
74,-45,311,0,50,0
85,-27,300,0,50,0
111,-10,341,0,50,0
107,15,266,0,50,0
120,-24,310,0,49,0
107,-0,319,0,49,0
71,-6,311,0,49,0
88,-8,300,0,48,0
94,-23,317,0,48,0
67,3,290,0,47,0
82,15,300,0,47,0
82,-15,319,0,46,0
83,-58,334,0,46,0
90,-4,306,0,45,0
86,4,299,0,44,0
94,4,314,0,44,0
88,-6,281,0,43,0
97,-15,328,0,42,0
85,-19,293,0,41,0
113,-8,304,0,40,0
111,6,294,0,39,0
67,15,314,0,38,0
101,-0,283,0,37,0
67,-19,289,0,36,0
69,38,294,0,35,0
80,-2,296,0,34,0
59,8,297,0,33,0
112,-7,306,0,32,0
80,-15,271,0,31,0
80,1,265,0,29,0
70,22,266,0,28,0
83,-6,295,0,27,0
23,-10,301,0,25,0
96,-6,300,0,24,0
18,-25,269,0,23,0
11,43,289,0,21,0
25,12,280,0,20,0
78,11,254,0,18,0
30,35,227,0,17,0
84,-31,295,0,16,0
63,-12,235,0,14,0
37,7,255,0,13,0
21,28,280,0,11,0
4,40,273,0,9,0
7,-30,263,0,8,0
11,-8,252,0,6,0
-5,26,240,0,5,0
5,1,248,0,3,0
41,8,260,0,2,0
-0,-28,268,0,0,0
-9,-4,285,0,-1,0
4,-3,269,0,-3,0
5,-26,236,0,-4,0
29,3,272,0,-6,0
-6,-6,279,0,-8,0
-11,-19,237,0,-9,0
-20,33,275,0,-11,0
-41,-6,236,0,-12,0
-7,7,268,0,-14,0
-30,9,202,0,-15,0
-31,1,251,0,-17,0
-39,0,204,0,-18,0
-48,-27,258,0,-19,0
-20,-3,219,0,-21,0
-36,-15,231,0,-22,0
-60,-15,265,0,-24,0
-73,7,240,0,-25,0
-60,-23,233,0,-26,0
-55,-3,232,0,-28,0
-77,-5,195,0,-29,0
-97,-10,228,0,-30,0
-5,2,254,0,-31,0
-91,19,208,0,-33,0
-92,-34,212,0,-34,0
-40,-31,217,0,-35,0
-54,-13,234,0,-36,0
-88,-13,255,0,-37,0
-75,5,205,0,-38,0
-64,-25,242,0,-39,0
-65,-22,231,0,-40,0
-95,32,216,0,-41,0
-74,22,225,0,-42,0
-75,2,194,0,-43,0
-72,25,207,0,-43,0
-103,-1,202,0,-44,0
-97,14,162,0,-45,0
-89,40,220,0,-46,0
-68,8,203,0,-46,0
-84,52,227,0,-47,0
-103,33,182,0,-47,0
-112,-1,221,0,-48,0
-102,7,216,0,-48,0
-85,6,182,0,-49,0
-113,-25,194,0,-49,0
-91,-7,236,0,-49,0
-109,-1,196,0,-49,0
-106,14,185,0,-50,0
-87,-7,204,0,-50,0
-91,5,187,0,-50,0
-111,-2,184,0,-50,0
-108,-37,194,0,-50,0
-88,40,203,0,-50,0
-138,16,216,0,-50,0
-100,2,234,0,-50,0
-92,-6,213,0,-50,0
-122,-12,249,0,-49,0
-89,2,228,0,-49,0
-94,6,211,0,-49,0
-112,5,208,0,-48,0
-86,14,208,0,-48,0
-99,9,196,0,-47,0
-99,-18,219,0,-47,0
-70,-4,224,0,-46,0
-88,9,187,0,-46,0
-85,12,200,0,-45,0
-133,-32,218,0,-44,0
-69,6,212,0,-44,0
-72,-15,211,0,-43,0
-62,38,203,0,-42,0
-113,34,218,0,-41,0
-86,-20,243,0,-40,0
-81,-26,200,0,-39,0
-118,22,226,0,-38,0
-90,23,244,0,-37,0
-68,-8,255,0,-36,0
-72,-14,214,0,-35,0
-63,22,188,0,-34,0
-75,20,262,0,-33,0
-72,3,227,0,-32,0
-54,-20,218,0,-31,0
-132,32,204,0,-29,0
-58,-6,260,0,-28,0
-28,11,235,0,-27,0
-46,-8,254,0,-25,0
-44,-20,259,0,-24,0
-41,34,239,0,-23,0
-45,9,260,0,-21,0
-90,-6,232,0,-20,0
-34,4,209,0,-18,0
-80,-38,266,0,-17,0
-45,-1,253,0,-16,0
-20,26,249,0,-14,0
-18,8,245,0,-13,0
-25,-20,224,0,-11,0
-19,-20,235,0,-10,0
-11,34,243,0,-8,0
-18,-26,264,0,-6,0
25,-30,235,0,-5,0
-3,-12,270,0,-3,0
-17,26,247,0,-2,0
-32,20,267,0,-0,0
24,-6,270,0,1,0
-5,-15,231,0,3,0
17,30,267,0,4,0
-3,-15,276,0,6,0
-2,-2,257,0,7,0
-21,14,288,0,9,0
27,31,293,0,11,0
39,6,275,0,12,0
47,-12,278,0,14,0
23,-1,284,0,15,0
17,-27,283,0,17,0
46,2,259,0,18,0
42,-15,273,0,19,0
72,-51,277,0,21,0
68,5,287,0,22,0
52,-30,282,0,24,0
32,28,276,0,25,0
50,-27,300,0,26,0
48,2,282,0,28,0
94,9,294,0,29,0
69,26,292,0,30,0
74,-13,331,0,31,0
59,3,302,0,33,0
76,-3,302,0,34,0
58,-31,307,0,35,0
61,19,283,0,36,0
88,-50,300,0,37,0
64,8,305,0,38,0
91,-19,254,0,39,0
96,-2,302,0,40,0
98,-5,282,0,41,0
48,-23,273,0,42,0
84,-4,310,0,43,0
76,-45,321,0,43,0
72,-49,339,0,44,0
66,27,306,0,45,0
62,-7,322,0,46,0
105,17,308,0,46,0
105,-14,273,0,47,0
116,-17,290,0,47,0
87,34,273,0,48,0
126,-0,289,0,48,0
117,38,270,0,49,0
86,-3,336,0,49,0
118,34,309,0,49,0
80,24,318,0,49,0
114,-33,294,0,50,0
103,-9,307,0,50,0
92,-25,285,0,50,0
108,-11,294,0,50,0
83,30,285,0,50,0
97,-2,357,0,50,0
100,37,350,0,50,0
70,15,326,0,50,0
112,3,318,0,50,0
99,7,287,0,49,0
98,-10,300,0,49,0
96,7,295,0,49,0
74,-4,290,0,48,0
77,2,326,0,48,0
83,-3,307,0,47,0
81,14,290,0,47,0
87,3,329,0,46,0
81,14,289,0,46,0
97,11,266,0,45,0
101,-10,324,0,44,0
98,15,273,0,44,0
101,19,304,0,43,0
94,-3,270,0,42,0
74,11,268,0,41,0
75,-21,298,0,40,0
65,1,254,0,39,0
97,-2,305,0,38,0
38,-22,291,0,37,0
66,-18,267,0,36,0
74,16,290,0,35,0
85,9,331,0,34,0
51,-29,308,0,33,0
87,-14,288,0,32,0
34,-3,278,0,31,0
79,-6,259,0,29,0
48,-9,274,0,28,0
81,34,293,0,27,0
69,11,294,0,25,0
53,-10,260,0,24,0
7,-14,293,0,23,0
45,-1,224,0,21,0
67,29,291,0,20,0
21,-14,280,0,18,0
21,5,281,0,17,0
23,9,297,0,16,0
34,-15,267,0,14,0
6,19,303,0,13,0
55,-11,279,0,11,0
16,-3,297,0,10,0
23,-30,282,0,8,0
33,-32,284,0,6,0
31,34,277,0,5,0
12,10,261,0,3,0
31,-27,277,0,2,0
30,-23,233,0,0,0
-2,-18,220,0,-1,0
-23,11,238,0,-3,0
5,-43,283,0,-4,0
-2,-2,276,0,-6,0
-10,-21,237,0,-7,0
-25,-4,257,0,-9,0
-16,-9,271,0,-11,0
-76,1,244,0,-12,0
-28,1,248,0,-14,0
-50,8,258,0,-15,0
-28,-6,212,0,-17,0
-60,-1,214,0,-18,0
-34,5,245,0,-19,0
-58,13,218,0,-21,0
-72,30,180,0,-22,0
-27,11,242,0,-24,0
-53,9,246,0,-25,0
-68,-24,210,0,-26,0
-81,-8,252,0,-28,0
-33,1,199,0,-29,0
-86,-1,221,0,-30,0
-86,-11,229,0,-31,0
-69,-10,208,0,-33,0
-58,-16,232,0,-34,0
-65,7,199,0,-35,0
-75,13,235,0,-36,0
-36,8,229,0,-37,0
-56,-5,205,0,-38,0
-60,-11,236,0,-39,0
-81,8,196,0,-40,0
-109,10,194,0,-41,0
-95,6,203,0,-42,0
-117,29,206,0,-43,0
-95,-9,194,0,-43,0
-75,25,213,0,-44,0
-76,6,207,0,-45,0
-90,-21,229,0,-46,0
-81,40,185,0,-46,0
-109,26,242,0,-47,0
-110,-7,216,0,-47,0
-116,-17,230,0,-48,0
-118,9,194,0,-48,0
-86,4,206,0,-49,0
-113,16,205,0,-49,0
-115,-7,243,0,-49,0
-88,-3,230,0,-49,0
-125,18,215,0,-50,0
-114,5,186,0,-50,0
-84,12,210,0,-50,0
-110,1,206,0,-50,0
-104,13,208,0,-50,0
-82,27,213,0,-50,0
-83,-11,227,0,-50,0
-78,-19,178,0,-50,0
-96,-26,215,0,-50,0
-90,12,171,0,-49,0
-67,-19,199,0,-49,0
-100,-18,219,0,-49,0
-97,22,178,0,-48,0
-144,-17,203,0,-48,0
-133,4,206,0,-47,0
-68,17,208,0,-47,0
-120,3,225,0,-46,0
-115,4,217,0,-46,0
-94,4,225,0,-45,0
-115,-35,210,0,-44,0
-89,2,211,0,-44,0
-130,-42,285,0,-43,0
-60,-3,245,0,-42,0
-90,27,204,0,-41,0
-89,11,194,0,-40,0
-67,44,218,0,-39,0
-78,45,224,0,-38,0
-92,-5,208,0,-37,0
-100,-11,223,0,-36,0
-92,-29,221,0,-35,0
-68,32,230,0,-34,0
-61,23,204,0,-33,0
-57,6,242,0,-32,0
-70,26,241,0,-31,0
-75,-12,208,0,-29,0
-49,29,236,0,-28,0
-68,-31,242,0,-27,0
-52,-2,242,0,-25,0
-55,-3,238,0,-24,0
-43,-6,235,0,-23,0
-36,11,204,0,-21,0
-32,9,207,0,-20,0
-37,-1,205,0,-19,0
-18,24,251,0,-17,0
-32,8,232,0,-16,0
-56,19,208,0,-14,0
-8,19,204,0,-13,0
-21,22,254,0,-11,0
-23,-3,263,0,-10,0
16,-42,241,0,-8,0
-17,10,250,0,-7,0
-7,-17,251,0,-5,0
-13,-20,245,0,-3,0
-26,-5,258,0,-2,0
-14,9,262,0,-0,0
24,29,226,0,1,0
-1,15,256,0,3,0
11,15,280,0,4,0
-15,30,270,0,6,0
23,14,265,0,7,0
29,21,250,0,9,0
5,11,265,0,10,0
22,24,264,0,12,0
28,10,266,0,14,0
39,-2,285,0,15,0
48,-5,305,0,16,0
26,-19,260,0,18,0
54,9,290,0,19,0
43,-11,303,0,21,0
59,-12,286,0,22,0
68,-45,279,0,24,0
24,-31,278,0,25,0
39,16,268,0,26,0
72,31,299,0,28,0
59,-11,299,0,29,0
29,-38,295,0,30,0
40,-4,276,0,31,0
65,4,274,0,33,0
66,10,298,0,34,0
79,-32,268,0,35,0
87,-7,270,0,36,0
83,7,323,0,37,0
89,-10,290,0,38,0
69,18,321,0,39,0
88,21,333,0,40,0
74,7,293,0,41,0
78,-23,296,0,42,0
62,3,296,0,43,0
80,11,327,0,43,0
86,5,285,0,44,0
67,-37,293,0,45,0
128,41,269,0,46,0
121,10,288,0,46,0
101,4,342,0,47,0
31,12,319,0,47,0
35,-38,291,0,48,0
41,-37,260,0,48,0
72,12,303,0,49,0
72,6,280,0,49,0
49,-27,262,0,49,0
96,-23,300,0,49,0
112,-34,303,0,50,0
112,-10,263,0,50,0
101,16,286,0,50,0
95,-7,329,0,50,0
101,-12,313,0,50,0
99,8,316,0,50,0
127,-14,300,0,50,0
108,-35,297,0,50,0
83,40,321,0,50,0
108,-27,275,0,49,0
109,-19,310,0,49,0
80,-21,282,0,49,0
61,3,305,0,48,0
90,8,317,0,48,0
88,11,281,0,47,0
77,21,310,0,47,0
110,11,301,0,46,0
85,1,303,0,46,0
83,27,276,0,45,0
82,12,318,0,44,0
70,36,319,0,44,0
94,-11,308,0,43,0
104,-33,308,0,42,0
48,-63,318,0,41,0
86,24,315,0,40,0
65,2,288,0,39,0
81,-22,296,0,38,0
111,19,293,0,37,0
56,-0,277,0,36,0
75,-1,297,0,35,0
26,-29,259,0,34,0
15,5,253,0,33,0
68,-15,269,0,32,0
65,-19,278,0,31,0
74,27,259,0,29,0
58,-3,273,0,28,0
39,-9,317,0,27,0
65,9,284,0,26,0
46,13,282,0,24,0
50,-29,270,0,23,0
61,-21,277,0,21,0
60,7,308,0,20,0
21,-4,270,0,19,0
10,11,275,0,17,0
32,-16,254,0,16,0
41,29,287,0,14,0
42,14,268,0,13,0
15,60,265,0,11,0
-12,-18,258,0,10,0
21,-5,259,0,8,0
13,19,269,0,7,0
4,-21,270,0,5,0
18,4,302,0,3,0
-26,-9,260,0,2,0
14,-5,220,0,0,0
17,-13,236,0,-1,0
-3,-2,231,0,-3,0
3,-6,246,0,-4,0
-26,-8,262,0,-6,0
21,-15,240,0,-7,0
-20,16,238,0,-9,0
-38,-22,239,0,-10,0
-32,31,261,0,-12,0
-46,-15,254,0,-13,0
-30,25,233,0,-15,0
-76,-12,229,0,-16,0
-35,23,235,0,-18,0
-37,12,244,0,-19,0
-67,-51,228,0,-21,0
-43,-24,262,0,-22,0
-61,-13,235,0,-24,0
-85,3,229,0,-25,0
-41,10,230,0,-26,0
-79,-1,224,0,-28,0
-95,15,266,0,-29,0
-62,-6,272,0,-30,0
-54,11,239,0,-31,0
-28,21,219,0,-33,0
-55,15,211,0,-34,0
-62,-47,227,0,-35,0
-60,3,224,0,-36,0
-67,-19,199,0,-37,0
-69,15,241,0,-38,0
-92,10,217,0,-39,0
-52,9,214,0,-40,0
-75,22,251,0,-41,0
-140,-5,229,0,-42,0
-87,-23,214,0,-43,0
-74,11,202,0,-43,0
-112,-10,218,0,-44,0
-64,0,210,0,-45,0
-71,5,212,0,-46,0
-79,1,221,0,-46,0
-105,-3,209,0,-47,0
-87,-26,215,0,-47,0
-149,-10,193,0,-48,0
-119,-0,189,0,-48,0
-115,-8,175,0,-49,0
-90,-3,218,0,-49,0
-102,18,212,0,-49,0
-83,12,169,0,-49,0
-83,1,192,0,-50,0
-63,49,224,0,-50,0
-96,-13,231,0,-50,0
-91,14,213,0,-50,0
-94,-10,201,0,-50,0
-113,4,193,0,-50,0
-93,2,215,0,-50,0
-109,-38,189,0,-50,0
-94,-19,206,0,-50,0
-94,30,217,0,-49,0
-127,13,190,0,-49,0
-89,-21,216,0,-49,0
-145,0,223,0,-48,0
-131,27,190,0,-48,0
-70,1,199,0,-47,0
-89,2,233,0,-47,0
-61,31,208,0,-46,0
-116,-14,179,0,-46,0
-63,-15,236,0,-45,0
-100,-19,212,0,-44,0
-44,-4,214,0,-44,0
-74,33,212,0,-43,0
-86,22,203,0,-42,0
-76,-8,203,0,-41,0
-103,-3,233,0,-40,0
-65,5,198,0,-39,0
-58,-2,260,0,-38,0
-73,-27,261,0,-37,0
-38,-7,231,0,-36,0
-82,14,226,0,-35,0
-76,-41,242,0,-34,0
-53,10,220,0,-33,0
-38,-40,244,0,-32,0
-91,-10,211,0,-31,0
-75,-20,231,0,-29,0
-61,-0,245,0,-28,0
-64,1,210,0,-27,0
-70,-23,207,0,-26,0
-80,7,215,0,-24,0
-37,7,248,0,-23,0
-65,14,233,0,-21,0
-24,-3,267,0,-20,0
-56,5,256,0,-19,0
-69,-21,251,0,-17,0
-36,16,262,0,-16,0
2,69,223,0,-14,0
-16,-13,214,0,-13,0
-16,-17,260,0,-11,0
-14,4,274,0,-10,0
-12,-8,235,0,-8,0
24,-8,234,0,-7,0
-21,10,232,0,-5,0
-23,-11,276,0,-3,0
-5,0,245,0,-2,0
-8,-9,267,0,-0,0
1,13,279,0,1,0
9,-17,265,0,3,0
8,10,316,0,4,0
-1,-2,241,0,6,0
34,-1,234,0,7,0
12,3,257,0,9,0
44,25,265,0,10,0
53,8,270,0,12,0
41,20,309,0,13,0
31,-2,287,0,15,0
8,28,283,0,16,0
43,-7,272,0,18,0
30,-24,259,0,19,0
21,-17,267,0,21,0
52,-12,279,0,22,0
8,7,253,0,24,0
79,-8,261,0,25,0
31,43,282,0,26,0
75,-8,281,0,28,0
39,40,310,0,29,0
52,-14,291,0,30,0
36,-2,258,0,31,0
59,2,268,0,33,0
39,57,262,0,34,0
73,23,294,0,35,0
48,34,308,0,36,0
64,16,278,0,37,0
60,-9,324,0,38,0
98,20,306,0,39,0
100,19,301,0,40,0
74,-17,285,0,41,0
71,5,295,0,42,0
72,17,292,0,43,0
140,19,328,0,43,0
87,31,318,0,44,0
96,4,279,0,45,0
67,-34,318,0,45,0
132,7,287,0,46,0
50,16,338,0,47,0
100,8,313,0,47,0
114,0,316,0,48,0
117,48,334,0,48,0
50,34,333,0,49,0
66,18,279,0,49,0
105,-40,317,0,49,0
163,-22,332,0,49,0
138,-32,328,0,50,0
112,10,319,0,50,0
110,17,300,0,50,0
117,-8,293,0,50,0
88,-14,300,0,50,0
87,20,318,0,50,0
55,-16,326,0,50,0
107,0,304,0,50,0
90,15,306,0,50,0
127,0,284,0,49,0
107,-23,299,0,49,0
112,-12,302,0,49,0
85,-2,273,0,48,0
62,29,278,0,48,0
134,-4,277,0,47,0
65,21,297,0,47,0
75,6,311,0,46,0
117,-4,282,0,46,0
116,49,317,0,45,0
92,0,292,0,44,0
120,-24,264,0,44,0
87,46,301,0,43,0
51,27,297,0,42,0
121,-7,285,0,41,0
94,-20,299,0,40,0
38,3,309,0,39,0
81,-14,287,0,38,0
31,11,297,0,37,0
54,-36,300,0,36,0
79,-6,289,0,35,0
75,8,270,0,34,0
78,-14,304,0,33,0
38,-21,318,0,32,0
72,12,278,0,31,0
51,7,264,0,29,0
122,-38,303,0,28,0
43,-1,325,0,27,0
60,11,293,0,26,0
83,9,276,0,24,0
37,36,288,0,23,0
55,-26,288,0,21,0
39,1,291,0,20,0
9,-15,240,0,19,0
79,15,253,0,17,0
35,9,291,0,16,0
0,44,267,0,14,0
-32,4,299,0,13,0
-32,11,275,0,11,0
8,-11,261,0,10,0
-16,6,252,0,8,0
3,1,260,0,7,0
-49,-14,265,0,5,0
4,23,246,0,4,0
30,15,247,0,2,0
-20,-8,271,0,0,0
-4,2,278,0,-1,0
32,5,234,0,-3,0
-3,26,235,0,-4,0
-27,19,278,0,-6,0
-21,-2,226,0,-7,0
-58,-28,226,0,-9,0
13,14,259,0,-10,0
-5,21,210,0,-12,0
-50,9,209,0,-13,0
-15,21,242,0,-15,0
-32,-8,256,0,-16,0
-48,19,217,0,-18,0
-19,-20,221,0,-19,0
-62,-15,278,0,-21,0
3,17,247,0,-22,0
-28,-2,230,0,-24,0
-54,11,240,0,-25,0
-58,18,252,0,-26,0
-52,5,235,0,-28,0
-72,5,203,0,-29,0
-43,-6,262,0,-30,0
-80,26,231,0,-31,0
-70,-1,254,0,-32,0
-83,11,230,0,-34,0
-100,-2,223,0,-35,0
-68,11,236,0,-36,0
-99,-1,200,0,-37,0
-82,31,218,0,-38,0
-56,15,233,0,-39,0
-92,34,202,0,-40,0
-116,-28,230,0,-41,0
-106,-10,226,0,-42,0
-86,-7,202,0,-43,0
-105,-11,215,0,-43,0
-98,14,205,0,-44,0
-121,-21,227,0,-45,0
-122,13,186,0,-45,0
-79,-10,170,0,-46,0
-79,18,190,0,-47,0
-78,10,192,0,-47,0
-144,-7,190,0,-48,0
-101,-42,214,0,-48,0
-85,-52,150,0,-49,0
-114,1,202,0,-49,0
-82,-22,215,0,-49,0
-93,-3,219,0,-49,0
-126,-7,219,0,-50,0
-121,6,204,0,-50,0
-116,-13,229,0,-50,0
-89,19,179,0,-50,0
-69,-8,221,0,-50,0
-67,6,178,0,-50,0
-91,19,186,0,-50,0
-98,-5,233,0,-50,0
-109,-25,212,0,-50,0
-79,17,193,0,-49,0
-106,14,222,0,-49,0
-108,39,213,0,-49,0
-122,30,222,0,-48,0
-99,10,213,0,-48,0
-82,3,207,0,-47,0
-83,-22,174,0,-47,0
-61,5,192,0,-46,0
-134,15,255,0,-46,0
-105,-15,192,0,-45,0
-73,-14,184,0,-44,0
-75,20,219,0,-44,0
-91,-11,182,0,-43,0
-95,-21,234,0,-42,0
-76,9,220,0,-41,0
-64,22,237,0,-40,0
-70,-27,221,0,-39,0
-101,-5,218,0,-39,0
-82,-12,200,0,-38,0
-81,-0,227,0,-36,0
-78,6,216,0,-35,0
-81,24,207,0,-34,0
-95,7,212,0,-33,0
-74,-6,204,0,-32,0
-60,15,238,0,-31,0
-102,2,240,0,-29,0
-61,-8,243,0,-28,0
-12,15,248,0,-27,0
-102,-2,188,0,-26,0
-18,-19,232,0,-24,0
-34,16,221,0,-23,0
-54,24,277,0,-21,0
-21,7,258,0,-20,0
10,7,228,0,-19,0
-26,-22,229,0,-17,0
-47,3,208,0,-16,0
-12,-2,218,0,-14,0
-30,25,228,0,-13,0
-15,-11,256,0,-11,0
-7,-11,231,0,-10,0
-24,-21,252,0,-8,0
-8,7,241,0,-7,0
-16,14,239,0,-5,0
-5,38,234,0,-4,0
22,16,271,0,-2,0
30,-12,266,0,-0,0
23,-41,288,0,1,0
-1,-18,262,0,3,0
17,4,268,0,4,0
13,10,270,0,6,0
18,-32,258,0,7,0
40,-21,242,0,9,0
-1,8,268,0,10,0
31,19,304,0,12,0
2,4,213,0,13,0
28,0,290,0,15,0
21,-9,276,0,16,0
41,-52,307,0,18,0
28,11,264,0,19,0
51,16,290,0,21,0
56,-15,277,0,22,0
59,-58,275,0,23,0
43,-11,286,0,25,0
54,-34,245,0,26,0
69,-30,281,0,27,0
132,21,287,0,29,0
68,-7,305,0,30,0
68,22,303,0,31,0
56,-12,267,0,32,0
71,18,328,0,34,0
79,19,299,0,35,0
51,4,287,0,36,0
76,-0,311,0,37,0
92,-14,282,0,38,0
65,5,282,0,39,0
82,-4,326,0,40,0
81,-21,312,0,41,0
111,19,261,0,42,0
99,-2,295,0,43,0
80,30,295,0,43,0
106,9,252,0,44,0
76,1,305,0,45,0
84,-15,305,0,45,0
133,4,283,0,46,0
86,-20,282,0,47,0
113,4,292,0,47,0
91,14,299,0,48,0
69,-5,296,0,48,0
137,4,330,0,49,0
122,-3,317,0,49,0
83,-15,311,0,49,0
110,6,315,0,49,0
109,-26,298,0,50,0
121,10,294,0,50,0
98,9,300,0,50,0
114,4,294,0,50,0
141,-27,303,0,50,0
85,6,331,0,50,0
93,-24,321,0,50,0
123,-35,313,0,50,0
100,27,295,0,50,0
135,13,314,0,49,0
74,-31,334,0,49,0
73,-13,326,0,49,0
119,-8,284,0,48,0
67,-8,291,0,48,0
80,9,340,0,47,0
95,-17,272,0,47,0
39,-18,325,0,46,0
95,-12,319,0,46,0
53,-15,293,0,45,0
109,-16,330,0,45,0
46,-8,305,0,44,0
79,-1,285,0,43,0
100,-17,300,0,42,0
35,-24,284,0,41,0
89,58,311,0,40,0
96,15,282,0,40,0
63,18,311,0,39,0
94,-7,295,0,38,0
71,16,302,0,36,0
81,23,285,0,35,0
78,-3,307,0,34,0
68,-14,295,0,33,0
45,14,315,0,32,0
43,6,331,0,31,0
32,15,293,0,30,0
54,-50,268,0,28,0
52,28,286,0,27,0
93,35,258,0,26,0
23,8,271,0,24,0
40,-25,242,0,23,0
59,26,263,0,22,0
36,-1,265,0,20,0
44,2,271,0,19,0
54,-18,228,0,17,0
24,7,261,0,16,0
36,27,282,0,14,0
41,32,244,0,13,0
43,2,226,0,11,0
57,-21,245,0,10,0
34,-4,264,0,8,0
1,-7,269,0,7,0
4,-6,279,0,5,0
-21,14,253,0,4,0
-25,-39,244,0,2,0
20,-32,276,0,0,0
6,1,300,0,-1,0
-24,16,256,0,-3,0
-10,9,261,0,-4,0
-3,-13,250,0,-6,0
9,-23,274,0,-7,0
-20,-10,252,0,-9,0
-23,11,230,0,-10,0
-26,20,255,0,-12,0
-54,21,238,0,-13,0
-24,10,261,0,-15,0
-36,12,246,0,-16,0
-8,3,226,0,-18,0
-54,33,245,0,-19,0
1,-3,265,0,-21,0
-29,17,210,0,-22,0
-55,24,213,0,-23,0
-86,-21,224,0,-25,0
-56,-8,216,0,-26,0
-41,25,222,0,-27,0
-50,5,223,0,-29,0
-67,21,253,0,-30,0
-86,-35,266,0,-31,0
-67,2,207,0,-32,0
-87,17,247,0,-34,0
-67,-13,228,0,-35,0
-81,2,270,0,-36,0
-94,-19,235,0,-37,0
-69,-16,194,0,-38,0
-72,12,208,0,-39,0
-46,-5,242,0,-40,0
-42,15,180,0,-41,0
-59,8,197,0,-42,0
-97,15,187,0,-43,0
-80,-3,219,0,-43,0
-95,2,210,0,-44,0
-87,12,206,0,-45,0
-81,-11,197,0,-45,0
-81,40,206,0,-46,0
-83,23,184,0,-47,0
-80,38,240,0,-47,0
-108,-26,226,0,-48,0
-72,-13,203,0,-48,0
-98,7,211,0,-49,0
-106,-13,208,0,-49,0
-91,13,179,0,-49,0
-80,50,239,0,-49,0
-125,-60,229,0,-50,0
-119,-14,217,0,-50,0
-123,-15,194,0,-50,0
-85,-14,195,0,-50,0
-148,-1,206,0,-50,0
-142,7,235,0,-50,0
-119,4,173,0,-50,0
-67,5,219,0,-50,0
-74,21,215,0,-50,0
-114,-6,209,0,-49,0
-86,15,222,0,-49,0
-119,-24,225,0,-49,0
-117,10,202,0,-48,0
-98,-15,221,0,-48,0
-129,-5,216,0,-48,0
-97,2,254,0,-47,0
-107,25,219,0,-46,0
-81,15,193,0,-46,0
-88,-35,185,0,-45,0
-104,-13,221,0,-45,0
-78,-26,238,0,-44,0
-73,-23,185,0,-43,0
-64,-16,214,0,-42,0
-115,1,241,0,-41,0
-101,-27,214,0,-40,0
-44,8,212,0,-40,0
-74,-3,207,0,-39,0
-51,12,228,0,-38,0
-77,9,218,0,-37,0
-77,-42,265,0,-35,0
-77,-27,203,0,-34,0
-42,7,218,0,-33,0
-68,12,236,0,-32,0
-48,12,246,0,-31,0
-52,12,250,0,-30,0
-61,16,230,0,-28,0
-57,10,252,0,-27,0
-54,15,289,0,-26,0
-11,12,232,0,-24,0
-47,10,228,0,-23,0
-60,-19,294,0,-22,0
-21,2,241,0,-20,0
-38,-34,253,0,-19,0
-27,-29,248,0,-17,0
-22,30,208,0,-16,0
-1,4,248,0,-14,0
-12,27,246,0,-13,0
-6,-15,243,0,-11,0
22,12,267,0,-10,0
-18,6,230,0,-8,0
23,-36,274,0,-7,0
25,5,231,0,-5,0
20,-23,253,0,-4,0
12,21,270,0,-2,0
-7,20,274,0,-0,0
42,16,277,0,1,0
-3,-19,262,0,3,0
29,7,292,0,4,0
23,29,283,0,6,0
17,-34,282,0,7,0
4,-5,276,0,9,0
22,11,241,0,10,0
74,-10,254,0,12,0
5,-29,290,0,13,0
22,-31,267,0,15,0
55,-10,283,0,16,0
60,-3,321,0,18,0
69,7,275,0,19,0
-8,36,305,0,21,0
42,-8,256,0,22,0
19,-24,290,0,23,0
73,2,284,0,25,0
64,0,276,0,26,0
105,-19,282,0,27,0
79,-12,274,0,29,0
101,30,292,0,30,0
28,14,296,0,31,0
98,-6,307,0,32,0
58,12,249,0,34,0
70,-20,275,0,35,0
108,15,294,0,36,0
86,7,319,0,37,0
76,-24,346,0,38,0
90,-0,296,0,39,0
74,-1,296,0,40,0
106,-1,311,0,41,0
88,10,291,0,42,0
118,10,292,0,43,0
78,23,317,0,43,0
68,2,318,0,44,0
84,21,269,0,45,0
125,-57,326,0,45,0
102,-20,289,0,46,0
84,-30,255,0,47,0
93,22,322,0,47,0
101,-29,333,0,48,0
90,-8,285,0,48,0
111,20,307,0,49,0
103,-21,341,0,49,0
105,-9,273,0,49,0
108,1,341,0,49,0
98,-28,293,0,50,0
107,15,308,0,50,0
101,-29,312,0,50,0
75,4,314,0,50,0
95,-3,292,0,50,0
101,2,295,0,50,0
86,24,292,0,50,0
148,13,272,0,50,0
125,-10,298,0,50,0
124,-46,265,0,49,0
103,20,277,0,49,0
102,-43,292,0,49,0
122,-12,283,0,48,0
88,-42,329,0,48,0
82,16,348,0,48,0
108,5,312,0,47,0
104,-6,314,0,46,0
92,-6,325,0,46,0
42,-9,299,0,45,0
63,-18,292,0,45,0
50,0,288,0,44,0
62,13,289,0,43,0
75,-33,281,0,42,0
110,19,270,0,41,0
96,-7,296,0,40,0
61,-21,284,0,40,0
79,19,288,0,39,0
84,8,301,0,38,0
61,-11,288,0,37,0
69,-8,301,0,35,0
58,11,320,0,34,0
76,-11,273,0,33,0
86,-5,288,0,32,0
51,-35,286,0,31,0
58,8,311,0,30,0
65,-0,320,0,28,0
82,-1,297,0,27,0
37,4,302,0,26,0
49,-3,278,0,24,0
48,7,238,0,23,0
54,-7,256,0,22,0
3,-21,275,0,20,0
65,-11,275,0,19,0
50,28,256,0,17,0
0,-7,282,0,16,0
19,21,284,0,14,0
13,5,244,0,13,0
21,-9,246,0,11,0
14,-8,249,0,10,0
4,8,254,0,8,0
-11,-38,244,0,7,0
24,24,268,0,5,0
21,-44,291,0,4,0
-7,-13,260,0,2,0
10,-15,303,0,1,0
4,-4,244,0,-1,0
3,40,270,0,-3,0
6,-15,277,0,-4,0
-1,5,226,0,-6,0
-12,1,251,0,-7,0
-40,10,259,0,-9,0
22,-31,259,0,-10,0
-9,17,242,0,-12,0
-49,2,235,0,-13,0
-35,-7,236,0,-15,0
-41,-10,242,0,-16,0
-47,-17,210,0,-18,0
-25,-28,235,0,-19,0
-70,3,221,0,-21,0
-25,-8,215,0,-22,0
-43,-18,229,0,-23,0
-8,8,205,0,-25,0
-25,-9,241,0,-26,0
-41,54,217,0,-27,0
-45,18,235,0,-29,0
-67,-6,245,0,-30,0
-64,-11,213,0,-31,0
-95,-8,212,0,-32,0
-66,3,207,0,-34,0
-87,12,209,0,-35,0
-57,33,209,0,-36,0
-54,1,245,0,-37,0
-58,11,208,0,-38,0
-64,32,207,0,-39,0
-112,-21,189,0,-40,0
-125,12,197,0,-41,0
-51,-0,190,0,-42,0
-108,-26,237,0,-42,0
-73,-11,233,0,-43,0
-89,29,201,0,-44,0
-89,21,226,0,-45,0
-78,11,235,0,-45,0
-84,8,248,0,-46,0
-84,-5,208,0,-47,0
-134,14,248,0,-47,0
-92,-26,190,0,-48,0
-98,-19,183,0,-48,0
-141,13,158,0,-49,0
-98,-19,236,0,-49,0
-105,-33,206,0,-49,0
-158,-6,195,0,-49,0
-90,-42,207,0,-50,0
-86,-21,189,0,-50,0
-116,5,198,0,-50,0
-75,5,205,0,-50,0
-115,-36,212,0,-50,0
-106,-10,190,0,-50,0
-111,29,204,0,-50,0
-113,12,211,0,-50,0
-96,-46,191,0,-50,0
-105,-28,263,0,-49,0
-104,3,172,0,-49,0
-108,10,240,0,-49,0
-91,-14,223,0,-48,0
-113,11,229,0,-48,0
-82,-15,208,0,-48,0
-111,25,199,0,-47,0
-67,5,220,0,-46,0
-60,-7,202,0,-46,0
-76,25,221,0,-45,0
-78,-24,230,0,-45,0
-83,15,202,0,-44,0
-85,14,232,0,-43,0
-9,-34,216,0,-42,0
-74,14,194,0,-41,0
-92,24,205,0,-40,0
-84,23,232,0,-40,0
-53,3,220,0,-39,0
-92,-3,204,0,-38,0
-62,-17,208,0,-37,0
-84,-2,216,0,-35,0
-94,7,199,0,-34,0
-37,-14,250,0,-33,0
-68,-8,236,0,-32,0
-42,-18,213,0,-31,0
-56,-43,212,0,-30,0
-53,-23,255,0,-28,0
-70,13,247,0,-27,0
-60,-2,257,0,-26,0
-41,36,232,0,-24,0
-35,-4,233,0,-23,0
-35,-30,254,0,-22,0
-10,-26,247,0,-20,0
-30,-11,227,0,-19,0
-36,20,198,0,-17,0
-1,9,221,0,-16,0
-63,-3,220,0,-14,0
-34,-6,201,0,-13,0
-24,27,254,0,-11,0
-22,14,276,0,-10,0
-5,-27,271,0,-8,0
7,-34,272,0,-7,0
3,-21,233,0,-5,0
-5,-7,274,0,-4,0
-3,26,277,0,-2,0
38,14,263,0,-1,0
-12,27,249,0,1,0
1,-34,289,0,3,0
24,4,276,0,4,0
-6,19,250,0,6,0
22,40,245,0,7,0
30,2,267,0,9,0
-11,-30,318,0,10,0
39,-24,257,0,12,0
30,12,269,0,13,0
25,-30,267,0,15,0
16,7,269,0,16,0
30,28,298,0,18,0
44,-3,281,0,19,0
35,-7,267,0,21,0
65,-7,284,0,22,0
86,6,276,0,23,0
81,-30,281,0,25,0
35,14,283,0,26,0
56,-20,258,0,27,0
59,-7,291,0,29,0
68,-4,292,0,30,0
57,-11,330,0,31,0
123,29,279,0,32,0
84,-9,307,0,34,0
63,-33,300,0,35,0
74,-8,270,0,36,0
53,-31,314,0,37,0
72,4,293,0,38,0
70,27,317,0,39,0
92,18,327,0,40,0
80,46,308,0,41,0
93,22,299,0,42,0
67,-54,254,0,42,0
88,-49,281,0,43,0
63,4,297,0,44,0
85,-30,317,0,45,0
44,21,256,0,45,0
110,17,294,0,46,0
62,10,307,0,47,0
86,-20,317,0,47,0
108,-36,283,0,48,0
101,24,302,0,48,0
108,-9,323,0,49,0
98,-5,288,0,49,0
97,38,342,0,49,0
137,-10,315,0,49,0
122,-16,304,0,50,0
94,-3,348,0,50,0
144,3,282,0,50,0
102,-15,303,0,50,0
116,11,295,0,50,0
106,-11,336,0,50,0
96,7,315,0,50,0
102,11,311,0,50,0
86,1,323,0,50,0
95,4,298,0,49,0
106,18,285,0,49,0
108,-16,269,0,49,0
101,-22,323,0,48,0
106,16,299,0,48,0
65,10,301,0,48,0
103,-36,302,0,47,0
78,26,281,0,46,0
100,0,355,0,46,0
123,23,301,0,45,0
67,6,283,0,45,0
77,3,333,0,44,0
76,-12,250,0,43,0
41,44,282,0,42,0
50,-22,301,0,41,0
90,22,294,0,41,0
56,-19,286,0,40,0
67,-14,277,0,39,0
45,13,316,0,38,0
55,-9,280,0,37,0
79,-21,326,0,35,0
65,20,315,0,34,0
53,50,278,0,33,0
120,-12,325,0,32,0
42,-2,304,0,31,0
66,35,304,0,30,0
82,3,299,0,28,0
53,-12,270,0,27,0
84,-11,290,0,26,0
68,44,282,0,24,0
77,24,277,0,23,0
81,-22,260,0,22,0
30,22,293,0,20,0
47,-25,288,0,19,0
7,-0,279,0,17,0
32,-39,267,0,16,0
31,-26,226,0,14,0
42,16,244,0,13,0
27,-13,273,0,11,0
-14,-5,273,0,10,0
55,60,264,0,8,0
22,-0,262,0,7,0
31,-21,242,0,5,0
-6,-2,254,0,4,0
-9,11,232,0,2,0
-10,-20,278,0,1,0
-20,32,254,0,-1,0
6,33,252,0,-3,0
-12,-10,241,0,-4,0
-19,-27,258,0,-6,0
1,14,252,0,-7,0
-5,-2,256,0,-9,0
1,31,256,0,-10,0
-33,3,265,0,-12,0
-64,30,267,0,-13,0
-40,24,215,0,-15,0
-38,9,223,0,-16,0
-63,-1,203,0,-18,0
-27,32,204,0,-19,0
-31,-16,214,0,-21,0
-15,-10,236,0,-22,0
-48,-3,239,0,-23,0
-28,-1,240,0,-25,0
-50,8,247,0,-26,0
-51,-0,217,0,-27,0
-64,5,209,0,-29,0
-14,10,242,0,-30,0
-94,-21,193,0,-31,0
-65,-6,223,0,-32,0
-77,4,244,0,-34,0
-70,-18,197,0,-35,0
-75,-1,208,0,-36,0
-15,-6,261,0,-37,0
-66,13,218,0,-38,0
-62,-14,228,0,-39,0
-78,-9,236,0,-40,0
-97,0,217,0,-41,0
-51,15,218,0,-42,0
-108,22,224,0,-42,0
-115,-25,205,0,-43,0
-75,17,215,0,-44,0
-77,-26,201,0,-45,0
-111,9,197,0,-45,0
-87,37,216,0,-46,0
-74,3,193,0,-47,0
-95,-5,219,0,-47,0
-131,-10,208,0,-48,0
-110,18,188,0,-48,0
-112,11,219,0,-49,0
-96,-27,223,0,-49,0
-97,29,234,0,-49,0
-82,32,211,0,-49,0
-112,5,191,0,-50,0
-126,5,212,0,-50,0
-43,-14,221,0,-50,0
-121,25,201,0,-50,0
-108,16,221,0,-50,0
-107,36,198,0,-50,0
-90,-2,223,0,-50,0
-107,9,219,0,-50,0
-149,3,221,0,-50,0
-124,15,208,0,-49,0
-92,-11,237,0,-49,0
-111,-5,236,0,-49,0
-141,-38,189,0,-48,0
-65,-8,214,0,-48,0
-103,1,214,0,-48,0
-93,-7,202,0,-47,0
-101,-3,204,0,-46,0
-105,3,182,0,-46,0
-58,-1,189,0,-45,0
-88,-16,159,0,-45,0
-72,7,219,0,-44,0
-105,-2,210,0,-43,0
-42,27,161,0,-42,0
-116,11,198,0,-41,0
-52,17,207,0,-41,0
-93,11,216,0,-40,0
-109,26,214,0,-39,0
-88,-51,248,0,-38,0
-48,10,238,0,-37,0
-108,-9,222,0,-36,0
-91,9,235,0,-34,0
-54,4,228,0,-33,0
-59,12,222,0,-32,0
-75,10,199,0,-31,0
-63,-23,212,0,-30,0
-66,-22,213,0,-28,0
-32,-7,242,0,-27,0
-42,-35,225,0,-26,0
-53,10,240,0,-24,0
-25,-14,246,0,-23,0
-46,-7,232,0,-22,0
-17,-8,223,0,-20,0
-38,-24,232,0,-19,0
-20,14,257,0,-17,0
-69,-7,241,0,-16,0
-4,8,236,0,-14,0
-50,33,244,0,-13,0
8,12,259,0,-11,0
8,2,229,0,-10,0
-18,13,266,0,-8,0
-7,-13,230,0,-7,0
2,11,294,0,-5,0
-19,2,260,0,-4,0
-33,-2,280,0,-2,0
17,-4,266,0,-1,0
43,23,273,0,1,0
27,-14,256,0,2,0
32,-8,259,0,4,0
4,8,244,0,6,0
13,-17,240,0,7,0
13,-4,242,0,9,0
-3,-9,272,0,10,0
46,4,304,0,12,0
32,5,273,0,13,0
23,24,294,0,15,0
9,-37,292,0,16,0
74,38,276,0,18,0
25,4,268,0,19,0
65,3,259,0,21,0
50,-7,304,0,22,0
62,1,311,0,23,0
54,-10,276,0,25,0
58,-31,300,0,26,0
46,51,285,0,27,0
63,2,325,0,29,0
86,11,306,0,30,0
66,22,284,0,31,0
47,-8,302,0,32,0
84,8,296,0,33,0
77,25,300,0,35,0
66,50,315,0,36,0
75,1,269,0,37,0
91,21,283,0,38,0
58,33,278,0,39,0
98,5,286,0,40,0
103,36,285,0,41,0
99,-6,318,0,42,0
95,1,331,0,42,0
83,-1,331,0,43,0
89,19,299,0,44,0
76,-5,274,0,45,0
87,0,301,0,45,0
81,-4,285,0,46,0
81,4,281,0,47,0
135,4,283,0,47,0
93,15,310,0,48,0
94,13,296,0,48,0
93,24,268,0,48,0
75,-4,317,0,49,0
96,5,305,0,49,0
108,-24,321,0,49,0
123,-1,288,0,50,0
124,6,281,0,50,0
91,1,285,0,50,0
90,-5,290,0,50,0
69,2,286,0,50,0
104,9,337,0,50,0
103,-13,305,0,50,0
83,25,300,0,50,0
122,39,291,0,50,0
113,-3,290,0,49,0
110,-23,288,0,49,0
94,2,302,0,49,0
63,-5,293,0,48,0
112,21,303,0,48,0
92,3,279,0,48,0
102,-2,290,0,47,0
102,3,305,0,47,0
81,-25,299,0,46,0
81,45,290,0,45,0
75,14,311,0,45,0
75,6,261,0,44,0
99,-10,321,0,43,0
91,-12,281,0,42,0
101,22,263,0,41,0
75,-23,302,0,41,0
62,11,281,0,40,0
80,-41,294,0,39,0
121,-0,289,0,38,0
63,-30,307,0,37,0
57,-11,265,0,36,0
38,-6,283,0,34,0
90,-5,313,0,33,0
84,21,287,0,32,0
56,-14,296,0,31,0
28,20,273,0,30,0
46,30,296,0,28,0
44,-18,304,0,27,0
61,-36,275,0,26,0
6,31,282,0,24,0
61,-9,254,0,23,0
47,26,272,0,22,0
71,-7,278,0,20,0
-3,12,274,0,19,0
54,-49,264,0,17,0
13,-1,288,0,16,0
51,-9,263,0,14,0
-7,-12,352,0,13,0
19,-8,247,0,11,0
49,-13,257,0,10,0
-2,-2,306,0,8,0
-33,3,306,0,7,0
57,-13,263,0,5,0
-25,6,290,0,4,0
-4,9,259,0,2,0
22,-5,247,0,1,0
-10,27,265,0,-1,0
-6,-4,255,0,-2,0
4,-10,234,0,-4,0
-42,-23,262,0,-6,0
-60,34,212,0,-7,0
-1,-25,252,0,-9,0
-36,20,248,0,-10,0
-41,-27,230,0,-12,0
-52,13,264,0,-13,0
-16,5,267,0,-15,0
-30,24,251,0,-16,0
-30,-3,287,0,-18,0
-44,9,204,0,-19,0
-60,34,221,0,-20,0
-81,-11,254,0,-22,0
-57,-18,224,0,-23,0
-38,-15,250,0,-25,0
-47,3,247,0,-26,0
-39,2,204,0,-27,0
-93,9,213,0,-29,0
-69,29,194,0,-30,0
-52,-15,203,0,-31,0
-63,-30,234,0,-32,0
-63,18,226,0,-33,0
-40,-5,196,0,-35,0
-106,6,170,0,-36,0
-113,5,212,0,-37,0
-105,-2,206,0,-38,0
-63,-16,215,0,-39,0
-112,-3,194,0,-40,0
-61,35,201,0,-41,0
-103,16,227,0,-42,0
-100,-14,216,0,-42,0
-72,20,247,0,-43,0
-54,6,174,0,-44,0
-91,-48,197,0,-45,0
-94,1,207,0,-45,0
-99,-13,189,0,-46,0
-80,4,229,0,-47,0
-97,-2,199,0,-47,0
-112,-41,269,0,-48,0
-89,0,232,0,-48,0
-134,-26,184,0,-48,0
-85,27,251,0,-49,0
-103,-33,235,0,-49,0
-90,-9,205,0,-49,0
-141,11,186,0,-50,0
-97,5,189,0,-50,0
-92,-6,195,0,-50,0
-92,21,227,0,-50,0
-112,-13,170,0,-50,0
-105,-13,220,0,-50,0
-85,7,193,0,-50,0
-102,6,216,0,-50,0
-101,6,194,0,-50,0
-119,-8,187,0,-49,0
-112,27,192,0,-49,0
-91,2,195,0,-49,0
-134,-6,215,0,-48,0
-111,-6,185,0,-48,0
-110,-55,211,0,-48,0
-66,14,217,0,-47,0
-87,36,216,0,-47,0
-108,-8,230,0,-46,0
-62,-18,202,0,-45,0
-86,1,190,0,-45,0
-70,-25,212,0,-44,0
-100,-16,216,0,-43,0
-61,2,252,0,-42,0
-86,8,236,0,-41,0
-65,22,224,0,-41,0
-61,-2,205,0,-40,0
-124,-28,198,0,-39,0
-82,-27,219,0,-38,0
-35,-2,209,0,-37,0
-44,-23,237,0,-36,0
-109,13,222,0,-34,0
-84,-26,214,0,-33,0
-90,8,226,0,-32,0
-30,-16,235,0,-31,0
-112,31,219,0,-30,0
-54,2,239,0,-28,0
-51,-23,259,0,-27,0
-87,2,269,0,-26,0
-26,-34,191,0,-24,0
-40,-4,228,0,-23,0
-34,-1,233,0,-22,0
-0,7,218,0,-20,0
-46,-15,245,0,-19,0
-36,-39,210,0,-17,0
-13,-13,242,0,-16,0
-39,-7,228,0,-14,0
-47,6,235,0,-13,0
-14,-2,265,0,-11,0
14,15,250,0,-10,0
-24,13,242,0,-8,0
-35,-18,257,0,-7,0
-6,-8,252,0,-5,0
13,18,265,0,-4,0
-33,4,236,0,-2,0
4,32,248,0,-1,0
11,-27,250,0,1,0
-43,20,267,0,2,0
-20,-1,250,0,4,0
14,7,271,0,6,0
22,6,281,0,7,0
35,-24,281,0,9,0
14,-46,263,0,10,0
39,8,282,0,12,0
52,1,263,0,13,0
49,56,265,0,15,0
10,37,260,0,16,0
44,30,286,0,18,0
68,-1,301,0,19,0
50,19,280,0,20,0
34,20,273,0,22,0
57,28,314,0,23,0
64,12,243,0,25,0
57,-21,265,0,26,0
44,26,295,0,27,0
61,8,278,0,29,0
36,9,296,0,30,0
63,-2,275,0,31,0
64,-29,315,0,32,0
60,25,302,0,33,0
99,-23,279,0,35,0
37,-12,301,0,36,0
100,28,325,0,37,0
46,-6,309,0,38,0
48,13,245,0,39,0
85,-12,281,0,40,0
157,-37,348,0,41,0
96,-11,289,0,42,0
93,-12,316,0,42,0
128,18,354,0,43,0
117,4,292,0,44,0
116,-29,321,0,45,0
113,6,286,0,45,0
99,3,299,0,46,0
55,-18,302,0,47,0
135,-1,288,0,47,0
121,-55,323,0,48,0
83,-12,303,0,48,0
98,-22,270,0,48,0
123,-13,291,0,49,0
121,-24,344,0,49,0
118,-1,281,0,49,0
136,-14,302,0,50,0
111,1,279,0,50,0
114,2,285,0,50,0
142,21,306,0,50,0
119,43,298,0,50,0
82,-19,334,0,50,0
97,-40,280,0,50,0
111,-22,313,0,50,0
104,7,286,0,50,0
89,-26,330,0,49,0
84,-3,318,0,49,0
91,-28,254,0,49,0
94,-3,316,0,48,0
93,-12,273,0,48,0
112,-5,347,0,48,0
96,24,281,0,47,0
129,15,288,0,47,0
92,16,275,0,46,0
116,-17,326,0,45,0
107,30,324,0,45,0
81,39,303,0,44,0
78,-14,313,0,43,0
76,-24,302,0,42,0
75,7,287,0,41,0
73,-15,282,0,41,0
57,16,275,0,40,0
77,5,288,0,39,0
86,8,305,0,38,0
54,-11,264,0,37,0
65,-54,308,0,36,0
37,-41,296,0,34,0
26,-11,275,0,33,0
96,-40,274,0,32,0
37,-32,301,0,31,0
49,-15,329,0,30,0
26,-35,319,0,28,0
88,3,298,0,27,0
9,7,283,0,26,0
28,-2,275,0,24,0
64,40,294,0,23,0
15,-44,266,0,22,0
51,-10,267,0,20,0
44,11,286,0,19,0
58,-3,266,0,17,0
49,-23,257,0,16,0
23,-19,245,0,14,0
-10,-11,272,0,13,0
8,-0,223,0,11,0
47,-16,255,0,10,0
25,9,253,0,8,0
34,20,253,0,7,0
-4,-10,227,0,5,0
13,50,215,0,4,0
-34,15,192,0,2,0
-40,12,272,0,1,0
17,14,257,0,-1,0
-21,0,253,0,-2,0
-31,-45,254,0,-4,0
1,6,244,0,-6,0
-2,10,245,0,-7,0
-30,-12,265,0,-9,0
-41,3,239,0,-10,0
-56,8,230,0,-12,0
-26,-6,227,0,-13,0
-28,-22,287,0,-15,0
-62,-5,222,0,-16,0
-11,11,247,0,-18,0
-32,-33,189,0,-19,0
-41,-12,213,0,-20,0
-33,10,235,0,-22,0
-33,-16,243,0,-23,0
-18,-1,237,0,-25,0
-36,-24,244,0,-26,0
-18,5,241,0,-27,0
-50,-21,217,0,-29,0
-91,22,252,0,-30,0
-96,-21,236,0,-31,0
-47,17,251,0,-32,0
-71,-4,188,0,-33,0
-56,-37,248,0,-35,0
-87,-10,265,0,-36,0
-54,-6,211,0,-37,0
-30,39,197,0,-38,0
-57,10,206,0,-39,0
-82,-28,166,0,-40,0
-87,-15,217,0,-41,0
-80,12,172,0,-42,0
-90,-13,224,0,-42,0
-105,23,280,0,-43,0
-67,2,164,0,-44,0
-109,-16,198,0,-45,0
-86,37,206,0,-45,0
-84,0,227,0,-46,0
-72,-44,193,0,-47,0
-85,-38,203,0,-47,0
-75,-0,237,0,-48,0
-74,2,217,0,-48,0
-98,2,209,0,-48,0
-101,-6,232,0,-49,0
-103,19,224,0,-49,0
-68,38,218,0,-49,0
-120,-31,206,0,-50,0
-116,-17,198,0,-50,0
-66,20,217,0,-50,0
-117,-4,189,0,-50,0
-107,-5,193,0,-50,0
-59,20,200,0,-50,0
-104,-33,207,0,-50,0
-104,-7,216,0,-50,0
-102,10,207,0,-50,0
-79,14,211,0,-49,0
-145,-6,200,0,-49,0
-79,18,183,0,-49,0
-130,-3,187,0,-48,0
-94,7,201,0,-48,0
-78,-13,196,0,-48,0
-112,1,191,0,-47,0
-79,-16,227,0,-47,0
-100,-21,233,0,-46,0
-126,-11,209,0,-45,0
-64,-10,238,0,-45,0
-67,7,203,0,-44,0
-65,4,217,0,-43,0
-86,-9,212,0,-42,0
-85,-4,227,0,-41,0
-113,-22,221,0,-41,0
-96,9,227,0,-40,0
-79,-5,236,0,-39,0
-56,-36,197,0,-38,0
-84,-3,221,0,-37,0
-81,-10,221,0,-36,0
-89,-10,225,0,-34,0
-66,-7,228,0,-33,0
-46,-15,225,0,-32,0
-88,10,209,0,-31,0
-62,10,207,0,-30,0
-67,-32,210,0,-28,0
-41,4,215,0,-27,0
-8,-6,234,0,-26,0
-36,-4,248,0,-25,0
-52,21,222,0,-23,0
-48,-24,283,0,-22,0
-45,23,233,0,-20,0
-24,29,239,0,-19,0
-54,3,251,0,-17,0
-48,-23,249,0,-16,0
-39,-26,243,0,-15,0
-39,-28,220,0,-13,0
36,26,224,0,-12,0
-28,-10,248,0,-10,0
6,4,265,0,-8,0
8,1,275,0,-7,0
-16,39,225,0,-5,0
4,1,249,0,-4,0
-38,30,269,0,-2,0
-19,-12,274,0,-1,0
10,-11,239,0,1,0
-30,-0,257,0,2,0
16,-1,262,0,4,0
-29,14,219,0,5,0
25,-10,266,0,7,0
17,-1,266,0,9,0
23,-11,249,0,10,0
19,1,274,0,12,0
16,-14,261,0,13,0
19,-31,272,0,15,0
59,14,295,0,16,0
52,25,283,0,18,0
19,-7,265,0,19,0
9,35,269,0,20,0
27,-8,315,0,22,0
58,-3,296,0,23,0
12,-21,248,0,25,0
54,-3,292,0,26,0
96,-17,248,0,27,0
32,5,290,0,29,0
50,40,266,0,30,0
89,21,288,0,31,0
35,-12,286,0,32,0
24,-2,284,0,33,0
58,-1,284,0,35,0
65,15,276,0,36,0
84,-7,326,0,37,0
81,47,315,0,38,0
53,11,295,0,39,0
50,17,302,0,40,0
78,-52,297,0,41,0
114,14,328,0,42,0
94,-9,293,0,42,0
82,-17,289,0,43,0
91,-10,296,0,44,0
67,23,302,0,45,0
61,-22,304,0,45,0
94,13,304,0,46,0
95,9,299,0,47,0
105,6,340,0,47,0
117,-11,293,0,48,0
103,37,308,0,48,0
67,0,305,0,48,0
113,-1,298,0,49,0
92,-22,298,0,49,0
45,2,260,0,49,0
103,-25,298,0,50,0
75,-26,319,0,50,0
104,-15,304,0,50,0
87,-2,349,0,50,0
125,29,316,0,50,0
116,-6,381,0,50,0
121,-32,305,0,50,0
95,-15,310,0,50,0
75,17,304,0,50,0
102,-7,319,0,49,0
74,-22,282,0,49,0
65,-16,327,0,49,0
102,-3,310,0,48,0
111,-11,307,0,48,0
82,8,324,0,48,0
85,28,282,0,47,0
72,-23,298,0,47,0
81,13,316,0,46,0
124,-30,301,0,45,0
99,-13,287,0,45,0
112,-9,303,0,44,0
105,19,303,0,43,0
73,-11,230,0,42,0
88,-5,314,0,42,0
79,-5,301,0,41,0
83,3,310,0,40,0
89,-1,268,0,39,0
84,15,309,0,38,0
91,-10,304,0,37,0
61,-30,286,0,36,0
55,-22,306,0,35,0
57,-2,296,0,33,0
109,-10,294,0,32,0
66,-14,280,0,31,0
77,42,295,0,30,0
43,-14,297,0,28,0
60,-5,271,0,27,0
83,23,304,0,26,0
15,3,307,0,25,0
40,-4,280,0,23,0
52,-16,270,0,22,0
33,26,277,0,20,0
38,-16,259,0,19,0
29,37,238,0,17,0
5,-36,271,0,16,0
28,7,265,0,15,0
6,-3,245,0,13,0
18,-13,253,0,12,0
12,6,265,0,10,0
24,6,303,0,9,0
48,17,275,0,7,0
22,22,222,0,5,0
6,-4,260,0,4,0
22,38,248,0,2,0
6,14,258,0,1,0
-11,-21,261,0,-1,0
17,-14,262,0,-2,0
3,38,274,0,-4,0
-54,-19,259,0,-5,0
-24,23,292,0,-7,0
-24,27,240,0,-9,0
-24,-24,224,0,-10,0
-20,-31,258,0,-12,0
-51,-2,222,0,-13,0
-14,17,244,0,-15,0
-57,-11,241,0,-16,0
-36,-5,264,0,-18,0
-31,-21,225,0,-19,0
-35,-22,251,0,-20,0
-42,13,237,0,-22,0
-18,7,233,0,-23,0
-43,-10,231,0,-25,0
-45,4,230,0,-26,0
-57,26,208,0,-27,0
-96,-8,250,0,-29,0
-79,21,227,0,-30,0
-31,-4,234,0,-31,0
-42,-32,234,0,-32,0
-83,18,232,0,-33,0
-79,-7,224,0,-35,0
-64,29,200,0,-36,0
-91,-26,245,0,-37,0
-102,-11,186,0,-38,0
-71,9,212,0,-39,0
-74,3,249,0,-40,0
-69,19,227,0,-41,0
-53,13,193,0,-42,0
-112,2,215,0,-42,0
-107,10,228,0,-43,0
-89,8,179,0,-44,0
-108,-32,220,0,-45,0
-100,0,206,0,-45,0
-124,14,208,0,-46,0
-80,-13,178,0,-47,0
-118,-15,204,0,-47,0
-108,-9,204,0,-48,0
-121,-30,207,0,-48,0
-97,51,187,0,-48,0
-124,19,195,0,-49,0
-61,-12,197,0,-49,0
-42,34,216,0,-49,0
-88,0,227,0,-50,0
-80,1,222,0,-50,0
-93,5,204,0,-50,0
-129,9,209,0,-50,0
-96,-16,201,0,-50,0
-89,4,178,0,-50,0
-84,6,226,0,-50,0
-108,-3,212,0,-50,0
-60,-9,245,0,-50,0
-94,39,169,0,-49,0
-111,-3,217,0,-49,0
-54,14,207,0,-49,0
-80,-6,214,0,-48,0
-87,9,188,0,-48,0
-79,-10,181,0,-48,0
-102,16,218,0,-47,0
-121,-21,192,0,-47,0
-89,-2,235,0,-46,0
-81,6,238,0,-45,0
-71,54,221,0,-45,0
-86,13,198,0,-44,0
-59,10,233,0,-43,0
-101,11,206,0,-42,0
-70,-1,205,0,-42,0
-71,-8,236,0,-41,0
-97,-28,229,0,-40,0
-79,-7,223,0,-39,0
-53,11,159,0,-38,0
-70,10,218,0,-37,0
-73,2,216,0,-36,0
-44,13,213,0,-35,0
-89,-8,214,0,-33,0
-74,21,246,0,-32,0
-38,-13,219,0,-31,0
-81,14,226,0,-30,0
-53,-2,214,0,-29,0
-45,-10,239,0,-27,0
-45,11,195,0,-26,0
-38,-5,210,0,-25,0
-41,29,234,0,-23,0
-49,1,218,0,-22,0
-13,5,254,0,-20,0
-12,32,252,0,-19,0
-49,17,206,0,-18,0
-18,17,266,0,-16,0
-46,-5,233,0,-15,0
-23,32,269,0,-13,0
-29,-3,261,0,-12,0
-18,7,214,0,-10,0
-5,-27,254,0,-9,0
-9,-42,283,0,-7,0
8,-30,270,0,-5,0
7,55,301,0,-4,0
-19,-34,259,0,-2,0
-25,-15,274,0,-1,0
8,3,235,0,1,0
-21,-26,278,0,2,0
-1,-1,220,0,4,0
-15,24,249,0,5,0
17,6,275,0,7,0
33,38,273,0,8,0
11,-33,248,0,10,0
-3,15,281,0,12,0
14,-27,296,0,13,0
15,13,271,0,15,0
52,-9,267,0,16,0
24,-7,273,0,17,0
46,-2,273,0,19,0
39,-9,274,0,20,0
61,-1,249,0,22,0
42,6,303,0,23,0
-13,1,282,0,25,0
64,-15,311,0,26,0
45,-14,312,0,27,0
48,-7,278,0,28,0
33,8,295,0,30,0
33,7,272,0,31,0
73,4,308,0,32,0
101,24,318,0,33,0
82,-18,268,0,34,0
61,12,272,0,36,0
69,30,272,0,37,0
74,32,339,0,38,0
75,-34,306,0,39,0
25,-8,259,0,40,0
125,-12,310,0,41,0
70,-11,333,0,42,0
80,-23,301,0,42,0
85,-5,293,0,43,0
81,9,297,0,44,0
105,35,316,0,45,0
90,4,286,0,45,0
106,24,264,0,46,0
66,-49,291,0,47,0
76,4,272,0,47,0
124,-3,307,0,48,0
47,-18,339,0,48,0
109,-8,292,0,48,0
118,11,263,0,49,0
84,9,293,0,49,0
82,-15,304,0,49,0
109,30,331,0,50,0
111,-26,315,0,50,0
119,44,317,0,50,0
72,-2,321,0,50,0
103,-18,326,0,50,0
65,-41,307,0,50,0
97,8,309,0,50,0
71,-1,300,0,50,0
109,-7,297,0,50,0
93,31,317,0,49,0
102,21,331,0,49,0
82,-32,304,0,49,0
68,-33,320,0,48,0
85,-42,302,0,48,0
99,36,272,0,48,0
73,-3,298,0,47,0
95,8,267,0,47,0
55,-48,287,0,46,0
56,12,306,0,45,0
86,14,296,0,45,0
78,-20,316,0,44,0
61,-19,310,0,43,0
68,11,257,0,42,0
73,23,290,0,42,0
87,-3,319,0,41,0
47,-17,317,0,40,0
80,-3,297,0,39,0
39,6,276,0,38,0
32,5,274,0,37,0
80,25,306,0,36,0
53,20,281,0,35,0
89,31,290,0,33,0
28,-3,260,0,32,0
47,23,282,0,31,0
50,6,245,0,30,0
69,40,304,0,29,0
70,6,202,0,27,0
63,-34,291,0,26,0
27,-7,302,0,25,0
46,-7,263,0,23,0
60,-20,289,0,22,0
35,17,262,0,20,0
29,-22,205,0,19,0
41,-16,246,0,18,0
64,11,261,0,16,0
51,-11,257,0,15,0
8,-8,254,0,13,0
-9,19,255,0,12,0
27,12,263,0,10,0
26,10,236,0,9,0
-3,-16,294,0,7,0
22,-2,239,0,5,0
2,-8,268,0,4,0
6,-2,248,0,2,0
-23,10,232,0,1,0
5,-3,254,0,-1,0
36,13,265,0,-2,0
-28,11,260,0,-4,0
-26,4,262,0,-5,0
-33,-4,247,0,-7,0
-18,-29,238,0,-8,0
-28,16,216,0,-10,0
-33,-2,225,0,-12,0
-54,-25,233,0,-13,0
-13,36,247,0,-15,0
-10,-26,210,0,-16,0
-33,2,219,0,-17,0
-33,35,245,0,-19,0
-9,15,220,0,-20,0
-45,-4,201,0,-22,0
-58,8,236,0,-23,0
-18,11,201,0,-24,0
-77,-12,204,0,-26,0
-44,13,209,0,-27,0
-62,31,252,0,-28,0
-68,-16,212,0,-30,0
-78,18,220,0,-31,0
-60,-5,202,0,-32,0
-103,-23,239,0,-33,0
-83,48,224,0,-34,0
-49,-19,220,0,-36,0
-86,-18,227,0,-37,0
-54,-56,250,0,-38,0
-97,4,248,0,-39,0
-96,-13,228,0,-40,0
-53,20,226,0,-41,0
-50,-13,209,0,-41,0
-64,0,214,0,-42,0
-105,-37,205,0,-43,0
-96,-7,204,0,-44,0
-84,13,219,0,-45,0
-104,-8,225,0,-45,0
-77,-21,219,0,-46,0
-53,28,187,0,-47,0
-68,-20,199,0,-47,0
-64,6,187,0,-48,0
-100,-26,208,0,-48,0
-87,-48,212,0,-48,0
-72,-13,197,0,-49,0
-124,-12,212,0,-49,0
-75,13,228,0,-49,0
-100,-9,186,0,-50,0
-165,-0,187,0,-50,0
-111,26,202,0,-50,0
-106,33,213,0,-50,0
-109,-8,224,0,-50,0
-101,19,204,0,-50,0
-112,29,218,0,-50,0
-83,2,149,0,-50,0
-127,-9,183,0,-50,0
-70,-16,187,0,-49,0
-87,-19,221,0,-49,0
-90,-43,219,0,-49,0
-128,24,240,0,-48,0
-111,-16,220,0,-48,0
-66,-15,186,0,-48,0
-113,-1,204,0,-47,0
-108,27,196,0,-47,0
-76,2,187,0,-46,0
-83,-16,186,0,-45,0
-99,7,213,0,-45,0
-44,-7,210,0,-44,0
-80,-10,199,0,-43,0
-73,16,198,0,-42,0
-113,2,180,0,-42,0
-65,1,224,0,-41,0
-70,-6,252,0,-40,0
-64,4,202,0,-39,0
-93,-4,242,0,-38,0
-84,18,217,0,-37,0
-69,-5,223,0,-36,0
-60,-5,186,0,-35,0
-25,-14,199,0,-33,0
-71,-9,256,0,-32,0
-76,-20,226,0,-31,0
-53,-12,202,0,-30,0
-36,-20,182,0,-29,0
-47,-11,242,0,-27,0
-30,16,269,0,-26,0
-66,1,219,0,-25,0
-47,-1,218,0,-23,0
-62,-16,209,0,-22,0
-58,-5,251,0,-20,0
-39,-11,226,0,-19,0
-28,-10,226,0,-18,0
-44,7,251,0,-16,0
-53,-0,236,0,-15,0
-65,-34,245,0,-13,0
-29,-32,222,0,-12,0
-3,-5,246,0,-10,0
-25,9,235,0,-9,0
32,-5,229,0,-7,0
-28,-13,265,0,-6,0
-39,6,255,0,-4,0
-24,12,249,0,-2,0
-15,-4,218,0,-1,0
-22,11,302,0,1,0
-12,20,268,0,2,0
39,-19,248,0,4,0
7,15,249,0,5,0
-2,10,263,0,7,0
22,-14,323,0,8,0
34,5,274,0,10,0
31,-5,273,0,11,0
41,35,259,0,13,0
19,-24,296,0,14,0
32,-26,249,0,16,0
49,23,286,0,17,0
42,-1,264,0,19,0
28,5,269,0,20,0
21,-10,287,0,22,0
54,29,299,0,23,0
94,33,266,0,24,0
58,-10,293,0,26,0
59,6,292,0,27,0
90,-9,278,0,28,0
60,23,274,0,30,0
82,1,305,0,31,0
80,34,293,0,32,0
59,-6,265,0,33,0
52,-3,304,0,34,0
85,23,327,0,36,0
61,-37,294,0,37,0
66,7,310,0,38,0
69,7,297,0,39,0
61,-6,302,0,40,0
73,-2,303,0,41,0
56,20,313,0,41,0
81,-8,292,0,42,0
109,7,286,0,43,0
96,16,315,0,44,0
31,-3,289,0,45,0
99,-10,306,0,45,0
75,9,304,0,46,0
85,2,299,0,47,0
89,-9,326,0,47,0
103,1,337,0,48,0
134,5,306,0,48,0
97,25,319,0,48,0
92,11,301,0,49,0
88,-27,337,0,49,0
97,8,323,0,49,0
109,-3,309,0,50,0
103,24,312,0,50,0
155,26,301,0,50,0
104,-13,300,0,50,0
89,3,300,0,50,0
114,-27,296,0,50,0
107,4,309,0,50,0
108,-21,351,0,50,0
100,-30,288,0,50,0
98,24,335,0,49,0
65,-20,289,0,49,0
105,7,297,0,49,0
109,11,296,0,48,0
96,13,308,0,48,0
118,-2,299,0,48,0
106,5,285,0,47,0
88,42,262,0,47,0
109,17,284,0,46,0
69,6,301,0,45,0
87,-30,303,0,45,0
84,11,273,0,44,0
69,5,284,0,43,0
79,4,333,0,42,0
56,2,300,0,42,0
103,-6,278,0,41,0
94,5,306,0,40,0
64,9,250,0,39,0
85,26,310,0,38,0
55,-1,291,0,37,0
64,23,295,0,36,0
40,15,296,0,35,0
80,-4,284,0,33,0
69,19,299,0,32,0
71,-16,258,0,31,0
79,4,275,0,30,0
80,45,285,0,29,0
77,-23,268,0,27,0
71,5,279,0,26,0
22,5,281,0,25,0
72,1,298,0,23,0
61,-24,267,0,22,0
19,18,285,0,20,0
54,-14,295,0,19,0
32,6,262,0,18,0
29,-18,266,0,16,0
3,-3,288,0,15,0
46,-35,249,0,13,0
16,-4,247,0,12,0
23,-19,254,0,10,0
28,12,250,0,9,0
8,-63,297,0,7,0
-6,25,270,0,6,0
-10,7,235,0,4,0
29,1,254,0,2,0
-16,-9,251,0,1,0
-13,16,256,0,-1,0
-3,-1,270,0,-2,0
-16,-5,276,0,-4,0
-26,-32,245,0,-5,0
-7,10,252,0,-7,0
-61,-10,245,0,-8,0
-3,-13,232,0,-10,0
3,-1,246,0,-11,0
-6,-8,233,0,-13,0
-54,-12,247,0,-14,0
-32,-24,253,0,-16,0
18,5,187,0,-17,0
-24,-18,234,0,-19,0
-34,1,247,0,-20,0
-32,-44,237,0,-22,0
-57,3,214,0,-23,0
-79,35,250,0,-24,0
-52,4,205,0,-26,0
-53,-18,262,0,-27,0
-52,2,199,0,-28,0
-62,14,192,0,-30,0
-49,24,234,0,-31,0
-22,10,217,0,-32,0
-37,-29,212,0,-33,0
-57,12,204,0,-34,0
-40,-33,201,0,-36,0
-97,36,200,0,-37,0
-65,-23,215,0,-38,0
-47,38,215,0,-39,0
-77,-9,205,0,-40,0
-67,-21,199,0,-41,0
-112,-22,235,0,-41,0
-64,-46,215,0,-42,0
-38,42,191,0,-43,0
-104,-2,180,0,-44,0
-98,-31,235,0,-45,0
-97,19,209,0,-45,0
-74,22,220,0,-46,0
-69,-14,180,0,-47,0
-99,10,230,0,-47,0
-96,23,200,0,-48,0
-99,-13,178,0,-48,0
-97,7,232,0,-48,0
-105,-29,220,0,-49,0
-99,-7,215,0,-49,0
-136,21,183,0,-49,0
-87,1,197,0,-50,0
-95,-19,163,0,-50,0
-112,18,191,0,-50,0
-92,8,207,0,-50,0
-77,38,202,0,-50,0
-104,16,233,0,-50,0
-119,45,206,0,-50,0
-108,-24,188,0,-50,0
-118,17,179,0,-50,0
-94,9,203,0,-49,0
-98,21,192,0,-49,0
-90,6,202,0,-49,0
-75,8,194,0,-48,0
-109,18,218,0,-48,0
-112,22,190,0,-48,0
-106,-6,215,0,-47,0
-102,-25,180,0,-47,0
-97,27,206,0,-46,0
-90,-12,231,0,-45,0
-75,-8,222,0,-45,0
-117,-29,180,0,-44,0
-114,-28,210,0,-43,0
-84,-32,263,0,-42,0
-86,27,215,0,-42,0
