-9,-22,263,0,0,0
2,19,246,0,1,0
-21,-20,270,0,3,0
-15,13,252,0,4,0
22,3,254,0,5,0
7,-48,243,0,6,0
25,1,229,0,8,0
9,-18,283,0,9,0
-20,33,305,0,10,0
58,-1,258,0,12,0
55,-1,278,0,13,0
23,-14,281,0,14,0
24,-31,264,0,15,0
26,6,210,0,17,0
34,7,245,0,18,0
19,6,289,0,19,0
20,31,255,0,20,0
35,28,261,0,21,0
47,-5,273,0,23,0
36,-7,269,0,24,0
44,7,296,0,25,0
66,-38,300,0,26,0
72,6,296,0,27,0
38,-3,284,0,28,0
70,-14,273,0,29,0
57,31,266,0,30,0
79,7,276,0,31,0
65,8,275,0,32,0
58,16,268,0,33,0
81,-8,318,0,34,0
58,26,312,0,35,0
99,9,286,0,36,0
50,10,276,0,37,0
74,16,315,0,38,0
103,3,287,0,39,0
71,20,302,0,39,0
19,19,320,0,40,0
132,19,306,0,41,0
67,-17,271,0,42,0
89,-23,312,0,42,0
74,-8,281,0,43,0
100,33,298,0,44,0
79,24,304,0,44,0
121,-10,310,0,45,0
113,-25,327,0,45,0
102,40,290,0,46,0
125,7,294,0,46,0
104,14,329,0,47,0
106,4,262,0,47,0
98,-33,304,0,48,0
109,21,334,0,48,0
120,-35,312,0,48,0
114,-4,284,0,49,0
67,16,307,0,49,0
84,-18,320,0,49,0
53,-17,306,0,49,0
89,20,296,0,50,0
100,-13,277,0,50,0
130,4,323,0,50,0
133,4,264,0,50,0
90,21,319,0,50,0
105,-0,315,0,50,0
128,43,334,0,50,0
120,-3,308,0,50,0
89,28,325,0,50,0
141,36,331,0,50,0
73,-8,301,0,49,0
120,4,306,0,49,0
79,44,332,0,49,0
116,1,263,0,49,0
111,1,317,0,48,0
99,-25,284,0,48,0
112,-11,287,0,48,0
89,-40,312,0,47,0
97,21,278,0,47,0
86,-14,305,0,47,0
124,15,309,0,46,0
128,-23,309,0,45,0
73,-14,329,0,45,0
109,33,309,0,44,0
84,-25,306,0,44,0
66,-6,323,0,43,0
76,4,338,0,42,0
80,5,292,0,42,0
70,-28,336,0,41,0
119,10,316,0,40,0
77,16,263,0,39,0
69,19,286,0,39,0
109,-13,302,0,38,0
107,15,327,0,37,0
45,-4,287,0,36,0
81,2,271,0,35,0
66,16,269,0,34,0
19,29,276,0,33,0
46,8,311,0,32,0
57,28,290,0,31,0
70,-3,264,0,30,0
47,16,289,0,29,0
89,-4,260,0,28,0
44,-2,254,0,27,0
62,-39,282,0,26,0
26,-38,289,0,25,0
56,19,266,0,24,0
35,43,294,0,23,0
34,5,295,0,21,0
69,-1,273,0,20,0
57,-13,258,0,19,0
51,-5,255,0,18,0
50,-9,303,0,17,0
56,-25,294,0,15,0
51,5,292,0,14,0
30,14,298,0,13,0
16,-3,266,0,12,0
47,-27,295,0,10,0
8,-26,252,0,9,0
-9,-20,262,0,8,0
30,-6,268,0,6,0
11,-29,288,0,5,0
27,-18,256,0,4,0
35,23,276,0,3,0
-4,13,238,0,1,0
-17,-28,233,0,0,0
3,14,261,0,-1,0
-29,-9,258,0,-3,0
-46,5,235,0,-4,0
-43,-39,271,0,-5,0
-19,-14,247,0,-6,0
-30,25,249,0,-8,0
-28,1,257,0,-9,0
-44,1,262,0,-10,0
-28,24,249,0,-12,0
-59,-27,233,0,-13,0
-54,10,245,0,-14,0
-57,-27,268,0,-15,0
-11,33,265,0,-17,0
-11,3,243,0,-18,0
-38,-20,250,0,-19,0
-74,-12,229,0,-20,0
-63,-8,254,0,-21,0
-51,25,235,0,-23,0
-77,26,235,0,-24,0
-25,-15,229,0,-25,0
-37,-2,264,0,-26,0
-82,-34,210,0,-27,0
-83,-14,221,0,-28,0
-62,1,203,0,-29,0
-83,16,197,0,-30,0
-53,-37,231,0,-31,0
-91,16,199,0,-32,0
-57,-6,209,0,-33,0
-63,6,250,0,-34,0
-64,-14,235,0,-35,0
-105,-7,204,0,-36,0
-63,5,205,0,-37,0
-58,-12,228,0,-38,0
-92,-11,237,0,-39,0
-64,2,174,0,-39,0
-137,7,225,0,-40,0
-67,-5,241,0,-41,0
-96,-5,238,0,-42,0
-104,-2,233,0,-42,0
-84,2,259,0,-43,0
-115,-4,198,0,-44,0
-53,-27,217,0,-44,0
-62,-40,218,0,-45,0
-87,-1,210,0,-45,0
-99,12,223,0,-46,0
-111,-26,193,0,-46,0
-95,24,217,0,-47,0
-99,-25,179,0,-47,0
-120,-20,193,0,-48,0
-138,4,193,0,-48,0
-74,-5,229,0,-48,0
-129,18,233,0,-49,0
-85,13,189,0,-49,0
-113,-8,194,0,-49,0
-78,13,202,0,-49,0
-105,25,209,0,-50,0
-98,8,186,0,-50,0
-125,21,231,0,-50,0
-94,-23,202,0,-50,0
-92,13,222,0,-50,0
-120,-18,223,0,-50,0
-116,15,222,0,-50,0
-127,4,202,0,-50,0
-145,-25,181,0,-50,0
-80,36,206,0,-50,0
-121,-11,199,0,-49,0
-74,-38,237,0,-49,0
-90,-11,199,0,-49,0
-107,28,203,0,-49,0
-81,-25,218,0,-48,0
-110,-2,197,0,-48,0
-112,-7,198,0,-48,0
-100,4,223,0,-47,0
-83,3,209,0,-47,0
-98,22,202,0,-47,0
-59,-4,221,0,-46,0
-54,-25,210,0,-45,0
-80,9,229,0,-45,0
-92,28,196,0,-44,0
-119,19,241,0,-44,0
-163,-17,235,0,-43,0
-82,12,210,0,-42,0
-106,5,210,0,-42,0
-70,-21,175,0,-41,0
-45,3,231,0,-40,0
-78,-9,240,0,-39,0
-25,11,242,0,-39,0
-89,16,223,0,-38,0
-94,14,256,0,-37,0
-108,14,197,0,-36,0
-87,3,236,0,-35,0
-48,26,185,0,-34,0
-82,12,207,0,-33,0
-39,-14,233,0,-32,0
-73,-6,247,0,-31,0
-70,6,244,0,-30,0
-17,39,225,0,-29,0
-89,1,240,0,-28,0
-52,-0,249,0,-27,0
-39,-11,227,0,-26,0
-49,-33,248,0,-25,0
-41,11,245,0,-24,0
-66,20,246,0,-23,0
-80,25,229,0,-21,0
-13,-14,211,0,-20,0
-74,22,225,0,-19,0
-19,-14,232,0,-18,0
-38,-6,229,0,-17,0
-10,-33,241,0,-15,0
-18,-17,247,0,-14,0
6,10,243,0,-13,0
-37,8,271,0,-12,0
-25,14,245,0,-10,0
-36,-40,234,0,-9,0
-9,-3,253,0,-8,0
-28,44,219,0,-6,0
-11,16,253,0,-5,0
17,2,249,0,-4,0
12,6,233,0,-3,0
-27,-1,269,0,-1,0
22,-21,261,0,-0,0
6,-10,246,0,1,0
-6,-21,232,0,3,0
-15,-7,257,0,4,0
19,-16,245,0,5,0
-1,-2,238,0,6,0
-1,-54,255,0,8,0
52,-10,276,0,9,0
-18,-16,240,0,10,0
55,6,271,0,12,0
22,-18,296,0,13,0
55,-28,302,0,14,0
35,-4,263,0,15,0
27,8,278,0,17,0
49,-1,295,0,18,0
29,-14,267,0,19,0
46,-23,281,0,20,0
9,7,278,0,21,0
60,36,271,0,23,0
51,11,271,0,24,0
63,16,268,0,25,0
92,-0,266,0,26,0
81,13,275,0,27,0
31,23,266,0,28,0
54,30,282,0,29,0
59,27,295,0,30,0
64,-1,269,0,31,0
68,16,266,0,32,0
57,8,288,0,33,0
57,-19,295,0,34,0
91,-15,270,0,35,0
78,-9,283,0,36,0
83,30,302,0,37,0
68,-27,294,0,38,0
53,-45,267,0,39,0
100,11,278,0,39,0
53,13,291,0,40,0
74,17,306,0,41,0
62,16,284,0,42,0
59,4,279,0,42,0
59,-1,316,0,43,0
66,-9,291,0,44,0
85,2,280,0,44,0
50,-18,330,0,45,0
71,26,328,0,45,0
103,31,321,0,46,0
86,-30,292,0,46,0
89,-33,302,0,47,0
113,11,276,0,47,0
89,10,291,0,48,0
72,4,271,0,48,0
113,11,302,0,48,0
100,-1,305,0,49,0
121,12,333,0,49,0
137,-33,349,0,49,0
95,-1,315,0,49,0
140,11,297,0,50,0
98,33,318,0,50,0
105,-33,318,0,50,0
108,-25,294,0,50,0
89,40,320,0,50,0
85,-4,317,0,50,0
98,27,313,0,50,0
126,-6,292,0,50,0
52,-24,320,0,50,0
106,31,293,0,50,0
123,10,318,0,49,0
106,-8,314,0,49,0
117,-16,302,0,49,0
115,-20,284,0,49,0
65,-12,304,0,48,0
127,30,323,0,48,0
72,-24,270,0,48,0
114,27,280,0,47,0
124,-9,311,0,47,0
49,-4,290,0,47,0
53,-6,319,0,46,0
112,-6,292,0,45,0
69,29,286,0,45,0
71,-14,293,0,44,0
122,3,290,0,44,0
89,-25,274,0,43,0
126,9,261,0,42,0
68,27,289,0,42,0
55,0,284,0,41,0
72,-22,264,0,40,0
68,8,292,0,39,0
78,-1,268,0,39,0
95,39,306,0,38,0
110,10,295,0,37,0
77,9,292,0,36,0
74,9,287,0,35,0
53,-30,287,0,34,0
37,-33,306,0,33,0
84,-11,287,0,32,0
68,6,324,0,31,0
85,-43,294,0,30,0
49,11,281,0,29,0
37,-26,291,0,28,0
51,40,287,0,27,0
87,31,288,0,26,0
53,-17,287,0,25,0
28,22,253,0,24,0
29,27,250,0,23,0
60,-36,265,0,21,0
65,-26,251,0,20,0
37,7,245,0,19,0
3,-20,279,0,18,0
27,14,295,0,17,0
26,51,270,0,15,0
18,8,261,0,14,0
23,20,237,0,13,0
18,-16,256,0,12,0
13,-30,263,0,10,0
20,-6,276,0,9,0
10,3,220,0,8,0
8,-1,295,0,6,0
74,9,272,0,5,0
-4,14,236,0,4,0
33,-10,291,0,3,0
-10,-35,203,0,1,0
-23,-5,262,0,0,0
38,-14,267,0,-1,0
-1,-27,250,0,-3,0
-15,12,213,0,-4,0
-30,4,245,0,-5,0
-28,0,256,0,-6,0
3,30,252,0,-8,0
-12,-2,258,0,-9,0
-19,-14,261,0,-10,0
-7,-5,235,0,-12,0
-30,-19,245,0,-13,0
-30,-55,266,0,-14,0
-7,25,242,0,-15,0
-20,-1,244,0,-17,0
-42,15,256,0,-18,0
-62,-11,222,0,-19,0
-33,9,246,0,-20,0
-16,7,196,0,-21,0
-22,1,245,0,-23,0
-56,-1,244,0,-24,0
-38,4,227,0,-25,0
-53,-16,233,0,-26,0
-30,-6,213,0,-27,0
-49,-8,235,0,-28,0
-76,-35,258,0,-29,0
-67,-8,239,0,-30,0
-71,8,178,0,-31,0
-39,-3,211,0,-32,0
-68,56,187,0,-33,0
-80,-9,233,0,-34,0
-51,-9,223,0,-35,0
-61,-7,226,0,-36,0
-50,-8,235,0,-37,0
-76,35,211,0,-38,0
-93,6,221,0,-39,0
-60,55,188,0,-39,0
-69,56,203,0,-40,0
-89,12,227,0,-41,0
-98,23,247,0,-42,0
-113,-9,204,0,-42,0
-99,22,236,0,-43,0
-132,-27,226,0,-44,0
-98,20,220,0,-44,0
-95,19,224,0,-45,0
-103,23,214,0,-45,0
-124,-4,191,0,-46,0
-93,-16,171,0,-46,0
-92,11,212,0,-47,0
-75,2,252,0,-47,0
-110,-4,225,0,-48,0
-101,10,222,0,-48,0
-106,40,192,0,-48,0
-94,-6,183,0,-49,0
-63,-19,228,0,-49,0
-114,-14,182,0,-49,0
-90,-5,219,0,-49,0
-103,-1,202,0,-50,0
-134,21,216,0,-50,0
-102,-26,203,0,-50,0
-138,-26,196,0,-50,0
-69,-31,208,0,-50,0
-69,-7,224,0,-50,0
-72,-10,233,0,-50,0
-95,5,246,0,-50,0
-90,-15,203,0,-50,0
-78,1,200,0,-50,0
-93,-16,212,0,-49,0
-110,-6,186,0,-49,0
-37,8,190,0,-49,0
-77,30,229,0,-49,0
-101,30,190,0,-48,0
-95,-11,201,0,-48,0
-114,4,234,0,-48,0
-96,-29,238,0,-47,0
-86,11,206,0,-47,0
-72,-4,220,0,-47,0
-88,17,186,0,-46,0
-77,11,187,0,-45,0
-96,-2,197,0,-45,0
-89,-6,218,0,-44,0
-113,-34,221,0,-44,0
-105,13,246,0,-43,0
-112,33,204,0,-42,0
-93,-7,198,0,-42,0
-64,-4,249,0,-41,0
-62,-4,219,0,-40,0
-79,-27,220,0,-39,0
-78,4,213,0,-39,0
-80,15,207,0,-38,0
-68,-61,270,0,-37,0
-85,3,226,0,-36,0
-97,-7,225,0,-35,0
-52,13,198,0,-34,0
-60,28,233,0,-33,0
-55,-20,235,0,-32,0
-85,1,213,0,-31,0
-72,-6,225,0,-30,0
-73,58,201,0,-29,0
-83,6,233,0,-28,0
-33,-32,225,0,-27,0
-52,46,233,0,-26,0
-60,-22,201,0,-25,0
-50,8,236,0,-24,0
-82,1,239,0,-23,0
-38,45,252,0,-21,0
-40,-17,238,0,-20,0
-72,-3,240,0,-19,0
-38,-3,233,0,-18,0
-60,47,233,0,-17,0
-41,-13,234,0,-15,0
8,11,264,0,-14,0
-7,21,253,0,-13,0
-2,-9,261,0,-12,0
-30,-12,179,0,-10,0
-25,1,207,0,-9,0
28,-44,287,0,-8,0
-37,-18,243,0,-7,0
-61,7,257,0,-5,0
-8,-3,255,0,-4,0
-21,-12,284,0,-3,0
-47,13,278,0,-1,0
2,8,258,0,-0,0
-21,-35,222,0,1,0
34,5,261,0,3,0
35,-7,286,0,4,0
-20,-2,255,0,5,0
-3,-16,241,0,6,0
4,-8,307,0,8,0
53,-6,272,0,9,0
-12,33,271,0,10,0
28,7,296,0,12,0
60,-16,286,0,13,0
29,-11,308,0,14,0
52,-14,293,0,15,0
6,32,275,0,17,0
17,21,277,0,18,0
61,-14,266,0,19,0
42,13,306,0,20,0
18,3,281,0,21,0
23,35,336,0,22,0
44,12,295,0,24,0
15,7,261,0,25,0
-1,-15,259,0,26,0
25,30,249,0,27,0
44,36,289,0,28,0
88,-30,298,0,29,0
114,14,301,0,30,0
65,-5,305,0,31,0
96,5,303,0,32,0
74,0,298,0,33,0
47,2,281,0,34,0
84,7,275,0,35,0
54,6,301,0,36,0
74,12,274,0,37,0
98,-11,267,0,38,0
72,-22,265,0,39,0
58,3,363,0,39,0
102,-4,287,0,40,0
76,-3,289,0,41,0
80,37,282,0,42,0
75,2,301,0,42,0
90,26,323,0,43,0
95,-16,325,0,44,0
96,-48,304,0,44,0
79,35,276,0,45,0
106,-7,296,0,45,0
76,7,319,0,46,0
97,12,309,0,46,0
100,-10,309,0,47,0
95,23,309,0,47,0
97,15,288,0,48,0
90,-15,322,0,48,0
102,-37,278,0,48,0
97,15,292,0,49,0
65,36,276,0,49,0
104,24,278,0,49,0
95,-32,320,0,49,0
104,23,306,0,50,0
107,13,300,0,50,0
116,44,322,0,50,0
140,21,359,0,50,0
136,-14,305,0,50,0
91,-20,329,0,50,0
92,51,291,0,50,0
88,-19,303,0,50,0
104,43,297,0,50,0
104,-16,292,0,50,0
93,27,284,0,49,0
96,25,311,0,49,0
99,-5,295,0,49,0
89,-7,289,0,49,0
120,19,285,0,48,0
63,46,299,0,48,0
93,-1,312,0,48,0
102,15,278,0,47,0
120,21,294,0,47,0
124,49,296,0,47,0
121,-14,329,0,46,0
66,18,241,0,45,0
122,10,297,0,45,0
50,23,306,0,44,0
92,43,296,0,44,0
92,-7,311,0,43,0
129,-8,291,0,42,0
76,50,278,0,42,0
109,-13,303,0,41,0
93,-13,295,0,40,0
94,-16,290,0,39,0
100,-3,333,0,39,0
67,4,250,0,38,0
31,-3,271,0,37,0
41,23,299,0,36,0
58,-20,293,0,35,0
118,-4,284,0,34,0
58,16,299,0,33,0
95,38,262,0,32,0
1,-13,267,0,31,0
81,-36,288,0,30,0
66,-13,274,0,29,0
35,17,283,0,28,0
5,2,266,0,27,0
50,-44,272,0,26,0
12,7,245,0,25,0
34,0,248,0,24,0
26,-31,253,0,23,0
29,10,298,0,21,0
9,27,269,0,20,0
23,-4,225,0,19,0
45,-41,265,0,18,0
30,19,295,0,17,0
22,-0,231,0,15,0
11,-16,258,0,14,0
23,-33,258,0,13,0
19,21,267,0,12,0
18,-30,254,0,10,0
25,-15,236,0,9,0
17,17,253,0,8,0
18,-43,248,0,7,0
38,14,246,0,5,0
-16,9,275,0,4,0
2,29,245,0,3,0
-28,-5,259,0,1,0
10,-19,272,0,0,0
-16,37,229,0,-1,0
-19,-11,235,0,-3,0
23,-29,262,0,-4,0
-11,-17,235,0,-5,0
-2,6,230,0,-6,0
2,9,229,0,-8,0
-31,22,239,0,-9,0
-30,-5,229,0,-10,0
12,42,242,0,-12,0
-38,26,231,0,-13,0
-40,-21,228,0,-14,0
-58,-7,243,0,-15,0
-27,16,213,0,-17,0
-74,-36,226,0,-18,0
-33,12,240,0,-19,0
-72,-12,266,0,-20,0
-25,7,218,0,-21,0
-49,19,226,0,-22,0
-47,-30,243,0,-24,0
-36,39,211,0,-25,0
-57,8,219,0,-26,0
-115,-38,221,0,-27,0
-35,-4,261,0,-28,0
-49,4,243,0,-29,0
-52,-30,219,0,-30,0
-77,44,226,0,-31,0
-82,15,208,0,-32,0
-77,5,236,0,-33,0
-45,-27,234,0,-34,0
-72,25,195,0,-35,0
-45,-1,203,0,-36,0
-120,-8,252,0,-37,0
-68,38,201,0,-38,0
-43,17,221,0,-39,0
-53,15,202,0,-39,0
-66,-8,190,0,-40,0
-82,-2,209,0,-41,0
-120,0,244,0,-42,0
-74,23,213,0,-42,0
-112,-10,210,0,-43,0
-100,3,192,0,-44,0
-107,7,212,0,-44,0
-83,4,196,0,-45,0
-86,-16,251,0,-45,0
-109,3,206,0,-46,0
-64,-15,206,0,-46,0
-68,53,199,0,-47,0
-122,-10,211,0,-47,0
-112,44,201,0,-48,0
-81,9,209,0,-48,0
-115,2,194,0,-48,0
-112,-21,203,0,-49,0
-102,16,225,0,-49,0
-89,-27,227,0,-49,0
-117,3,186,0,-49,0
-102,7,203,0,-50,0
-101,-4,222,0,-50,0
-98,7,190,0,-50,0
-101,-6,206,0,-50,0
-118,4,214,0,-50,0
-103,10,215,0,-50,0
-88,-2,183,0,-50,0
-123,2,208,0,-50,0
-117,1,212,0,-50,0
-108,9,232,0,-50,0
-118,-8,186,0,-49,0
-103,23,180,0,-49,0
-94,10,233,0,-49,0
-126,28,216,0,-49,0
-104,-2,200,0,-48,0
-112,-14,229,0,-48,0
-72,-8,205,0,-48,0
-92,20,191,0,-47,0
-86,29,205,0,-47,0
-77,33,194,0,-47,0
-131,-11,217,0,-46,0
-106,-8,207,0,-45,0
-83,-29,219,0,-45,0
-115,32,216,0,-44,0
-93,-30,230,0,-44,0
-102,4,167,0,-43,0
-93,-34,216,0,-42,0
-92,33,209,0,-42,0
-78,-17,210,0,-41,0
-64,33,211,0,-40,0
-71,20,219,0,-39,0
-66,-18,207,0,-39,0
-102,-3,209,0,-38,0
-45,-17,207,0,-37,0
-52,-24,231,0,-36,0
-58,3,226,0,-35,0
-68,-14,210,0,-34,0
-94,-34,210,0,-33,0
-26,-15,216,0,-32,0
-51,-22,239,0,-31,0
-63,13,199,0,-30,0
-26,-16,226,0,-29,0
-41,-24,223,0,-28,0
-61,14,215,0,-27,0
-37,30,216,0,-26,0
-35,-28,219,0,-25,0
-43,-9,241,0,-24,0
-36,1,225,0,-23,0
-49,6,249,0,-21,0
-18,12,249,0,-20,0
-99,39,241,0,-19,0
-37,-4,173,0,-18,0
-22,7,218,0,-17,0
-28,-4,217,0,-15,0
-1,-3,250,0,-14,0
-30,-5,202,0,-13,0
-16,9,245,0,-12,0
-35,-28,201,0,-10,0
-41,15,216,0,-9,0
7,29,237,0,-8,0
27,7,274,0,-7,0
-4,9,229,0,-5,0
-8,16,257,0,-4,0
-20,26,266,0,-3,0
-22,16,231,0,-1,0
6,-8,275,0,-0,0
-14,8,271,0,1,0
-6,-14,276,0,3,0
30,20,243,0,4,0
-5,31,238,0,5,0
32,12,255,0,6,0
31,13,280,0,8,0
11,16,277,0,9,0
20,33,245,0,10,0
24,11,226,0,12,0
8,2,274,0,13,0
66,-1,306,0,14,0
39,25,295,0,15,0
31,-40,287,0,17,0
35,-29,260,0,18,0
26,-31,271,0,19,0
32,36,272,0,20,0
57,-28,299,0,21,0
31,-32,281,0,22,0
7,11,266,0,24,0
90,11,258,0,25,0
66,-9,266,0,26,0
26,-19,271,0,27,0
97,22,307,0,28,0
58,0,283,0,29,0
72,-4,280,0,30,0
51,8,299,0,31,0
71,8,302,0,32,0
91,32,291,0,33,0
70,24,283,0,34,0
48,-15,315,0,35,0
64,20,275,0,36,0
61,3,298,0,37,0
93,-6,312,0,38,0
73,-6,307,0,39,0
57,-15,268,0,39,0
66,-2,314,0,40,0
27,7,258,0,41,0
110,20,315,0,42,0
73,23,312,0,42,0
80,-4,290,0,43,0
112,-2,286,0,44,0
60,-30,301,0,44,0
94,-58,273,0,45,0
94,3,300,0,45,0
91,55,272,0,46,0
80,20,279,0,46,0
76,-20,279,0,47,0
115,-26,296,0,47,0
95,-38,293,0,48,0
98,34,290,0,48,0
121,-17,318,0,48,0
91,17,269,0,49,0
97,8,292,0,49,0
97,3,307,0,49,0
79,3,341,0,49,0
86,16,332,0,50,0
86,-18,283,0,50,0
124,-18,337,0,50,0
137,4,327,0,50,0
77,1,290,0,50,0
116,-16,339,0,50,0
102,-31,291,0,50,0
116,39,307,0,50,0
88,-5,299,0,50,0
127,-10,294,0,50,0
99,-20,342,0,49,0
92,-12,299,0,49,0
112,19,291,0,49,0
91,-10,285,0,49,0
94,-5,300,0,48,0
76,-16,313,0,48,0
77,-11,276,0,48,0
90,40,309,0,47,0
94,18,265,0,47,0
99,49,294,0,47,0
116,-18,335,0,46,0
97,47,296,0,46,0
54,-7,297,0,45,0
135,7,272,0,44,0
98,-17,308,0,44,0
73,-3,308,0,43,0
105,15,291,0,42,0
86,-27,334,0,42,0
88,-34,302,0,41,0
71,-13,317,0,40,0
92,18,314,0,39,0
46,-3,300,0,39,0
81,20,308,0,38,0
61,-8,309,0,37,0
48,-4,306,0,36,0
49,-26,286,0,35,0
41,11,281,0,34,0
61,-1,285,0,33,0
95,-9,274,0,32,0
51,15,286,0,31,0
68,38,274,0,30,0
57,-26,282,0,29,0
42,40,311,0,28,0
66,7,306,0,27,0
67,-27,283,0,26,0
14,14,299,0,25,0
13,31,279,0,24,0
68,-12,287,0,23,0
66,15,274,0,21,0
13,-9,286,0,20,0
20,2,282,0,19,0
75,-2,241,0,18,0
63,-2,230,0,17,0
3,-7,264,0,15,0
25,-7,280,0,14,0
3,-4,243,0,13,0
36,15,253,0,12,0
10,-6,243,0,10,0
6,44,292,0,9,0
25,-27,241,0,8,0
22,4,251,0,7,0
25,-13,237,0,5,0
-18,19,241,0,4,0
-21,24,241,0,3,0
-30,-5,255,0,1,0
-8,-39,264,0,0,0
-10,-14,277,0,-1,0
37,1,288,0,-3,0
-8,12,239,0,-4,0
-33,7,224,0,-5,0
-57,2,250,0,-6,0
-34,-29,253,0,-8,0
-35,-8,251,0,-9,0
-8,-41,241,0,-10,0
-62,-1,259,0,-12,0
-20,22,267,0,-13,0
-36,-1,278,0,-14,0
-29,3,255,0,-15,0
-12,9,244,0,-17,0
-59,15,205,0,-18,0
-28,8,271,0,-19,0
-36,-28,270,0,-20,0
-52,9,239,0,-21,0
-32,-7,306,0,-22,0
-53,10,222,0,-24,0
-73,39,247,0,-25,0
-79,8,225,0,-26,0
-64,-8,235,0,-27,0
-78,19,234,0,-28,0
-78,-41,219,0,-29,0
-82,25,251,0,-30,0
-77,-3,220,0,-31,0
-50,-18,225,0,-32,0
-33,-45,204,0,-33,0
-59,-7,213,0,-34,0
-71,-20,261,0,-35,0
-102,-14,195,0,-36,0
-78,-14,196,0,-37,0
-58,-3,248,0,-38,0
-100,-30,231,0,-39,0
-67,-42,228,0,-39,0
-73,-10,237,0,-40,0
-69,24,232,0,-41,0
-68,-41,207,0,-42,0
-102,-22,199,0,-42,0
-101,44,185,0,-43,0
-101,3,260,0,-44,0
-85,-1,211,0,-44,0
-117,-10,221,0,-45,0
-64,16,231,0,-45,0
-98,14,239,0,-46,0
-92,-12,213,0,-46,0
-91,-19,206,0,-47,0
-128,7,233,0,-47,0
-85,-21,185,0,-48,0
-110,-28,233,0,-48,0
-57,9,212,0,-48,0
-65,-13,207,0,-49,0
-91,0,244,0,-49,0
-137,-20,201,0,-49,0
-78,7,220,0,-49,0
-47,-0,163,0,-50,0
-130,45,195,0,-50,0
-145,-3,190,0,-50,0
-140,-8,180,0,-50,0
-92,30,178,0,-50,0
-109,34,190,0,-50,0
-90,34,240,0,-50,0
-111,3,228,0,-50,0
-101,-19,225,0,-50,0
-131,20,202,0,-50,0
-95,13,193,0,-49,0
-128,-6,201,0,-49,0
-80,-5,189,0,-49,0
-109,-3,210,0,-49,0
-101,20,199,0,-49,0
-156,8,195,0,-48,0
-104,17,196,0,-48,0
-102,-26,227,0,-47,0
-95,32,218,0,-47,0
-100,39,203,0,-47,0
-56,33,223,0,-46,0
-113,-26,246,0,-46,0
-112,2,220,0,-45,0
-103,-10,231,0,-44,0
-111,13,156,0,-44,0
-50,17,251,0,-43,0
-97,-15,218,0,-42,0
-79,8,200,0,-42,0
-115,23,228,0,-41,0
-76,20,214,0,-40,0
-46,10,232,0,-39,0
-80,15,227,0,-39,0
-73,-11,230,0,-38,0
-72,21,198,0,-37,0
-58,-12,207,0,-36,0
-64,-18,169,0,-35,0
-79,13,228,0,-34,0
-121,-2,214,0,-33,0
-70,17,232,0,-32,0
-75,25,217,0,-31,0
-58,-21,240,0,-30,0
-51,-10,236,0,-29,0
-73,-0,233,0,-28,0
-16,-29,206,0,-27,0
-57,33,220,0,-26,0
-27,4,226,0,-25,0
-65,29,234,0,-24,0
-55,-18,270,0,-23,0
-47,2,221,0,-21,0
-29,20,260,0,-20,0
-54,-7,207,0,-19,0
-35,-2,258,0,-18,0
-36,-0,219,0,-17,0
-2,-11,262,0,-15,0
-28,-5,251,0,-14,0
-30,21,237,0,-13,0
-46,22,242,0,-12,0
-10,-9,245,0,-10,0
-8,-5,250,0,-9,0
-40,27,241,0,-8,0
37,4,259,0,-7,0
8,65,227,0,-5,0
15,6,266,0,-4,0
-15,-2,282,0,-3,0
-11,9,257,0,-1,0
9,0,228,0,-0,0
-10,23,253,0,1,0
11,-1,263,0,3,0
-24,-8,262,0,4,0
19,10,263,0,5,0
-1,-60,266,0,6,0
12,-7,263,0,8,0
27,-4,283,0,9,0
-13,-13,252,0,10,0
26,45,252,0,12,0
31,-15,272,0,13,0
15,-30,266,0,14,0
26,-11,264,0,15,0
30,15,263,0,17,0
76,6,258,0,18,0
52,-8,262,0,19,0
33,-2,261,0,20,0
63,-14,322,0,21,0
75,-10,256,0,22,0
70,37,277,0,24,0
68,-2,257,0,25,0
57,-25,263,0,26,0
36,1,271,0,27,0
64,12,290,0,28,0
69,11,305,0,29,0
63,13,279,0,30,0
69,-8,286,0,31,0
64,-21,293,0,32,0
77,3,301,0,33,0
59,-12,272,0,34,0
58,-4,284,0,35,0
78,-23,307,0,36,0
67,-31,300,0,37,0
87,-4,288,0,38,0
82,28,274,0,39,0
59,-5,288,0,39,0
86,23,297,0,40,0
67,10,287,0,41,0
91,26,315,0,42,0
50,25,320,0,42,0
79,-34,301,0,43,0
102,1,339,0,44,0
107,-9,268,0,44,0
73,22,303,0,45,0
123,4,338,0,45,0
91,16,310,0,46,0
84,-12,346,0,46,0
77,-32,295,0,47,0
72,22,300,0,47,0
116,-12,282,0,48,0
102,-17,314,0,48,0
93,21,322,0,48,0
106,-33,315,0,49,0
101,34,270,0,49,0
71,-12,318,0,49,0
85,1,307,0,49,0
93,24,309,0,50,0
114,-9,309,0,50,0
64,6,284,0,50,0
102,-32,322,0,50,0
120,6,278,0,50,0
112,12,300,0,50,0
114,20,297,0,50,0
113,2,285,0,50,0
121,57,313,0,50,0
106,-11,278,0,50,0
63,-21,297,0,49,0
83,24,307,0,49,0
152,24,289,0,49,0
130,-13,323,0,49,0
102,-23,297,0,49,0
159,2,288,0,48,0
110,-4,302,0,48,0
95,18,274,0,47,0
109,11,310,0,47,0
117,-16,310,0,47,0
72,-20,283,0,46,0
118,-6,322,0,46,0
93,-31,332,0,45,0
91,-6,354,0,44,0
61,5,301,0,44,0
101,2,316,0,43,0
109,5,287,0,42,0
87,36,295,0,42,0
83,-24,320,0,41,0
35,-11,316,0,40,0
75,-35,306,0,39,0
73,6,306,0,39,0
56,28,262,0,38,0
79,-2,256,0,37,0
59,-1,320,0,36,0
52,11,254,0,35,0
124,-24,289,0,34,0
100,2,292,0,33,0
65,28,315,0,32,0
51,2,260,0,31,0
49,-14,270,0,30,0
56,21,277,0,29,0
106,15,283,0,28,0
20,15,280,0,27,0
15,16,272,0,26,0
40,13,277,0,25,0
62,21,258,0,24,0
35,15,303,0,23,0
37,32,277,0,21,0
47,32,269,0,20,0
31,-1,255,0,19,0
44,7,238,0,18,0
26,29,303,0,17,0
47,16,224,0,15,0
47,-25,250,0,14,0
26,29,299,0,13,0
-4,6,248,0,12,0
14,36,280,0,10,0
-3,53,263,0,9,0
23,11,279,0,8,0
18,3,266,0,7,0
23,3,267,0,5,0
-17,2,219,0,4,0
7,0,224,0,3,0
44,9,255,0,1,0
22,-4,302,0,0,0
-8,-16,274,0,-1,0
1,16,256,0,-3,0
15,-1,233,0,-4,0
-29,21,255,0,-5,0
12,-10,224,0,-6,0
-51,3,235,0,-8,0
-40,-5,233,0,-9,0
-14,-11,270,0,-10,0
-16,10,282,0,-12,0
-36,-6,246,0,-13,0
-48,-2,217,0,-14,0
-33,2,219,0,-15,0
-25,28,267,0,-16,0
-23,-32,256,0,-18,0
-57,-2,241,0,-19,0
-47,-14,192,0,-20,0
-29,-31,232,0,-21,0
-29,18,216,0,-22,0
-46,26,245,0,-24,0
-62,-40,232,0,-25,0
-39,-20,256,0,-26,0
-44,-14,220,0,-27,0
-43,-26,241,0,-28,0
-73,5,222,0,-29,0
-98,27,239,0,-30,0
-80,20,254,0,-31,0
-60,-6,218,0,-32,0
-73,11,180,0,-33,0
-65,-9,227,0,-34,0
-89,25,231,0,-35,0
-69,12,223,0,-36,0
-67,-11,187,0,-37,0
-73,4,222,0,-38,0
-74,-3,222,0,-39,0
-96,-4,191,0,-39,0
-100,11,233,0,-40,0
-61,10,242,0,-41,0
-72,-36,222,0,-42,0
-99,-19,196,0,-42,0
-136,-7,209,0,-43,0
-70,19,247,0,-44,0
-81,24,213,0,-44,0
-121,13,228,0,-45,0
-44,-20,228,0,-45,0
-89,-10,183,0,-46,0
-89,1,169,0,-46,0
-70,-11,213,0,-47,0
-67,12,219,0,-47,0
-103,23,194,0,-48,0
-123,-20,211,0,-48,0
-108,-34,213,0,-48,0
-113,8,176,0,-49,0
-91,-29,225,0,-49,0
-83,21,246,0,-49,0
-99,-20,216,0,-49,0
-79,40,204,0,-50,0
-88,-29,183,0,-50,0
-71,20,222,0,-50,0
-92,23,196,0,-50,0
-118,-9,205,0,-50,0
-138,11,199,0,-50,0
-116,3,221,0,-50,0
-105,-17,209,0,-50,0
-76,9,201,0,-50,0
-64,34,215,0,-50,0
-108,-27,217,0,-50,0
-115,21,163,0,-49,0
-63,34,168,0,-49,0
-50,-27,211,0,-49,0
-106,-9,172,0,-49,0
-105,-26,222,0,-48,0
-101,-18,248,0,-48,0
-117,-13,188,0,-47,0
-70,22,200,0,-47,0
-115,-15,218,0,-47,0
-108,15,226,0,-46,0
-94,22,183,0,-46,0
-99,-1,206,0,-45,0
-63,-0,185,0,-44,0
-79,-27,187,0,-44,0
-60,-14,202,0,-43,0
-78,-3,222,0,-42,0
-92,-22,243,0,-42,0
-66,-37,218,0,-41,0
-103,-14,212,0,-40,0
-97,35,266,0,-39,0
-57,-28,198,0,-39,0
-70,26,209,0,-38,0
-106,4,218,0,-37,0
-59,18,219,0,-36,0
-115,-44,227,0,-35,0
-69,-6,191,0,-34,0
-37,-19,252,0,-33,0
-23,-32,210,0,-32,0
-48,15,227,0,-31,0
-50,-10,227,0,-30,0
-72,15,221,0,-29,0
-40,-4,251,0,-28,0
-47,24,208,0,-27,0
-59,6,240,0,-26,0
-41,17,233,0,-25,0
-63,-11,225,0,-24,0
-73,-29,230,0,-23,0
-28,-2,241,0,-21,0
-35,-39,249,0,-20,0
-24,3,258,0,-19,0
-17,17,228,0,-18,0
10,17,240,0,-17,0
-60,12,266,0,-15,0
-46,-1,241,0,-14,0
-50,35,233,0,-13,0
-30,10,267,0,-12,0
0,-1,214,0,-10,0
-10,-12,241,0,-9,0
-0,-24,280,0,-8,0
-26,-18,232,0,-7,0
-4,34,237,0,-5,0
-16,5,297,0,-4,0
-9,20,250,0,-3,0
-17,19,266,0,-1,0
-12,-3,286,0,-0,0
-20,-5,232,0,1,0
28,-38,277,0,3,0
-7,-31,278,0,4,0
-5,-13,261,0,5,0
-14,-18,256,0,6,0
-20,-8,272,0,8,0
9,-13,280,0,9,0
23,-4,238,0,10,0
-9,8,265,0,12,0
19,-36,271,0,13,0
43,10,234,0,14,0
10,13,288,0,15,0
47,25,257,0,16,0
80,15,313,0,18,0
17,-0,271,0,19,0
71,14,290,0,20,0
73,5,271,0,21,0
26,-4,304,0,22,0
74,-0,263,0,24,0
77,21,275,0,25,0
21,8,275,0,26,0
37,-23,307,0,27,0
61,26,288,0,28,0
43,4,285,0,29,0
64,-8,296,0,30,0
50,34,260,0,31,0
56,-33,265,0,32,0
51,-46,294,0,33,0
57,-5,306,0,34,0
93,-11,289,0,35,0
67,25,301,0,36,0
73,-23,279,0,37,0
83,6,285,0,38,0
80,-3,290,0,39,0
69,-11,278,0,39,0
88,-1,276,0,40,0
94,11,294,0,41,0
97,1,285,0,42,0
68,-11,296,0,42,0
86,25,296,0,43,0
86,10,313,0,44,0
93,6,267,0,44,0
57,-17,323,0,45,0
71,-20,304,0,45,0
67,-3,306,0,46,0
82,22,346,0,46,0
138,13,309,0,47,0
101,-26,301,0,47,0
112,-28,330,0,48,0
108,8,320,0,48,0
90,-16,315,0,48,0
73,-4,260,0,49,0
90,-7,318,0,49,0
76,-20,284,0,49,0
97,7,288,0,49,0
93,-29,308,0,50,0
130,24,326,0,50,0
90,30,309,0,50,0
93,-28,292,0,50,0
81,13,286,0,50,0
103,-28,291,0,50,0
100,-20,333,0,50,0
64,-6,301,0,50,0
82,-8,293,0,50,0
106,22,271,0,50,0
82,-11,315,0,50,0
134,11,252,0,49,0
93,-10,296,0,49,0
82,25,311,0,49,0
109,-6,307,0,49,0
85,7,310,0,48,0
86,-11,269,0,48,0
78,-26,268,0,47,0
114,1,293,0,47,0
106,30,332,0,47,0
70,-15,312,0,46,0
99,21,327,0,46,0
51,41,313,0,45,0
88,-2,294,0,44,0
88,1,269,0,44,0
57,9,307,0,43,0
125,-6,325,0,42,0
84,15,294,0,42,0
84,18,297,0,41,0
104,15,314,0,40,0
55,-0,300,0,39,0
77,-4,335,0,39,0
47,19,314,0,38,0
68,24,342,0,37,0
93,-28,288,0,36,0
74,-2,296,0,35,0
55,-18,233,0,34,0
34,-13,318,0,33,0
24,-14,299,0,32,0
51,25,299,0,31,0
44,22,301,0,30,0
97,-24,284,0,29,0
44,-14,309,0,28,0
75,-2,292,0,27,0
66,1,288,0,26,0
83,2,295,0,25,0
25,21,271,0,24,0
30,-34,268,0,23,0
38,12,277,0,21,0
75,-19,263,0,20,0
20,-23,292,0,19,0
73,-8,281,0,18,0
63,-24,253,0,17,0
44,-12,287,0,15,0
35,1,271,0,14,0
1,2,302,0,13,0
23,6,303,0,12,0
52,-4,250,0,10,0
17,-18,251,0,9,0
17,3,262,0,8,0
21,3,237,0,7,0
26,26,263,0,5,0
-14,-1,255,0,4,0
-11,-34,249,0,3,0
41,14,273,0,1,0
-35,-12,266,0,0,0
-53,10,207,0,-1,0
-47,23,257,0,-3,0
-2,-23,242,0,-4,0
-24,28,254,0,-5,0
-9,1,207,0,-6,0
19,-17,240,0,-8,0
-44,-6,274,0,-9,0
-33,36,243,0,-10,0
-17,-21,231,0,-11,0
-17,-12,250,0,-13,0
-22,5,274,0,-14,0
-55,-43,230,0,-15,0
2,-9,237,0,-16,0
-58,-19,248,0,-18,0
-36,-14,229,0,-19,0
-48,-16,217,0,-20,0
-11,19,195,0,-21,0
-82,-13,217,0,-22,0
-27,-21,216,0,-24,0
-46,18,251,0,-25,0
-37,0,217,0,-26,0
-81,1,246,0,-27,0
-67,-36,238,0,-28,0
-76,-7,233,0,-29,0
-70,17,229,0,-30,0
-42,4,188,0,-31,0
-65,-9,191,0,-32,0
-74,0,189,0,-33,0
-75,-7,194,0,-34,0
-86,-15,205,0,-35,0
-67,14,219,0,-36,0
-95,-18,225,0,-37,0
-61,5,273,0,-38,0
-83,-5,221,0,-39,0
-96,-56,256,0,-39,0
-78,-4,222,0,-40,0
-51,10,228,0,-41,0
-75,-1,204,0,-42,0
-96,-1,241,0,-42,0
-76,-30,187,0,-43,0
-72,31,203,0,-44,0
-84,-29,196,0,-44,0
-69,19,212,0,-45,0
-115,0,200,0,-45,0
-126,-49,211,0,-46,0
-84,7,222,0,-46,0
-76,-13,206,0,-47,0
-115,-11,180,0,-47,0
-117,-36,209,0,-48,0
-103,6,210,0,-48,0
-119,36,201,0,-48,0
-89,44,188,0,-49,0
-100,10,197,0,-49,0
-99,-5,211,0,-49,0
-66,2,188,0,-49,0
-113,-17,236,0,-50,0
-98,7,188,0,-50,0
-98,9,166,0,-50,0
-110,9,189,0,-50,0
-119,6,212,0,-50,0
-97,-22,199,0,-50,0
-105,7,187,0,-50,0
-60,51,194,0,-50,0
-107,28,182,0,-50,0
-107,14,203,0,-50,0
-37,-3,215,0,-50,0
-60,25,177,0,-49,0
-55,11,215,0,-49,0
-91,12,244,0,-49,0
-95,-5,200,0,-49,0
-109,-18,219,0,-48,0
-122,30,235,0,-48,0
-106,-20,193,0,-47,0
-94,-18,203,0,-47,0
-102,37,189,0,-47,0
-116,-21,214,0,-46,0
-78,11,202,0,-46,0
-90,35,219,0,-45,0
-94,-28,194,0,-44,0
-50,-14,217,0,-44,0
-101,-16,188,0,-43,0
-59,11,248,0,-42,0
-66,16,214,0,-42,0
-81,24,224,0,-41,0
-65,-6,222,0,-40,0
-70,-10,208,0,-39,0
-90,-8,210,0,-39,0
-89,-8,262,0,-38,0
-84,-9,179,0,-37,0
-64,-0,175,0,-36,0
-83,-22,214,0,-35,0
-25,-1,205,0,-34,0
-77,-12,230,0,-33,0
-71,4,251,0,-32,0
-65,-22,205,0,-31,0
-91,22,221,0,-30,0
-94,-8,256,0,-29,0
-43,44,208,0,-28,0
-84,-12,232,0,-27,0
-11,-13,227,0,-26,0
-69,29,215,0,-25,0
-61,-16,239,0,-24,0
-41,10,277,0,-23,0
-23,-19,271,0,-21,0
-30,20,206,0,-20,0
-30,3,241,0,-19,0
-7,19,222,0,-18,0
-51,-16,219,0,-17,0
-39,10,241,0,-15,0
-42,11,221,0,-14,0
3,11,227,0,-13,0
13,-2,252,0,-12,0
-28,-31,254,0,-10,0
5,-3,250,0,-9,0
-13,-22,247,0,-8,0
-52,-1,261,0,-7,0
-34,14,245,0,-5,0
-26,-21,241,0,-4,0
-18,11,245,0,-3,0
3,-21,270,0,-1,0
5,-14,284,0,-0,0
-11,23,265,0,1,0
-0,-20,259,0,3,0
7,1,261,0,4,0
-3,-3,233,0,5,0
51,-27,259,0,6,0
3,-50,211,0,8,0
25,14,241,0,9,0
11,2,279,0,10,0
-1,8,257,0,11,0
-0,-26,272,0,13,0
47,-14,270,0,14,0
37,21,267,0,15,0
48,-22,296,0,16,0
-10,7,261,0,18,0
3,-13,250,0,19,0
20,-18,260,0,20,0
29,-4,288,0,21,0
30,-3,288,0,22,0
36,-17,276,0,24,0
77,9,276,0,25,0
24,0,277,0,26,0
69,-6,266,0,27,0
61,-11,277,0,28,0
46,34,276,0,29,0
75,14,271,0,30,0
62,14,301,0,31,0
81,52,305,0,32,0
63,-3,287,0,33,0
73,9,275,0,34,0
67,0,269,0,35,0
87,11,267,0,36,0
57,7,292,0,37,0
100,-22,288,0,38,0
75,1,319,0,39,0
69,20,259,0,39,0
79,-6,328,0,40,0
80,6,315,0,41,0
115,16,321,0,42,0
67,30,297,0,42,0
102,-12,286,0,43,0
86,-12,249,0,44,0
123,-25,282,0,44,0
77,10,292,0,45,0
109,13,280,0,45,0
109,11,293,0,46,0
91,-11,257,0,46,0
90,-22,277,0,47,0
108,-17,293,0,47,0
129,14,286,0,48,0
92,-34,299,0,48,0
89,-9,273,0,48,0
111,-2,333,0,49,0
118,-36,312,0,49,0
93,-12,300,0,49,0
118,21,310,0,49,0
87,1,318,0,50,0
105,7,305,0,50,0
79,-12,303,0,50,0
101,23,297,0,50,0
123,-17,320,0,50,0
112,-9,305,0,50,0
111,-13,309,0,50,0
110,38,344,0,50,0
99,1,295,0,50,0
72,15,298,0,50,0
97,1,291,0,50,0
98,-14,276,0,49,0
99,3,333,0,49,0
107,25,312,0,49,0
81,15,282,0,49,0
106,-13,324,0,48,0
118,10,297,0,48,0
99,-12,311,0,47,0
92,-32,304,0,47,0
82,-30,294,0,47,0
99,16,275,0,46,0
84,-11,300,0,46,0
79,1,302,0,45,0
100,15,288,0,44,0
87,5,326,0,44,0
91,47,301,0,43,0
77,19,271,0,42,0
62,-12,314,0,42,0
78,32,287,0,41,0
103,-31,328,0,40,0
103,15,267,0,39,0
79,-25,283,0,39,0
109,3,315,0,38,0
57,6,283,0,37,0
67,13,302,0,36,0
71,-25,277,0,35,0
68,-24,298,0,34,0
81,-18,276,0,33,0
36,-8,282,0,32,0
63,16,289,0,31,0
68,-26,256,0,30,0
55,-8,280,0,29,0
44,2,291,0,28,0
65,-22,296,0,27,0
65,-2,304,0,26,0
40,4,277,0,25,0
60,-17,249,0,24,0
29,-26,301,0,23,0
77,14,240,0,21,0
17,-2,282,0,20,0
19,6,279,0,19,0
32,-29,288,0,18,0
30,-5,274,0,17,0
33,-22,255,0,15,0
-17,15,322,0,14,0
21,-2,290,0,13,0
49,-14,253,0,12,0
33,-11,273,0,10,0
8,-29,252,0,9,0
12,-13,271,0,8,0
26,-1,254,0,7,0
-8,-9,255,0,5,0
-42,-6,236,0,4,0
3,22,259,0,3,0
43,-28,241,0,1,0
-0,11,286,0,0,0
-6,-15,253,0,-1,0
-25,-21,207,0,-3,0
27,-18,250,0,-4,0
13,3,224,0,-5,0
-29,18,264,0,-6,0
17,7,263,0,-8,0
-26,1,233,0,-9,0
-42,-4,262,0,-10,0
22,-2,260,0,-11,0
-15,-10,239,0,-13,0
-41,-29,219,0,-14,0
-28,28,245,0,-15,0
-50,-7,208,0,-16,0
-7,-7,232,0,-18,0
-13,-8,225,0,-19,0
-53,6,261,0,-20,0
-39,16,236,0,-21,0
-50,-16,248,0,-22,0
-58,-24,233,0,-24,0
-44,-16,250,0,-25,0
-57,-16,221,0,-26,0
-33,38,248,0,-27,0
-66,24,230,0,-28,0
-81,-5,240,0,-29,0
-52,-26,191,0,-30,0
-57,11,232,0,-31,0
-91,-20,210,0,-32,0
-53,-24,189,0,-33,0
-65,-15,239,0,-34,0
-97,-38,228,0,-35,0
-57,-23,234,0,-36,0
-77,4,205,0,-37,0
-72,45,176,0,-38,0
-73,5,239,0,-39,0
-61,-10,220,0,-39,0
-119,-22,174,0,-40,0
-89,-24,196,0,-41,0
-76,32,233,0,-42,0
-4,-7,206,0,-42,0
-85,16,193,0,-43,0
-95,-27,193,0,-44,0
-101,-2,188,0,-44,0
-114,-8,206,0,-45,0
-106,66,226,0,-45,0
-124,29,170,0,-46,0
-109,13,190,0,-46,0
-128,1,193,0,-47,0
-78,10,212,0,-47,0
-86,8,223,0,-48,0
-52,5,184,0,-48,0
-103,-15,185,0,-48,0
-38,5,180,0,-49,0
-58,35,176,0,-49,0
-103,-20,196,0,-49,0
-86,-19,211,0,-49,0
-105,31,185,0,-50,0
-119,17,179,0,-50,0
-65,-1,165,0,-50,0
-113,10,171,0,-50,0
-61,-15,216,0,-50,0
-101,-14,206,0,-50,0
-119,13,186,0,-50,0
-126,-22,223,0,-50,0
-126,0,189,0,-50,0
-101,-42,206,0,-50,0
-89,-16,213,0,-50,0
-95,-23,237,0,-49,0
-111,-13,226,0,-49,0
-104,8,190,0,-49,0
-116,6,206,0,-49,0
-120,-32,195,0,-48,0
-57,15,209,0,-48,0
-112,-63,211,0,-47,0
-97,-18,253,0,-47,0
-129,-7,191,0,-47,0
-103,-52,211,0,-46,0
-84,-28,210,0,-46,0
-85,10,219,0,-45,0
-79,-7,201,0,-44,0
-91,1,225,0,-44,0
-64,20,199,0,-43,0
-101,15,219,0,-42,0
-70,3,228,0,-42,0
-97,-27,147,0,-41,0
-65,7,220,0,-40,0
-78,-7,200,0,-39,0
-61,27,222,0,-39,0
-41,16,223,0,-38,0
-46,12,214,0,-37,0
-50,-1,198,0,-36,0
-68,-1,227,0,-35,0
-44,20,235,0,-34,0
-49,-9,226,0,-33,0
-87,19,264,0,-32,0
-61,-2,216,0,-31,0
-50,19,199,0,-30,0
-37,0,210,0,-29,0
-55,-24,223,0,-28,0
-45,-0,214,0,-27,0
-25,7,222,0,-26,0
-46,9,184,0,-25,0
-62,7,232,0,-24,0
-32,27,256,0,-23,0
-45,19,231,0,-21,0
-24,-13,238,0,-20,0
-37,29,233,0,-19,0
-40,-30,203,0,-18,0
-35,4,237,0,-17,0
-24,-6,263,0,-15,0
-2,-10,254,0,-14,0
-26,-2,212,0,-13,0
-25,12,233,0,-12,0
-38,3,234,0,-10,0
5,1,250,0,-9,0
-21,12,238,0,-8,0
0,17,237,0,-7,0
-25,-10,241,0,-5,0
-14,-33,252,0,-4,0
-16,-14,225,0,-3,0
-3,-5,215,0,-1,0
-40,15,245,0,-0,0
-26,-15,271,0,1,0
10,-3,253,0,2,0
23,25,262,0,4,0
32,-25,237,0,5,0
5,34,272,0,6,0
8,-10,277,0,8,0
33,16,286,0,9,0
6,22,300,0,10,0
9,13,275,0,11,0
3,1,258,0,13,0
17,18,280,0,14,0
47,-5,279,0,15,0
34,16,253,0,16,0
77,-11,270,0,18,0
53,-20,278,0,19,0
31,-5,241,0,20,0
41,20,279,0,21,0
55,16,266,0,22,0
28,-9,276,0,24,0
44,2,277,0,25,0
81,-38,287,0,26,0
82,-21,284,0,27,0
46,3,247,0,28,0
86,-5,295,0,29,0
36,-40,282,0,30,0
68,-4,289,0,31,0
37,32,306,0,32,0
98,4,256,0,33,0
66,-22,276,0,34,0
72,5,314,0,35,0
62,-4,296,0,36,0
72,4,280,0,37,0
91,14,277,0,38,0
36,26,299,0,39,0
94,-13,261,0,39,0
67,44,295,0,40,0
98,-10,321,0,41,0
92,-6,274,0,42,0
96,10,257,0,42,0
73,31,316,0,43,0
95,19,285,0,44,0
113,-1,313,0,44,0
95,38,293,0,45,0
80,-5,313,0,45,0
69,-29,304,0,46,0
88,23,322,0,46,0
49,-16,290,0,47,0
149,8,318,0,47,0
122,5,320,0,48,0
108,-30,306,0,48,0
101,-9,293,0,48,0
85,17,292,0,49,0
96,9,315,0,49,0
106,14,288,0,49,0
97,0,289,0,49,0
113,-3,288,0,50,0
102,-24,297,0,50,0
127,4,319,0,50,0
108,4,305,0,50,0
86,19,332,0,50,0
69,-3,318,0,50,0
92,-11,274,0,50,0
112,-4,319,0,50,0
76,-2,323,0,50,0
114,-13,276,0,50,0
93,-29,297,0,50,0
81,-16,294,0,49,0
70,-16,300,0,49,0
121,17,303,0,49,0
122,2,325,0,49,0
61,-13,326,0,48,0
75,32,301,0,48,0
84,11,294,0,47,0
115,7,326,0,47,0
83,12,290,0,47,0
99,38,294,0,46,0
68,-11,272,0,46,0
74,-6,326,0,45,0
67,-15,323,0,44,0
96,23,300,0,44,0
99,20,310,0,43,0
101,-10,299,0,42,0
8,9,324,0,42,0
76,-14,301,0,41,0
38,25,346,0,40,0
86,-18,280,0,40,0
108,7,289,0,39,0
67,30,281,0,38,0
43,2,292,0,37,0
98,-14,299,0,36,0
79,12,254,0,35,0
96,30,254,0,34,0
57,-15,274,0,33,0
76,-22,260,0,32,0
60,-27,291,0,31,0
63,19,317,0,30,0
63,-19,284,0,29,0
95,-17,253,0,28,0
60,23,296,0,27,0
30,7,297,0,26,0
38,-22,326,0,25,0
40,-33,294,0,24,0
52,10,241,0,23,0
30,-12,243,0,21,0
21,21,280,0,20,0
54,9,255,0,19,0
36,-17,241,0,18,0
24,8,263,0,17,0
12,-1,277,0,15,0
51,4,269,0,14,0
17,27,255,0,13,0
27,-5,263,0,12,0
64,17,298,0,10,0
6,32,280,0,9,0
9,-32,267,0,8,0
27,17,234,0,7,0
43,-19,260,0,5,0
31,25,206,0,4,0
26,31,267,0,3,0
-1,20,248,0,1,0
-6,2,228,0,0,0
-1,-8,243,0,-1,0
-10,-8,266,0,-2,0
4,-5,227,0,-4,0
5,29,243,0,-5,0
-29,-22,275,0,-6,0
-2,13,281,0,-8,0
-13,18,255,0,-9,0
-19,-32,242,0,-10,0
11,-4,252,0,-11,0
-29,38,218,0,-13,0
-5,8,268,0,-14,0
-31,-43,252,0,-15,0
-44,26,241,0,-16,0
-24,-31,236,0,-18,0
-18,43,235,0,-19,0
-27,18,251,0,-20,0
-64,40,232,0,-21,0
-48,-24,261,0,-22,0
-71,15,205,0,-24,0
-33,22,228,0,-25,0
-56,-16,203,0,-26,0
-66,-31,289,0,-27,0
-68,2,235,0,-28,0
-66,18,236,0,-29,0
-64,42,213,0,-30,0
-61,-3,239,0,-31,0
-76,18,213,0,-32,0
-76,12,236,0,-33,0
-65,-3,187,0,-34,0
-52,-37,230,0,-35,0
-104,18,213,0,-36,0
-57,27,226,0,-37,0
-41,31,234,0,-38,0
-76,8,199,0,-39,0
-83,4,232,0,-39,0
-112,-34,243,0,-40,0
-84,19,213,0,-41,0
-112,22,202,0,-42,0
-62,3,197,0,-42,0
-77,-3,182,0,-43,0
-98,3,210,0,-44,0
-80,-2,191,0,-44,0
-65,-17,215,0,-45,0
-135,6,243,0,-45,0
-79,30,167,0,-46,0
-127,-7,219,0,-46,0
-90,-13,234,0,-47,0
-111,-6,209,0,-47,0
-112,15,245,0,-48,0
-101,7,235,0,-48,0
-68,-30,183,0,-48,0
-88,2,198,0,-49,0
-90,-17,219,0,-49,0
-98,-17,232,0,-49,0
-65,2,208,0,-49,0
-111,-28,189,0,-50,0
-153,-6,207,0,-50,0
-80,-7,182,0,-50,0
-59,10,162,0,-50,0
-96,17,229,0,-50,0
-106,2,250,0,-50,0
-78,6,172,0,-50,0
-98,-21,209,0,-50,0
-127,1,208,0,-50,0
-76,-8,196,0,-50,0
-108,16,183,0,-50,0
-116,-2,222,0,-49,0
-105,-4,210,0,-49,0
-110,4,209,0,-49,0
-89,-24,186,0,-49,0
-85,-2,195,0,-48,0
-83,4,229,0,-48,0
-65,-6,238,0,-47,0
-119,21,239,0,-47,0
-102,16,215,0,-47,0
-87,-4,203,0,-46,0
-114,-10,240,0,-46,0
-64,34,237,0,-45,0
-128,-20,210,0,-44,0
-53,3,194,0,-44,0
-113,-18,225,0,-43,0
-66,-6,245,0,-42,0
-69,-11,236,0,-42,0
-94,2,215,0,-41,0
-48,19,200,0,-40,0
-70,15,205,0,-40,0
-97,-3,218,0,-39,0
-76,7,171,0,-38,0
-53,-23,232,0,-37,0
-86,14,202,0,-36,0
-53,11,190,0,-35,0
-81,-30,218,0,-34,0
-93,-5,221,0,-33,0
-36,-11,257,0,-32,0
-88,14,215,0,-31,0
-77,35,199,0,-30,0
-46,-30,192,0,-29,0
-70,14,207,0,-28,0
-79,-18,237,0,-27,0
-47,8,245,0,-26,0
-26,-22,235,0,-25,0
-62,11,255,0,-24,0
-32,-4,252,0,-23,0
-30,4,263,0,-21,0
-56,4,222,0,-20,0
-58,-4,230,0,-19,0
-4,0,235,0,-18,0
-15,33,236,0,-17,0
4,-22,232,0,-15,0
-10,-39,246,0,-14,0
-25,18,236,0,-13,0
-33,-15,242,0,-12,0
-0,-11,244,0,-10,0
-25,25,227,0,-9,0
-12,5,266,0,-8,0
3,29,244,0,-7,0
-15,-7,248,0,-5,0
3,-26,263,0,-4,0
-6,-6,254,0,-3,0
-12,8,256,0,-1,0
23,-11,262,0,-0,0
63,-16,233,0,1,0
-4,-40,255,0,2,0
-19,-11,274,0,4,0
19,9,245,0,5,0
23,-15,264,0,6,0
8,-21,260,0,8,0
17,-8,256,0,9,0
9,12,316,0,10,0
31,10,293,0,11,0
33,5,274,0,13,0
33,-12,258,0,14,0
80,23,309,0,15,0
18,-16,276,0,16,0
19,32,239,0,18,0
57,-12,246,0,19,0
17,-11,252,0,20,0
35,4,264,0,21,0
39,-9,281,0,22,0
58,-23,259,0,24,0
62,-4,297,0,25,0
71,-22,266,0,26,0
69,2,273,0,27,0
57,28,315,0,28,0
49,-26,267,0,29,0
67,-1,278,0,30,0
41,18,276,0,31,0
58,-38,305,0,32,0
75,24,258,0,33,0
82,-18,267,0,34,0
90,-26,256,0,35,0
83,-3,263,0,36,0
49,4,298,0,37,0
80,31,328,0,38,0
99,35,305,0,39,0
62,11,300,0,39,0
96,20,294,0,40,0
76,-25,283,0,41,0
88,-11,300,0,42,0
66,-16,316,0,42,0
71,13,278,0,43,0
73,3,327,0,44,0
97,-34,314,0,44,0
78,20,319,0,45,0
81,15,299,0,45,0
100,13,321,0,46,0
90,20,303,0,46,0
111,15,313,0,47,0
100,3,335,0,47,0
69,-19,292,0,48,0
112,34,321,0,48,0
109,34,270,0,48,0
69,26,319,0,49,0
119,3,302,0,49,0
110,17,326,0,49,0
101,-6,320,0,49,0
81,-16,351,0,50,0
87,31,288,0,50,0
122,11,294,0,50,0
91,21,276,0,50,0
99,14,306,0,50,0
122,11,307,0,50,0
118,-26,265,0,50,0
83,-12,302,0,50,0
90,17,288,0,50,0
89,54,273,0,50,0
111,26,324,0,50,0
142,-5,300,0,49,0
87,-11,261,0,49,0
129,13,302,0,49,0
103,4,294,0,49,0
76,-9,249,0,48,0
71,-3,284,0,48,0
95,10,282,0,47,0
103,45,328,0,47,0
94,-8,309,0,47,0
82,26,323,0,46,0
98,-7,290,0,46,0
89,-32,283,0,45,0
114,-15,282,0,44,0
76,6,273,0,44,0
86,-5,273,0,43,0
51,-17,280,0,42,0
72,-36,303,0,42,0
72,-2,298,0,41,0
76,-6,295,0,40,0
91,8,269,0,40,0
51,-8,277,0,39,0
77,4,284,0,38,0
77,37,323,0,37,0
81,-15,281,0,36,0
66,3,304,0,35,0
81,-25,251,0,34,0
103,-18,298,0,33,0
106,0,306,0,32,0
109,11,274,0,31,0
60,15,319,0,30,0
32,-24,298,0,29,0
78,39,266,0,28,0
42,22,324,0,27,0
39,4,273,0,26,0
63,26,314,0,25,0
57,-27,278,0,24,0
50,-4,267,0,23,0
36,5,268,0,21,0
66,14,264,0,20,0
56,-45,267,0,19,0
44,25,270,0,18,0
-4,17,272,0,17,0
-16,34,267,0,15,0
26,2,279,0,14,0
57,-13,271,0,13,0
16,9,265,0,12,0
27,-5,271,0,10,0
25,-11,246,0,9,0
-21,36,272,0,8,0
9,-12,273,0,7,0
10,-11,249,0,5,0
6,7,250,0,4,0
14,18,259,0,3,0
-3,12,240,0,1,0
20,1,255,0,0,0
-2,-30,258,0,-1,0
-2,-23,284,0,-2,0
-5,-20,225,0,-4,0
-11,11,268,0,-5,0
-2,-25,192,0,-6,0
-4,-10,223,0,-8,0
-29,-5,252,0,-9,0
-21,-4,231,0,-10,0
-44,-2,264,0,-11,0
-48,38,238,0,-13,0
-27,-18,238,0,-14,0
-14,15,249,0,-15,0
-52,-3,273,0,-16,0
-75,-20,250,0,-18,0
-40,13,225,0,-19,0
-9,15,236,0,-20,0
-7,3,222,0,-21,0
-49,-25,225,0,-22,0
-75,-16,229,0,-24,0
-34,-22,252,0,-25,0
-27,8,283,0,-26,0
-81,-9,214,0,-27,0
-68,-22,196,0,-28,0
-48,4,229,0,-29,0
-46,-3,227,0,-30,0
-45,3,211,0,-31,0
-30,-28,284,0,-32,0
-47,-3,211,0,-33,0
-75,7,244,0,-34,0
-77,-3,235,0,-35,0
-110,-38,221,0,-36,0
-74,35,194,0,-37,0
-73,-13,253,0,-38,0
-122,-19,226,0,-39,0
-97,-30,189,0,-39,0
-53,-17,219,0,-40,0
-91,42,220,0,-41,0
-88,22,208,0,-42,0
-74,6,210,0,-42,0
-89,22,202,0,-43,0
-93,-4,187,0,-44,0
-83,4,246,0,-44,0
-51,-15,227,0,-45,0
-115,-15,224,0,-45,0
-80,22,266,0,-46,0
-124,6,195,0,-46,0
-92,6,230,0,-47,0
-83,13,194,0,-47,0
-98,-10,190,0,-48,0
-94,21,184,0,-48,0
-98,-20,193,0,-48,0
-65,27,208,0,-49,0
-108,0,200,0,-49,0
-87,-10,206,0,-49,0
-129,10,189,0,-49,0
-112,8,230,0,-50,0
-123,-10,191,0,-50,0
-91,6,184,0,-50,0
-143,3,204,0,-50,0
-75,4,195,0,-50,0
-110,10,178,0,-50,0
-101,14,244,0,-50,0
-116,11,212,0,-50,0
-101,-16,190,0,-50,0
-70,-19,187,0,-50,0
-139,-17,221,0,-50,0
-126,32,242,0,-49,0
-73,15,175,0,-49,0
-91,19,186,0,-49,0
-82,10,219,0,-49,0
-85,-54,175,0,-48,0
-77,-5,195,0,-48,0
-68,34,174,0,-47,0
-107,14,193,0,-47,0
-82,24,205,0,-47,0
-109,-35,241,0,-46,0
-106,8,212,0,-46,0
-95,-22,194,0,-45,0
-118,4,225,0,-44,0
-84,-13,194,0,-44,0
-104,1,243,0,-43,0
-62,-0,215,0,-42,0
-136,-21,200,0,-42,0
-88,14,207,0,-41,0
-62,9,232,0,-40,0
-98,-29,249,0,-40,0
-50,26,242,0,-39,0
-88,5,222,0,-38,0
-74,-11,190,0,-37,0
-46,14,214,0,-36,0
-64,5,192,0,-35,0
-64,-2,202,0,-34,0
-61,-2,206,0,-33,0
-20,11,186,0,-32,0
-84,11,196,0,-31,0
-43,-16,193,0,-30,0
-34,6,201,0,-29,0
-60,17,202,0,-28,0
-100,-0,226,0,-27,0
-66,-46,265,0,-26,0
-46,-22,265,0,-25,0
-75,13,241,0,-24,0
-49,-3,197,0,-23,0
-27,19,186,0,-21,0
-45,-46,256,0,-20,0
-54,-13,242,0,-19,0
-27,24,234,0,-18,0
-13,-9,248,0,-17,0
-10,25,207,0,-15,0
-60,-1,235,0,-14,0
-13,-7,247,0,-13,0
-49,5,233,0,-12,0
-31,22,240,0,-10,0
-36,-11,266,0,-9,0
-6,3,246,0,-8,0
-27,8,280,0,-7,0
-9,6,224,0,-5,0
5,-1,282,0,-4,0
-12,4,268,0,-3,0
-13,-13,255,0,-1,0
3,8,265,0,-0,0
-8,-5,274,0,1,0
-37,-5,246,0,2,0
6,31,277,0,4,0
1,-23,247,0,5,0
30,21,265,0,6,0
18,12,296,0,8,0
34,16,265,0,9,0
28,8,235,0,10,0
15,-32,262,0,11,0
21,-8,283,0,13,0
-4,12,283,0,14,0
51,6,282,0,15,0
35,5,239,0,16,0
38,-23,270,0,18,0
18,12,271,0,19,0
54,16,278,0,20,0
14,8,295,0,21,0
86,-17,297,0,22,0
42,28,280,0,24,0
61,-3,285,0,25,0
52,-1,263,0,26,0
43,9,271,0,27,0
67,-17,314,0,28,0
61,-20,301,0,29,0
64,-39,297,0,30,0
51,9,308,0,31,0
52,17,234,0,32,0
61,-3,276,0,33,0
67,-3,305,0,34,0
39,-8,274,0,35,0
81,-28,308,0,36,0
68,-23,274,0,37,0
74,3,303,0,38,0
59,5,345,0,39,0
120,6,314,0,39,0
68,-44,291,0,40,0
79,-2,316,0,41,0
62,-4,268,0,42,0
85,16,298,0,42,0
98,20,307,0,43,0
112,-1,266,0,44,0
68,-24,285,0,44,0
59,16,327,0,45,0
93,15,300,0,45,0
73,29,335,0,46,0
115,-11,310,0,46,0
114,7,293,0,47,0
130,0,321,0,47,0
97,-9,301,0,48,0
51,13,307,0,48,0
125,34,318,0,48,0
96,14,325,0,49,0
90,-16,311,0,49,0
99,34,345,0,49,0
101,7,317,0,49,0
99,-15,300,0,50,0
82,18,314,0,50,0
107,-4,328,0,50,0
102,13,303,0,50,0
102,-17,298,0,50,0
158,-2,318,0,50,0
69,-12,294,0,50,0
56,3,312,0,50,0
114,13,307,0,50,0
114,19,326,0,50,0
58,-7,297,0,50,0
137,-11,287,0,49,0
97,12,293,0,49,0
92,-15,279,0,49,0
95,-22,306,0,49,0
86,25,309,0,48,0
104,29,322,0,48,0
105,30,360,0,47,0
93,18,267,0,47,0
68,-48,309,0,47,0
101,-19,322,0,46,0
99,-18,323,0,46,0
101,15,317,0,45,0
116,16,318,0,44,0
103,-10,265,0,44,0
97,9,271,0,43,0
104,-13,277,0,42,0
71,26,302,0,42,0
87,-39,321,0,41,0
51,4,319,0,40,0
79,17,301,0,40,0
66,1,311,0,39,0
104,-17,288,0,38,0
89,5,302,0,37,0
78,10,287,0,36,0
114,-37,275,0,35,0
63,7,298,0,34,0
119,-18,348,0,33,0
83,-5,273,0,32,0
29,-20,318,0,31,0
62,9,264,0,30,0
33,-18,266,0,29,0
71,-1,251,0,28,0
72,8,275,0,27,0
59,5,283,0,26,0
40,-19,282,0,25,0
82,21,285,0,24,0
30,12,290,0,23,0
70,-9,309,0,21,0
37,-2,290,0,20,0
62,3,283,0,19,0
20,-18,301,0,18,0
53,-2,259,0,17,0
24,6,283,0,15,0
27,-25,263,0,14,0
-15,19,279,0,13,0
21,-15,236,0,12,0
12,6,252,0,10,0
17,13,274,0,9,0
13,-15,239,0,8,0
6,-27,280,0,7,0
18,-28,263,0,5,0
4,15,266,0,4,0
9,-3,309,0,3,0
-17,-20,243,0,1,0
-13,15,269,0,0,0
7,-23,255,0,-1,0
-33,-9,232,0,-2,0
-13,21,246,0,-4,0
-21,9,261,0,-5,0
-20,24,253,0,-6,0
-16,-13,229,0,-8,0
-31,-23,244,0,-9,0
-11,-36,218,0,-10,0
5,2,232,0,-11,0
-45,18,269,0,-13,0
3,-1,249,0,-14,0
-17,62,242,0,-15,0
-65,4,253,0,-16,0
2,10,279,0,-18,0
-18,-10,231,0,-19,0
-49,-8,241,0,-20,0
-44,17,209,0,-21,0
-44,-19,203,0,-22,0
-17,12,225,0,-24,0
-9,-4,235,0,-25,0
-34,3,225,0,-26,0
-54,-22,197,0,-27,0
-60,-28,230,0,-28,0
-41,-4,228,0,-29,0
-57,19,221,0,-30,0
-56,4,225,0,-31,0
-101,4,248,0,-32,0
-78,16,229,0,-33,0
-131,-21,210,0,-34,0
-43,-3,220,0,-35,0
-64,-14,213,0,-36,0
-91,-20,219,0,-37,0
-52,7,225,0,-38,0
-41,9,207,0,-39,0
-70,-5,190,0,-39,0
-91,-21,162,0,-40,0
-75,8,236,0,-41,0
-104,-2,216,0,-42,0
-102,1,208,0,-42,0
-75,5,211,0,-43,0
-80,17,226,0,-44,0
-113,-44,238,0,-44,0
-87,-6,210,0,-45,0
-101,-10,220,0,-45,0
-65,-10,167,0,-46,0
-111,-15,202,0,-46,0
-86,-30,194,0,-47,0
-65,31,213,0,-47,0
-77,-30,211,0,-48,0
-113,-2,236,0,-48,0
-96,-27,271,0,-48,0
-78,6,188,0,-49,0
-110,13,234,0,-49,0
-69,-8,216,0,-49,0
-89,31,213,0,-49,0
-106,29,206,0,-50,0
-86,28,202,0,-50,0
-122,1,208,0,-50,0
-86,34,204,0,-50,0
-80,-23,209,0,-50,0
-105,-16,201,0,-50,0
-83,-31,231,0,-50,0
-118,0,244,0,-50,0
-60,-18,226,0,-50,0
-114,31,220,0,-50,0
-104,-14,202,0,-50,0
-108,-38,223,0,-49,0
-71,-33,232,0,-49,0
-96,-5,175,0,-49,0
-97,17,239,0,-49,0
-84,39,196,0,-48,0
-74,20,200,0,-48,0
-69,-19,240,0,-47,0
-107,1,221,0,-47,0
-93,-20,219,0,-47,0
-89,-6,210,0,-46,0
-54,-1,212,0,-46,0
-63,-4,224,0,-45,0
-79,0,209,0,-44,0
-83,6,239,0,-44,0
-81,-4,203,0,-43,0
-61,-21,195,0,-42,0
-84,4,189,0,-42,0
-103,8,179,0,-41,0
-64,-3,208,0,-40,0
-101,-28,218,0,-40,0
-69,-15,218,0,-39,0
-62,4,185,0,-38,0
-69,-2,228,0,-37,0
-69,-12,227,0,-36,0
-71,-8,204,0,-35,0
-30,8,218,0,-34,0
-105,-13,244,0,-33,0
-77,47,224,0,-32,0
-54,5,204,0,-31,0
-64,-12,220,0,-30,0
-92,29,212,0,-29,0
-35,5,243,0,-28,0
-82,-11,219,0,-27,0
-47,-17,243,0,-26,0
-87,19,213,0,-25,0
-54,-1,266,0,-24,0
-69,38,210,0,-23,0
-43,-8,205,0,-21,0
-47,8,214,0,-20,0
-32,-26,241,0,-19,0
-25,7,259,0,-18,0
-1,6,236,0,-17,0
-2,26,250,0,-15,0
-36,26,237,0,-14,0
-14,-32,223,0,-13,0
-7,1,226,0,-12,0
-44,7,215,0,-10,0
-47,-17,247,0,-9,0
-45,-26,240,0,-8,0
5,8,265,0,-7,0
-9,1,285,0,-5,0
-14,2,261,0,-4,0
22,12,262,0,-3,0
-36,2,242,0,-1,0
1,-13,250,0,-0,0
-11,-25,268,0,1,0
9,-8,245,0,2,0
-2,1,258,0,4,0
14,-21,269,0,5,0
17,10,250,0,6,0
10,-7,272,0,8,0
-6,-13,245,0,9,0
75,8,269,0,10,0
51,-9,262,0,11,0
48,-14,244,0,13,0
16,4,244,0,14,0
51,4,288,0,15,0
35,3,258,0,16,0
4,45,275,0,18,0
33,-10,264,0,19,0
-3,25,265,0,20,0
43,-31,270,0,21,0
37,-29,294,0,22,0
65,-26,287,0,24,0
73,8,293,0,25,0
63,-32,270,0,26,0
43,-4,269,0,27,0
47,0,269,0,28,0
46,8,301,0,29,0
62,-53,273,0,30,0
70,-4,306,0,31,0
59,36,285,0,32,0
64,4,305,0,33,0
69,18,303,0,34,0
71,12,277,0,35,0
65,16,284,0,36,0
67,1,329,0,37,0
53,-8,297,0,38,0
67,20,309,0,39,0
84,6,291,0,39,0
83,-1,303,0,40,0
48,-7,304,0,41,0
133,6,310,0,42,0
117,13,344,0,42,0
60,2,313,0,43,0
93,-1,312,0,44,0
109,-4,314,0,44,0
109,-3,279,0,45,0
86,13,278,0,45,0
100,5,273,0,46,0
105,-29,302,0,46,0
69,17,310,0,47,0
102,31,282,0,47,0
93,-16,276,0,48,0
83,31,296,0,48,0
105,19,307,0,48,0
120,23,328,0,49,0
118,23,299,0,49,0
104,-28,313,0,49,0
98,-31,329,0,49,0
111,-14,300,0,50,0
82,25,288,0,50,0
85,-5,287,0,50,0
103,0,295,0,50,0
96,4,301,0,50,0
82,-14,309,0,50,0
78,-11,331,0,50,0
108,9,300,0,50,0
59,-20,301,0,50,0
114,10,284,0,50,0
92,-8,277,0,50,0
119,-9,301,0,49,0
107,-22,326,0,49,0
72,-17,281,0,49,0
98,18,293,0,49,0
107,17,286,0,48,0
66,-5,282,0,48,0
111,6,263,0,47,0
96,12,298,0,47,0
113,-15,285,0,47,0
105,38,337,0,46,0
73,53,322,0,46,0
84,2,303,0,45,0
100,-27,286,0,44,0
88,-19,266,0,44,0
72,-28,269,0,43,0
75,-13,298,0,42,0
75,10,316,0,42,0
113,29,314,0,41,0
73,14,305,0,40,0
93,23,314,0,40,0
76,-6,214,0,39,0
46,-25,296,0,38,0
40,1,292,0,37,0
103,13,277,0,36,0
82,-21,261,0,35,0
43,9,301,0,34,0
73,9,240,0,33,0
65,6,303,0,32,0
109,-22,292,0,31,0
47,23,299,0,30,0
81,14,302,0,29,0
75,-11,310,0,28,0
41,-24,268,0,27,0
75,-1,298,0,26,0
76,8,274,0,25,0
41,-2,274,0,24,0
60,34,293,0,23,0
67,8,285,0,21,0
49,-21,283,0,20,0
-10,20,275,0,19,0
77,24,249,0,18,0
35,27,283,0,17,0
39,12,241,0,15,0
32,-1,266,0,14,0
47,18,299,0,13,0
32,-35,277,0,12,0
34,-33,280,0,10,0
-15,7,244,0,9,0
31,21,272,0,8,0
-8,-10,266,0,7,0
35,-6,254,0,5,0
-1,12,273,0,4,0
62,-19,247,0,3,0
6,49,257,0,1,0
-33,32,252,0,0,0
-25,-15,236,0,-1,0
34,-11,274,0,-2,0
-56,19,230,0,-4,0
-29,6,247,0,-5,0
-30,-11,264,0,-6,0
4,-11,261,0,-8,0
13,19,208,0,-9,0
-9,17,233,0,-10,0
-61,1,262,0,-11,0
-52,-18,235,0,-13,0
-28,-19,240,0,-14,0
-12,-8,253,0,-15,0
-8,23,213,0,-16,0
-32,-10,232,0,-18,0
-49,-1,246,0,-19,0
-21,-20,248,0,-20,0
-22,2,227,0,-21,0
-66,7,231,0,-22,0
-44,-12,233,0,-24,0
-54,-4,251,0,-25,0
-74,16,250,0,-26,0
-64,3,200,0,-27,0
-59,-6,190,0,-28,0
-78,3,222,0,-29,0
-87,26,247,0,-30,0
-35,17,260,0,-31,0
-57,11,258,0,-32,0
-33,-11,236,0,-33,0
-72,6,199,0,-34,0
-82,-1,225,0,-35,0
-74,-2,238,0,-36,0
-54,-22,195,0,-37,0
-49,-13,230,0,-38,0
-55,-8,237,0,-39,0
-70,-5,216,0,-39,0
-68,-29,229,0,-40,0
-97,1,229,0,-41,0
-82,11,217,0,-42,0
-98,4,176,0,-42,0
-72,-36,197,0,-43,0
-82,-10,225,0,-44,0
-100,10,203,0,-44,0
-113,-10,211,0,-45,0
-98,-23,175,0,-45,0
-67,-24,174,0,-46,0
-106,20,201,0,-46,0
-120,-20,232,0,-47,0
-101,-43,247,0,-47,0
-121,3,202,0,-48,0
-81,5,196,0,-48,0
-66,4,208,0,-48,0
-117,-11,219,0,-49,0
-92,28,205,0,-49,0
-96,-25,211,0,-49,0
-93,16,222,0,-49,0
-125,24,156,0,-50,0
-126,-3,209,0,-50,0
-105,-8,202,0,-50,0
-66,8,180,0,-50,0
-124,-13,204,0,-50,0
-93,-7,239,0,-50,0
-80,-6,189,0,-50,0
-81,22,220,0,-50,0
-125,-33,215,0,-50,0
-97,31,222,0,-50,0
-90,17,193,0,-50,0
-102,23,200,0,-49,0
-120,14,197,0,-49,0
-83,21,182,0,-49,0
-107,-1,195,0,-49,0
-99,37,221,0,-48,0
-81,26,232,0,-48,0
-113,-10,189,0,-47,0
-66,-1,186,0,-47,0
-70,-16,176,0,-47,0
-88,-15,194,0,-46,0
-116,13,211,0,-46,0
-76,5,194,0,-45,0
-81,-9,203,0,-44,0
-81,24,234,0,-44,0
-74,5,235,0,-43,0
-103,-5,220,0,-42,0
-62,-6,238,0,-42,0
-99,-10,224,0,-41,0
-105,16,220,0,-40,0
-79,2,194,0,-40,0
-80,-27,242,0,-39,0
-61,-24,209,0,-38,0
-72,1,200,0,-37,0
-84,3,177,0,-36,0
-84,7,233,0,-35,0
-47,0,218,0,-34,0
-34,-25,246,0,-33,0
-104,7,241,0,-32,0
-69,5,234,0,-31,0
-63,13,243,0,-30,0
-30,-5,250,0,-29,0
-41,-36,256,0,-28,0
-58,-6,222,0,-27,0
-85,-15,205,0,-26,0
3,-16,246,0,-25,0
-56,-27,236,0,-24,0
-43,-11,261,0,-23,0
-28,-37,261,0,-22,0
-39,-19,204,0,-20,0
-56,-20,222,0,-19,0
-27,-8,243,0,-18,0
-57,21,244,0,-17,0
-61,-19,209,0,-15,0
-20,22,251,0,-14,0
-22,3,262,0,-13,0
-23,-16,229,0,-12,0
0,22,244,0,-10,0
-30,17,276,0,-9,0
-26,-19,258,0,-8,0
-35,3,266,0,-7,0
-55,30,290,0,-5,0
-18,40,237,0,-4,0
-31,7,232,0,-3,0
-3,-14,249,0,-1,0
-8,12,274,0,-0,0
14,-39,228,0,1,0
7,37,253,0,2,0
-35,-16,240,0,4,0
-15,6,280,0,5,0
14,11,293,0,6,0
26,15,286,0,8,0
51,-31,268,0,9,0
26,-14,261,0,10,0
-0,-28,284,0,11,0
40,22,269,0,13,0
64,-19,281,0,14,0
28,-19,275,0,15,0
13,14,291,0,16,0
20,15,270,0,18,0
46,-16,286,0,19,0
33,10,279,0,20,0
38,-17,259,0,21,0
57,11,300,0,22,0
68,15,294,0,24,0
47,23,271,0,25,0
23,22,274,0,26,0
57,37,269,0,27,0
80,12,252,0,28,0
63,18,226,0,29,0
52,-27,305,0,30,0
66,-36,272,0,31,0
69,5,270,0,32,0
38,-16,316,0,33,0
63,-24,259,0,34,0
62,-2,320,0,35,0
57,3,307,0,36,0
86,-13,297,0,37,0
67,15,325,0,38,0
57,-12,302,0,39,0
82,14,312,0,39,0
104,-17,336,0,40,0
93,25,285,0,41,0
117,5,327,0,42,0
80,25,282,0,42,0
78,-5,339,0,43,0
107,-22,280,0,44,0
88,-33,299,0,44,0
114,18,280,0,45,0
76,-12,289,0,45,0
75,15,293,0,46,0
72,-11,274,0,46,0
97,-13,302,0,47,0
127,-12,300,0,47,0
76,2,304,0,48,0
112,45,273,0,48,0
65,-1,287,0,48,0
110,-40,302,0,49,0
84,-22,280,0,49,0
96,11,302,0,49,0
128,-48,304,0,49,0
95,17,301,0,50,0
66,14,319,0,50,0
94,-20,283,0,50,0
97,-10,311,0,50,0
75,-12,283,0,50,0
76,26,294,0,50,0
88,3,317,0,50,0
114,-19,337,0,50,0
76,-0,252,0,50,0
106,-7,290,0,50,0
130,-15,277,0,50,0
116,-19,275,0,49,0
88,-13,294,0,49,0
108,8,293,0,49,0
70,11,310,0,49,0
86,-2,300,0,48,0
88,1,296,0,48,0
104,12,302,0,47,0
86,-2,308,0,47,0
78,-34,285,0,47,0
76,-1,313,0,46,0
111,-9,284,0,46,0
116,9,314,0,45,0
102,-3,313,0,44,0
11,11,274,0,44,0
80,-8,299,0,43,0
66,7,293,0,42,0
64,-40,285,0,42,0
75,-20,301,0,41,0
106,-19,284,0,40,0
82,-47,283,0,40,0
84,-12,299,0,39,0
51,-34,296,0,38,0
145,16,265,0,37,0
93,-20,307,0,36,0
67,-1,288,0,35,0
82,21,311,0,34,0
52,-1,285,0,33,0
70,-15,308,0,32,0
41,-38,278,0,31,0
72,34,286,0,30,0
80,25,302,0,29,0
79,-50,329,0,28,0
24,20,284,0,27,0
35,22,288,0,26,0
54,-6,309,0,25,0
49,8,282,0,24,0
51,16,323,0,23,0
44,4,234,0,22,0
21,-34,258,0,20,0
80,-17,274,0,19,0
42,-2,254,0,18,0
21,18,282,0,17,0
51,-20,249,0,15,0
22,2,255,0,14,0
18,3,309,0,13,0
5,26,274,0,12,0
27,10,282,0,10,0
31,-15,241,0,9,0
35,-53,250,0,8,0
35,-1,265,0,7,0
29,12,304,0,5,0
4,-17,268,0,4,0
52,-15,279,0,3,0
1,4,268,0,1,0
26,-1,264,0,0,0
-34,19,238,0,-1,0
-1,-0,283,0,-2,0
-8,4,241,0,-4,0
-33,-15,259,0,-5,0
-2,-0,225,0,-6,0
-20,-15,311,0,-8,0
-3,-28,266,0,-9,0
-28,-1,236,0,-10,0
-51,18,235,0,-11,0
-13,1,181,0,-13,0
-39,22,250,0,-14,0
-44,-7,220,0,-15,0
-26,-18,228,0,-16,0
-39,-27,285,0,-18,0
-67,8,268,0,-19,0
-17,-9,232,0,-20,0
-20,-25,225,0,-21,0
-38,-3,230,0,-22,0
-67,-3,268,0,-24,0
-64,27,218,0,-25,0
-39,-10,240,0,-26,0
-49,56,248,0,-27,0
-77,8,228,0,-28,0
-74,-24,216,0,-29,0
-46,-43,208,0,-30,0
-75,2,222,0,-31,0
-68,-6,256,0,-32,0
-73,-27,273,0,-33,0
-58,51,225,0,-34,0
-54,16,241,0,-35,0
-62,-40,188,0,-36,0
-73,-15,198,0,-37,0
-41,1,212,0,-38,0
-80,-1,231,0,-39,0
-91,5,232,0,-39,0
-58,26,212,0,-40,0
-86,-19,200,0,-41,0
-96,-17,197,0,-42,0
-84,-13,206,0,-42,0
-80,-21,177,0,-43,0
-84,65,227,0,-44,0
-81,2,210,0,-44,0
-106,22,225,0,-45,0
-77,1,203,0,-45,0
-104,18,199,0,-46,0
-75,-50,176,0,-46,0
-80,17,204,0,-47,0
-100,-36,216,0,-47,0
-103,15,200,0,-48,0
-79,-17,211,0,-48,0
-95,15,242,0,-48,0
-99,-36,216,0,-49,0
-106,26,162,0,-49,0
-89,-26,180,0,-49,0
-98,3,212,0,-49,0
-96,6,231,0,-50,0
-124,-12,200,0,-50,0
-111,-24,228,0,-50,0
-72,4,207,0,-50,0
-104,1,233,0,-50,0
-110,4,172,0,-50,0
-87,1,184,0,-50,0
-93,-48,197,0,-50,0
-116,14,230,0,-50,0
-68,13,216,0,-50,0
-93,-20,219,0,-50,0
-120,6,210,0,-49,0
-95,-25,229,0,-49,0
-98,4,198,0,-49,0
-83,25,206,0,-49,0
-77,-0,210,0,-48,0
-78,16,197,0,-48,0
-83,6,241,0,-47,0
-101,35,232,0,-47,0
-98,-18,196,0,-47,0
-100,-21,228,0,-46,0
-85,23,207,0,-46,0
-77,7,228,0,-45,0
-95,14,240,0,-44,0
-100,19,213,0,-44,0
-109,23,206,0,-43,0
-91,17,224,0,-43,0
-81,21,216,0,-42,0
-81,-23,196,0,-41,0
-69,2,194,0,-40,0
-92,31,196,0,-40,0
-73,15,244,0,-39,0
-97,3,203,0,-38,0
-97,25,227,0,-37,0
-51,-7,216,0,-36,0
-41,-14,208,0,-35,0
-66,4,202,0,-34,0
-110,-11,237,0,-33,0
-53,-29,218,0,-32,0
-63,-14,237,0,-31,0
-58,-7,234,0,-30,0
-54,2,242,0,-29,0
-66,15,233,0,-28,0
-72,46,235,0,-27,0
-37,-15,246,0,-26,0
-64,-2,240,0,-25,0
-88,-6,221,0,-24,0
-77,-27,235,0,-23,0
-50,-19,211,0,-22,0
-27,31,226,0,-20,0
-23,-10,227,0,-19,0
-14,-18,249,0,-18,0
-9,-5,238,0,-17,0
-12,28,270,0,-15,0
-56,-26,225,0,-14,0
-26,1,261,0,-13,0
-27,-7,273,0,-12,0
-39,-4,221,0,-10,0
-11,-34,264,0,-9,0
18,-17,271,0,-8,0
2,19,236,0,-7,0
-3,13,238,0,-5,0
-34,25,238,0,-4,0
-4,-11,261,0,-3,0
7,-1,212,0,-1,0
0,27,273,0,-0,0
-31,-22,259,0,1,0
-4,19,251,0,2,0
-16,-17,253,0,4,0
26,10,272,0,5,0
-7,-2,238,0,6,0
-2,21,289,0,8,0
13,49,262,0,9,0
31,3,254,0,10,0
29,-40,251,0,11,0
31,-34,270,0,13,0
40,22,259,0,14,0
29,11,308,0,15,0
29,-30,249,0,16,0
32,-3,264,0,18,0
25,60,282,0,19,0
37,-3,295,0,20,0
40,-14,283,0,21,0
95,19,269,0,22,0
33,-1,260,0,24,0
42,-4,266,0,25,0
30,18,274,0,26,0
61,-3,303,0,27,0
43,30,288,0,28,0
35,-6,290,0,29,0
67,-9,279,0,30,0
85,17,259,0,31,0
78,-16,301,0,32,0
73,10,274,0,33,0
106,-2,312,0,34,0
60,-4,293,0,35,0
86,14,279,0,36,0
67,8,285,0,37,0
91,33,302,0,38,0
103,26,257,0,39,0
81,-9,282,0,39,0
58,-7,282,0,40,0
53,6,317,0,41,0
55,-50,331,0,42,0
92,-12,280,0,42,0
98,8,313,0,43,0
119,19,316,0,44,0
81,-9,331,0,44,0
119,-21,336,0,45,0
95,-19,289,0,45,0
90,-3,307,0,46,0
90,26,278,0,46,0
105,-9,266,0,47,0
63,3,278,0,47,0
96,24,308,0,48,0
90,-22,303,0,48,0
82,15,315,0,48,0
115,19,321,0,49,0
61,17,336,0,49,0
80,45,305,0,49,0
118,9,311,0,49,0
106,-12,288,0,50,0
110,6,313,0,50,0
88,17,320,0,50,0
107,39,325,0,50,0
74,4,287,0,50,0
139,33,307,0,50,0
93,-37,310,0,50,0
130,-1,302,0,50,0
94,30,284,0,50,0
116,11,319,0,50,0
85,6,297,0,50,0
101,21,286,0,49,0
108,18,306,0,49,0
116,-19,310,0,49,0
119,34,295,0,49,0
73,10,311,0,48,0
98,3,311,0,48,0
88,37,299,0,47,0
59,16,317,0,47,0
115,40,302,0,47,0
90,-11,313,0,46,0
67,1,267,0,46,0
88,1,311,0,45,0
83,26,290,0,44,0
121,35,318,0,44,0
90,16,315,0,43,0
110,-3,305,0,43,0
74,-3,313,0,42,0
88,-0,307,0,41,0
109,13,315,0,40,0
74,18,282,0,40,0
100,-3,332,0,39,0
110,-8,312,0,38,0
74,15,304,0,37,0
63,3,296,0,36,0
120,-24,304,0,35,0
45,-21,298,0,34,0
76,-25,284,0,33,0
85,2,261,0,32,0
54,-25,267,0,31,0
