28,-245,-27,6,-76,20
18,-265,6,85,32,-37
3,-254,-39,-60,29,12
30,-260,19,-71,-50,9
41,-248,39,11,45,21
28,-260,-15,69,21,-69
8,-250,10,-62,63,33
46,-253,-7,4,-8,-65
19,-251,17,5,110,9
2,-284,-2,-27,17,-146
43,-268,-12,-15,-8,-48
12,-248,-13,-7,32,35
54,-252,3,-41,-3,2
31,-266,-13,-11,37,69
48,-252,-31,58,81,-44
46,-260,11,2,-8,121
54,-241,-29,1,-20,-67
8,-250,-17,-5,13,44
41,-267,-3,-92,-11,-23
38,-246,0,-118,-102,-69
61,-250,22,69,60,-37
63,-252,-15,-46,52,-104
41,-252,-10,11,-18,43
46,-250,4,-53,-56,63
36,-258,12,50,-22,-59
29,-241,32,-70,19,-77
15,-267,11,-29,5,-70
64,-261,-64,-151,20,-36
56,-261,36,-39,-48,-8
35,-266,-9,42,-49,40
71,-260,7,36,83,4
39,-256,16,10,45,1
60,-270,-27,4,-45,20
54,-261,-14,23,-80,31
43,-251,11,16,-10,-27
50,-250,-35,23,-57,-108
58,-255,8,-22,-23,32
69,-248,19,37,-25,-106
38,-243,-45,-23,50,80
45,-270,-12,3,17,77
68,-243,-8,124,-67,42
25,-256,13,10,103,41
6,-255,-9,28,-26,-14
48,-265,26,-19,-66,-76
30,-256,2,4,-47,-24
25,-239,7,9,19,-10
-12,-248,20,73,-7,56
11,-262,-11,-46,-76,13
14,-265,1,-56,-30,-57
15,-257,-21,-36,3,43
37,-252,-12,-0,-39,-8
-1,-259,-3,59,8,-25
-52,-268,25,-66,-61,-14
-19,-248,5,-30,44,67
12,-244,5,10,20,102
-45,-255,-17,65,-47,71
-14,-254,36,-36,39,-13
-7,-262,12,70,-27,-39
-50,-247,-61,5,-8,-99
-19,-263,-45,8,-20,-63
12,-260,10,-5,-2,135
-34,-261,46,102,-30,5
-46,-248,8,13,-44,51
-8,-243,8,7,63,87
4,-258,-4,69,7,-78
-13,-282,25,59,5,-0
-37,-240,-19,62,-42,18
-56,-261,7,15,26,28
-39,-270,18,28,-31,-43
-37,-262,-11,17,-108,2
-57,-250,-2,8,9,-3
-30,-249,37,5,-25,72
-79,-247,35,35,-13,80
-51,-243,19,-24,-2,10
-48,-243,6,-5,-31,59
-55,-267,-10,83,39,-46
-39,-238,-7,-10,-98,177
-44,-241,-27,-56,91,16
-54,-239,-15,-17,63,42
-67,-240,5,43,-124,-49
-64,-240,39,53,-89,-66
-52,-245,9,44,-43,3
-58,-266,-8,-85,31,-62
-41,-249,5,-96,128,-33
-30,-245,28,45,-34,-6
-69,-257,9,24,-42,-129
-36,-269,0,-49,5,-56
-67,-267,22,1,-21,42
-32,-249,19,60,34,-1
-37,-254,7,-107,-93,-53
-47,-254,-1,-97,-4,3
-38,-255,9,37,39,-64
-10,-267,-33,4,-12,43
-21,-243,33,8,52,49
-39,-268,5,7,9,-11
-0,-248,21,-43,170,-86
-0,-258,-15,38,74,-31
-26,-255,3,-68,-1,-22
-8,-241,20,14,-74,88
-12,-266,-26,-32,-17,-61
7,-239,16,-23,-41,58
-20,-259,11,-42,41,-25
-12,-240,11,-60,55,1
21,-261,-18,-0,-10,26
23,-235,-33,-33,76,70
-7,-261,12,-9,-21,-30
-7,-242,-13,-11,33,-17
34,-247,32,-18,-31,44
20,-255,16,3,-41,45
41,-256,-11,-88,52,-21
17,-239,-33,9,6,-38
42,-259,27,4,3,43
8,-265,2,-103,-64,-18
48,-254,-36,-37,12,19
5,-250,-17,-18,-32,-12
36,-253,12,16,-14,66
43,-262,10,25,4,-8
79,-241,14,1,-145,-18
55,-253,-19,8,-74,39
31,-269,20,66,15,0
75,-252,-3,-93,66,-19
34,-258,5,61,21,129
21,-256,4,-26,106,-2
34,-263,-17,-34,56,-6
33,-252,35,-4,31,12
14,-264,4,-61,97,76
34,-257,13,50,55,82
59,-248,-2,-37,41,-13
38,-273,26,30,5,55
43,-245,3,-91,59,67
62,-252,42,53,-45,69
74,-248,-36,-32,39,4
50,-250,0,-41,76,25
38,-257,-4,-13,52,112
34,-268,-16,-57,87,-99
48,-259,21,49,42,-6
25,-263,16,59,-22,-19
10,-254,-9,-61,122,1
53,-245,23,-64,105,20
40,-257,-4,-61,-14,-82
-7,-257,-4,81,17,-74
7,-259,27,25,13,-47
-2,-250,15,-34,-69,-38
54,-269,-11,61,13,-22
-13,-267,15,-19,28,20
-1,-256,5,94,-76,25
10,-257,7,14,15,-3
3,-260,-2,-84,77,-104
17,-268,4,-65,96,-36
-1,-246,-35,1,60,86
1,-242,23,56,-16,-71
-10,-256,31,30,-18,59
-13,-259,7,-65,4,20
-27,-272,-22,-15,57,47
-22,-253,-24,-78,-12,65
23,-253,5,-17,-34,51
-15,-274,-19,33,13,-10
2,-274,-35,113,46,-41
-46,-260,-2,32,30,-42
-37,-238,-1,19,-49,-68
-37,-270,-2,-37,-19,-51
-22,-255,8,-10,-82,-56
-41,-249,18,11,57,71
-10,-255,-41,29,5,-11
-25,-261,-24,7,47,12
-41,-255,-25,60,10,25
-65,-259,-36,69,-51,-34
-22,-270,9,-11,-104,-28
-31,-256,-1,-108,-15,-7
-67,-264,29,100,123,-15
-47,-254,-28,-64,-18,53
-63,-260,-4,-2,-3,-32
-54,-269,-13,-28,-36,33
-16,-257,43,-22,-24,-83
-51,-252,-4,-1,-9,51
-30,-262,38,-23,-54,-30
-21,-239,24,-25,27,-55
-65,-253,-9,-21,-36,-11
-31,-258,18,42,-55,93
-79,-246,1,12,-5,23
-59,-246,-9,-39,52,35
-12,-235,-21,57,-37,-72
-49,-253,-12,27,3,65
-23,-261,2,-16,9,-69
-29,-254,-19,-13,-4,-6
-43,-263,-4,-44,120,25
-19,-247,-3,-60,-35,-74
-20,-240,15,17,-45,-3
-24,-255,3,-16,-23,-41
-24,-236,-22,-75,-29,45
-15,-258,-3,-4,18,53
-20,-244,3,60,58,-94
7,-243,15,-64,45,41
-15,-244,0,-81,-48,3
-35,-246,11,-30,-76,39
3,-255,-17,-24,-37,-33
24,-252,-23,-30,-39,5
-50,-248,-12,-33,57,19
-26,-242,-33,-7,-19,5
-5,-257,-15,-58,-22,9
9,-259,-16,107,-33,-12
-13,-263,-14,-10,82,104
-18,-259,4,-4,13,28
6,-240,-6,16,-70,3
39,-269,-25,-74,-25,1
11,-261,-24,26,20,-0
34,-260,25,2,-43,107
58,-276,41,66,18,-21
-21,-238,13,-22,-19,9
32,-260,-0,82,-18,-83
35,-251,20,13,-89,51
44,-265,-17,-89,-72,14
26,-252,18,-50,-119,-83
72,-242,16,6,99,-44
56,-259,-6,-81,39,-2
14,-250,-7,1,-14,-61
22,-248,10,-35,77,-17
40,-259,30,70,45,-22
15,-239,-38,39,54,-7
46,-235,39,-27,45,-62
69,-251,3,54,-59,0
47,-259,3,-106,-33,0
69,-269,-3,5,10,19
62,-253,-37,65,-39,-28
50,-268,-30,7,-11,-41
52,-259,5,-8,2,-55
25,-265,-21,-85,-6,-88
68,-241,-23,16,37,-62
52,-241,-18,-2,76,6
63,-262,13,34,-83,111
59,-252,14,-48,-71,3
28,-246,-10,85,-10,-6
68,-263,-21,19,-18,-49
56,-251,-17,-48,-17,-38
46,-253,-23,-9,94,-33
62,-266,-1,15,29,50
33,-256,-26,-7,36,-15
26,-247,6,-46,43,-43
-9,-257,-12,55,-44,-76
53,-250,3,162,-14,-19
66,-256,-16,-72,16,46
79,-253,28,-59,-35,10
17,-241,12,-24,-40,-0
11,-237,37,-58,46,-16
23,-254,36,-6,56,-10
46,-247,-36,-3,34,-14
-5,-267,2,-5,-42,51
10,-258,8,-36,-21,2
-16,-224,-5,-40,143,-109
14,-254,10,-74,73,3
-2,-259,-10,-36,-27,32
15,-256,9,3,21,34
-26,-240,-17,-102,-8,-5
6,-268,-19,17,49,-23
13,-244,-25,-15,37,62
11,-260,-15,20,119,32
-17,-246,10,-18,13,-140
-5,-248,7,-80,-72,36
-15,-244,12,22,-8,24
-8,-259,-11,44,-3,-27
-63,-263,-17,-46,68,64
-24,-266,-21,-80,-33,17
-24,-254,16,35,38,127
-21,-255,3,-46,5,26
-20,-243,15,5,-22,26
-49,-264,20,47,-60,3
-43,-250,0,4,-8,-55
-39,-270,-13,63,54,44
-61,-275,-31,-18,-21,-10
-41,-243,2,-81,-81,21
-22,-261,17,-42,-84,-20
-40,-262,29,44,-22,-7
-46,-269,19,-23,16,-24
-55,-258,-22,-13,-65,-33
-33,-249,-30,29,-92,113
-44,-281,-3,-84,-44,-47
-7,-247,-25,-42,-7,8
-42,-242,13,-64,-108,-21
-65,-251,-19,12,-2,-77
-56,-258,-14,85,-41,-52
-46,-270,-20,-74,27,25
-46,-251,1,-80,102,-89
-104,-279,-37,-36,-34,82
-48,-248,46,20,119,100
-26,-252,-11,105,-83,77
-36,-244,-4,7,-26,-28
-22,-244,9,35,-94,85
-4,-259,-19,-13,32,31
-45,-251,6,-5,-77,-7
-22,-246,-26,-135,-79,51
26,-252,12,14,-118,-40
-25,-263,-24,-46,66,-90
-3,-264,-0,-3,32,-51
-8,-243,14,11,-21,29
-43,-255,-30,-12,95,27
26,-262,-20,22,-28,50
7,-271,-20,47,-30,-15
-45,-248,-36,60,-4,18
-12,-256,36,-16,8,-79
-22,-253,9,-58,24,-53
9,-248,13,-67,24,-13
8,-251,15,33,-57,-41
28,-251,-12,-5,4,32
38,-265,10,-50,-29,0
25,-258,-0,34,-27,1
2,-271,-20,43,33,-32
17,-238,-28,14,40,-120
-8,-221,-1,-18,-47,11
22,-244,-14,11,20,6
35,-254,-18,26,-62,-8
17,-274,29,4,-52,160
43,-236,-6,-43,58,8
10,-273,-22,-10,-17,-82
25,-257,40,-30,-107,1
40,-240,-27,-11,-12,-11
43,-254,10,56,-46,-51
69,-255,5,22,-25,-79
38,-259,-9,-73,52,-14
23,-243,17,0,18,-1
41,-245,-7,16,-13,15
29,-239,-9,-5,-18,23
54,-251,-20,133,-111,3
54,-251,4,4,13,53
64,-279,4,50,-15,37
68,-262,-52,53,34,-71
58,-259,24,-20,-24,-94
35,-266,-12,-40,-28,-30
69,-245,-41,-63,109,-17
36,-251,4,86,-20,-45
45,-251,-11,-36,23,83
27,-265,-21,45,35,97
46,-256,21,-45,-77,30
24,-254,-1,27,-62,28
86,-238,-9,115,84,-33
42,-273,-15,10,90,-50
39,-275,56,-29,20,1
-12,-263,-13,-9,27,-31
1,-271,-21,-21,-65,61
32,-263,18,126,-33,-55
35,-257,-12,-87,77,61
51,-252,26,-31,69,34
43,-261,-28,-72,62,10
24,-256,5,54,40,25
20,-254,-18,85,2,47
17,-264,11,-5,73,13
-7,-257,-7,50,-124,-45
5,-245,-13,-46,-8,-38
3,-247,1,-22,-103,116
29,-261,20,-47,7,-75
-19,-242,-15,45,130,23
-30,-247,15,69,-50,0
-14,-270,0,-64,-70,-25
-18,-257,5,32,30,39
5,-234,-61,11,11,-3
-9,-245,52,-19,22,1
-9,-247,-17,24,23,12
-2,-269,-1,-100,-15,56
-38,-244,2,-56,-17,23
-24,-239,54,-22,15,-35
-29,-269,-6,-51,-60,14
-43,-262,20,-32,-44,-52
-45,-262,15,0,-6,-7
26,-254,-34,34,-44,-21
-30,-248,-18,92,42,-6
-15,-270,-24,-18,21,-24
-48,-254,29,-40,-40,-18
-20,-238,7,39,-78,-5
-33,-256,-14,-49,-48,65
-88,-237,33,36,38,-28
-31,-265,7,-52,-17,77
-85,-263,22,-14,-55,-27
-39,-254,1,25,74,-92
-65,-262,-5,-10,-84,15
-26,-255,-29,-13,63,59
-98,-254,13,-100,-5,-19
-65,-254,11,14,35,-61
-57,-258,-13,-12,-17,-50
-53,-257,35,-3,-22,-46
-69,-265,-4,-9,-52,2
-39,-251,7,56,-3,56
-15,-229,-15,-39,-46,-9
-57,-251,23,19,-95,89
-55,-259,-9,-26,-76,42
-43,-248,-30,-48,18,-91
-39,-264,-8,-101,27,29
-57,-241,-22,-11,-88,0
-34,-254,24,24,-54,-34
-45,-255,-30,156,1,16
-36,-260,-15,71,15,108
-20,-262,-32,56,-58,-45
-7,-271,14,-26,-2,-12
-15,-257,35,31,-36,-64
-2,-255,-25,17,-1,-57
-31,-237,3,100,-61,18
-8,-246,24,104,-31,-21
-50,-268,-23,-93,28,-65
2,-253,-18,-118,-142,10
-29,-271,11,-59,36,-17
26,-247,-20,22,24,-70
60,-271,-11,36,28,78
11,-257,7,19,-61,76
-15,-239,-3,20,-17,26
-0,-269,27,15,-13,-112
13,-242,16,-42,61,79
-8,-263,-1,-6,-19,-10
39,-265,14,-31,-32,59
21,-242,-11,112,-32,11
18,-268,0,-23,64,-5
36,-256,-31,20,43,26
30,-265,-2,-15,-74,-87
31,-264,0,-18,-4,40
13,-258,-26,-52,-45,-6
62,-251,38,47,-11,-48
44,-271,2,-46,9,-93
24,-237,29,4,6,-36
32,-247,-7,13,44,29
36,-260,-20,-90,-52,1
42,-251,9,0,49,-102
62,-253,-13,72,29,22
89,-245,-11,-153,-22,27
71,-264,-20,68,97,48
12,-242,36,27,33,126
47,-268,25,-96,-41,30
44,-261,9,-38,38,69
63,-256,2,4,-41,61
97,-238,11,14,-44,45
57,-257,2,-36,22,-14
35,-274,16,-25,-13,23
25,-254,-14,59,32,-14
42,-238,8,0,20,-74
65,-255,2,-62,6,26
49,-255,12,-98,-40,-10
58,-252,11,98,15,114
51,-252,-12,-9,-40,26
26,-261,-33,13,-12,-33
48,-264,-23,-25,33,-58
49,-260,15,12,-17,91
42,-244,-9,50,80,47
45,-258,8,17,50,4
47,-262,7,53,37,-34
43,-260,2,78,60,-36
5,-267,27,-37,62,-3
31,-255,-10,66,46,-73
41,-262,13,-24,-57,-109
7,-252,-37,-62,-30,-11
40,-270,2,25,-8,-7
7,-249,-17,-15,-3,10
-32,-272,-10,61,8,-40
1,-230,-9,113,-47,62
16,-244,33,4,45,-1
-25,-250,-3,-46,15,23
2,-256,-17,-41,-31,-134
1,-255,24,-27,18,38
-28,-252,26,26,81,-3
-22,-266,-3,31,-1,57
-9,-241,0,103,-30,7
-4,-244,51,11,103,-56
-34,-259,-5,32,-54,25
-14,-250,-17,21,-86,36
-52,-250,-2,45,-45,-42
-18,-250,-28,1,-23,-92
-39,-257,8,-117,63,-4
-46,-254,-7,-89,-28,30
-27,-271,1,-54,-32,-14
-74,-236,13,29,-53,14
-15,-253,-6,47,-9,-62
-28,-263,-24,25,-39,5
-35,-272,23,13,14,-48
-25,-239,-6,-97,64,-95
-55,-263,-14,-115,2,63
-68,-256,41,1,-105,68
-85,-262,31,37,11,50
-68,-270,13,90,60,-5
-1,-277,17,21,-52,-72
-7,-249,-14,38,45,-6
-77,-258,29,-15,-29,-24
-40,-253,4,41,44,14
-66,-249,26,-9,22,39
-27,-243,-33,13,-18,-22
-15,-253,21,-92,130,-92
-23,-239,7,50,-81,49
-7,-260,-21,-25,55,57
-61,-263,1,-65,4,-104
-76,-262,-24,28,90,-26
-65,-236,26,-25,-31,46
-36,-247,2,45,1,-17
-65,-248,32,-2,43,154
-62,-248,16,-26,53,-17
-35,-245,-5,-20,46,9
-35,-262,21,-76,-139,-12
16,-253,16,36,44,-59
-54,-275,12,-94,22,26
-13,-272,-7,35,-28,21
-40,-270,-15,-89,-81,24
-63,-269,35,61,-55,-15
-25,-266,23,14,16,74
-33,-253,6,9,-4,-34
-2,-277,0,-34,10,33
-17,-268,-14,96,4,39
29,-263,33,-62,-12,-84
20,-256,-1,-45,-28,-37
27,-273,-26,-23,24,-7
-6,-271,-7,-40,-23,46
21,-247,-13,-66,102,-47
32,-236,-41,28,-62,3
29,-243,28,17,11,45
-9,-258,-3,29,63,9
1,-279,18,-20,-38,4
28,-261,-10,-95,31,-58
2,-261,14,21,-57,-93
37,-266,-18,17,-31,19
45,-252,-2,-10,-111,-3
48,-260,10,6,-45,52
-18,-252,-44,-39,-14,-5
-6,-260,4,62,26,-8
31,-254,-23,-5,-29,55
24,-259,-9,46,-40,-79
48,-273,17,91,29,12
74,-269,-5,109,-39,62
89,-266,38,-34,1,-3
39,-258,11,132,-30,29
39,-275,-1,-11,26,-17
22,-259,30,-15,107,57
23,-282,-1,-5,37,-65
54,-249,-19,174,24,9
24,-251,-3,-78,25,-47
61,-255,41,33,-12,-4
53,-259,-20,-79,-59,-23
36,-249,9,-55,92,63
6,-256,22,-33,22,74
59,-250,-0,32,11,-27
78,-262,-14,30,-33,49
49,-256,-14,21,-34,-91
22,-271,-14,34,-6,-77
68,-256,-30,-9,51,36
18,-266,-25,-45,-36,-67
45,-248,27,-53,-53,-39
35,-243,-13,11,-25,-84
29,-279,-4,-13,-46,-78
10,-248,-9,30,18,68
35,-248,5,29,-30,-51
13,-251,-7,30,-68,11
6,-241,1,9,5,-62
33,-260,-15,1,5,-19
-8,-256,-6,-50,18,48
23,-273,-3,60,-31,16
47,-238,11,82,-4,34
6,-255,12,64,-50,128
37,-249,-22,-26,-3,-14
-27,-268,15,-31,81,-29
-24,-266,21,33,-39,-47
-4,-257,4,26,-41,21
-4,-266,20,-35,29,1
-24,-259,6,-36,22,74
-17,-248,-16,-20,49,10
-39,-265,-14,-10,27,-56
-23,-257,2,47,13,-46
-22,-273,-5,72,-20,4
-39,-248,20,100,-61,55
-52,-251,10,-23,-21,-8
-43,-260,-23,13,-22,27
-36,-268,39,-22,-22,-40
-9,-262,-29,6,102,-49
-37,-265,1,30,57,-4
-1,-244,19,7,20,-82
-32,-244,-14,-77,21,53
-62,-273,3,13,23,-40
-62,-249,2,63,77,-21
-41,-249,27,-13,-10,49
-68,-263,-32,6,-51,98
-45,-259,45,-22,-33,8
-69,-261,-5,-39,-19,8
-26,-248,-13,53,6,56
-68,-248,-21,58,80,-0
-45,-265,-37,27,116,18
-67,-256,37,-28,-30,27
-55,-249,13,28,-33,-115
-48,-262,9,3,44,-22
-61,-244,-15,-10,-13,52
-33,-235,28,-8,-64,-3
-38,-248,16,-19,-4,-21
-47,-259,36,-64,-35,54
-38,-258,-14,2,23,32
-65,-254,8,19,122,84
-78,-261,26,58,-26,35
-24,-260,-41,73,4,42
-55,-275,1,22,5,-26
-59,-264,17,22,-33,-86
-28,-258,6,-23,30,17
-6,-271,19,76,77,7
-49,-262,-31,70,-28,73
-9,-242,19,7,-43,1
-40,-264,11,-8,-56,-61
-5,-252,22,72,8,35
-9,-238,14,63,6,-4
-23,-250,6,12,44,62
-16,-242,15,-0,35,121
-14,-260,19,36,57,36
32,-245,2,63,-2,1
8,-251,31,-82,-40,13
26,-277,5,25,11,-43
9,-268,11,18,9,55
21,-253,6,-43,-91,13
17,-263,-23,18,-24,20
8,-258,12,-69,25,-49
29,-262,51,30,59,106
19,-271,38,24,-102,-2
12,-250,-13,-105,34,76
35,-241,-32,-88,-43,16
55,-262,-12,-22,-59,12
34,-261,6,-15,98,86
32,-258,42,25,8,112
49,-264,-31,11,66,-75
43,-263,29,42,76,101
26,-257,-13,-7,-20,-14
21,-267,1,-59,17,81
11,-260,-20,13,58,-9
24,-266,8,-65,-65,-39
34,-256,-21,5,9,14
49,-278,-1,-103,-67,5
48,-288,4,20,31,-39
27,-251,21,-30,-59,-40
64,-283,-8,16,37,60
39,-268,22,49,35,58
48,-248,-35,39,-48,21
66,-261,-29,84,34,31
70,-256,22,-9,61,67
4,-264,2,23,-69,-39
53,-257,-50,-32,-65,-22
71,-269,9,15,66,-79
35,-246,27,-40,32,50
69,-256,8,-9,-30,23
57,-246,22,25,-30,-21
37,-273,17,28,-100,-24
51,-253,-24,46,-31,16
54,-250,-6,-50,-31,-35
17,-251,-12,45,70,-48
41,-251,-6,-16,10,73
37,-262,-10,-9,11,87
47,-263,-27,-82,18,107
22,-246,-8,-19,72,-13
21,-250,28,112,-62,77
42,-270,-15,3,-77,60
23,-259,-26,-106,-27,-18
8,-252,-8,15,18,-68
27,-251,34,-38,112,-18
16,-252,15,-67,103,21
21,-254,8,85,91,35
16,-264,-3,-81,-2,-63
24,-242,1,-28,29,2
11,-265,16,73,22,-20
-8,-261,-26,-18,11,-78
5,-253,4,8,-67,-33
-22,-228,-7,5,-32,58
25,-272,0,39,-24,-4
21,-254,-18,-3,-18,45
-30,-249,24,-84,-44,54
-39,-247,24,18,15,10
-21,-259,19,-27,-10,-53
-68,-243,-16,-42,9,68
-32,-241,-10,18,-65,-77
-34,-256,11,-25,-7,43
-27,-240,1,9,-14,-164
10,-270,9,-30,-59,5
-4,-251,-10,10,-61,-45
-75,-251,-11,20,-3,-89
-53,-273,27,12,42,90
-89,-267,2,18,5,-45
-50,-252,-3,-4,-37,-110
-57,-265,-6,48,13,-12
-37,-246,-19,-6,-40,87
-61,-254,4,5,-2,55
-43,-252,-12,-45,9,-23
-48,-264,21,-41,9,11
-72,-272,30,-73,-25,-24
-95,-250,-29,18,40,23
-68,-267,37,49,8,-16
-19,-250,1,-41,49,-42
-79,-244,10,-43,-2,92
-17,-256,-22,40,-78,6
-18,-245,-7,-9,58,29
-28,-249,2,56,87,-37
-11,-254,11,-33,35,-75
-51,-261,21,44,9,2
-41,-256,24,-29,14,-39
-49,-260,25,2,68,-12
-61,-251,4,28,93,45
-57,-245,15,-18,-26,26
-18,-254,-10,33,-16,21
-16,-260,3,-27,63,38
-37,-248,5,-21,-74,-45
-31,-254,-23,-13,6,5
-10,-263,3,-6,-10,-49
-1,-263,13,25,28,92
-38,-255,21,61,27,88
5,-254,-22,-75,16,90
-50,-243,14,-11,-12,-1
-15,-260,11,16,75,16
-5,-251,-28,70,96,18
27,-244,20,52,-23,52
-4,-247,-4,159,50,-2
-21,-253,-22,73,86,110
31,-257,-2,-87,-38,20
-5,-258,-19,-71,23,94
33,-251,-5,28,-14,56
27,-241,-18,-24,25,-35
53,-263,-7,7,-35,-67
6,-265,-38,-151,-63,37
11,-234,3,-35,-5,-89
15,-260,-8,-78,-43,35
10,-263,20,-17,4,13
8,-265,-17,51,32,54
38,-249,4,-28,-15,-81
40,-252,-20,-68,29,-60
68,-261,41,-0,-2,35
44,-250,-12,44,85,17
11,-240,18,-8,-50,1
94,-261,-11,-23,-60,-12
43,-272,11,40,-39,-7
44,-255,5,-77,-75,-8
66,-271,-1,31,-46,44
21,-272,17,51,-49,-42
62,-245,-13,-17,-51,-19
31,-248,-11,53,-50,21
67,-244,-20,41,-36,-16
30,-271,-36,-29,-58,121
68,-258,2,-34,49,-11
32,-274,-26,19,53,-39
59,-245,-27,-76,17,-63
38,-241,-9,-1,30,-18
74,-257,11,23,2,-44
63,-250,16,-3,85,-4
51,-262,27,32,7,77
47,-262,13,10,5,77
64,-255,28,-136,7,-41
43,-255,14,56,17,11
50,-253,30,25,18,-6
33,-256,22,35,-6,105
28,-261,-45,8,-76,24
-23,-278,2,75,39,-91
9,-249,46,-11,-47,-20
7,-260,24,-81,8,24
15,-247,12,3,-59,-59
-32,-261,9,-59,-83,-10
25,-266,-17,-3,45,60
26,-273,60,9,-3,53
18,-260,11,-32,-97,22
6,-257,-20,-27,9,-31
-14,-261,11,51,-10,-4
2,-245,-34,113,-18,-58
-15,-247,-30,18,-45,-68
-17,-261,-6,3,3,37
-23,-258,-11,-59,56,-129
-13,-272,-3,13,-22,44
-50,-232,10,16,89,-12
-11,-263,13,51,33,-91
-34,-269,2,82,26,26
-14,-266,-23,-62,39,-50
-51,-267,21,52,-13,3
-2,-247,7,-24,-47,32
-32,-267,-27,79,-1,48
-35,-273,19,-3,-62,42
-60,-255,5,17,3,-74
-58,-245,-28,24,-36,64
-67,-235,-12,-73,10,-76
-67,-252,-31,-7,42,-99
-65,-273,-40,62,-71,-118
-16,-270,18,-68,-64,7
-38,-270,-11,17,-66,-51
-68,-251,-19,8,-16,79
-52,-237,-51,-56,85,-69
-48,-257,-11,-94,49,84
-48,-254,-39,66,-24,68
-47,-257,8,-41,-93,-21
-44,-251,14,-32,-16,-95
-55,-254,-26,24,-3,5
-48,-252,-6,-35,-11,-10
-52,-249,18,105,-86,-4
-69,-260,-10,-22,-25,21
-61,-246,3,59,16,4
-69,-239,19,-52,10,0
-57,-232,6,67,84,31
-61,-255,15,-4,-59,19
-35,-252,-10,78,38,-69
-42,-274,-11,-83,60,-17
-35,-258,-16,-16,99,-28
-34,-257,-8,38,78,-13
-38,-245,1,-22,-5,-53
-61,-256,3,-30,-20,-63
-50,-258,-6,-108,44,21
-48,-244,-15,-36,28,-22
-23,-269,21,-30,-31,54
-48,-260,31,-2,-31,-33
-17,-251,32,123,0,36
-40,-260,5,-17,-40,49
25,-251,-13,69,31,11
-23,-271,-16,100,-31,-104
25,-244,-13,27,-12,28
4,-252,20,-5,15,-48
-20,-259,8,21,6,13
16,-239,-14,19,55,25
-24,-259,-33,-20,74,128
40,-243,-52,47,-32,39
-0,-266,-23,29,-11,23
18,-249,13,39,24,-37
-3,-252,5,-34,78,37
34,-256,12,-26,-9,13
27,-264,-4,-8,-9,102
26,-262,0,45,-70,20
45,-246,1,2,20,-48
68,-256,2,111,14,-32
74,-255,16,-4,72,20
12,-249,23,-58,-70,-15
39,-253,-18,-10,-30,51
15,-244,18,-56,112,18
58,-262,-3,-55,124,-72
33,-244,-40,1,-23,-2
72,-245,3,15,-19,36
13,-244,23,22,15,44
43,-245,15,-15,-19,-39
63,-258,-18,52,95,-21
47,-249,13,-12,86,-15
51,-264,-28,-54,-132,30
44,-266,-12,9,55,9
2,-245,39,-84,-79,3
62,-263,18,14,42,5
57,-263,-22,3,37,-26
15,-252,-0,-91,-59,30
66,-243,18,81,-49,-96
23,-246,-1,-83,32,40
26,-255,18,74,18,28
67,-272,6,79,8,-10
61,-269,-8,-7,4,-54
54,-245,3,-30,93,-7
31,-250,1,-97,23,-53
67,-273,-18,-59,-31,113
40,-253,22,3,-70,2
45,-261,-23,79,13,57
24,-263,16,-23,19,-60
11,-269,8,-8,8,-63
42,-262,2,-35,-92,20
57,-249,56,21,-2,58
29,-241,-12,30,58,32
48,-249,-32,9,-73,97
5,-255,-33,-99,13,-82
40,-237,-25,-49,42,79
31,-270,33,-182,26,46
-3,-255,50,-49,9,-3
11,-253,7,11,9,1
-24,-260,-13,69,35,78
-3,-265,-7,-45,-6,-59
-28,-247,38,52,0,36
15,-264,-16,13,-38,86
-18,-252,11,55,-1,-56
-10,-254,-16,-16,-62,53
-5,-262,-17,87,-55,29
-28,-244,-9,-88,-2,22
2,-236,-2,66,50,-9
-32,-262,4,-101,-72,-58
-43,-265,11,-69,82,-35
-23,-271,2,8,-10,11
-34,-260,6,-4,43,-119
-13,-247,26,-79,86,-12
-5,-272,10,-7,39,-54
-48,-239,-4,-5,46,0
-31,-259,-19,91,20,-27
-26,-265,-22,3,-81,-4
-73,-281,16,-52,-14,-45
-26,-253,18,71,-8,81
-18,-254,12,-3,-45,34
-76,-244,11,-46,-104,30
-34,-249,26,-35,27,-3
-42,-264,30,2,-59,-37
-61,-279,-40,38,-57,-9
-66,-255,-3,-12,80,9
-62,-254,-6,4,-53,-11
-39,-254,25,-50,-8,27
-32,-254,-1,-80,29,-62
-33,-260,-13,-50,-4,55
-47,-242,6,15,56,-77
-61,-263,-20,-1,13,-100
-36,-242,31,-26,34,25
-43,-253,-6,46,30,23
-46,-262,-7,41,-44,1
-42,-246,-25,7,63,-53
-51,-256,-16,-83,24,18
-24,-272,-4,63,27,-19
-30,-253,-68,18,10,-10
-40,-257,1,-57,-83,-92
-40,-247,-40,39,-67,-58
-39,-254,-27,-16,-27,-20
-0,-264,-39,48,49,-10
-7,-252,-32,87,-8,-1
-34,-241,14,23,41,-71
-28,-257,28,-53,-30,-30
12,-238,7,-4,6,-43
3,-255,21,-23,-49,-11
-19,-254,11,58,20,-23
36,-255,2,70,-4,12
3,-264,-8,-95,-78,8
5,-253,9,-9,-25,8
17,-257,-24,5,-52,36
-8,-250,9,2,-75,10
6,-254,-26,2,-5,45
-2,-241,5,-45,78,50
42,-258,-45,-31,-58,30
20,-265,24,-46,-25,5
47,-253,8,-130,87,-17
22,-241,16,-18,29,32
41,-268,3,-44,-19,44
87,-234,0,-30,28,9
24,-264,52,61,-62,-39
60,-268,-21,-15,59,-41
45,-264,-20,-2,-75,28
12,-266,-32,45,29,7
28,-258,-20,-15,-10,-40
15,-264,-7,-21,15,-42
41,-269,20,-61,-65,-6
21,-263,3,-1,92,-86
57,-267,4,17,20,-66
56,-241,42,-8,-40,-21
79,-260,-8,63,-1,-17
8,-256,-6,-102,-17,39
60,-263,-14,39,-48,-9
91,-275,12,-36,-26,-18
53,-258,-11,-46,-6,107
62,-242,-40,-49,-55,-67
39,-243,-34,0,-35,12
80,-242,11,6,-15,-31
56,-271,-23,23,-8,-4
14,-266,-19,5,-73,-37
54,-238,3,45,20,-14
63,-268,10,-6,26,25
35,-251,-2,-54,94,-19
28,-260,-27,12,39,-0
71,-252,15,-12,4,139
55,-253,-9,11,-42,-63
48,-269,6,-71,15,17
23,-263,5,2,-82,-5
33,-251,-42,-27,84,82
12,-264,-17,30,3,-22
52,-250,5,30,68,-1
12,-253,-6,59,-21,46
66,-271,-17,-17,43,42
26,-252,-20,71,7,-2
5,-263,-23,26,-0,5
-28,-280,2,78,-60,-70
-21,-254,-24,9,-33,-15
7,-256,-26,-86,11,-94
18,-259,20,-32,8,-69
-8,-257,7,-28,-10,4
-8,-257,20,2,10,-0
-31,-251,-12,6,4,-35
-23,-256,-4,23,33,-22
-0,-260,-39,3,24,24
-15,-268,22,-31,-9,24
-14,-251,-22,-105,22,82
16,-244,-28,23,-26,-16
3,-252,9,-84,51,-13
-5,-258,19,-70,-99,-24
-26,-260,-39,57,-16,-71
-53,-272,-7,70,-61,-43
-57,-267,-18,-31,-46,29
-77,-260,-44,5,-8,16
-44,-259,-23,-55,49,2
-46,-256,6,6,2,-54
-60,-236,-11,-10,35,25
-16,-271,23,-52,-8,92
-64,-281,14,3,35,-8
-69,-253,-21,0,114,4
-67,-261,3,-43,16,88
-68,-261,6,28,38,61
-44,-254,-13,-25,18,66
-57,-279,3,-20,-112,-26
-49,-243,34,-67,21,18
-43,-268,-9,-16,-33,57
-25,-274,-6,28,-46,14
-78,-268,-41,-23,-16,78
-49,-259,2,44,-3,-47
-60,-260,27,44,-49,-26
-106,-254,-11,44,2,-16
-63,-255,-22,18,75,-7
-28,-261,-31,-69,-36,32
-22,-258,-2,-53,38,-31
-35,-237,-28,-1,46,7
-35,-254,-16,24,90,-19
-52,-266,-0,-6,-19,131
-68,-275,-47,-72,-26,3
-43,-257,-31,-32,-38,-24
0,-263,-23,-13,-75,-2
-26,-254,18,58,-44,-27
-16,-280,-12,74,-7,-68
7,-262,2,83,44,-9
-22,-256,0,7,28,-36
4,-256,10,11,-10,18
-25,-247,-6,76,31,-116
-26,-259,6,91,6,-70
8,-259,-7,47,-44,-9
-4,-240,2,-61,13,75
17,-256,-36,50,41,30
-5,-260,6,26,-16,-20
-8,-246,0,-19,73,4
-21,-269,3,140,-28,64
23,-263,29,-28,-22,106
17,-248,-28,12,92,-33
1,-242,-7,6,28,-41
19,-247,19,11,1,4
6,-252,-12,9,-38,-30
42,-263,-0,-84,2,50
6,-246,23,49,48,-52
7,-249,-11,-7,14,85
61,-251,2,38,54,92
39,-246,-7,2,-29,17
33,-245,11,18,-64,-43
28,-260,2,44,4,-36
54,-243,-11,-51,11,-3
60,-250,6,8,3,-80
56,-260,1,-69,-38,13
30,-264,20,3,26,85
43,-254,26,9,-93,7
50,-255,-13,33,34,16
30,-248,-1,33,26,-54
34,-267,-3,11,-27,57
44,-243,12,-45,-49,-16
61,-242,4,28,74,-14
59,-241,-3,59,-44,-44
38,-255,-7,89,-3,-30
35,-258,-17,-81,-45,127
57,-246,-16,-54,56,-82
9,-257,-24,1,33,-35
66,-253,-6,-19,-11,37
54,-266,-18,-74,37,11
74,-237,10,21,47,19
46,-276,17,26,28,-92
39,-259,6,-38,10,7
-4,-252,30,23,8,-43
20,-241,-6,52,25,-26
67,-257,11,7,129,6
33,-254,41,-35,35,10
60,-248,5,-37,-25,18
4,-262,-39,-22,-67,-34
15,-266,-21,-62,-35,38
-48,-252,29,36,-42,-44
47,-242,-23,-1,-0,25
29,-260,-0,5,14,-52
19,-270,-14,-26,161,103
-10,-255,-4,-5,-61,-54
-1,-261,-1,52,37,79
-29,-267,11,-15,-14,29
9,-250,-13,-36,47,-4
-6,-261,24,-115,-27,19
1,-251,21,-61,-15,19
-45,-247,57,46,-81,-8
-25,-266,2,-10,-49,-71
-33,-260,7,-6,94,4
-8,-254,21,-9,-54,21
-32,-274,-36,-50,99,-35
-40,-249,16,23,76,-104
-55,-265,-2,28,33,-6
-56,-247,7,-4,-26,1
-17,-260,-14,19,-23,7
-12,-250,-17,-28,35,9
-38,-228,16,-26,16,-5
-54,-268,-30,-37,-93,-120
-40,-274,-26,-99,58,-17
-46,-263,4,56,92,43
-53,-264,-2,87,-49,3
-66,-259,20,34,65,-25
-32,-248,-17,-14,73,-17
-34,-250,-5,4,-123,40
-56,-266,2,-9,-36,-84
-47,-259,51,40,-42,93
-76,-259,-14,33,25,-72
-28,-259,-13,58,-15,44
-17,-234,34,30,-28,-4
-62,-259,40,15,-12,-54
-22,-278,-4,14,32,36
-65,-259,-19,-53,-41,-56
-50,-275,-14,-38,-18,-35
-85,-274,-2,-37,-1,71
-76,-263,-10,79,30,91
-58,-257,21,16,-2,1
-60,-256,-14,37,45,-34
-28,-269,4,-55,-9,-38
-48,-247,-10,-56,62,63
-40,-235,-11,-13,-19,14
-25,-252,7,2,8,-116
-26,-253,-17,-12,-29,86
-29,-265,7,12,8,27
-55,-251,-23,-11,-34,34
-18,-262,-1,-31,2,86
-9,-243,-1,1,18,-121
-51,-274,-34,6,54,77
-48,-257,-0,-11,42,22
-55,-250,-5,27,12,54
-7,-255,7,-13,-2,30
-37,-263,16,46,41,-41
-27,-280,26,-44,43,-59
-7,-262,2,-112,-45,-33
-11,-262,11,-34,63,-49
-17,-261,25,12,28,32
5,-261,-23,-124,-44,10
43,-269,1,-11,50,18
3,-259,13,36,15,-60
-12,-269,12,100,-22,-31
28,-252,30,2,-4,55
39,-250,-44,19,-62,-10
-16,-267,6,56,-25,33
15,-256,-13,-1,-73,-5
28,-251,-18,6,38,9
34,-265,8,-26,2,85
13,-277,3,-44,-78,37
36,-273,-23,-16,-21,-37
69,-250,33,-40,-79,3
24,-239,3,-48,33,57
54,-249,-2,44,65,49
21,-255,-12,-66,-15,-43
18,-248,-0,87,-11,-3
46,-260,19,85,33,8
21,-267,-18,19,-105,-9
41,-244,1,37,12,79
61,-248,27,4,-60,-3
45,-271,3,8,12,-77
57,-261,-6,30,21,-10
44,-258,15,-10,3,32
53,-246,28,-17,-39,23
41,-243,18,-35,-24,-14
36,-261,-9,21,-1,-35
44,-268,-3,3,-48,73
24,-249,-16,-17,-26,-51
95,-254,27,90,56,87
8,-243,-11,-14,-26,-59
73,-246,1,-39,-45,97
12,-243,-2,-39,8,-32
15,-256,2,-58,-62,8
22,-257,-11,36,-59,38
54,-252,-4,-14,20,16
46,-250,18,53,-62,-2
38,-241,32,-37,17,61
-11,-245,4,0,-76,-13
52,-255,10,-12,9,-4
37,-263,4,45,39,29
3,-254,-9,66,46,-40
22,-262,-16,-78,-26,57
9,-259,-12,10,77,95
44,-273,-18,-31,-44,-10
11,-246,47,-26,-0,14
27,-255,27,39,-139,28
-8,-256,5,68,-87,-3
-17,-260,33,-75,10,-24
-28,-263,-4,-28,-101,-55
-7,-232,11,-54,9,20
5,-239,-14,-30,60,95
8,-262,15,45,8,1
0,-257,-6,-29,3,-72
-13,-245,-10,-32,2,-105
-43,-245,-4,109,-74,101
-29,-265,-17,-66,30,15
-42,-263,-3,-39,48,-17
-28,-246,-10,35,66,-20
-57,-263,9,52,101,-56
-24,-257,13,-44,25,-10
-28,-229,23,-35,-33,14
-39,-255,-37,-28,128,-15
-66,-258,-22,-16,29,-49
-48,-260,-27,20,-14,-10
-40,-250,-14,97,-20,-13
-49,-239,47,-57,23,-106
-52,-257,-3,-13,-43,-102
-58,-250,-17,-55,-67,31
-20,-260,-5,-69,-16,84
-42,-250,6,62,27,29
-55,-269,-29,27,4,-45
-77,-252,18,-19,-55,-77
-48,-245,42,-40,0,1
-59,-274,16,153,-51,9
-83,-251,5,-46,-136,-28
-52,-242,-14,-18,-12,-4
-61,-257,-28,-31,5,63
-26,-264,-15,-6,-1,7
-11,-258,8,7,-90,46
-55,-254,-19,-61,56,11
-28,-247,-17,42,42,-45
-66,-267,24,-38,-72,104
-34,-262,11,-127,116,-4
0,-270,25,-67,-21,17
-41,-242,1,-105,-44,-1
-17,-270,3,38,16,-72
11,-283,-2,-67,67,97
-6,-235,0,-6,-46,12
-6,-233,-13,2,-67,-55
-50,-256,-5,148,82,47
-18,-254,13,43,-7,-26
23,-240,-11,-8,-9,74
-15,-241,11,-11,-38,-35
-39,-254,-37,52,-41,-115
6,-248,-11,-14,25,-61
-4,-254,-1,-3,-36,39
-19,-261,-6,30,-31,1
-35,-257,-35,38,-69,-23
27,-262,-13,1,-128,7
7,-261,-29,5,60,65
3,-244,-1,-32,-14,5
-13,-246,21,44,-173,-14
16,-259,17,-7,-96,-81
29,-258,21,63,46,-20
14,-258,-67,-12,-24,-30
38,-255,-22,-29,52,12
-11,-255,-28,74,48,18
25,-237,-15,12,88,9
53,-250,22,-46,-1,1
8,-250,12,-75,113,10
26,-259,-11,-44,-17,-53
37,-245,-21,0,-37,101
63,-255,-21,-29,72,31
33,-250,-15,66,-100,22
29,-247,-27,6,36,80
59,-266,-6,-88,11,6
48,-254,3,11,-48,-87
59,-243,9,98,18,19
98,-259,21,-114,32,64
54,-257,28,42,-71,-59
42,-263,-3,-24,15,-59
39,-255,24,-17,40,35
57,-266,1,20,-20,25
66,-256,-11,-18,-17,5
46,-250,-25,-31,13,-64
16,-264,-9,-114,-44,2
38,-266,-9,-23,16,39
42,-267,-24,-6,54,-0
48,-266,10,-31,12,23
64,-249,39,19,-91,-51
38,-262,-11,-21,65,19
53,-259,9,17,82,-8
-14,-249,-28,42,-66,-12
20,-278,10,-44,-51,-24
66,-265,14,-19,-15,68
44,-237,-7,-52,-78,9
38,-251,-13,-46,89,-64
59,-256,0,28,38,126
40,-259,-27,24,28,-4
26,-277,-13,15,3,-49
20,-256,-19,45,120,-57
38,-244,-7,12,-108,22
33,-263,20,-63,6,2
5,-259,-26,39,63,11
35,-254,8,59,42,43
25,-266,-30,-24,124,43
6,-253,29,-25,-28,-82
-36,-262,23,-15,4,84
-25,-269,4,81,4,-30
-26,-260,-3,21,49,-50
-1,-263,16,-67,24,10
-2,-228,-2,33,-25,41
-49,-256,14,5,52,-38
-38,-260,11,12,53,24
-32,-254,5,-64,74,-1
-14,-263,2,67,-10,40
-55,-288,-24,-16,27,-73
-10,-261,1,-59,-86,-67
-20,-248,-6,-23,-92,-24
-67,-254,10,-51,60,12
10,-256,-20,23,34,0
-40,-249,1,29,7,-52
-37,-261,29,57,39,-18
-20,-261,23,33,-12,-149
-63,-254,8,-9,-40,-54
-48,-257,33,-5,-17,-4
-87,-242,-9,51,-0,-50
-39,-249,10,-39,-20,3
-42,-237,-3,-1,3,-28
-15,-251,-10,54,-53,43
-39,-241,6,-25,-1,8
-68,-250,2,-39,-43,-25
-43,-243,-4,-33,122,6
-36,-278,-16,-5,4,54
-49,-248,-13,-50,96,-83
-65,-262,-13,-100,46,42
-13,-266,-1,-35,50,71
-31,-259,10,-40,-71,-11
-41,-239,12,27,-73,28
-83,-254,24,62,-95,-16
-69,-275,16,152,-4,-27
-71,-269,1,110,-18,-39
-36,-255,4,-18,61,137
-31,-251,17,24,9,33
13,-263,38,40,109,8
-22,-249,-25,56,-45,45
-32,-253,-22,-78,-10,-14
-30,-260,-17,-52,103,-23
-36,-253,16,-1,6,-25
-1,-245,-16,-6,37,40
-19,-247,49,-38,11,-29
-18,-240,-26,-75,61,53
-5,-246,-6,30,105,-78
-8,-266,-29,32,-85,93
17,-257,10,73,87,-31
0,-244,-3,-33,-22,-9
-9,-242,7,31,-72,27
8,-258,-0,-40,50,-14
-2,-248,6,-36,-37,62
19,-265,15,12,90,65
-7,-258,-5,-20,114,31
7,-246,-13,26,11,-38
6,-260,-9,57,30,59
8,-249,-21,-53,68,-43
33,-255,24,-28,-25,-50
20,-259,4,64,28,-21
66,-240,-1,27,-14,29
-3,-277,33,-77,-10,58
36,-265,11,79,-11,73
17,-250,-13,10,127,-37
31,-252,16,6,-19,34
31,-259,-25,5,-16,-67
38,-265,24,111,-27,138
72,-264,14,-37,33,0
27,-266,33,31,6,59
42,-254,-4,11,27,-17
55,-255,14,-63,45,8
14,-251,4,-9,26,-1
44,-253,-13,-62,8,-36
71,-251,5,-23,8,-61
72,-259,4,-72,34,-44
42,-257,26,37,-23,-45
38,-240,-11,-75,50,76
35,-245,30,-10,49,29
26,-253,32,-1,-48,28
35,-264,-2,45,-27,-4
80,-255,0,-86,-52,47
53,-265,-23,-51,96,-42
69,-255,5,4,31,-61
24,-249,2,47,30,66
32,-273,33,-75,-37,-40
60,-249,-1,91,32,97
56,-266,16,10,36,5
31,-237,-27,33,-81,43
44,-244,10,-62,50,8
32,-288,8,44,-30,-22
43,-269,-17,25,91,-108
16,-248,30,10,62,-81
10,-248,-7,-29,-30,-78
16,-250,0,15,-74,35
49,-261,-15,41,77,33
-5,-254,-22,52,-15,-9
35,-244,16,44,-48,53
20,-275,34,-143,-38,39
-5,-257,4,-12,100,10
14,-247,8,19,31,89
2,-264,-3,46,-39,-44
26,-237,-5,-19,29,-11
18,-257,6,35,45,20
-24,-251,0,49,40,-34
-22,-274,-15,-29,97,10
-17,-238,-25,-1,-32,91
-15,-256,-12,-52,108,-5
-24,-252,24,66,-43,-9
2,-244,-17,-0,17,-59
-11,-247,-24,-17,-22,-10
-30,-258,-35,14,-12,-33
-65,-240,-3,25,-2,15
-27,-267,1,46,38,-8
-38,-260,8,-4,-9,-26
-57,-261,32,-11,75,40
-55,-275,8,10,-2,65
-89,-248,18,60,-68,-47
-27,-242,-31,-25,49,23
-40,-253,42,-80,-51,-65
-40,-257,14,55,-108,31
-80,-262,24,-75,50,-27
-35,-269,3,-121,-37,-48
-40,-242,-1,-73,-0,-10
-28,-240,15,38,-13,14
-70,-256,-21,8,48,-68
-40,-251,-15,-25,-8,87
-36,-253,-11,-100,52,13
-53,-267,7,-53,-4,59
-39,-267,-21,10,57,-3
-65,-237,20,62,6,-25
-37,-267,-65,4,73,-57
-54,-247,17,-56,-41,-23
-65,-242,0,33,-0,15
-41,-262,7,62,17,-47
-71,-245,-3,-85,46,-19
-68,-249,14,61,-66,-101
-26,-258,18,-41,-30,45
-26,-256,-6,25,-72,-43
-41,-257,-27,-27,85,9
-16,-250,36,15,18,72
-13,-260,-34,-53,93,-14
-14,-261,26,-100,-87,-15
-2,-281,43,-23,29,7
-19,-249,-41,70,23,13
-55,-248,6,-81,-113,86
-13,-249,-15,-46,2,54
-33,-249,-20,-12,-41,-62
0,-249,40,77,-20,11
-49,-264,-24,21,120,-54
-9,-274,10,4,-91,44
4,-253,-30,163,41,-12
1,-260,-25,-14,-64,46
2,-249,21,-1,-60,-59
-23,-265,13,-25,-25,-131
-9,-260,2,19,-90,-11
9,-275,-34,77,63,-79
41,-245,-4,-23,-24,-22
29,-256,-29,36,15,17
-53,-249,-7,17,-60,-14
29,-250,20,5,-26,26
39,-260,37,-3,18,-112
17,-265,-12,41,-38,0
31,-267,40,-80,26,-22
12,-266,-4,-1,14,-2
14,-257,36,24,78,-31
42,-271,-9,-3,-39,28
46,-254,2,4,36,51
68,-247,-2,-45,-7,-34
53,-253,-5,50,-15,-69
45,-240,9,52,-12,-17
48,-243,26,-83,-46,-25
44,-262,32,90,-0,-67
31,-242,3,-7,61,-4
84,-255,-17,29,12,42
44,-242,13,-41,3,58
38,-258,7,-66,-49,35
3,-277,-6,149,-70,-13
42,-263,-0,49,9,-51
71,-263,-17,30,70,-30
73,-276,7,-67,54,99
35,-248,-16,3,2,-25
28,-244,-8,3,21,81
87,-270,5,-99,88,-10
40,-263,-1,-62,43,42
61,-247,25,-86,94,104
36,-263,-31,15,25,3
87,-247,7,4,-8,13
68,-262,-3,31,38,-21
36,-269,-9,-12,14,-21
16,-257,-11,46,-7,-3
10,-264,-14,44,15,1
35,-251,1,-30,23,-89
17,-261,-7,27,-20,36
-16,-265,1,71,83,-88
31,-246,14,33,-70,12
30,-249,-27,59,19,57
29,-239,16,27,-63,5
6,-272,11,-45,-45,-34
13,-242,52,71,9,61
-5,-251,3,17,38,39
-22,-259,-0,107,31,-41
-27,-281,21,2,87,-48
16,-245,-13,78,-17,41
-15,-249,-7,30,75,-52
7,-268,-9,-5,112,122
-48,-254,13,3,-26,25
-18,-270,52,0,-4,-127
-24,-262,-4,67,63,-44
-15,-254,16,-28,0,2
2,-259,17,49,6,23
-7,-264,-11,18,-51,-39
-32,-261,13,76,-37,42
-10,-246,-11,-126,-31,-15
-66,-256,23,39,112,79
-40,-263,25,104,37,-31
-32,-257,-18,18,-3,22
-49,-252,-22,-31,20,-36
-47,-263,45,66,101,30
-67,-253,-27,-16,-77,38
-49,-255,20,35,40,85
-78,-262,7,15,46,4
-14,-250,17,77,44,-12
-51,-252,-28,-38,55,43
-65,-257,14,5,-79,83
-61,-248,2,-23,-100,57
-46,-247,16,29,-42,72
-30,-263,21,32,-48,34
-68,-263,11,4,67,-53
-65,-232,4,58,-50,31
-43,-264,-29,-4,-2,23
-53,-260,28,-63,-4,0
-55,-269,11,67,-57,-48
-39,-255,2,91,-107,136
-51,-240,-3,-38,99,38
-55,-253,-7,16,0,28
-58,-241,14,-33,67,33
-36,-262,11,-131,-50,-47
-22,-239,-17,5,-85,-12
-16,-255,-9,0,42,55
-47,-257,11,41,46,-11
-23,-246,23,101,-27,-26
-21,-247,35,8,-39,-67
-1,-265,26,48,-8,51
-17,-256,26,35,1,53
-35,-267,-17,40,29,51
-22,-259,-36,-109,79,44
-18,-257,-6,-37,-2,-83
-28,-260,5,0,17,25
5,-265,17,103,19,-10
-9,-247,-19,33,23,17
10,-254,25,1,-122,2
29,-253,-30,47,-51,-1
7,-253,12,-34,35,9
-23,-241,-18,57,26,60
8,-257,8,-12,32,15
29,-247,7,-26,1,59
17,-266,37,26,-63,21
-23,-248,12,-47,27,66
-12,-249,12,-2,15,-24
30,-253,7,-67,-17,-17
25,-248,6,23,42,62
36,-239,15,26,-6,42
8,-250,-6,-26,-27,32
26,-239,-22,78,49,23
50,-251,16,15,-3,-10
61,-257,-26,-78,32,-3
63,-250,17,-23,6,76
80,-244,10,63,-46,-43
46,-256,2,-8,-29,-35
38,-256,12,4,34,72
51,-251,-7,41,51,18
81,-258,40,-87,-35,-34
56,-271,-40,-74,-60,-62
26,-262,-9,-51,43,-1
23,-254,-26,-31,-77,23
64,-272,14,-43,-30,-2
59,-249,33,-14,90,-53
35,-236,-14,-114,-1,61
69,-232,25,-5,-12,63
26,-252,-33,86,4,64
30,-247,-9,65,-30,-4
40,-277,-18,-69,7,18
38,-275,22,-31,-33,-49
50,-259,6,-29,-43,-26
38,-271,-5,-40,53,15
44,-260,8,12,4,21
72,-246,21,-7,-38,-47
42,-237,-10,28,-46,23
35,-259,-0,73,1,-4
30,-260,10,-30,-34,-57
23,-259,41,-60,-44,-26
-3,-244,7,60,2,15
20,-258,-24,-29,50,36
24,-258,13,15,-18,-59
-6,-260,-5,46,-21,-61
42,-258,16,53,-28,-47
29,-264,-9,-56,-26,-10
19,-247,4,61,9,89
8,-257,-6,-11,-29,1
5,-236,5,-49,-79,-50
54,-259,27,-20,37,-43
-44,-266,-18,-84,9,15
-4,-251,-15,-27,-9,8
-17,-257,-31,-56,-36,-28
0,-243,-1,1,38,-10
-3,-270,7,-62,3,-22
-37,-253,20,8,-50,-32
1,-252,-12,45,9,-47
-4,-266,26,53,-88,21
-34,-276,-18,16,21,25
-15,-264,11,92,57,81
-24,-262,37,-7,49,-18
-43,-244,39,111,50,48
-38,-269,43,53,20,-56
-1,-243,3,-3,38,-21
-49,-262,6,14,-1,1
-30,-246,-6,16,-33,132
-19,-264,-29,-19,-44,-56
-18,-253,-10,-69,20,-57
-8,-263,-3,-72,-94,54
-38,-260,18,4,105,-83
-40,-271,-3,77,-64,25
-55,-257,-22,-71,-1,69
-89,-262,-19,-71,-35,54
-57,-255,13,44,111,-56
-50,-265,6,-62,-72,96
-31,-258,-45,15,89,-13
-19,-254,25,21,-64,-95
-74,-249,-2,18,-45,6
-54,-247,-3,-16,59,-21
-48,-258,1,-85,19,-43
-60,-265,2,-10,45,-3
-59,-265,-4,-50,-57,31
-30,-244,7,100,16,-49
-66,-248,5,-31,48,67
-37,-280,-29,-32,4,26
-41,-255,-41,-6,2,48
-44,-259,18,46,-22,19
-36,-262,-1,-17,2,14
-7,-252,-9,-31,13,42
-27,-267,9,-80,-12,-55
-15,-251,17,-28,-37,23
-35,-247,13,37,-20,11
-39,-249,-6,20,-27,4
-17,-262,28,24,13,64
-27,-246,2,19,30,-66
-60,-262,-12,-42,-24,50
-18,-260,-2,-22,-50,49
-24,-252,15,-90,-13,-67
-26,-261,-0,-8,66,12
-1,-242,26,-68,24,-15
6,-268,-28,-34,36,4
-13,-255,-20,35,80,9
-22,-251,9,-34,-47,51
11,-259,-16,4,65,-33
23,-260,12,99,-72,-59
16,-257,5,103,33,5
19,-258,-8,-28,-51,36
27,-247,17,9,-67,-41
7,-226,6,-17,-33,-48
28,-255,4,28,28,6
44,-266,-2,9,-8,58
43,-256,-11,-36,35,-99
57,-268,8,-102,139,41
33,-269,-17,78,-24,11
43,-246,7,12,-54,48
9,-259,18,32,6,-150
43,-245,-25,-34,-36,-41
54,-273,0,-19,23,15
24,-261,-31,166,-21,-26
47,-244,29,32,-82,47
9,-248,15,-25,-6,72
52,-235,-24,-47,2,14
19,-260,5,1,132,-24
57,-248,-21,46,64,-88
27,-264,-12,-10,-33,-41
50,-248,-6,73,-37,-9
1,-0,-0,-33,-28,-23
0,-2,0,-3,-36,-90
1,-3,-2,12,-19,-25
1,2,-2,-29,8,-46
-0,-1,3,17,54,-6
2,3,2,-37,75,30
-0,-1,2,-51,-130,83
-1,-0,0,23,-6,25
-0,-1,2,16,51,14
2,-1,-2,19,-6,-58
1,-2,2,-51,-55,36
1,-2,-2,69,-22,-18
-1,-0,-2,44,1,9
-1,-0,1,-47,-0,-9
-4,-1,-2,-69,10,-45
0,-1,2,-48,-11,51
-1,4,-2,15,-12,86
-2,1,-1,-32,103,-8
-0,1,3,17,3,41
-2,2,-0,87,-66,49
216,-64,107,12,-8,2462
271,-48,103,93,22,2793
336,32,136,50,18,3771
489,151,194,36,-100,5349
739,322,281,-6,-44,7455
951,528,366,-5,-26,9989
1230,758,476,38,12,12833
1473,959,594,-42,4,15854
1770,1220,731,-46,21,18911
2041,1454,806,-57,-32,21861
2291,1665,925,-54,68,24566
2502,1854,1009,8,-8,26899
2682,1972,1084,-49,-11,28752
2811,2080,1131,53,8,30037
2839,2159,1165,-9,22,30696
2845,2161,1168,-15,26,30696
2758,2096,1136,25,-46,30037
2673,1987,1072,33,17,28752
2472,1838,986,40,86,26899
2308,1668,930,33,-47,24566
2015,1443,842,12,-48,21861
1771,1222,735,32,33,18911
1433,977,609,-1,77,15854
1169,747,496,78,-26,12833
849,535,392,-37,-2,9989
637,314,323,23,-13,7455
473,162,196,-45,-3,5349
324,36,127,-10,-17,3771
224,-51,77,-46,-21,2793
189,-71,85,13,-157,2462
244,8,-5,-95,-40,-40
255,-6,-1,0,-6,-52
253,6,-0,-12,-23,69
258,-1,-3,85,-6,-75
264,4,-7,-6,-16,61
252,-7,-4,-50,-28,-66
262,-3,-5,-113,-8,-6
268,2,-4,-50,5,-77
254,1,-8,135,-113,65
254,1,-1,16,76,-7
251,-5,-4,-38,11,43
254,10,-1,-98,52,-41
254,-3,5,38,38,56
254,1,-6,-49,26,18
260,0,-1,-21,-27,79
251,3,-3,41,6,-33
254,-4,3,-11,42,-55
256,1,4,-19,6,-11
244,1,-2,-11,-11,-25
258,-1,5,25,-71,66
254,-4,3,-3,18,-46
260,1,8,-23,39,32
261,6,-14,-9,79,11
263,4,6,-36,-91,125
251,-5,-7,-100,-2,28
258,2,-0,40,-48,-44
263,-13,-3,51,80,29
266,-3,6,59,-48,4
257,-5,2,-10,-26,2
262,5,-1,-8,53,-48
259,-5,-1,-25,127,19
257,-4,1,-31,-47,-71
251,5,4,31,-33,9
258,-9,5,61,57,-55
259,5,-9,45,-31,49
250,-5,-2,20,48,-4
259,4,-0,-17,-7,-17
252,1,-8,35,-10,-100
265,-1,-3,19,55,-200
257,-1,-7,-18,53,-38
263,0,-4,-1,74,52
261,0,3,-27,36,-42
260,2,0,-32,-80,40
253,1,11,-35,-42,-37
255,-7,-1,26,-13,33
252,-10,-1,21,-97,-68
257,-3,-1,-34,-39,72
254,10,-3,-26,16,129
256,2,-5,-7,58,9
256,3,2,-63,-9,38
246,-9,-7,7,-20,6
265,8,-6,44,63,-34
257,1,8,20,72,-47
257,3,3,-10,81,-45
258,-9,-1,-24,-8,1
251,4,0,-2,-114,51
253,-4,2,-56,29,-72
249,-3,-1,54,-12,15
257,0,4,10,-67,-9
260,1,-4,41,32,-44
245,-6,-2,-61,39,-63
252,4,1,-26,34,-53
263,0,8,-111,-62,39
261,-2,-3,104,-4,-45
258,-2,-0,19,-16,24
251,2,-2,123,-77,26
262,-6,2,59,15,-54
247,-7,-0,-10,8,-119
252,2,2,-36,71,36
249,-2,3,23,59,-34
259,2,-6,-22,12,-23
267,3,7,-94,-20,33
256,10,5,-22,-1,64
254,1,-3,-19,-43,-21
257,6,-8,-30,40,-79
256,3,3,63,-11,-38
262,1,2,23,-84,6
255,6,5,-93,-25,-7
252,6,-1,1,33,-28
263,11,3,6,23,-27
253,2,4,89,-23,42
253,-0,-8,-89,53,100
251,-3,-1,86,10,7
257,2,3,19,-29,-40
255,1,6,13,-64,-72
268,-2,6,3,-35,-43
259,8,-10,10,-16,42
248,4,2,-42,-58,7
248,-4,2,-43,28,16
248,-1,6,-57,-1,-18
261,7,-10,8,64,32
259,3,-3,13,-34,70
246,-4,-3,-6,-2,13
263,-5,1,-21,-83,6
256,0,-1,1,-85,-21
260,-2,-0,11,-13,-41
255,-6,1,-21,73,1
254,-1,6,-35,10,4
273,3,-3,-36,-110,33
256,-3,0,7,28,78
254,-0,3,11,45,73
253,6,-8,19,61,-46
253,2,7,-43,-122,47
256,-3,-4,14,-2,-12
252,0,1,-39,-110,-25
256,11,-2,11,-17,-26
253,-17,-2,-38,-57,-22
251,-3,1,-24,157,81
246,7,-2,84,17,68
261,5,-0,22,27,-25
259,-0,3,35,-38,5
261,2,-0,-26,-65,23
265,0,6,-51,9,39
262,-11,-8,62,72,34
263,-1,-2,70,1,-69
254,6,0,-6,15,-159
255,3,-3,-40,16,-80
258,-1,6,-87,24,9
258,1,-2,-33,14,72
249,0,-5,-37,-23,-50
257,7,-5,-25,44,-24
255,-3,5,-32,68,55
255,-3,3,-16,9,56
254,-4,5,44,25,-38
252,1,-3,105,-26,91
262,-5,3,21,-8,23
254,-1,0,-72,-40,44
262,-0,-8,3,45,38
256,-4,4,60,-63,-88
253,-3,0,20,-19,104
253,3,1,70,49,42
249,-1,-5,-11,-24,77
259,-12,1,-39,18,-18
256,1,5,8,77,-2
268,-6,0,-85,-66,48
247,2,-8,35,-21,14
257,-8,2,36,10,21
262,13,1,41,48,-102
260,-4,5,-4,25,-4
247,2,-1,-12,109,-27
252,1,-1,-46,-57,76
244,2,1,-114,35,158
259,2,1,-53,3,-14
257,9,1,34,5,104
246,2,2,-43,-26,95
257,-2,14,-4,-26,5
253,1,-7,-35,68,41
255,1,3,-28,20,73
252,4,3,-47,-74,-33
245,-8,-16,-23,38,-25
262,2,2,16,-8,26
254,-1,-1,101,43,-47
264,10,5,2,5,-77
256,-0,3,23,-29,-60
255,-7,-6,-10,69,20
267,-4,9,-64,42,72
264,-7,9,-50,66,7
254,2,-4,-34,-90,-6
258,1,9,45,51,39
246,-2,-5,-10,-24,57
255,4,5,-29,-98,-96
256,2,-7,-51,-27,57
258,-9,3,-22,-24,27
248,-1,2,-37,86,34
246,6,2,-88,77,-81
266,3,4,5,-30,16
259,-5,6,-46,-31,84
255,-3,4,89,-29,-17
260,5,2,-44,-20,-20
259,-2,0,-33,47,0
254,-10,7,-56,50,75
243,-12,-3,8,3,60
250,5,3,37,6,44
254,-1,7,16,8,-13
247,-8,-4,-10,-19,-16
258,3,10,57,-19,-71
260,-0,1,67,-36,-0
255,-3,5,-65,10,-13
255,1,-3,66,-44,-56
257,4,13,16,134,6
259,2,1,54,-37,59
259,0,5,54,-14,18
251,2,3,17,-24,-78
261,-8,-1,45,20,-4
248,8,2,118,-45,-34
254,2,-4,44,47,-9
263,-5,-1,-16,76,12
246,-8,6,54,15,-77
255,-5,1,49,-104,-27
266,4,-3,56,-53,3
250,-3,4,-12,-35,0
253,-0,2,-21,33,-56
258,3,6,63,-14,82
258,7,-6,-32,-42,56
261,-1,3,-28,-55,-83
259,1,-0,-9,-9,28
265,1,7,-2,6,78
256,9,-2,18,-10,25
260,3,7,-43,-29,-19
253,3,-2,5,-15,-16
260,0,1,-23,96,31
261,4,-7,-28,34,159
254,0,-10,-65,26,22
253,8,2,-64,50,54
260,7,-2,-68,71,-6
245,-3,-2,99,1,57
258,-8,-5,-68,-36,-37
251,-8,0,-61,-47,17
254,2,3,-2,25,-30
257,-2,-2,-30,35,-68
255,3,6,1,-35,-100
248,4,5,-56,-60,3
264,-6,1,9,85,-45
253,-10,4,20,63,13
256,-1,-12,50,2,1
247,-6,3,-21,12,-31
262,1,-12,-46,76,11
259,-4,10,40,44,-95
249,5,-8,-51,-13,3
259,-5,5,-42,16,-38
266,-2,2,54,4,-8
254,-5,-4,36,37,-50
255,4,-3,13,-37,-41
264,1,-4,9,-3,-17
247,8,-4,-157,31,-70
253,12,-2,-28,-55,-52
257,-2,2,-22,52,111
253,12,6,-8,-52,-14
251,-2,0,30,-14,37
253,-1,4,-34,-8,51
259,-2,-1,-99,32,-4
263,-3,-3,15,80,23
262,-5,4,17,-80,-27
254,-7,4,49,19,-48
252,6,-5,129,-21,25
248,8,7,10,-55,90
266,1,-2,-1,-32,58
265,-11,-2,25,86,-14
257,-3,2,-48,61,-27
258,-2,-3,25,51,34
256,-3,-1,31,-40,-19
247,5,4,-33,-53,-91
256,-2,-1,-48,-60,21
249,-6,1,16,-24,-9
258,5,0,124,56,45
256,-3,-5,-94,-0,-73
258,-8,-8,69,-21,40
252,10,-7,-68,-2,42
252,-0,7,-26,129,-56
260,4,2,-1,-4,39
263,-1,-2,18,88,100
253,2,-3,41,-45,65
251,-5,4,9,-8,51
253,0,4,-46,63,-68
264,-4,-1,11,16,-30
256,6,-10,-75,-57,-7
256,1,-0,87,-13,-47
261,-2,-7,67,76,52
260,1,-1,-18,26,-74
251,1,-2,65,-35,87
262,2,0,1,33,29
248,-11,5,25,60,-56
257,-2,3,29,5,-16
271,-3,2,32,50,-60
251,-0,-1,34,40,-96
257,4,2,-19,-11,-23
254,-1,0,32,10,-33
254,1,4,-23,54,-64
249,4,-3,-36,-64,-51
265,2,-8,10,-8,-57
261,7,-5,-53,-7,-14
263,1,-2,-20,-48,-94
261,-10,0,49,-10,-29
264,7,5,-7,-44,-50
250,5,3,-18,-14,22
255,1,-3,58,-26,28
256,6,-0,28,84,9
255,1,-5,-22,-16,4
259,0,-1,19,-2,-8
258,-2,-1,142,-6,8
257,-4,-1,19,-138,-43
256,-5,-7,13,-38,-19
255,1,0,-10,28,119
255,5,3,-57,-6,-36
256,-0,6,63,19,68
249,-2,-5,2,13,31
248,-3,-2,-10,-39,61
263,-3,2,56,8,-6
261,-1,10,-73,-4,41
246,2,-3,39,-29,-20
249,-5,6,-51,-68,56
263,4,-6,50,-27,-72
259,7,-6,9,-23,-9
267,-2,7,-2,-23,-13
257,2,10,-51,53,22
256,9,-4,-5,16,74
252,-2,4,45,-27,32
249,-4,5,-29,42,-3
252,-4,-7,-10,47,6
255,-8,1,-66,-40,-39
257,-4,8,78,-2,1
254,2,5,-7,79,14
263,-10,-0,-56,-37,-77
252,4,13,51,83,-17
253,-3,-3,-31,-3,7
260,-1,-3,-11,-79,51
256,-5,4,26,-19,-39
256,-6,-2,-44,-59,-0
250,-2,-8,8,-116,18
249,3,-7,49,-42,-26
255,3,-2,1,28,-73
254,-3,8,130,-4,28
256,4,-1,-44,35,-29
260,-4,-1,-32,-22,86
255,-9,-1,-11,-16,-4
265,9,1,-38,-55,-0
246,-2,-4,20,24,-9
254,2,-6,29,12,-14
248,3,-2,-50,-17,12
262,-2,-7,-3,28,53
261,-12,-5,-54,-124,31
257,-0,7,107,-10,-0
249,0,-3,20,-3,-14
257,12,-1,-39,36,34
261,1,-2,36,12,-5
251,1,-1,57,19,-28
256,2,0,50,-19,12
264,-0,-1,-134,26,58
258,-0,-5,11,37,17
258,5,-7,35,-44,-22
251,3,0,93,-62,86
265,-6,1,30,-15,21
250,-0,-2,-41,-11,31
259,-6,4,-57,-5,38
263,1,8,-46,14,-5
254,3,0,-121,26,7
257,3,11,-8,-84,-5
268,1,0,-67,-135,3
258,-2,-5,5,-49,111
259,11,2,19,7,3
259,-0,-0,72,37,-31
250,-3,7,14,55,-21
256,-3,-6,4,-44,-83
258,9,3,4,-46,5
263,-4,3,-44,92,-2
263,-5,4,-37,-21,96
254,4,1,-18,-64,35
260,-3,7,-21,33,-71
261,-0,-1,40,16,-51
252,0,2,126,-15,-53
263,7,-2,32,-102,-35
248,1,-4,69,29,13
258,-2,-5,9,-114,-47
256,2,8,-28,-5,53
264,-4,5,33,52,8
255,4,-4,68,19,-28
258,-5,-4,64,-20,-24
252,5,0,31,38,-4
259,-1,-4,8,16,45
260,0,-4,1,24,-29
256,-4,-2,-53,-59,87
261,4,3,38,54,-13
246,1,1,33,27,71
260,-12,4,-39,-46,-22
250,5,6,17,18,-77
255,7,-9,32,-63,73
259,-1,5,16,-71,-24
251,-6,-11,38,-26,18
249,8,8,39,60,62
254,7,-5,59,-38,17
260,-0,2,4,-19,-32
261,-2,9,5,-28,-61
259,-8,5,-2,-43,31
258,-1,7,41,17,32
265,-3,5,-15,12,-46
264,-4,-15,22,-98,-10
253,-10,1,-24,-114,5
257,-4,-4,-6,-40,42
254,-0,-3,19,-55,19
258,-6,5,-106,-22,71
249,2,14,-1,-9,1
262,-12,-2,-1,-61,-91
258,-6,-1,26,-3,36
259,1,-5,-87,22,-75
265,1,2,47,-22,68
251,-6,-3,-112,51,43
254,-2,1,84,-21,54
250,-7,2,-81,-30,-105
257,6,0,24,-33,11
259,0,4,-96,-30,-65
250,11,0,-3,38,94
259,-2,-0,-27,56,-29
255,1,-0,16,39,84
258,3,1,34,-55,12
264,1,6,-34,46,-41
254,-3,-1,-37,48,25
255,-3,6,12,-87,7
251,-1,-7,56,-41,-1
263,9,5,41,3,8
252,1,4,-7,29,24
256,-1,9,2,8,14
261,1,-2,-10,-78,-38
260,-6,-7,-8,-66,8
257,-2,2,-10,-59,-19
264,5,3,145,88,12
256,-1,-2,40,-71,24
251,6,4,-71,74,-55
260,1,4,22,4,40
259,2,2,52,-9,-20
258,-2,4,-91,-18,-52
254,5,-4,-34,11,-7
257,-5,-2,-24,-47,8
251,-1,2,48,-28,7
250,1,7,-0,-72,34
260,6,1,-29,-14,14
253,-6,-5,-19,2,-35
259,-1,-3,-112,-16,90
260,3,-2,72,38,5
252,-3,2,-74,28,-28
254,4,2,-38,7,30
247,-9,0,9,113,25
256,7,-1,140,82,22
256,-0,-2,14,14,-64
254,-4,-6,49,112,44
260,-1,-5,33,16,19
258,-2,1,-110,27,45
248,1,-0,13,-23,-16
255,-1,-13,-12,-36,49
253,2,-3,-49,20,-4
254,-12,-2,31,59,-30
255,-1,-4,-98,29,40
251,-9,-10,22,32,75
261,-3,2,-31,-3,-4
263,-7,3,-69,85,17
252,6,15,-90,-14,-43
262,1,-5,16,-71,-12
261,-0,0,-49,18,-24
263,2,-3,0,26,25
251,-3,3,52,62,43
257,-2,10,61,2,-15
257,4,3,97,28,8
256,-5,-4,35,-106,-121
251,0,2,-21,24,-15
258,6,-10,32,40,14
257,4,-2,-19,-39,25
263,3,-2,-16,58,51
251,-2,-3,46,71,2
257,3,-7,-64,51,-52
250,2,-2,62,1,39
253,4,-8,56,31,-7
257,-2,7,-4,13,56
252,3,-3,-22,70,-33
255,-5,0,75,-48,-32
259,-1,-13,40,30,77
259,13,-4,64,-7,-121
259,2,-3,74,148,11
257,3,-6,-23,-10,34
250,-1,-10,7,69,-45
263,5,4,3,50,-9
250,-1,0,42,-35,11
257,1,-3,-50,40,101
261,-4,-5,-43,11,40
258,1,5,-30,-62,56
261,-10,6,-26,-13,-19
263,-3,-1,-8,-13,26
255,7,-2,7,6,70
250,5,9,-38,154,-106
250,3,-1,-73,13,34
253,-5,6,73,-10,-44
254,-8,0,82,-29,-94
255,-7,14,7,-66,134
262,9,-3,5,55,-17
252,-6,2,45,-52,-40
262,10,2,49,19,-8
266,0,-4,2,-112,-19
263,2,-3,72,5,50
258,-9,-2,-52,-34,-26
251,-6,-3,113,25,-21
253,-7,-7,62,75,-7
259,7,5,-106,9,-130
250,6,0,-17,62,41
255,-1,7,-87,37,2
263,2,9,-35,-82,67
258,-8,-3,89,26,-82
260,1,-3,-47,109,-19
259,2,-6,-43,5,25
256,-2,3,15,-30,17
257,0,1,78,-59,8
259,4,0,38,-49,39
266,-11,-3,49,-1,-28
254,-6,-0,10,-129,42
253,-6,-3,12,-7,-2
250,2,-0,31,-55,-32
260,6,-9,-43,-15,69
252,-2,-3,37,-29,-60
254,-1,-0,40,-63,-69
253,4,-1,-2,-3,-84
259,1,1,0,-37,-18
251,6,-2,23,35,-37
265,-1,1,75,27,-0
253,-4,5,18,-28,-67
255,5,2,-31,8,5
252,0,11,-33,47,-32
248,-5,-2,-44,51,-0
256,-4,6,28,-31,19
254,-4,4,-22,-115,67
253,-3,-3,47,70,-45
259,-4,1,101,155,78
252,1,-2,55,1,-66
242,10,-3,-23,28,26
257,10,4,6,20,9
257,7,-5,-109,53,50
253,-3,-1,-1,46,110
256,2,1,61,45,-22
254,-3,0,-49,13,-8
252,11,-6,-52,-67,-8
250,6,-6,18,-4,52
252,-1,3,0,29,21
258,-1,-3,79,-26,8
255,4,3,48,28,114
251,-3,-9,-132,-48,-23
256,-6,2,-15,-0,49
260,-3,-3,-59,19,81
254,3,-3,-29,-1,-36
262,-5,3,-40,-56,-69
266,-5,-8,45,-47,76
256,-2,-3,36,-12,43
251,1,1,-45,-52,33
259,-6,-2,6,-92,44
256,-2,-2,-26,-80,37
265,-9,-0,-23,103,12
258,1,-1,58,-20,32
261,-6,-0,60,-122,110
258,-2,-5,70,16,41
252,-2,-1,20,-0,-10
251,2,-6,-17,57,-2
255,-1,12,11,-41,-30
259,0,2,31,2,30
252,-2,3,107,-20,-60
259,2,-1,18,18,-11
260,-6,-7,10,64,15
257,-11,2,37,-78,-21
256,-3,-1,24,-35,24
263,10,-7,52,-45,-35
254,-11,3,59,-24,-40
261,-1,7,-71,-89,-12
255,-1,1,-36,31,-9
250,5,-3,-7,-25,49
249,-16,-3,-17,40,-94
253,1,7,-5,-16,47
256,6,-5,-32,-71,6
261,-0,-3,2,-38,50
246,1,4,7,-43,-3
254,2,-2,48,-4,25
260,-11,4,62,-30,-55
259,1,-9,-40,74,30
255,10,3,-52,12,-27
250,0,-5,27,-66,48
265,-1,1,27,-1,-75
250,-2,-12,-30,-33,23
261,-2,3,-20,-20,-11
251,5,5,69,-65,-92
253,-5,-6,50,-30,-58
249,9,-8,-28,57,-89
263,10,-3,-25,-11,104
251,3,1,115,20,45
260,2,8,65,90,29
253,7,4,120,0,-51
259,-9,-9,-100,36,14
259,0,-5,17,4,-76
253,4,-6,-31,37,11
267,0,0,15,-21,45
256,-1,1,22,-84,75
259,-8,-0,60,-4,-47
266,-4,4,-16,-51,-29
267,-4,-8,21,124,-74
255,4,-3,-34,51,40
261,-3,-9,-79,35,7
255,6,-7,5,71,-29
255,-8,3,49,16,-44
266,-12,-1,-33,7,95
247,-1,9,28,-10,51
253,-7,-4,-35,44,62
259,-2,-4,-4,-57,69
250,-0,-5,-39,46,39
259,4,0,51,-73,-29
256,-9,-5,-55,-51,-65
252,-9,-9,-7,-23,58
249,4,-8,-38,-3,57
257,1,3,-59,16,53
260,-2,-5,48,-93,101
258,-7,1,27,-11,-19
253,-4,1,37,33,39
252,2,4,3,66,25
252,5,5,28,-55,-23
255,1,-0,47,18,2
252,2,-6,59,19,-101
255,-2,9,23,47,-7
257,-5,-5,-5,-4,3
259,-6,0,8,57,46
256,-9,4,-50,64,46
258,3,-5,-66,-112,-19
256,1,3,11,7,21
252,-3,-5,-12,44,24
253,-4,1,54,41,10
243,4,3,10,0,38
254,-5,5,20,-10,-17
255,-1,5,-23,-56,-48
264,5,3,-30,23,-25
255,5,12,20,4,-43
252,5,-9,64,-8,-15
259,8,-3,13,-55,-87
254,-2,4,-22,-41,-58
255,-2,2,24,-21,-1
258,-2,-2,-58,27,57
256,-7,8,-3,-28,71
250,-3,0,11,-15,-78
262,3,-7,-7,91,-109
255,-6,3,21,-11,-50
261,2,-3,-33,-15,72
256,-6,-5,52,-24,7
249,7,1,27,-5,22
253,-0,-2,-25,24,-7
263,1,3,86,-46,-7
245,-1,1,-41,64,88
258,13,2,21,-71,-9
263,-1,-5,-0,5,-41
269,2,2,-69,64,78
257,-4,-2,-99,-18,-41
249,1,3,-45,-29,-30
265,-0,3,-63,47,-13
246,1,2,50,-33,9
254,-1,1,-37,23,-49
263,2,-1,-35,-40,54
255,-4,-7,59,-36,-82
249,-6,5,2,-71,59
259,-1,-2,24,-4,-10
251,2,8,45,-45,20
259,3,-10,-5,99,22
261,2,-2,-50,-38,-31
260,-8,-2,-12,132,40
250,-2,4,23,145,-61
252,7,-5,-49,43,18
263,-3,-3,105,3,15
258,7,5,4,-34,28
262,-3,5,35,-70,44
259,-0,-5,-25,-45,-29
261,-8,-7,-6,-11,31
264,9,3,9,-62,-10
260,-8,5,37,105,-14
265,-0,0,-67,101,34
252,-6,-2,92,-29,76
252,4,-1,-24,-8,-19
250,2,6,-19,66,-22
258,-2,-1,120,58,-2
255,-4,-8,-33,-48,59
260,-1,-6,30,30,-66
260,0,3,45,-29,29
255,-4,-8,-52,52,21
255,3,-7,-16,27,48
252,-2,2,87,-47,40
256,3,-6,22,-73,-72
253,0,4,25,-23,-53
256,-10,-4,-37,-67,-8
269,-8,9,15,-49,65
257,-0,-7,-34,12,45
266,1,7,-103,48,-54
266,1,-1,17,-110,-3
255,5,-0,-17,125,33
253,-4,-6,32,8,-98
249,4,-3,-33,15,42
252,-12,13,78,-68,4
262,-1,-9,18,15,1
252,-4,1,28,12,35
257,3,6,-7,-25,-14
253,1,-2,33,143,-5
249,-1,-1,2,-44,23
257,-1,-2,24,21,7
261,-1,-11,14,-10,-8
254,8,-0,-7,-71,1
253,-5,10,-39,26,23
257,-2,2,23,-25,1
252,11,0,-75,24,-38
262,-2,2,5,-1,114
256,10,5,13,-16,-18
252,-13,-8,14,-63,11
256,9,8,45,-51,55
249,-2,3,34,64,22
257,2,-3,34,12,111
260,-1,0,-87,4,94
262,11,3,-52,-42,-7
245,-12,3,27,10,36
263,10,-5,119,41,11
262,-5,-1,4,-39,-13
258,5,5,-35,-30,-34
260,5,-10,-33,-24,-47
253,-3,1,-13,19,3
259,9,-4,-4,-9,-68
253,-11,2,-101,-12,-17
260,2,-3,76,-7,29
251,-1,3,-28,-29,37
258,-1,-1,3,-1,12
259,-6,-0,-16,-37,77
253,0,-0,-15,-107,125
256,1,-4,4,27,-72
250,7,10,-74,19,43
261,-9,1,-64,44,37
260,-2,5,19,-36,-32
253,4,4,-37,-64,88
255,-3,0,70,71,14
255,-7,3,-31,49,26
256,2,-1,48,22,-55
255,-12,-1,-30,-35,-118
249,-2,-12,-6,-77,-16
249,-0,-6,-69,-62,-72
260,7,-11,-73,74,-5
266,-5,5,83,38,-29
255,-1,-1,12,-6,-52
247,8,-4,-15,6,18
252,-2,-4,49,17,-58
258,2,-5,-23,9,86
264,0,-5,8,58,23
250,7,-1,-120,25,15
257,3,10,-96,5,48
258,-8,0,-10,54,56
256,7,-3,-82,-64,-45
256,-1,-4,-115,-64,11
253,-10,7,-18,23,95
258,-10,0,36,-0,-2
249,7,0,-39,14,13
252,4,2,22,-58,-31
260,-8,-2,15,-7,-13
263,2,5,-35,20,74
260,7,-3,27,58,-2
253,6,14,-141,21,-1
254,-2,9,-21,-54,123
255,-2,-2,38,30,33
261,-9,-5,45,-33,-48
250,-6,2,-26,33,61
249,3,2,54,-37,37
261,6,1,-24,-127,-39
260,3,13,36,-63,29
255,-7,3,5,5,9
255,0,3,4,-30,-45
260,8,-2,-72,-2,78
256,4,-7,18,33,-34
254,6,-3,-64,30,42
251,1,2,105,-71,1
257,10,13,-47,-77,-44
257,2,3,-9,-39,29
255,-8,-6,-15,-44,41
254,-5,-8,37,29,-61
253,-4,5,-34,30,-76
247,-1,-6,27,11,-39
262,-1,-8,37,44,-54
255,-2,9,-43,38,-34
257,8,-3,33,14,-67
247,1,-7,-54,83,11
260,-3,10,11,115,102
255,-2,0,-59,-58,68
259,-0,-1,23,46,40
249,-5,-6,-7,-57,-30
256,8,1,65,57,29
254,1,3,-83,-77,120
256,-2,-0,63,45,-38
256,-1,3,19,14,-44
251,-2,-8,79,-19,99
258,3,-4,43,44,44
255,-2,1,-28,-57,-34
247,6,3,-26,-26,41
251,-1,-2,-19,58,-24
251,8,-2,-149,18,35
257,-1,1,-4,34,-17
255,10,3,-7,23,44
256,-8,-8,117,-45,46
258,-6,10,31,-51,100
250,11,-9,76,35,-92
252,5,-3,-17,82,20
250,-5,8,13,-60,-9
256,-8,-6,13,-4,1
258,4,-10,33,-48,-81
263,4,1,-14,2,50
256,-3,-2,-21,-47,54
256,11,-3,-55,-109,-36
259,-2,-5,-6,-56,-89
256,1,-1,-51,45,-0
259,-5,3,-37,36,-47
269,12,6,-68,-31,-2
255,3,5,3,56,26
257,-9,3,14,-19,69
260,4,-5,43,-6,-15
255,4,3,65,33,76
250,8,-1,-68,-20,-40
253,4,8,122,-29,25
256,7,3,39,-40,28
255,-2,11,-6,-25,48
258,-10,2,-105,24,-20
262,-0,-7,-78,29,-59
256,-8,1,82,-31,-44
245,1,-8,10,-22,-77
259,4,4,8,13,-1
258,6,0,8,11,12
256,1,12,45,-32,60
255,4,5,26,23,-28
262,3,12,-40,45,28
258,6,-5,70,-13,-3
257,7,6,-56,143,7
252,2,3,14,-7,20
255,-1,1,21,67,57
258,0,8,2,-1,-28
250,7,0,-46,-26,39
258,-4,3,-45,-11,28
254,-8,-4,8,67,7
255,6,9,9,-80,-33
253,-0,-5,56,8,65
255,5,0,37,-6,-17
257,8,-7,-1,73,-81
253,-2,2,-62,48,14
252,-1,4,-9,8,-4
253,-6,5,-91,-45,12
250,-1,-1,-113,-32,19
256,-5,4,36,-49,32
254,-1,-3,39,-53,15
266,-0,8,-41,8,-31
258,-6,11,-4,-53,49
256,-1,6,128,10,-10
256,-4,-2,-3,5,-65
258,1,-3,-50,25,10
252,-6,-6,-35,61,-14
256,1,8,19,-6,-89
248,-5,1,-23,17,98
260,4,6,-6,-42,17
265,-1,-1,105,39,-12
261,3,7,-12,98,-7
259,-5,3,-47,-10,31
256,-12,-3,41,-34,8
259,-7,-8,26,-65,-38
257,3,-3,-69,-41,17
248,-8,-11,-57,116,70
248,4,-1,4,-36,44
253,-3,-1,6,-34,56
261,4,-4,-7,55,108
258,9,8,61,44,-35
257,7,2,18,4,127
255,-3,1,36,-5,-74
244,-2,-4,27,75,58
257,3,3,-4,-3,26
262,5,-4,-56,-37,-46
252,3,-0,-21,52,65
262,-1,6,80,-79,8
266,-3,-7,7,80,-94
259,4,2,-3,41,-19
257,-6,2,-3,64,-43
259,-2,6,75,-13,-13
260,3,3,59,28,-72
252,-3,2,-17,40,50
264,1,-8,24,-50,59
250,-5,7,55,-35,8
257,-0,-6,7,66,-14
255,-1,1,22,-19,-65
259,-3,3,-6,9,-28
266,10,4,58,68,-38
260,3,8,37,91,37
254,-5,-4,-2,11,-12
262,-2,6,76,-46,-2
254,-1,6,18,27,49
257,-1,-4,125,-43,-29
252,4,0,109,-83,-49
250,-1,-0,-3,79,79
254,4,7,37,54,-104
253,-2,0,-13,41,70
261,3,11,-60,48,-40
254,3,-2,25,3,-59
249,-2,-9,-1,133,-51
252,-2,-9,-52,123,-4
258,-7,2,19,44,-10
249,3,8,-38,97,11
251,-5,2,-63,10,7
264,-1,-1,-13,21,15
250,-3,5,32,-39,96
253,5,-3,-56,15,-17
259,-9,-5,8,20,120
252,-1,1,81,-61,-24
255,-1,0,5,38,40
256,-1,1,14,27,-68
262,6,-1,20,18,-1
263,8,11,33,43,-100
255,10,-9,26,-23,46
257,-6,6,6,0,-20
244,-5,0,55,-96,-24
261,-6,2,-9,63,-4
252,2,-6,81,97,6
252,3,2,9,-29,-18
260,-6,1,98,20,10
253,-3,6,88,78,-62
255,3,5,-33,35,-24
258,-8,-7,16,-15,-39
262,9,-6,-68,-36,1
261,11,-4,-68,-44,-1
253,12,-2,-89,-44,-3
250,-4,-1,-28,51,16
256,4,-1,11,-93,35
266,-7,3,-73,-20,-44
263,-1,4,-13,29,9
258,-2,6,82,-1,-34
257,-4,-0,-10,-15,10
262,0,0,104,10,44
261,3,-11,9,11,-21
262,-3,0,-8,128,28
255,4,-1,116,-89,-14
261,-0,-1,-9,-87,-30
248,-5,-7,1,46,-60
244,-1,-5,-8,-37,-29
256,-6,-9,18,-69,-46
253,2,-0,63,-123,127
254,-6,2,15,-72,6
251,7,11,-47,128,-9
256,2,2,26,26,42
255,2,-8,12,-121,30
263,11,-6,-38,-15,-71
261,6,7,78,-19,-15
252,2,5,23,-20,-48
255,-1,0,-54,-0,41
266,6,8,74,-35,-13
256,11,-5,48,-41,-42
259,-1,9,-38,-31,-14
253,-0,1,6,-15,60
248,16,2,8,37,-8
250,0,-8,25,13,-16
251,0,9,12,-1,-14
254,-7,-1,-40,-17,-82
264,-2,-3,-1,78,7
259,-1,-2,-28,-62,46
258,-5,5,-36,-44,-67
255,-0,-10,-43,-44,48
249,1,-0,25,41,-5
252,5,-2,28,-11,10
249,-2,-4,19,-31,-37
262,4,10,-1,-13,-8
252,-1,-6,27,29,45
260,-0,1,86,12,17
255,-4,3,-28,122,-8
265,-1,-0,-0,67,36
250,-10,-2,-46,14,-1
259,6,-5,72,-7,-41
253,-0,7,-45,-42,47
250,7,4,22,34,-8
254,3,-3,16,22,-51
254,-4,1,54,-21,33
253,-6,3,10,74,77
255,6,-5,-21,12,50
255,4,-5,49,4,19
255,7,2,17,24,53
249,2,7,30,18,16
252,5,-6,25,-101,17
263,-5,-2,-67,38,20
254,4,-3,-88,-27,11
255,2,-2,-14,59,53
257,6,3,-42,-19,6
248,2,0,-24,-4,23
260,1,-4,-10,-33,15
256,2,-8,-74,1,37
261,-3,8,7,-82,-67
255,3,8,-64,-14,-7
245,-3,-2,77,-95,-44
257,-4,3,-16,-37,7
259,14,2,-14,-50,19
264,1,6,-3,-53,78
245,3,-6,3,-0,-75
254,-2,-8,108,-32,14
267,-8,-4,59,-49,46
261,-4,4,24,23,-70
249,0,-9,77,1,7
247,-6,-5,-49,18,24
257,-3,1,100,-14,-4
254,6,-5,98,54,4
256,1,-5,-111,-3,11
253,2,15,11,-62,81
257,3,2,10,24,72
255,6,-11,78,-142,-28
262,7,-3,-35,-15,-94
256,10,-1,-27,107,66
255,-2,1,46,63,71
257,-5,1,-43,-11,22
246,10,-7,43,51,104
259,-6,2,-98,51,25
249,-5,0,25,-35,-78
265,4,1,57,-66,-13
250,6,8,5,-18,31
257,4,-3,-0,-0,-47
260,-1,2,-77,-64,64
262,-0,-2,-37,68,-24
260,-2,17,-26,50,-12
259,8,-2,76,-16,42
260,3,11,6,-98,-12
255,3,-4,-84,-130,-91
259,-4,-2,-57,-0,84
276,3,2,36,42,54
250,2,4,-42,-33,-7
249,6,7,78,-85,4
258,9,6,-13,20,49
262,-5,-3,-13,2,36
252,-4,-7,28,-14,4
256,-7,10,90,10,12
253,-5,-3,8,-57,10
257,-11,2,-45,-17,53
256,-3,6,79,39,-16
252,-11,-4,14,-34,-59
259,-1,-7,-54,-57,-21
259,0,0,63,-41,59
257,2,-2,87,-20,36
247,-5,2,46,-76,-7
261,-13,-2,46,123,25
261,10,6,-17,-2,38
257,-0,-3,-12,-21,-17
258,1,4,-12,-37,105
264,7,-5,35,98,30
257,5,-1,60,-34,6
251,3,-2,53,3,-24
258,-1,0,-89,-45,146
256,-5,-4,-51,-46,-23
253,2,-3,-22,68,30
254,1,3,52,-12,-23
242,-1,-1,8,-14,-2
258,-5,2,31,-20,76
258,-1,3,64,32,57
264,6,5,7,-53,-35
260,-7,-1,36,-101,-25
252,2,-3,3,-55,-64
263,-1,-7,31,23,32
263,-3,-6,71,35,-1
256,-2,6,-33,-2,-11
250,5,7,-20,9,44
256,3,9,54,91,16
259,7,-0,-128,-20,-39
264,-3,-4,58,10,-23
257,0,3,-14,32,-49
257,-4,7,28,-20,41
256,-5,2,33,110,-73
260,8,-1,-2,-17,49
250,-0,-0,-120,-33,-38
259,0,1,-36,-11,-14
260,4,1,-114,-24,-28
255,0,-4,-8,8,94
248,-5,3,-99,-31,47
256,1,10,-14,-75,52
250,5,0,-51,-5,-3
257,-1,-13,-95,14,16
241,-5,6,5,63,33
257,-4,-7,24,-41,10
259,-1,-3,-23,54,-103
251,-6,-6,38,69,-101
255,1,9,-22,-34,-8
259,-10,-4,12,-28,-76
256,-0,-5,26,1,20
251,-0,-4,59,-88,12
254,2,-5,-14,21,51
259,1,-10,-12,-21,-8
260,7,-9,-25,63,-9
255,4,-6,137,17,117
253,1,7,22,79,-11
257,0,-4,22,5,6
256,2,7,36,39,-14
257,3,-3,-10,-33,-6
257,-2,-2,-16,-7,28
253,-5,-1,18,10,55
260,-3,4,-17,-24,15
255,7,-12,-23,17,-20
263,3,5,-52,7,72
260,-3,6,-27,-33,-72
251,-1,-4,-17,-18,40
264,2,3,52,60,-0
255,-12,-6,22,42,-32
256,3,-5,-119,9,114
263,4,9,49,70,-57
250,-2,2,-23,69,-77
256,5,-2,-30,-6,29
261,-4,-0,-39,-34,8
257,6,-6,-46,-29,-37
258,9,-5,37,-19,-23
255,-2,-5,-35,-50,104
260,4,3,50,32,-21
254,7,-1,33,-41,15
255,2,7,-52,78,-119
253,5,-3,63,22,-18
259,5,-8,-18,8,-54
260,-0,-2,-48,16,66
248,-1,1,-15,-65,9
260,4,1,-79,-3,-9
261,3,-4,-57,90,-38
250,-9,1,-78,-15,35
247,6,5,43,1,9
255,-14,-10,9,75,100
251,-8,-5,-60,31,12
257,1,7,-12,40,24
248,-4,-3,10,83,-12
257,-0,-7,46,15,-17
250,-2,-4,46,-10,-60
251,1,2,9,-44,12
255,0,2,96,-8,43
264,7,3,-4,61,20
260,0,5,-65,66,-68
247,3,4,-116,53,38
263,-2,6,21,-48,-17
260,1,-4,-44,-8,-49
251,-0,5,-49,-44,34
262,-5,-5,52,40,-50
262,-4,2,19,3,49
257,2,4,15,21,19
257,2,-3,54,16,-17
253,6,2,-60,-21,-73
258,-9,-11,27,-51,44
267,-1,0,75,4,24
263,-4,-5,54,31,47
258,0,8,42,16,52
259,7,1,-31,-26,19
255,0,-2,-22,38,54
261,-5,3,43,56,-0
262,9,-2,73,6,-40
265,-3,5,94,-20,11
254,5,2,-59,9,-41
260,8,-2,-8,17,27
265,2,-1,-131,52,-26
252,-3,-8,-22,-56,-21
264,-4,-1,36,11,46
253,2,-6,13,11,19
252,-4,6,56,-14,-21
255,-4,5,-94,14,-25
247,5,-3,-17,-59,32
267,-3,4,-12,38,33
253,-2,-9,21,-52,-47
256,-8,-2,112,-83,90
255,-0,-10,-69,22,71
250,1,-1,-62,119,5
250,-2,-0,58,-47,8
258,0,-6,12,-5,8
251,0,6,11,-8,-8
252,3,1,-3,26,-43
257,4,9,-65,-24,58
258,-5,7,121,-40,6
261,0,1,0,44,3
243,6,-1,14,61,-8
250,-11,8,-17,60,25
259,4,-7,-22,68,38
260,-6,-9,-23,-75,-35
263,-4,-3,12,-23,31
263,-3,8,68,16,23
251,-1,4,-19,-7,-9
253,2,-6,-55,-28,15
252,0,-3,-68,13,-3
259,-3,-2,-59,-36,1
253,3,-4,-32,48,-1
262,9,2,65,-56,24
251,6,-5,14,-94,15
254,-1,-1,-3,-2,-24
256,4,8,-10,-18,-44
258,2,-7,2,-42,-126
253,3,-4,96,3,-14
253,2,-0,85,41,-70
263,-5,-4,64,121,-78
265,-1,-2,53,-45,-13
255,8,1,-66,-76,50
263,4,-7,-26,59,-62
251,-8,8,61,55,48
248,1,-5,28,6,-40
251,-3,1,8,9,-3
254,3,-10,-13,49,-52
264,-4,-8,-113,-54,107
254,-5,-5,43,152,-103
257,-8,-2,38,11,70
259,4,-5,-72,-74,-36
251,-6,-2,60,-59,-53
263,0,0,-5,17,-108
249,8,-5,44,37,-39
253,-4,2,51,-23,-18
244,-1,-2,76,-42,-22
259,-1,-4,39,-21,10
256,-8,-7,-22,23,-34
265,8,-2,-11,-30,-30
252,5,-7,-23,-30,55
257,3,2,-87,-51,98
257,-5,-1,5,22,16
254,-2,-0,-94,30,61
259,1,2,34,38,-11
255,4,7,-44,23,-12
256,-0,-5,-62,-38,-27
257,3,-8,37,-5,56
253,11,3,13,-46,36
256,6,-3,-47,-92,-10
260,9,6,-16,16,19
251,1,-3,-65,-44,70
259,-4,-6,34,4,-12
253,10,8,-30,19,-75
255,-3,-4,37,-82,-48
264,7,-1,21,-98,-12
258,4,-3,-4,23,-3
253,6,-0,-22,10,-25
257,3,-12,35,-11,2
254,3,-2,19,-21,-29
258,-5,5,57,-36,45
246,-1,3,53,47,-62
253,3,5,-43,-14,-47
259,1,-3,-25,35,22
267,3,1,3,76,-19
259,-2,2,49,3,50
257,15,-2,-50,87,-46
250,11,-2,-55,57,-13
254,3,2,-7,36,22
259,1,-6,25,43,5
259,8,4,103,45,19
259,2,-5,-41,20,-12
258,1,-6,-11,50,49
259,1,-2,38,-16,97
256,10,3,-23,51,26
262,1,-1,-98,64,-51
261,-6,-5,-13,-54,53
255,-8,7,88,-57,90
256,-3,-7,40,-17,33
254,-5,0,32,20,79
252,7,-2,2,30,4
256,3,2,96,-23,-7
252,2,-4,-98,17,-10
257,-8,-4,12,85,17
251,3,16,12,-24,54
256,10,3,-12,-3,-2
260,-6,2,43,-7,-26
261,-6,-0,23,-14,-5
258,-1,-12,-1,5,-15
251,15,3,-57,57,22
252,4,-2,-46,31,57
264,4,0,-70,-51,-59
261,2,-6,-72,-56,46
253,-5,-3,-73,-9,9
260,10,-0,-25,41,109
255,2,3,-57,-7,117
255,-1,-3,-12,29,6
252,3,-10,-54,12,-46
258,1,4,5,6,-24
260,-2,9,-94,-58,-37
254,-3,-9,-42,-71,93
253,-6,2,71,77,56
259,-8,-2,-62,47,42
251,-3,-1,-58,-66,-98
256,-1,3,28,-1,72
262,-1,13,-22,-4,-87
262,-5,-3,-39,-34,-24
247,-2,-6,3,50,-42
254,-4,-2,-5,7,51
255,1,4,44,-3,87
257,-2,-10,-74,-64,3
259,4,12,-45,75,9
253,-1,5,5,-29,59
260,8,5,9,-101,-84
247,-6,-3,-5,-52,-2
254,1,-6,4,32,-18
252,2,11,33,46,-46
257,-4,-2,3,-48,19
261,-5,1,-16,-93,4
256,-4,-3,18,-52,100
261,5,9,-69,-2,-78
254,4,-5,-43,-45,58
247,4,-0,-20,-3,30
255,-4,2,39,80,44
250,7,0,73,7,-81
258,-5,-9,-7,50,19
251,1,-6,49,-47,-78
264,-10,-6,-0,-19,-44
260,-8,-2,25,-57,35
256,-2,-6,-27,-27,-9
247,-1,6,-52,-49,-4
244,-11,-1,49,5,-27
257,-1,-3,-50,102,-99
253,5,-4,-45,55,-85
259,2,-1,46,25,16
255,10,1,56,-24,-33
251,-15,-9,6,-13,104
253,-6,8,-8,-34,9
248,2,7,3,44,17
247,7,4,20,40,37
253,-5,-1,51,-28,-41
266,-7,5,-67,8,51
256,-1,5,61,-61,13
255,-1,2,-36,8,-15
261,-4,-3,3,14,31
247,3,-11,-70,-9,8
246,0,5,76,22,-30
254,0,4,-97,82,34
260,6,-8,7,-46,-70
257,4,9,-10,-24,18
253,2,-0,16,3,34
261,-6,5,149,-33,79
261,1,-4,-30,70,22
246,-7,-6,-108,-53,141
256,6,1,28,17,3
251,4,5,57,-1,-12
260,6,2,-42,28,-33
257,2,-10,-27,-45,92
258,9,-2,-34,-12,-61
257,-2,2,-91,-12,-56
252,1,2,38,73,-77
250,5,-6,22,-49,-15
255,4,6,-2,-83,29
253,-1,-12,11,-48,86
248,1,0,19,-30,22
265,4,-1,21,23,-2
250,3,6,21,10,37
258,-2,-1,-69,-14,5
253,-3,8,51,-40,74
251,-5,5,2,60,64
256,7,-6,4,-66,45
248,-2,-6,-4,-39,-3
257,-4,1,87,-6,-23
260,3,-3,-46,-11,-35
250,-0,-15,-0,-90,-81
248,13,6,29,-10,12
250,-11,-1,54,-21,-11
249,-3,-4,105,-11,-15
251,-5,5,-41,-33,-37
253,-4,-3,-82,-5,-36
254,12,-1,101,-27,-23
244,3,2,36,5,7
251,4,2,-116,-6,75
264,0,-3,86,28,85
261,-1,4,81,0,5
254,5,-3,103,90,88
