11,-32,264,0,0,0
57,5,261,0,1,0
16,-7,254,0,3,0
5,-36,263,0,4,0
6,-47,275,0,6,0
18,4,252,0,7,0
51,-21,289,0,9,0
23,16,249,0,10,0
27,-18,285,0,12,0
89,13,279,0,13,0
55,44,285,0,15,0
34,4,253,0,16,0
24,-7,276,0,17,0
26,4,266,0,19,0
56,18,278,0,20,0
74,34,247,0,22,0
80,8,328,0,23,0
25,32,270,0,24,0
67,2,293,0,25,0
77,-21,278,0,27,0
114,-0,267,0,28,0
69,-44,288,0,29,0
46,-27,234,0,30,0
18,-11,251,0,32,0
56,-21,274,0,33,0
96,-10,278,0,34,0
58,12,270,0,35,0
97,-32,346,0,36,0
88,-17,321,0,37,0
29,-16,260,0,38,0
80,9,260,0,39,0
117,21,302,0,40,0
89,-17,262,0,41,0
70,14,299,0,42,0
97,-12,328,0,42,0
96,31,268,0,43,0
73,-1,305,0,44,0
90,21,341,0,45,0
70,4,301,0,45,0
75,1,313,0,46,0
87,-42,281,0,46,0
90,64,301,0,47,0
103,17,298,0,47,0
85,9,300,0,48,0
98,-12,286,0,48,0
78,35,270,0,49,0
108,16,315,0,49,0
106,-59,327,0,49,0
124,-5,283,0,49,0
93,-23,323,0,50,0
97,-1,313,0,50,0
136,-2,292,0,50,0
103,-4,288,0,50,0
114,-11,299,0,50,0
93,9,308,0,50,0
86,-14,304,0,50,0
101,-39,305,0,50,0
140,7,323,0,50,0
59,12,278,0,49,0
88,11,334,0,49,0
99,-32,273,0,49,0
109,25,286,0,49,0
102,10,341,0,48,0
95,3,297,0,48,0
90,-23,345,0,47,0
97,1,303,0,47,0
92,-5,314,0,46,0
130,-22,300,0,46,0
65,19,278,0,45,0
101,14,292,0,44,0
61,-7,279,0,44,0
65,31,294,0,43,0
73,-18,266,0,42,0
69,13,293,0,41,0
82,32,292,0,40,0
79,38,309,0,40,0
72,5,293,0,39,0
80,-14,299,0,38,0
67,-32,289,0,37,0
87,-6,293,0,36,0
78,36,258,0,35,0
52,18,303,0,33,0
53,-8,311,0,32,0
60,4,290,0,31,0
14,31,315,0,30,0
49,-35,320,0,29,0
33,-0,321,0,28,0
93,-1,257,0,26,0
59,31,273,0,25,0
28,20,307,0,24,0
32,14,279,0,22,0
72,22,302,0,21,0
-12,20,251,0,20,0
34,13,285,0,18,0
52,18,301,0,17,0
0,15,256,0,16,0
7,12,266,0,14,0
9,-9,280,0,13,0
38,10,269,0,11,0
8,-25,268,0,10,0
-10,9,248,0,8,0
10,-10,246,0,7,0
25,8,251,0,5,0
3,54,267,0,4,0
12,-22,289,0,3,0
-15,42,250,0,1,0
29,-11,249,0,-0,0
16,22,242,0,-2,0
-6,18,275,0,-3,0
-11,20,238,0,-5,0
8,-14,238,0,-6,0
-30,-15,256,0,-8,0
-44,-9,243,0,-9,0
-44,12,248,0,-11,0
-26,7,259,0,-12,0
-20,22,248,0,-14,0
-43,-8,280,0,-15,0
-42,-20,200,0,-16,0
-24,-36,219,0,-18,0
-7,-62,248,0,-19,0
-28,17,214,0,-21,0
-42,-26,249,0,-22,0
-40,20,174,0,-23,0
-46,5,206,0,-25,0
-58,2,194,0,-26,0
-44,-25,205,0,-27,0
-11,-26,286,0,-28,0
-89,2,214,0,-30,0
-56,36,225,0,-31,0
-82,-28,246,0,-32,0
-65,3,238,0,-33,0
-50,-8,218,0,-34,0
-60,6,209,0,-35,0
-84,-9,223,0,-36,0
-28,35,238,0,-37,0
-66,-16,218,0,-38,0
-102,-18,200,0,-39,0
-82,-2,187,0,-40,0
-79,1,202,0,-41,0
-96,-11,223,0,-42,0
-107,-6,202,0,-43,0
-115,-6,176,0,-43,0
-125,7,178,0,-44,0
-71,-21,210,0,-45,0
-104,60,242,0,-45,0
-99,-18,208,0,-46,0
-96,5,220,0,-47,0
-82,-7,247,0,-47,0
-91,-24,200,0,-48,0
-109,-15,196,0,-48,0
-103,-37,194,0,-48,0
-96,-41,215,0,-49,0
-115,-6,207,0,-49,0
-54,-19,208,0,-49,0
-90,21,222,0,-50,0
-113,20,194,0,-50,0
-115,5,226,0,-50,0
-105,-11,203,0,-50,0
-94,-14,203,0,-50,0
-60,5,210,0,-50,0
-110,-20,198,0,-50,0
-96,26,212,0,-50,0
-69,-1,223,0,-50,0
-84,-0,219,0,-50,0
-129,2,190,0,-49,0
-93,-26,200,0,-49,0
-118,8,197,0,-49,0
-96,5,199,0,-48,0
-93,-34,203,0,-48,0
-94,-17,208,0,-48,0
-112,-6,223,0,-47,0
-74,26,215,0,-47,0
-91,3,194,0,-46,0
-58,25,230,0,-45,0
-90,-39,204,0,-45,0
-106,-3,202,0,-44,0
-92,11,215,0,-43,0
-104,10,216,0,-43,0
-88,36,219,0,-42,0
-85,-2,211,0,-41,0
-73,-12,249,0,-40,0
-74,7,234,0,-39,0
-85,-24,201,0,-38,0
-103,-5,221,0,-37,0
-76,-9,232,0,-36,0
-40,-8,232,0,-35,0
-59,19,249,0,-34,0
-40,11,251,0,-33,0
-64,-20,251,0,-32,0
-7,-12,205,0,-31,0
-52,18,211,0,-30,0
-54,33,244,0,-28,0
-80,-8,247,0,-27,0
-40,17,237,0,-26,0
-95,-8,210,0,-25,0
-30,33,238,0,-23,0
-30,0,230,0,-22,0
-25,3,248,0,-21,0
-38,4,254,0,-19,0
0,-14,271,0,-18,0
-21,35,232,0,-17,0
-46,-48,238,0,-15,0
-6,15,239,0,-14,0
-54,17,258,0,-12,0
-7,-29,245,0,-11,0
-41,-12,237,0,-9,0
-49,4,250,0,-8,0
-3,21,214,0,-6,0
-6,-7,254,0,-5,0
-5,-6,246,0,-4,0
28,-1,254,0,-2,0
45,-7,255,0,-1,0
9,9,279,0,1,0
-24,-9,274,0,2,0
10,-15,303,0,4,0
17,-18,282,0,5,0
18,38,273,0,7,0
42,-1,255,0,8,0
39,-7,244,0,10,0
31,16,237,0,11,0
3,-15,272,0,13,0
18,-38,270,0,14,0
-0,11,276,0,16,0
18,-18,265,0,17,0
55,20,249,0,18,0
55,-15,278,0,20,0
89,11,240,0,21,0
57,-5,295,0,22,0
61,12,311,0,24,0
33,13,295,0,25,0
31,10,265,0,26,0
59,20,237,0,28,0
18,3,273,0,29,0
72,-17,325,0,30,0
74,-16,262,0,31,0
52,-14,326,0,32,0
52,35,279,0,33,0
73,-2,291,0,34,0
85,-8,287,0,36,0
80,-10,298,0,37,0
85,-9,309,0,38,0
50,-31,308,0,39,0
120,-16,277,0,39,0
78,2,305,0,40,0
88,-2,309,0,41,0
76,19,289,0,42,0
77,3,333,0,43,0
97,25,326,0,44,0
120,14,289,0,44,0
105,-4,301,0,45,0
98,-6,295,0,46,0
89,-36,318,0,46,0
77,-27,298,0,47,0
123,-21,301,0,47,0
116,-28,318,0,48,0
114,6,301,0,48,0
117,41,325,0,49,0
102,-1,330,0,49,0
99,-27,287,0,49,0
69,20,320,0,49,0
99,16,352,0,50,0
83,12,308,0,50,0
103,-9,294,0,50,0
132,-43,286,0,50,0
118,-20,298,0,50,0
104,-29,324,0,50,0
116,4,344,0,50,0
91,-21,327,0,50,0
85,1,267,0,50,0
112,-1,317,0,49,0
117,-1,304,0,49,0
112,-3,280,0,49,0
111,16,297,0,49,0
99,40,296,0,48,0
112,9,288,0,48,0
101,22,281,0,47,0
140,19,305,0,47,0
134,-22,285,0,46,0
97,11,291,0,46,0
117,-38,313,0,45,0
66,1,284,0,45,0
104,-6,293,0,44,0
107,-28,299,0,43,0
82,-25,307,0,42,0
100,18,346,0,42,0
90,17,297,0,41,0
46,-22,303,0,40,0
100,3,272,0,39,0
79,19,294,0,38,0
81,-7,292,0,37,0
79,31,292,0,36,0
44,-38,264,0,35,0
64,1,292,0,34,0
46,17,323,0,33,0
52,-4,281,0,32,0
68,-2,323,0,31,0
26,27,302,0,29,0
53,-17,310,0,28,0
59,24,271,0,27,0
57,3,282,0,26,0
57,-6,283,0,24,0
47,-2,264,0,23,0
42,-14,272,0,22,0
32,6,261,0,20,0
25,2,293,0,19,0
22,24,259,0,18,0
31,27,258,0,16,0
59,-7,273,0,15,0
18,-18,267,0,13,0
72,14,288,0,12,0
18,19,266,0,10,0
54,7,265,0,9,0
60,10,237,0,8,0
2,41,250,0,6,0
5,10,253,0,5,0
26,10,319,0,3,0
-4,-0,239,0,2,0
-24,10,227,0,0,0
-11,14,289,0,-1,0
-34,29,274,0,-3,0
-14,12,257,0,-4,0
33,-9,301,0,-6,0
-3,-19,235,0,-7,0
-31,18,274,0,-9,0
-21,-23,254,0,-10,0
-45,-21,249,0,-12,0
-36,1,229,0,-13,0
-39,29,241,0,-15,0
-18,18,251,0,-16,0
-17,13,249,0,-17,0
0,14,230,0,-19,0
-16,3,229,0,-20,0
-36,8,220,0,-21,0
-15,4,231,0,-23,0
-62,-6,226,0,-24,0
-47,7,258,0,-25,0
-60,5,221,0,-27,0
-53,30,219,0,-28,0
-46,6,213,0,-29,0
-74,9,257,0,-30,0
-70,-11,213,0,-31,0
-68,-7,211,0,-33,0
-66,5,211,0,-34,0
-51,-5,166,0,-35,0
-74,4,207,0,-36,0
-76,-44,181,0,-37,0
-81,13,220,0,-38,0
-93,-34,220,0,-39,0
-36,-8,224,0,-40,0
-119,16,235,0,-41,0
-85,-0,219,0,-41,0
-80,-2,241,0,-42,0
-111,28,205,0,-43,0
-89,20,198,0,-44,0
-109,11,230,0,-45,0
-100,-21,187,0,-45,0
-114,-35,181,0,-46,0
-100,26,217,0,-46,0
-101,2,196,0,-47,0
-87,19,193,0,-47,0
-60,7,221,0,-48,0
-122,24,201,0,-48,0
-110,-9,238,0,-49,0
-96,12,196,0,-49,0
-69,-53,232,0,-49,0
-134,7,208,0,-49,0
-138,-30,196,0,-50,0
-84,28,193,0,-50,0
-53,1,154,0,-50,0
-90,6,232,0,-50,0
-105,7,219,0,-50,0
-142,-19,219,0,-50,0
-77,21,201,0,-50,0
-66,-5,182,0,-50,0
-57,-21,181,0,-50,0
-88,1,213,0,-49,0
-96,-2,223,0,-49,0
-110,-33,178,0,-49,0
-104,-17,213,0,-49,0
-72,-7,183,0,-48,0
-117,-4,211,0,-48,0
-72,-13,200,0,-47,0
-113,-10,186,0,-47,0
-102,-9,191,0,-46,0
-131,12,228,0,-46,0
-118,-21,196,0,-45,0
-57,13,239,0,-44,0
-90,-15,199,0,-44,0
-45,16,218,0,-43,0
-103,-12,256,0,-42,0
-87,-9,239,0,-41,0
-62,8,198,0,-41,0
-101,-1,211,0,-40,0
-46,-25,229,0,-39,0
-114,-13,210,0,-38,0
-84,10,223,0,-37,0
-75,5,210,0,-36,0
-57,2,209,0,-35,0
-25,5,243,0,-34,0
-80,15,210,0,-32,0
-72,-3,225,0,-31,0
-78,19,225,0,-30,0
-50,21,248,0,-29,0
-45,-27,211,0,-28,0
-70,9,250,0,-26,0
-43,17,231,0,-25,0
-70,-14,234,0,-24,0
-18,4,251,0,-23,0
-29,17,211,0,-21,0
-100,0,233,0,-20,0
-20,28,211,0,-19,0
-35,-5,236,0,-17,0
2,-42,251,0,-16,0
-19,12,236,0,-14,0
-28,-34,229,0,-13,0
0,-10,273,0,-11,0
-5,-17,253,0,-10,0
-37,16,270,0,-9,0
-35,-16,275,0,-7,0
-5,32,253,0,-6,0
-33,-25,232,0,-4,0
6,2,253,0,-3,0
-16,9,221,0,-1,0
-10,36,275,0,0,0
-11,-5,264,0,2,0
-45,23,256,0,3,0
16,-26,259,0,5,0
-16,-6,250,0,6,0
5,4,265,0,8,0
13,16,285,0,9,0
5,-6,287,0,11,0
22,16,219,0,12,0
33,38,279,0,14,0
-1,-8,292,0,15,0
53,-2,281,0,16,0
23,24,290,0,18,0
43,-39,268,0,19,0
53,15,266,0,21,0
60,-24,271,0,22,0
73,-8,306,0,23,0
69,5,298,0,25,0
62,-12,290,0,26,0
71,-12,251,0,27,0
51,5,261,0,28,0
93,-5,259,0,30,0
80,-47,324,0,31,0
56,34,330,0,32,0
80,15,279,0,33,0
67,9,287,0,34,0
93,-3,310,0,35,0
77,16,275,0,36,0
78,13,296,0,37,0
96,27,264,0,38,0
116,-44,262,0,39,0
40,-4,326,0,40,0
86,17,280,0,41,0
86,44,301,0,42,0
89,-15,274,0,43,0
70,-39,305,0,43,0
94,-44,297,0,44,0
132,4,327,0,45,0
105,37,303,0,45,0
87,-7,321,0,46,0
96,-10,305,0,47,0
95,8,284,0,47,0
48,14,338,0,48,0
115,-11,332,0,48,0
109,7,317,0,48,0
105,-5,287,0,49,0
127,14,298,0,49,0
79,-20,301,0,49,0
78,26,295,0,50,0
104,-21,312,0,50,0
105,-3,328,0,50,0
95,5,315,0,50,0
118,-33,332,0,50,0
113,-20,318,0,50,0
94,40,306,0,50,0
120,-46,287,0,50,0
103,12,325,0,50,0
111,11,297,0,50,0
84,-3,309,0,49,0
107,-4,312,0,49,0
83,-33,306,0,49,0
110,32,306,0,48,0
95,-8,304,0,48,0
64,-1,264,0,48,0
80,-23,279,0,47,0
123,-47,321,0,47,0
56,-18,310,0,46,0
95,0,268,0,45,0
75,-5,330,0,45,0
108,17,313,0,44,0
93,15,281,0,43,0
70,-0,286,0,43,0
66,-5,304,0,42,0
92,9,325,0,41,0
100,24,267,0,40,0
61,-21,304,0,39,0
80,-24,293,0,38,0
71,-5,280,0,37,0
89,13,293,0,36,0
59,37,302,0,35,0
64,22,326,0,34,0
28,24,286,0,33,0
21,16,252,0,32,0
104,34,299,0,31,0
60,4,291,0,30,0
63,-23,324,0,29,0
41,-5,249,0,27,0
95,-8,300,0,26,0
41,-10,285,0,25,0
4,-18,241,0,23,0
56,17,262,0,22,0
67,0,278,0,21,0
45,12,263,0,19,0
38,-41,283,0,18,0
12,35,288,0,17,0
11,20,298,0,15,0
7,-21,267,0,14,0
54,17,271,0,12,0
37,-15,253,0,11,0
28,-28,291,0,10,0
8,-8,250,0,8,0
-3,-7,285,0,7,0
2,-7,232,0,5,0
12,-14,279,0,4,0
1,7,253,0,2,0
29,27,270,0,1,0
0,-31,255,0,-1,0
-41,-40,236,0,-2,0
-19,-27,251,0,-4,0
-21,14,259,0,-5,0
-30,8,215,0,-7,0
3,-7,248,0,-8,0
-25,32,252,0,-10,0
-43,3,283,0,-11,0
-17,-18,273,0,-13,0
2,-10,260,0,-14,0
-24,-6,282,0,-15,0
-33,41,230,0,-17,0
-30,-19,217,0,-18,0
-56,-14,239,0,-20,0
-15,-17,240,0,-21,0
-30,12,245,0,-22,0
-32,-39,210,0,-24,0
-72,-15,277,0,-25,0
-49,-2,234,0,-26,0
-71,-8,219,0,-27,0
-39,-6,217,0,-29,0
-88,30,233,0,-30,0
-73,6,230,0,-31,0
-86,25,221,0,-32,0
-97,14,221,0,-33,0
-54,-15,244,0,-34,0
-89,1,189,0,-35,0
-81,-2,213,0,-37,0
-103,19,189,0,-38,0
-48,-25,205,0,-38,0
-120,-8,204,0,-39,0
-73,15,191,0,-40,0
-112,-49,258,0,-41,0
-103,-34,201,0,-42,0
-97,11,214,0,-43,0
-70,43,213,0,-44,0
-63,2,235,0,-44,0
-48,2,228,0,-45,0
-83,-17,215,0,-46,0
-68,0,182,0,-46,0
-123,-1,254,0,-47,0
-62,-25,217,0,-47,0
-115,19,172,0,-48,0
-95,-25,199,0,-48,0
-71,-6,193,0,-48,0
-86,39,215,0,-49,0
-123,-11,240,0,-49,0
-134,3,180,0,-49,0
-71,-26,171,0,-50,0
-127,2,212,0,-50,0
-72,-27,229,0,-50,0
-93,-10,212,0,-50,0
-88,0,222,0,-50,0
-102,-15,197,0,-50,0
-71,-16,212,0,-50,0
-85,-17,175,0,-50,0
-92,44,181,0,-50,0
-82,4,202,0,-50,0
-84,-6,188,0,-49,0
-129,-10,199,0,-49,0
-118,7,176,0,-49,0
-77,13,215,0,-48,0
-103,19,210,0,-48,0
-116,4,217,0,-47,0
-106,19,189,0,-47,0
-101,4,220,0,-46,0
-89,-7,226,0,-46,0
-108,10,249,0,-45,0
-72,17,198,0,-45,0
-89,14,200,0,-44,0
-53,-9,198,0,-43,0
-108,2,219,0,-42,0
-93,4,199,0,-42,0
-108,-31,192,0,-41,0
-113,36,199,0,-40,0
-60,-11,249,0,-39,0
-27,8,193,0,-38,0
-61,-9,242,0,-37,0
-75,1,223,0,-36,0
-93,-14,234,0,-35,0
-69,-13,253,0,-34,0
-58,-1,217,0,-33,0
-62,11,235,0,-32,0
-61,-50,228,0,-31,0
-62,12,273,0,-29,0
-29,41,243,0,-28,0
-78,23,263,0,-27,0
-60,38,268,0,-26,0
-41,7,258,0,-24,0
-94,17,201,0,-23,0
-54,-12,268,0,-22,0
-19,-15,269,0,-20,0
-40,9,204,0,-19,0
-34,46,286,0,-18,0
-12,-7,241,0,-16,0
-19,0,247,0,-15,0
-37,-1,216,0,-13,0
-48,-4,255,0,-12,0
-2,-19,249,0,-11,0
5,-1,245,0,-9,0
8,-3,268,0,-8,0
-24,5,245,0,-6,0
-54,-19,287,0,-5,0
-25,-10,231,0,-3,0
9,22,252,0,-2,0
23,-28,277,0,-0,0
-6,10,273,0,1,0
-6,8,240,0,3,0
-11,25,290,0,4,0
18,-2,293,0,6,0
-17,31,253,0,7,0
74,-5,261,0,9,0
27,-5,283,0,10,0
42,10,261,0,12,0
-7,10,290,0,13,0
32,6,296,0,14,0
29,22,266,0,16,0
34,1,258,0,17,0
48,-9,277,0,19,0
49,2,254,0,20,0
55,-9,277,0,21,0
54,-3,276,0,23,0
57,6,294,0,24,0
67,18,319,0,25,0
55,1,263,0,27,0
26,36,314,0,28,0
73,37,258,0,29,0
50,-2,307,0,30,0
32,9,300,0,31,0
28,3,292,0,33,0
71,19,303,0,34,0
74,9,325,0,35,0
117,-14,287,0,36,0
69,-49,306,0,37,0
49,-55,293,0,38,0
81,-1,289,0,39,0
110,-9,322,0,40,0
92,6,292,0,41,0
93,-0,313,0,41,0
75,10,308,0,42,0
42,-23,287,0,43,0
78,6,313,0,44,0
56,19,313,0,44,0
88,-25,297,0,45,0
73,31,278,0,46,0
73,4,335,0,46,0
112,28,320,0,47,0
120,27,298,0,47,0
72,-40,300,0,48,0
81,5,293,0,48,0
102,-22,282,0,49,0
95,-8,299,0,49,0
91,-36,306,0,49,0
113,-8,308,0,49,0
82,9,317,0,50,0
119,5,300,0,50,0
86,48,283,0,50,0
119,14,297,0,50,0
121,30,289,0,50,0
97,-33,291,0,50,0
118,5,321,0,50,0
80,-7,297,0,50,0
106,-14,308,0,50,0
129,19,305,0,49,0
146,22,316,0,49,0
79,-14,305,0,49,0
106,6,319,0,49,0
88,0,295,0,48,0
72,-6,288,0,48,0
67,-15,308,0,47,0
135,-1,284,0,47,0
96,-8,329,0,46,0
120,4,312,0,46,0
82,-19,284,0,45,0
86,-5,305,0,44,0
75,-18,333,0,44,0
78,40,297,0,43,0
77,24,302,0,42,0
113,11,269,0,41,0
57,13,290,0,41,0
93,-0,286,0,40,0
69,10,291,0,39,0
45,18,304,0,38,0
56,-23,292,0,37,0
131,-31,281,0,36,0
91,3,282,0,35,0
84,9,312,0,34,0
24,-13,278,0,33,0
43,-20,301,0,31,0
64,-6,285,0,30,0
69,-9,273,0,29,0
33,18,271,0,28,0
49,-5,267,0,27,0
78,14,271,0,25,0
25,-21,268,0,24,0
71,6,291,0,23,0
27,-22,320,0,21,0
17,-23,278,0,20,0
44,-16,247,0,19,0
42,12,242,0,17,0
26,19,265,0,16,0
11,21,270,0,14,0
32,2,251,0,13,0
-0,3,267,0,12,0
-31,13,264,0,10,0
18,-9,282,0,9,0
10,47,282,0,7,0
3,21,252,0,6,0
-25,31,273,0,4,0
5,1,261,0,3,0
-6,10,208,0,1,0
13,1,272,0,-0,0
-8,-24,224,0,-2,0
39,6,234,0,-3,0
13,11,233,0,-5,0
-6,-2,249,0,-6,0
21,19,290,0,-8,0
-13,27,215,0,-9,0
-16,-42,258,0,-11,0
-17,-16,232,0,-12,0
-50,16,257,0,-13,0
-42,-22,250,0,-15,0
-49,-0,260,0,-16,0
-25,-17,201,0,-18,0
-43,5,236,0,-19,0
-65,42,249,0,-20,0
-34,22,288,0,-22,0
-63,-13,227,0,-23,0
-58,-22,199,0,-24,0
-41,-24,212,0,-26,0
-63,46,230,0,-27,0
-76,-4,225,0,-28,0
-29,14,233,0,-29,0
-55,-10,239,0,-31,0
-50,-8,190,0,-32,0
-81,17,249,0,-33,0
-94,37,226,0,-34,0
-98,-32,232,0,-35,0
-31,6,227,0,-36,0
-61,21,226,0,-37,0
-53,-7,209,0,-38,0
-78,-1,242,0,-39,0
-81,-8,207,0,-40,0
-61,-15,171,0,-41,0
-84,4,225,0,-42,0
-68,-16,187,0,-42,0
-77,2,235,0,-43,0
-75,19,219,0,-44,0
-60,-21,228,0,-45,0
-90,-21,196,0,-45,0
-123,-16,154,0,-46,0
-55,-21,219,0,-46,0
-86,-3,222,0,-47,0
-118,-8,189,0,-47,0
-118,22,228,0,-48,0
-76,45,206,0,-48,0
-76,11,191,0,-49,0
-78,18,191,0,-49,0
-82,1,170,0,-49,0
-112,-1,241,0,-50,0
-129,16,204,0,-50,0
-100,-8,226,0,-50,0
-121,21,165,0,-50,0
-61,-11,182,0,-50,0
-93,19,208,0,-50,0
-107,-10,182,0,-50,0
-50,-22,214,0,-50,0
-92,-12,208,0,-50,0
-110,13,167,0,-50,0
-104,17,215,0,-49,0
-120,-18,199,0,-49,0
-86,-14,223,0,-49,0
-102,-6,217,0,-48,0
-89,0,207,0,-48,0
-90,21,215,0,-48,0
-92,24,244,0,-47,0
-66,-16,250,0,-47,0
-109,14,172,0,-46,0
-67,4,225,0,-46,0
-99,-11,223,0,-45,0
-90,-23,220,0,-44,0
-119,-9,229,0,-44,0
-78,-1,258,0,-43,0
-69,-35,235,0,-42,0
-72,-4,212,0,-41,0
-89,2,225,0,-40,0
-98,42,219,0,-39,0
-103,-20,205,0,-38,0
-90,-15,230,0,-38,0
-75,49,229,0,-37,0
-28,13,203,0,-35,0
-44,3,216,0,-34,0
-77,14,237,0,-33,0
-74,44,226,0,-32,0
-73,14,203,0,-31,0
-58,-7,240,0,-30,0
-25,16,238,0,-29,0
-26,-3,202,0,-27,0
-41,21,263,0,-26,0
-9,-10,210,0,-25,0
-9,-1,238,0,-24,0
-21,-8,185,0,-22,0
-51,-22,230,0,-21,0
-54,21,219,0,-20,0
-30,26,208,0,-18,0
-37,20,245,0,-17,0
-47,14,224,0,-15,0
-29,11,267,0,-14,0
-68,46,237,0,-13,0
-18,-34,255,0,-11,0
-32,-19,280,0,-10,0
-16,-18,238,0,-8,0
-15,0,217,0,-7,0
-10,-39,277,0,-5,0
11,-8,215,0,-4,0
-34,-5,322,0,-2,0
-41,24,248,0,-1,0
11,24,272,0,1,0
8,20,231,0,2,0
-6,9,280,0,4,0
18,14,261,0,5,0
7,4,286,0,7,0
2,-13,246,0,8,0
7,27,273,0,10,0
24,8,283,0,11,0
28,31,282,0,12,0
-8,-14,303,0,14,0
20,-1,268,0,15,0
31,-12,256,0,17,0
28,-8,248,0,18,0
28,19,316,0,19,0
16,7,264,0,21,0
32,-1,278,0,22,0
11,3,255,0,24,0
52,3,292,0,25,0
40,0,275,0,26,0
74,-27,269,0,27,0
45,18,304,0,29,0
61,6,295,0,30,0
11,6,262,0,31,0
67,14,286,0,32,0
61,-22,301,0,33,0
80,-8,308,0,34,0
88,-13,301,0,35,0
100,33,285,0,36,0
88,23,331,0,37,0
112,3,277,0,38,0
75,-8,278,0,39,0
73,8,289,0,40,0
91,-9,295,0,41,0
56,27,279,0,42,0
70,-34,297,0,43,0
96,0,324,0,43,0
88,-8,320,0,44,0
103,-15,317,0,45,0
80,36,288,0,46,0
86,-1,315,0,46,0
102,19,293,0,47,0
136,2,287,0,47,0
74,12,327,0,48,0
101,-33,290,0,48,0
95,-7,304,0,48,0
89,-25,284,0,49,0
80,-6,311,0,49,0
98,-23,326,0,49,0
134,28,310,0,50,0
105,2,290,0,50,0
109,33,304,0,50,0
68,-6,311,0,50,0
104,14,314,0,50,0
89,-13,328,0,50,0
95,-10,305,0,50,0
40,8,326,0,50,0
103,-15,303,0,50,0
120,-4,296,0,50,0
82,-0,348,0,49,0
118,19,317,0,49,0
70,13,288,0,49,0
104,1,333,0,48,0
102,26,290,0,48,0
100,-3,275,0,48,0
80,-1,322,0,47,0
105,23,296,0,47,0
107,-35,279,0,46,0
108,28,323,0,45,0
84,9,319,0,45,0
84,-15,304,0,44,0
68,-7,255,0,43,0
80,10,306,0,43,0
79,4,339,0,42,0
103,-31,339,0,41,0
82,-19,293,0,40,0
92,19,280,0,39,0
58,18,285,0,38,0
79,-18,285,0,37,0
48,42,287,0,36,0
88,-34,326,0,35,0
115,23,272,0,34,0
33,-1,299,0,33,0
63,13,302,0,32,0
32,-26,272,0,31,0
42,-4,258,0,29,0
41,-27,302,0,28,0
101,-13,310,0,27,0
50,-27,270,0,26,0
33,2,293,0,24,0
25,15,272,0,23,0
20,8,295,0,22,0
24,9,269,0,21,0
44,-14,252,0,19,0
46,9,328,0,18,0
9,-1,270,0,16,0
-19,20,208,0,15,0
32,-19,250,0,14,0
41,-25,272,0,12,0
12,-4,279,0,11,0
11,-4,259,0,9,0
28,-24,271,0,8,0
33,-4,237,0,6,0
-23,-2,297,0,5,0
4,-30,260,0,3,0
15,-23,244,0,2,0
-46,7,221,0,0,0
-16,17,258,0,-1,0
-4,24,260,0,-3,0
-16,32,288,0,-4,0
-6,-14,265,0,-6,0
-7,-26,246,0,-7,0
-33,21,237,0,-9,0
-30,13,210,0,-10,0
-60,-22,275,0,-11,0
-16,32,217,0,-13,0
-27,4,240,0,-14,0
-18,-17,258,0,-16,0
-43,23,256,0,-17,0
-60,29,240,0,-19,0
-49,-45,259,0,-20,0
-50,-11,271,0,-21,0
-51,15,228,0,-23,0
-40,-23,220,0,-24,0
-15,1,212,0,-25,0
-67,7,225,0,-26,0
-70,-26,219,0,-28,0
-59,10,215,0,-29,0
-39,-6,212,0,-30,0
-95,-8,205,0,-31,0
-85,34,229,0,-32,0
-56,20,206,0,-34,0
-61,27,234,0,-35,0
-96,21,220,0,-36,0
-94,-5,209,0,-37,0
-85,4,150,0,-38,0
-82,3,218,0,-39,0
-64,36,195,0,-40,0
-73,20,214,0,-41,0
-97,26,216,0,-41,0
-86,-6,202,0,-42,0
-103,2,213,0,-43,0
-58,-14,212,0,-44,0
-98,5,228,0,-44,0
-83,-22,239,0,-45,0
-138,-10,207,0,-46,0
-84,-16,210,0,-46,0
-117,-17,205,0,-47,0
-112,21,199,0,-47,0
-61,20,211,0,-48,0
-105,5,237,0,-48,0
-117,-5,215,0,-49,0
-100,-29,215,0,-49,0
-68,8,186,0,-49,0
-53,-42,207,0,-49,0
-76,-16,187,0,-50,0
-104,29,217,0,-50,0
-106,-25,205,0,-50,0
-97,-20,191,0,-50,0
-108,20,189,0,-50,0
-111,5,265,0,-50,0
-73,13,247,0,-50,0
-96,-34,194,0,-50,0
-110,29,229,0,-50,0
-114,-3,206,0,-49,0
-95,10,229,0,-49,0
-101,3,216,0,-49,0
-87,36,187,0,-49,0
-92,17,202,0,-48,0
-104,-22,215,0,-48,0
-103,49,174,0,-47,0
-101,-8,227,0,-47,0
-94,-7,232,0,-46,0
-86,11,201,0,-46,0
-102,-4,198,0,-45,0
-92,8,217,0,-44,0
-86,35,225,0,-44,0
-82,-5,234,0,-43,0
-104,-5,225,0,-42,0
-75,-34,230,0,-41,0
-88,21,203,0,-41,0
-93,-18,225,0,-40,0
-73,30,172,0,-39,0
-84,-25,215,0,-38,0
-104,12,246,0,-37,0
-96,26,228,0,-36,0
-70,-0,190,0,-35,0
-56,-7,238,0,-34,0
-104,-24,240,0,-33,0
-65,-71,216,0,-31,0
-31,-8,224,0,-30,0
-39,-24,212,0,-29,0
-53,-16,240,0,-28,0
-67,6,277,0,-27,0
-78,5,225,0,-25,0
-16,14,281,0,-24,0
-49,15,241,0,-23,0
-17,-4,261,0,-21,0
-52,37,242,0,-20,0
-4,-7,234,0,-19,0
-52,-10,256,0,-17,0
-20,17,237,0,-16,0
2,3,185,0,-15,0
-6,23,232,0,-13,0
-18,-31,241,0,-12,0
-52,20,256,0,-10,0
15,-13,261,0,-9,0
1,-6,247,0,-7,0
-13,29,270,0,-6,0
-30,4,266,0,-4,0
11,-8,252,0,-3,0
0,5,275,0,-1,0
5,-25,266,0,0,0
5,1,273,0,2,0
-2,-3,266,0,3,0
-11,9,287,0,5,0
2,-3,270,0,6,0
1,3,279,0,8,0
50,-24,261,0,9,0
38,-21,257,0,10,0
32,-25,252,0,12,0
53,1,269,0,13,0
38,-46,264,0,15,0
37,-8,270,0,16,0
48,2,253,0,18,0
20,-15,252,0,19,0
34,-13,295,0,20,0
56,-2,279,0,22,0
48,-3,288,0,23,0
40,28,287,0,24,0
49,17,252,0,26,0
79,18,264,0,27,0
36,-24,288,0,28,0
69,67,286,0,29,0
34,-5,307,0,31,0
57,-29,281,0,32,0
60,6,297,0,33,0
80,10,301,0,34,0
72,4,251,0,35,0
47,-21,269,0,36,0
98,-4,291,0,37,0
95,17,289,0,38,0
87,33,286,0,39,0
84,37,300,0,40,0
75,42,329,0,41,0
107,-17,294,0,42,0
88,4,296,0,42,0
93,9,289,0,43,0
90,-10,286,0,44,0
107,-4,277,0,45,0
78,-13,294,0,45,0
108,-9,311,0,46,0
103,-25,288,0,46,0
112,9,292,0,47,0
98,-4,308,0,47,0
113,5,321,0,48,0
115,13,261,0,48,0
115,5,295,0,49,0
139,9,315,0,49,0
125,-42,334,0,49,0
102,-12,286,0,49,0
109,-39,360,0,50,0
126,-8,322,0,50,0
93,26,311,0,50,0
95,-26,306,0,50,0
101,4,283,0,50,0
121,-24,279,0,50,0
75,-26,306,0,50,0
129,47,331,0,50,0
110,10,295,0,50,0
102,10,281,0,49,0
113,6,289,0,49,0
113,-4,304,0,49,0
90,18,275,0,49,0
98,-50,325,0,48,0
61,10,283,0,48,0
75,-22,306,0,47,0
107,-52,313,0,47,0
91,-16,296,0,46,0
106,-0,308,0,46,0
124,48,291,0,45,0
90,43,320,0,44,0
87,2,321,0,44,0
118,8,305,0,43,0
87,-12,303,0,42,0
71,18,315,0,41,0
102,-2,277,0,40,0
82,-0,301,0,39,0
68,-11,283,0,39,0
50,15,298,0,38,0
100,2,302,0,37,0
51,12,319,0,36,0
58,-22,285,0,34,0
73,-5,312,0,33,0
39,-46,294,0,32,0
72,14,307,0,31,0
62,2,265,0,30,0
51,-17,261,0,29,0
32,14,285,0,28,0
49,2,288,0,26,0
47,4,281,0,25,0
47,-11,267,0,24,0
59,-0,300,0,22,0
84,34,269,0,21,0
21,22,303,0,20,0
30,9,268,0,18,0
23,17,293,0,17,0
32,-13,281,0,16,0
13,-8,233,0,14,0
49,-21,266,0,13,0
27,-4,267,0,11,0
-11,-24,249,0,10,0
21,24,283,0,8,0
16,17,287,0,7,0
7,20,249,0,5,0
0,25,237,0,4,0
21,14,263,0,2,0
34,4,249,0,1,0
24,18,248,0,-1,0
-35,42,251,0,-2,0
32,1,234,0,-4,0
19,-25,256,0,-5,0
-11,-13,240,0,-7,0
-2,-17,242,0,-8,0
-50,6,228,0,-9,0
-37,-5,247,0,-11,0
-15,-22,285,0,-12,0
6,-12,191,0,-14,0
-28,-9,233,0,-15,0
-40,15,275,0,-17,0
-49,35,288,0,-18,0
-56,15,242,0,-19,0
-46,1,256,0,-21,0
-37,-45,185,0,-22,0
-33,-29,236,0,-23,0
-80,-27,211,0,-25,0
-64,-5,215,0,-26,0
-29,-35,212,0,-27,0
-23,-0,212,0,-28,0
-72,-8,216,0,-30,0
-106,-62,227,0,-31,0
-58,-32,214,0,-32,0
-74,33,237,0,-33,0
-39,-11,188,0,-34,0
-31,41,203,0,-35,0
-76,15,211,0,-36,0
-113,-32,222,0,-37,0
-43,15,260,0,-38,0
-85,32,223,0,-39,0
-65,22,225,0,-40,0
-83,24,222,0,-41,0
-88,-1,238,0,-42,0
-64,-1,215,0,-43,0
-74,-40,243,0,-43,0
-111,17,217,0,-44,0
-117,-11,248,0,-45,0
-89,-13,222,0,-45,0
-54,-18,230,0,-46,0
-92,-4,224,0,-47,0
-94,21,188,0,-47,0
-57,19,221,0,-48,0
-102,1,217,0,-48,0
-96,-1,195,0,-48,0
-119,-8,194,0,-49,0
-57,16,211,0,-49,0
-105,15,191,0,-49,0
-113,3,224,0,-50,0
-107,27,194,0,-50,0
-96,36,219,0,-50,0
-94,-3,202,0,-50,0
-72,-20,217,0,-50,0
-86,14,237,0,-50,0
-105,-1,200,0,-50,0
-127,28,200,0,-50,0
-77,-29,206,0,-50,0
-97,17,198,0,-50,0
-110,4,228,0,-49,0
-79,-1,214,0,-49,0
-108,22,196,0,-49,0
-89,-21,179,0,-48,0
-97,-7,209,0,-48,0
-61,-10,224,0,-48,0
-95,23,178,0,-47,0
-89,9,185,0,-47,0
-94,-23,209,0,-46,0
-83,17,166,0,-45,0
-101,-20,208,0,-45,0
-84,10,184,0,-44,0
-110,12,225,0,-43,0
-86,13,235,0,-43,0
-67,22,210,0,-42,0
-76,-24,187,0,-41,0
-95,-7,231,0,-40,0
-70,38,213,0,-39,0
-61,31,237,0,-38,0
-70,-16,220,0,-37,0
-108,16,223,0,-36,0
-61,-22,243,0,-35,0
-88,-9,248,0,-34,0
-56,-5,248,0,-33,0
-40,10,232,0,-32,0
-59,1,239,0,-31,0
-61,-1,230,0,-30,0
-85,-6,235,0,-28,0
-85,1,224,0,-27,0
-49,-25,239,0,-26,0
-44,-3,241,0,-25,0
-65,-22,233,0,-23,0
-24,-22,252,0,-22,0
-56,16,236,0,-21,0
-59,30,228,0,-19,0
-36,6,260,0,-18,0
-37,8,231,0,-16,0
-52,11,264,0,-15,0
-23,-17,267,0,-14,0
-16,10,230,0,-12,0
-49,-6,247,0,-11,0
-30,-13,233,0,-9,0
7,-10,228,0,-8,0
-7,27,215,0,-6,0
15,-8,230,0,-5,0
-47,12,273,0,-3,0
13,-10,281,0,-2,0
26,13,288,0,-0,0
-7,-15,273,0,1,0
-34,16,309,0,3,0
1,15,254,0,4,0
-39,2,243,0,5,0
30,-20,222,0,7,0
52,12,277,0,8,0
32,25,300,0,10,0
22,6,262,0,11,0
13,-40,261,0,13,0
1,-3,272,0,14,0
35,-26,243,0,16,0
19,-52,296,0,17,0
12,-6,302,0,18,0
13,25,271,0,20,0
66,22,278,0,21,0
57,23,284,0,22,0
62,16,242,0,24,0
59,-7,301,0,25,0
48,9,284,0,26,0
65,-38,298,0,28,0
53,-1,281,0,29,0
49,-16,301,0,30,0
84,-9,308,0,31,0
66,-29,255,0,32,0
53,45,327,0,33,0
79,13,286,0,35,0
29,-10,285,0,36,0
80,10,307,0,37,0
84,-7,296,0,38,0
96,-7,294,0,39,0
95,-44,255,0,40,0
83,25,293,0,40,0
101,-20,309,0,41,0
88,-7,304,0,42,0
70,-21,331,0,43,0
94,-7,331,0,44,0
68,34,302,0,44,0
82,8,289,0,45,0
110,11,272,0,46,0
77,-29,275,0,46,0
81,31,304,0,47,0
89,-19,310,0,47,0
72,32,275,0,48,0
98,0,281,0,48,0
114,-11,268,0,49,0
158,8,329,0,49,0
77,15,316,0,49,0
145,-14,291,0,49,0
58,4,279,0,50,0
109,21,313,0,50,0
113,1,280,0,50,0
90,3,295,0,50,0
110,31,292,0,50,0
79,25,323,0,50,0
125,23,295,0,50,0
96,39,283,0,50,0
101,-1,325,0,50,0
137,-37,279,0,49,0
115,7,317,0,49,0
119,-19,312,0,49,0
120,30,330,0,49,0
114,0,286,0,48,0
90,-17,327,0,48,0
105,-10,304,0,47,0
85,10,302,0,47,0
49,-11,314,0,46,0
107,4,331,0,46,0
103,5,332,0,45,0
88,4,284,0,45,0
89,-6,317,0,44,0
72,-15,327,0,43,0
69,-21,306,0,42,0
69,-19,262,0,42,0
62,-27,283,0,41,0
78,-13,301,0,40,0
66,-22,307,0,39,0
81,-27,294,0,38,0
100,36,263,0,37,0
44,23,258,0,36,0
103,-32,326,0,35,0
102,1,300,0,34,0
44,21,300,0,33,0
77,-16,269,0,32,0
41,18,255,0,30,0
26,-8,301,0,29,0
38,14,266,0,28,0
70,32,316,0,27,0
42,-0,289,0,25,0
37,28,244,0,24,0
42,-29,294,0,23,0
20,26,244,0,22,0
46,8,261,0,20,0
47,-4,308,0,19,0
12,30,258,0,17,0
37,11,250,0,16,0
11,2,271,0,15,0
26,-3,271,0,13,0
47,-3,275,0,12,0
2,2,286,0,10,0
11,-33,260,0,9,0
18,33,269,0,7,0
17,-20,266,0,6,0
18,-4,256,0,4,0
-3,-8,287,0,3,0
34,-5,233,0,1,0
17,-19,282,0,-0,0
-24,9,284,0,-1,0
-33,22,250,0,-3,0
-2,40,259,0,-4,0
-8,9,267,0,-6,0
-9,14,245,0,-7,0
-25,19,247,0,-9,0
-22,-20,263,0,-10,0
-6,21,274,0,-12,0
-22,13,232,0,-13,0
-50,21,225,0,-15,0
-9,0,273,0,-16,0
-29,4,211,0,-17,0
-51,-12,236,0,-19,0
-35,-12,222,0,-20,0
-62,-7,198,0,-22,0
-49,10,242,0,-23,0
-55,16,273,0,-24,0
-72,-20,240,0,-26,0
-66,-24,250,0,-27,0
-41,-29,228,0,-28,0
-69,-22,227,0,-29,0
-55,8,222,0,-30,0
-58,35,223,0,-32,0
-71,-9,215,0,-33,0
-94,34,197,0,-34,0
-38,19,269,0,-35,0
-82,-16,215,0,-36,0
-87,-15,204,0,-37,0
-69,4,211,0,-38,0
-60,-4,236,0,-39,0
-96,18,236,0,-40,0
-99,-24,192,0,-41,0
-92,-18,190,0,-42,0
-81,-26,219,0,-42,0
-95,-15,239,0,-43,0
-80,7,245,0,-44,0
-81,-29,203,0,-45,0
-57,-3,235,0,-45,0
-52,20,214,0,-46,0
-77,-23,219,0,-46,0
-106,21,227,0,-47,0
-112,-20,239,0,-47,0
-112,-5,188,0,-48,0
-91,2,188,0,-48,0
-108,-10,216,0,-49,0
-160,-35,234,0,-49,0
-118,-8,199,0,-49,0
-70,10,215,0,-49,0
-93,37,241,0,-50,0
-97,-0,224,0,-50,0
-107,15,209,0,-50,0
-118,29,210,0,-50,0
-115,-12,168,0,-50,0
-81,22,193,0,-50,0
-128,-44,216,0,-50,0
-132,-9,187,0,-50,0
-101,17,224,0,-50,0
-93,19,203,0,-49,0
-148,8,203,0,-49,0
-91,11,207,0,-49,0
-128,28,199,0,-49,0
-109,29,186,0,-48,0
-127,17,216,0,-48,0
-61,-16,195,0,-47,0
-75,17,226,0,-47,0
-100,-7,243,0,-46,0
-77,43,226,0,-46,0
-78,-33,197,0,-45,0
-73,-0,222,0,-44,0
-100,-6,257,0,-44,0
-86,16,215,0,-43,0
-77,45,216,0,-42,0
-77,21,183,0,-41,0
-77,-44,234,0,-40,0
-73,-4,219,0,-40,0
-109,4,239,0,-39,0
-50,7,210,0,-38,0
-87,18,185,0,-37,0
-50,18,218,0,-36,0
-82,5,219,0,-35,0
-30,2,224,0,-33,0
-74,-24,215,0,-32,0
-63,-17,241,0,-31,0
-71,-31,243,0,-30,0
-72,15,218,0,-29,0
-59,19,226,0,-28,0
-67,6,204,0,-26,0
-72,27,229,0,-25,0
-52,-3,199,0,-24,0
-75,-10,230,0,-22,0
-14,-3,232,0,-21,0
-3,-30,177,0,-20,0
-52,-3,251,0,-18,0
-41,18,227,0,-17,0
-19,-30,275,0,-16,0
-73,-2,219,0,-14,0
-1,-9,249,0,-13,0
-3,33,258,0,-11,0
-27,12,246,0,-10,0
-46,5,271,0,-8,0
-37,-49,242,0,-7,0
2,-5,242,0,-5,0
-23,-16,256,0,-4,0
4,-18,258,0,-2,0
-7,-30,248,0,-1,0
24,-1,243,0,0,0
8,48,274,0,2,0
29,8,249,0,3,0
-53,25,238,0,5,0
20,6,247,0,6,0
13,8,289,0,8,0
29,-2,267,0,9,0
36,-18,237,0,11,0
34,5,296,0,12,0
72,-12,251,0,14,0
30,-13,268,0,15,0
16,8,287,0,17,0
59,-9,279,0,18,0
48,9,309,0,19,0
61,-21,258,0,21,0
32,-5,262,0,22,0
45,24,329,0,23,0
26,-30,276,0,25,0
73,37,263,0,26,0
97,-0,273,0,27,0
55,22,267,0,28,0
87,14,305,0,30,0
33,11,292,0,31,0
73,29,254,0,32,0
56,35,320,0,33,0
68,5,308,0,34,0
98,-16,287,0,35,0
67,8,268,0,36,0
53,-0,344,0,37,0
64,22,269,0,38,0
49,9,280,0,39,0
67,1,314,0,40,0
68,2,301,0,41,0
91,12,291,0,42,0
74,-31,320,0,43,0
74,-8,289,0,43,0
84,25,269,0,44,0
89,-10,332,0,45,0
100,-20,314,0,45,0
84,-24,268,0,46,0
83,-23,318,0,47,0
102,10,283,0,47,0
104,-17,289,0,48,0
121,-30,258,0,48,0
132,-36,334,0,48,0
95,-35,301,0,49,0
61,3,318,0,49,0
111,2,335,0,49,0
102,-12,283,0,50,0
107,-11,294,0,50,0
117,-1,300,0,50,0
89,7,339,0,50,0
76,-28,263,0,50,0
109,-28,301,0,50,0
62,-4,298,0,50,0
117,16,299,0,50,0
70,-39,301,0,50,0
114,-18,279,0,50,0
95,-11,290,0,49,0
74,-12,300,0,49,0
107,-3,286,0,49,0
104,21,329,0,48,0
103,34,315,0,48,0
112,-26,296,0,48,0
111,15,291,0,47,0
77,-11,283,0,47,0
96,-8,319,0,46,0
74,-4,298,0,45,0
56,-13,294,0,45,0
54,4,328,0,44,0
111,-10,333,0,43,0
63,-29,280,0,43,0
81,44,305,0,42,0
62,6,312,0,41,0
94,20,319,0,40,0
72,26,324,0,39,0
81,-28,293,0,38,0
99,-13,294,0,37,0
85,30,246,0,36,0
46,14,315,0,35,0
78,-50,244,0,34,0
51,-15,297,0,33,0
35,-25,307,0,32,0
47,62,275,0,31,0
68,8,261,0,30,0
71,-13,257,0,28,0
41,-20,290,0,27,0
88,-7,288,0,26,0
66,-2,294,0,25,0
58,-50,264,0,23,0
50,-3,256,0,22,0
35,-7,290,0,21,0
22,-35,267,0,19,0
30,14,268,0,18,0
30,-29,258,0,17,0
41,12,256,0,15,0
6,4,250,0,14,0
18,0,287,0,12,0
21,8,252,0,11,0
34,-11,270,0,9,0
37,-8,299,0,8,0
6,-0,260,0,6,0
-6,-7,244,0,5,0
19,-9,316,0,4,0
2,-8,257,0,2,0
-11,3,246,0,1,0
-7,27,246,0,-1,0
-22,-10,272,0,-2,0
-33,3,235,0,-4,0
-32,29,250,0,-5,0
-15,22,269,0,-7,0
-25,-9,261,0,-8,0
-47,6,257,0,-10,0
-43,8,262,0,-11,0
-22,-16,276,0,-13,0
-38,11,232,0,-14,0
-46,23,271,0,-16,0
-37,36,233,0,-17,0
-28,9,225,0,-18,0
-57,-2,250,0,-20,0
-72,-5,225,0,-21,0
-76,29,213,0,-22,0
-58,32,244,0,-24,0
-44,13,229,0,-25,0
-15,-9,208,0,-26,0
-46,18,269,0,-28,0
-88,9,219,0,-29,0
-46,13,235,0,-30,0
-58,1,241,0,-31,0
-71,35,213,0,-32,0
-64,4,194,0,-33,0
-86,-7,243,0,-35,0
-77,-5,210,0,-36,0
-80,-46,212,0,-37,0
-96,-11,234,0,-38,0
-76,15,192,0,-39,0
-81,-27,217,0,-39,0
-92,-10,186,0,-40,0
-59,-1,263,0,-41,0
-71,19,236,0,-42,0
-86,22,217,0,-43,0
-75,-17,211,0,-44,0
-80,-2,197,0,-44,0
-80,27,227,0,-45,0
-88,-24,205,0,-46,0
-117,5,212,0,-46,0
-69,-27,222,0,-47,0
-95,12,224,0,-47,0
-122,3,240,0,-48,0
-99,6,239,0,-48,0
-70,-2,173,0,-49,0
-92,16,198,0,-49,0
-95,-12,204,0,-49,0
-92,-25,258,0,-49,0
-111,19,216,0,-50,0
-109,17,241,0,-50,0
-97,4,189,0,-50,0
-99,-15,228,0,-50,0
-71,34,200,0,-50,0
-110,-13,230,0,-50,0
-123,-51,193,0,-50,0
-77,14,174,0,-50,0
-88,-8,237,0,-50,0
-99,-11,184,0,-49,0
-118,7,193,0,-49,0
-111,-19,183,0,-49,0
-76,-34,215,0,-49,0
-76,9,218,0,-48,0
-123,2,205,0,-48,0
-116,17,224,0,-47,0
-92,-16,196,0,-47,0
-92,10,190,0,-46,0
-63,9,219,0,-46,0
-112,-30,225,0,-45,0
-108,11,192,0,-45,0
-71,33,199,0,-44,0
-60,-22,236,0,-43,0
-79,-2,172,0,-42,0
-61,25,211,0,-42,0
-93,-23,242,0,-41,0
-99,11,211,0,-40,0
-63,26,194,0,-39,0
-78,-45,212,0,-38,0
-81,-7,197,0,-37,0
-85,6,236,0,-36,0
-21,35,198,0,-35,0
-97,14,256,0,-34,0
-45,28,227,0,-33,0
-88,8,205,0,-32,0
-61,6,216,0,-30,0
-85,8,240,0,-29,0
-72,-37,230,0,-28,0
-90,12,246,0,-27,0
-38,10,239,0,-26,0
-65,-0,228,0,-24,0
-35,8,225,0,-23,0
-36,-2,225,0,-22,0
-24,-31,235,0,-20,0
-4,3,212,0,-19,0
-16,-11,230,0,-18,0
-52,13,235,0,-16,0
-56,-26,256,0,-15,0
-11,2,247,0,-13,0
-24,7,204,0,-12,0
11,-25,237,0,-10,0
-21,32,239,0,-9,0
-69,-0,206,0,-8,0
-29,-18,246,0,-6,0
-5,-1,255,0,-5,0
20,9,232,0,-3,0
-23,16,230,0,-2,0
-8,-4,261,0,-0,0
25,2,220,0,1,0
6,-7,253,0,3,0
12,-21,232,0,4,0
-5,10,225,0,6,0
15,-6,245,0,7,0
35,32,270,0,9,0
29,-3,248,0,10,0
51,-14,279,0,12,0
51,28,292,0,13,0
10,14,287,0,15,0
33,-12,296,0,16,0
20,-8,248,0,17,0
36,-16,266,0,19,0
60,24,290,0,20,0
41,23,271,0,21,0
46,21,304,0,23,0
48,-50,305,0,24,0
12,-18,276,0,25,0
60,-16,268,0,27,0
8,-14,306,0,28,0
52,-7,278,0,29,0
66,-34,281,0,30,0
57,14,289,0,32,0
61,-3,286,0,33,0
93,21,296,0,34,0
68,-5,309,0,35,0
57,42,277,0,36,0
77,10,293,0,37,0
116,-31,263,0,38,0
86,-38,283,0,39,0
72,10,309,0,40,0
92,-34,271,0,41,0
132,20,292,0,41,0
75,-10,279,0,42,0
108,-26,338,0,43,0
88,-33,291,0,44,0
105,-14,319,0,45,0
66,37,315,0,45,0
112,12,336,0,46,0
66,39,287,0,46,0
62,-1,296,0,47,0
92,-32,271,0,47,0
109,-10,249,0,48,0
60,-4,303,0,48,0
101,-10,317,0,49,0
106,-4,318,0,49,0
114,-27,303,0,49,0
103,-19,334,0,49,0
100,-25,304,0,50,0
107,14,301,0,50,0
116,4,351,0,50,0
101,-19,349,0,50,0
91,-2,303,0,50,0
91,34,289,0,50,0
91,13,298,0,50,0
132,-4,296,0,50,0
87,29,291,0,50,0
117,6,294,0,49,0
80,-3,301,0,49,0
113,17,311,0,49,0
95,18,285,0,49,0
150,20,300,0,48,0
93,-16,284,0,48,0
116,3,287,0,47,0
81,-23,337,0,47,0
82,-1,320,0,46,0
95,-40,304,0,46,0
93,-5,257,0,45,0
98,3,275,0,44,0
77,-39,277,0,44,0
101,6,284,0,43,0
70,-3,280,0,42,0
87,-63,276,0,41,0
54,35,300,0,40,0
100,25,317,0,40,0
73,-1,286,0,39,0
45,22,297,0,38,0
59,24,275,0,37,0
58,36,274,0,36,0
54,5,283,0,35,0
102,13,318,0,34,0
47,1,276,0,32,0
47,25,322,0,31,0
67,5,274,0,30,0
61,-2,315,0,29,0
59,3,297,0,28,0
91,6,256,0,26,0
40,-0,263,0,25,0
42,-13,253,0,24,0
53,1,262,0,23,0
23,11,306,0,21,0
31,-21,310,0,20,0
50,-2,282,0,19,0
11,-9,288,0,17,0
22,19,274,0,16,0
29,-7,268,0,14,0
27,-32,254,0,13,0
5,-1,288,0,11,0
11,-6,254,0,10,0
16,-19,279,0,9,0
28,24,267,0,7,0
14,-17,301,0,6,0
-18,-11,270,0,4,0
8,1,256,0,3,0
3,-26,243,0,1,0
6,-20,252,0,-0,0
-10,-40,263,0,-2,0
-25,-30,283,0,-3,0
-66,3,226,0,-5,0
11,-8,187,0,-6,0
-23,-20,223,0,-8,0
-49,-21,234,0,-9,0
-68,6,236,0,-11,0
-7,-4,238,0,-12,0
12,-7,265,0,-14,0
-23,-25,246,0,-15,0
-39,-26,225,0,-16,0
-18,23,242,0,-18,0
-19,-22,260,0,-19,0
-54,7,244,0,-21,0
-42,6,204,0,-22,0
-48,14,228,0,-23,0
-41,9,264,0,-25,0
-43,-15,240,0,-26,0
-97,-15,250,0,-27,0
-72,6,263,0,-28,0
-76,-13,237,0,-30,0
-24,3,232,0,-31,0
-73,12,238,0,-32,0
-71,15,217,0,-33,0
-38,9,198,0,-34,0
-87,-37,238,0,-35,0
-128,18,183,0,-36,0
-63,43,229,0,-37,0
-97,-7,216,0,-38,0
-75,10,205,0,-39,0
-91,-14,214,0,-40,0
-97,15,200,0,-41,0
-74,-5,230,0,-42,0
-103,-30,218,0,-43,0
-92,14,222,0,-43,0
-100,15,172,0,-44,0
-137,-13,229,0,-45,0
-104,-14,163,0,-45,0
-84,-15,205,0,-46,0
-125,-27,198,0,-47,0
-103,17,217,0,-47,0
-65,-0,219,0,-48,0
-71,3,188,0,-48,0
-119,6,196,0,-48,0
-111,9,201,0,-49,0
-84,-3,207,0,-49,0
-112,-5,219,0,-49,0
-108,5,230,0,-50,0
-69,-9,228,0,-50,0
-127,-13,187,0,-50,0
-114,23,168,0,-50,0
-110,-16,220,0,-50,0
-94,-9,227,0,-50,0
-106,-14,227,0,-50,0
-94,-1,233,0,-50,0
-79,-22,231,0,-50,0
-107,-10,173,0,-50,0
-77,24,210,0,-49,0
-114,-13,218,0,-49,0
-76,20,212,0,-49,0
-104,2,184,0,-48,0
-130,-20,205,0,-48,0
-102,-31,216,0,-48,0
-98,-0,204,0,-47,0
-119,-34,195,0,-47,0
-102,-6,173,0,-46,0
-85,-28,215,0,-45,0
-49,-17,265,0,-45,0
-69,38,192,0,-44,0
-92,-26,231,0,-43,0
-91,30,206,0,-43,0
-62,28,207,0,-42,0
-80,-18,202,0,-41,0
-123,8,208,0,-40,0
-124,18,207,0,-39,0
-64,-50,222,0,-38,0
-38,16,241,0,-37,0
-53,8,224,0,-36,0
-73,8,190,0,-35,0
-85,-32,226,0,-34,0
-93,-11,226,0,-33,0
-53,-8,227,0,-32,0
-44,2,220,0,-31,0
-80,7,179,0,-30,0
-82,-20,241,0,-29,0
-83,-7,209,0,-27,0
-53,11,223,0,-26,0
-1,4,248,0,-25,0
-40,35,230,0,-23,0
-65,-25,227,0,-22,0
0,9,242,0,-21,0
-39,16,257,0,-19,0
-10,-15,238,0,-18,0
5,-17,248,0,-17,0
-11,-8,218,0,-15,0
1,-24,254,0,-14,0
-52,16,285,0,-12,0
-40,-31,249,0,-11,0
-16,-19,251,0,-10,0
-30,19,277,0,-8,0
-19,-13,221,0,-7,0
-13,1,264,0,-5,0
-12,-50,244,0,-4,0
7,-20,231,0,-2,0
-29,-30,245,0,-1,0
-10,1,259,0,1,0
-0,-11,272,0,2,0
5,14,255,0,4,0
-5,-9,271,0,5,0
0,-24,265,0,7,0
28,-27,286,0,8,0
31,-1,271,0,10,0
-16,-2,288,0,11,0
8,22,297,0,13,0
51,18,266,0,14,0
45,19,295,0,15,0
13,18,334,0,17,0
22,10,271,0,18,0
44,20,259,0,20,0
71,43,259,0,21,0
59,-8,269,0,22,0
48,-7,296,0,24,0
60,-32,282,0,25,0
45,32,249,0,26,0
77,-19,240,0,27,0
47,4,281,0,29,0
50,7,315,0,30,0
54,-19,295,0,31,0
97,11,310,0,32,0
63,19,264,0,33,0
75,-24,267,0,34,0
57,-11,276,0,35,0
82,24,288,0,37,0
96,12,296,0,38,0
99,-2,281,0,38,0
53,-23,288,0,39,0
77,-14,294,0,40,0
65,-14,314,0,41,0
106,27,265,0,42,0
70,18,282,0,43,0
90,6,300,0,44,0
107,52,319,0,44,0
90,-15,301,0,45,0
89,-19,307,0,46,0
91,19,310,0,46,0
81,23,296,0,47,0
64,-45,333,0,47,0
123,3,294,0,48,0
99,-37,298,0,48,0
92,11,314,0,48,0
94,14,309,0,49,0
122,-37,306,0,49,0
95,22,301,0,49,0
108,-10,338,0,50,0
85,-12,322,0,50,0
102,26,268,0,50,0
124,-8,321,0,50,0
97,-11,309,0,50,0
85,-41,289,0,50,0
90,0,312,0,50,0
97,-29,326,0,50,0
107,23,336,0,50,0
98,-12,290,0,50,0
83,7,304,0,49,0
85,-2,349,0,49,0
93,-24,300,0,49,0
98,20,302,0,48,0
88,14,313,0,48,0
102,-18,291,0,47,0
122,-17,344,0,47,0
86,-21,294,0,46,0
73,-5,290,0,46,0
84,-19,323,0,45,0
122,27,279,0,45,0
77,19,291,0,44,0
113,7,283,0,43,0
90,-13,289,0,42,0
77,-3,287,0,42,0
71,18,284,0,41,0
63,9,347,0,40,0
47,17,283,0,39,0
111,13,314,0,38,0
72,15,312,0,37,0
68,36,312,0,36,0
57,-47,297,0,35,0
71,0,288,0,34,0
80,-26,298,0,33,0
57,-18,286,0,32,0
59,-18,271,0,31,0
91,-36,281,0,29,0
34,13,298,0,28,0
19,-31,300,0,27,0
27,30,274,0,26,0
68,-28,305,0,24,0
30,19,275,0,23,0
14,18,300,0,22,0
-4,-10,291,0,20,0
49,-10,260,0,19,0
48,-29,275,0,18,0
68,-10,278,0,16,0
27,3,251,0,15,0
59,-12,261,0,13,0
21,2,298,0,12,0
19,-22,263,0,11,0
42,26,277,0,9,0
-36,-10,285,0,8,0
21,9,277,0,6,0
19,-24,249,0,5,0
-19,6,238,0,3,0
26,-5,272,0,2,0
-55,19,236,0,0,0
-24,25,232,0,-1,0
-36,21,251,0,-3,0
9,-9,278,0,-4,0
-35,21,262,0,-6,0
-22,18,256,0,-7,0
-24,-2,210,0,-9,0
4,0,254,0,-10,0
-40,24,237,0,-12,0
-16,8,245,0,-13,0
-45,-30,243,0,-14,0
-15,-9,242,0,-16,0
-54,30,270,0,-17,0
-5,-2,265,0,-19,0
-10,-20,230,0,-20,0
-9,-11,242,0,-21,0
-27,-14,229,0,-23,0
-101,13,249,0,-24,0
-64,5,241,0,-25,0
-63,9,195,0,-27,0
-42,0,253,0,-28,0
-42,31,217,0,-29,0
-29,-4,228,0,-30,0
-68,45,202,0,-31,0
-58,17,240,0,-33,0
-42,8,222,0,-34,0
-80,41,221,0,-35,0
-15,14,225,0,-36,0
-84,-28,226,0,-37,0
-76,-7,201,0,-38,0
-57,-12,207,0,-39,0
-40,-14,209,0,-40,0
-115,-16,234,0,-41,0
-80,-43,276,0,-41,0
-78,1,228,0,-42,0
-80,-25,221,0,-43,0
-55,-11,252,0,-44,0
-90,-33,188,0,-44,0
-82,-22,170,0,-45,0
-138,-5,209,0,-46,0
-75,-10,218,0,-46,0
-120,-25,232,0,-47,0
-98,-9,178,0,-47,0
-91,-27,201,0,-48,0
-126,14,253,0,-48,0
-69,20,192,0,-49,0
-118,-28,171,0,-49,0
-71,-12,215,0,-49,0
-60,-18,162,0,-49,0
-111,-35,189,0,-50,0
-104,2,192,0,-50,0
-145,-15,222,0,-50,0
-90,26,199,0,-50,0
-112,14,224,0,-50,0
-59,-8,234,0,-50,0
-105,39,242,0,-50,0
-79,-2,213,0,-50,0
-90,-20,210,0,-50,0
-111,9,191,0,-49,0
-121,27,198,0,-49,0
-86,22,233,0,-49,0
-85,16,222,0,-49,0
-91,8,219,0,-48,0
-98,0,200,0,-48,0
-75,-4,196,0,-47,0
-89,-19,181,0,-47,0
-68,24,233,0,-46,0
-114,10,181,0,-46,0
-89,17,217,0,-45,0
-94,30,209,0,-44,0
-76,18,236,0,-44,0
-119,-37,223,0,-43,0
-76,29,229,0,-42,0
-93,-9,228,0,-41,0
-57,-9,230,0,-41,0
-102,-3,238,0,-40,0
-87,-47,229,0,-39,0
-92,-44,250,0,-38,0
-26,8,246,0,-37,0
-75,17,201,0,-36,0
-39,-1,186,0,-35,0
-34,3,227,0,-34,0
-65,19,233,0,-33,0
-86,5,237,0,-31,0
-29,2,261,0,-30,0
-35,12,237,0,-29,0
-73,-22,193,0,-28,0
-44,-23,272,0,-27,0
-64,5,218,0,-25,0
-26,4,215,0,-24,0
-67,-14,227,0,-23,0
-62,31,213,0,-21,0
-22,0,224,0,-20,0
-32,-13,271,0,-19,0
-25,16,243,0,-17,0
-26,36,256,0,-16,0
-39,11,240,0,-14,0
-18,-30,265,0,-13,0
-20,-16,238,0,-12,0
-14,17,257,0,-10,0
-15,19,245,0,-9,0
-12,-12,225,0,-7,0
-3,-13,220,0,-6,0
-73,31,247,0,-4,0
-12,22,269,0,-3,0
25,-9,246,0,-1,0
14,8,286,0,0,0
32,-5,232,0,2,0
-3,7,284,0,3,0
60,4,275,0,5,0
29,-34,267,0,6,0
25,-12,252,0,8,0
-4,-6,257,0,9,0
6,54,306,0,11,0
14,0,251,0,12,0
15,10,296,0,13,0
22,11,298,0,15,0
43,13,253,0,16,0
1,-2,263,0,18,0
30,6,291,0,19,0
35,-6,295,0,20,0
60,13,311,0,22,0
62,1,264,0,23,0
47,6,282,0,24,0
27,18,281,0,26,0
94,-2,307,0,27,0
42,5,273,0,28,0
38,43,303,0,29,0
7,-3,314,0,31,0
77,14,245,0,32,0
73,-20,287,0,33,0
72,2,295,0,34,0
43,30,274,0,35,0
55,33,334,0,36,0
102,-4,280,0,37,0
75,-1,283,0,38,0
91,-55,310,0,39,0
118,-0,266,0,40,0
88,11,287,0,41,0
89,-12,300,0,42,0
74,36,305,0,42,0
100,36,294,0,43,0
75,-19,286,0,44,0
55,7,344,0,45,0
103,-4,302,0,45,0
50,-50,309,0,46,0
121,26,324,0,46,0
111,2,319,0,47,0
106,10,274,0,48,0
90,36,260,0,48,0
105,31,330,0,48,0
97,-10,316,0,49,0
90,35,342,0,49,0
102,33,261,0,49,0
99,25,287,0,50,0
120,7,283,0,50,0
127,-6,312,0,50,0
68,-15,309,0,50,0
115,6,306,0,50,0
85,3,305,0,50,0
106,23,295,0,50,0
124,31,283,0,50,0
123,-16,316,0,50,0
103,31,353,0,50,0
121,1,325,0,49,0
51,15,293,0,49,0
109,31,333,0,49,0
72,16,302,0,48,0
120,-13,303,0,48,0
77,5,302,0,48,0
60,-21,324,0,47,0
87,-8,314,0,47,0
105,2,328,0,46,0
108,19,287,0,46,0
65,13,310,0,45,0
82,-12,328,0,44,0
79,28,267,0,44,0
59,-23,267,0,43,0
95,42,286,0,42,0
79,-20,305,0,41,0
86,-8,310,0,40,0
50,-13,293,0,39,0
48,9,286,0,38,0
59,16,341,0,37,0
112,7,285,0,36,0
60,-16,297,0,35,0
40,20,349,0,34,0
62,-9,282,0,33,0
64,19,291,0,32,0
76,7,248,0,31,0
79,-52,303,0,30,0
48,0,316,0,29,0
48,-0,303,0,27,0
46,19,293,0,26,0
63,1,291,0,25,0
31,-10,263,0,24,0
29,-10,278,0,22,0
45,-20,305,0,21,0
12,-4,277,0,20,0
17,-10,272,0,18,0
27,18,275,0,17,0
3,39,323,0,15,0
2,20,275,0,14,0
33,-22,264,0,13,0
31,-42,285,0,11,0
-13,-27,257,0,10,0
22,23,277,0,8,0
-1,14,243,0,7,0
9,-18,224,0,5,0
-1,3,233,0,4,0
6,12,248,0,2,0
2,-0,271,0,1,0
9,-58,246,0,-1,0
-27,-26,239,0,-2,0
-35,31,236,0,-4,0
-0,9,240,0,-5,0
-22,-35,240,0,-7,0
-32,-50,257,0,-8,0
-0,-4,242,0,-10,0
16,15,246,0,-11,0
-22,14,254,0,-12,0
3,-16,275,0,-14,0
-39,3,231,0,-15,0
-47,-20,225,0,-17,0
-42,-11,261,0,-18,0
-26,-47,262,0,-19,0
-16,-13,248,0,-21,0
-47,-19,234,0,-22,0
-40,5,222,0,-24,0
-37,8,197,0,-25,0
-28,10,214,0,-26,0
-62,-15,232,0,-27,0
-84,-24,210,0,-29,0
-78,-35,245,0,-30,0
-72,-10,249,0,-31,0
-53,-31,254,0,-32,0
-77,-11,261,0,-33,0
-80,23,259,0,-34,0
-75,27,223,0,-35,0
-82,-31,229,0,-36,0
-67,9,180,0,-37,0
-21,-24,179,0,-38,0
-84,25,200,0,-39,0
-128,-31,234,0,-40,0
-98,-13,190,0,-41,0
-85,-3,201,0,-42,0
-55,-20,191,0,-43,0
-80,7,227,0,-43,0
-78,-1,219,0,-44,0
-78,27,245,0,-45,0
-79,-10,219,0,-46,0
-105,-3,197,0,-46,0
-115,-29,225,0,-47,0
-114,19,222,0,-47,0
-95,2,205,0,-48,0
-64,15,186,0,-48,0
-103,-46,185,0,-48,0
-103,7,177,0,-49,0
-106,-16,229,0,-49,0
-95,3,218,0,-49,0
-100,-6,206,0,-50,0
-88,4,212,0,-50,0
-126,-35,228,0,-50,0
-134,26,187,0,-50,0
-123,-11,177,0,-50,0
-76,23,209,0,-50,0
-116,2,198,0,-50,0
-97,-28,195,0,-50,0
-90,29,187,0,-50,0
-151,9,203,0,-50,0
-74,-19,204,0,-49,0
-118,-2,211,0,-49,0
-94,3,214,0,-49,0
-96,9,196,0,-48,0
-99,6,227,0,-48,0
-98,-10,179,0,-48,0
-106,-1,208,0,-47,0
-102,6,193,0,-47,0
-45,-23,245,0,-46,0
-122,61,206,0,-45,0
-113,13,203,0,-45,0
-88,-3,190,0,-44,0
-118,-6,225,0,-43,0
-115,13,240,0,-43,0
-103,-17,230,0,-42,0
-57,-12,230,0,-41,0
-83,-10,226,0,-40,0
-84,2,232,0,-39,0
-74,-36,177,0,-38,0
-88,34,222,0,-37,0
-109,-24,225,0,-36,0
-67,-9,240,0,-35,0
-76,-11,189,0,-34,0
-62,-5,228,0,-33,0
-43,10,211,0,-32,0
-53,33,242,0,-31,0
-57,30,229,0,-29,0
-59,-12,230,0,-28,0
-66,25,227,0,-27,0
-48,24,233,0,-26,0
-47,-22,250,0,-24,0
-56,19,274,0,-23,0
-54,18,228,0,-22,0
-40,13,209,0,-21,0
-44,-11,241,0,-19,0
-33,7,257,0,-18,0
-52,20,239,0,-16,0
-37,-30,251,0,-15,0
-33,-23,223,0,-14,0
-21,-12,236,0,-12,0
-15,-26,293,0,-11,0
-50,9,258,0,-9,0
-28,-18,268,0,-8,0
-35,-38,226,0,-6,0
-9,4,232,0,-5,0
9,0,267,0,-3,0
-30,17,283,0,-2,0
2,6,234,0,-0,0
25,0,296,0,1,0
7,11,270,0,3,0
11,-9,291,0,4,0
-24,10,272,0,6,0
9,-10,298,0,7,0
22,9,227,0,9,0
71,-7,303,0,10,0
22,3,298,0,11,0
2,-12,262,0,13,0
17,28,270,0,14,0
-25,19,288,0,16,0
10,1,273,0,17,0
36,7,310,0,19,0
56,-22,258,0,20,0
20,45,230,0,21,0
72,-28,287,0,23,0
78,10,263,0,24,0
50,12,281,0,25,0
67,-7,285,0,26,0
58,-0,328,0,28,0
51,-2,326,0,29,0
52,15,280,0,30,0
85,5,261,0,31,0
94,26,293,0,32,0
55,26,302,0,34,0
75,-21,298,0,35,0
76,24,287,0,36,0
96,-1,343,0,37,0
71,-0,263,0,38,0
58,-13,251,0,39,0
89,-26,283,0,40,0
102,4,316,0,41,0
73,34,307,0,41,0
100,51,291,0,42,0
98,-4,305,0,43,0
101,-23,301,0,44,0
53,-3,297,0,44,0
63,-5,278,0,45,0
98,4,301,0,46,0
92,-15,292,0,46,0
88,-32,307,0,47,0
112,-3,298,0,47,0
74,25,325,0,48,0
102,-27,323,0,48,0
100,17,280,0,49,0
84,20,313,0,49,0
99,-4,293,0,49,0
89,6,289,0,49,0
106,14,305,0,50,0
121,16,268,0,50,0
152,-12,319,0,50,0
103,-2,304,0,50,0
132,9,292,0,50,0
140,12,324,0,50,0
93,-18,286,0,50,0
100,-1,300,0,50,0
79,0,326,0,50,0
83,5,332,0,49,0
103,-7,317,0,49,0
130,20,267,0,49,0
83,37,290,0,49,0
88,15,300,0,48,0
103,-11,285,0,48,0
103,-22,287,0,47,0
101,1,288,0,47,0
51,26,292,0,46,0
87,23,325,0,46,0
66,-14,273,0,45,0
87,16,311,0,44,0
80,4,276,0,44,0
76,2,297,0,43,0
84,2,306,0,42,0
91,6,296,0,41,0
97,-4,272,0,41,0
82,25,296,0,40,0
75,3,278,0,39,0
72,-64,288,0,38,0
99,9,269,0,37,0
54,7,269,0,36,0
61,-17,284,0,35,0
75,-3,315,0,34,0
66,-11,271,0,33,0
61,-4,287,0,31,0
64,-54,298,0,30,0
39,-18,266,0,29,0
71,21,293,0,28,0
58,-14,290,0,27,0
3,-18,277,0,25,0
79,22,305,0,24,0
59,5,297,0,23,0
59,-31,270,0,21,0
43,-16,311,0,20,0
26,2,311,0,19,0
13,-10,274,0,17,0
48,6,292,0,16,0
40,-2,233,0,15,0
23,3,277,0,13,0
13,10,285,0,12,0
45,7,254,0,10,0
-5,25,247,0,9,0
-6,18,277,0,7,0
2,22,233,0,6,0
-37,3,289,0,4,0
16,6,289,0,3,0
6,15,250,0,1,0
-15,35,280,0,-0,0
-2,46,258,0,-2,0
-28,-21,234,0,-3,0
8,-5,241,0,-5,0
-6,-23,277,0,-6,0
-13,40,251,0,-8,0
-44,-4,281,0,-9,0
-8,13,258,0,-10,0
-7,-9,267,0,-12,0
-28,-2,238,0,-13,0
-1,4,256,0,-15,0
-56,20,245,0,-16,0
-58,19,258,0,-18,0
-11,-5,239,0,-19,0
-49,10,247,0,-20,0
-76,-5,241,0,-22,0
-47,23,240,0,-23,0
-52,-15,204,0,-24,0
-54,-47,231,0,-26,0
-49,-6,232,0,-27,0
-33,-26,225,0,-28,0
-76,-13,221,0,-29,0
-75,19,233,0,-31,0
-67,5,214,0,-32,0
-50,-14,202,0,-33,0
-73,-0,232,0,-34,0
-58,2,217,0,-35,0
-102,-19,242,0,-36,0
-65,1,240,0,-37,0
-92,-25,230,0,-38,0
-67,-38,213,0,-39,0
-89,-9,200,0,-40,0
-90,7,211,0,-41,0
-94,-52,244,0,-42,0
-101,-29,229,0,-42,0
-88,1,198,0,-43,0
-111,4,215,0,-44,0
-93,18,198,0,-45,0
-106,-0,205,0,-45,0
-52,5,229,0,-46,0
-117,-9,198,0,-46,0
-110,21,175,0,-47,0
-89,11,206,0,-47,0
-117,24,189,0,-48,0
-104,-3,222,0,-48,0
-84,-29,197,0,-49,0
-135,-8,174,0,-49,0
-107,-32,197,0,-49,0
-105,5,203,0,-50,0
-100,32,187,0,-50,0
-129,20,186,0,-50,0
-86,34,234,0,-50,0
-107,-18,198,0,-50,0
-95,16,185,0,-50,0
-117,12,211,0,-50,0
-103,-9,202,0,-50,0
-122,-25,189,0,-50,0
-123,-33,169,0,-50,0
-98,-5,185,0,-49,0
-92,-4,239,0,-49,0
-116,-20,194,0,-49,0
-78,9,208,0,-49,0
-99,11,164,0,-48,0
-77,29,225,0,-48,0
-97,6,191,0,-47,0
-80,17,206,0,-47,0
-95,4,204,0,-46,0
-118,22,201,0,-46,0
-84,10,201,0,-45,0
-82,27,208,0,-44,0
-100,44,216,0,-44,0
-56,4,227,0,-43,0
-93,-11,199,0,-42,0
-103,-35,210,0,-41,0
-82,25,226,0,-40,0
-78,-34,235,0,-39,0
-57,-6,237,0,-39,0
-55,-40,227,0,-38,0
-57,12,163,0,-37,0
-67,-2,208,0,-36,0
-92,-24,254,0,-34,0
-58,32,192,0,-33,0
-72,-27,206,0,-32,0
-49,-24,234,0,-31,0
-54,4,221,0,-30,0
-60,-17,278,0,-29,0
-70,3,228,0,-28,0
-37,8,219,0,-26,0
-29,22,228,0,-25,0
-89,-10,251,0,-24,0
-32,-26,230,0,-22,0
-55,0,229,0,-21,0
-34,17,200,0,-20,0
-22,7,201,0,-18,0
-23,11,247,0,-17,0
-45,28,223,0,-15,0
5,41,269,0,-14,0
-9,8,242,0,-13,0
-2,-14,220,0,-11,0
-14,10,229,0,-10,0
-8,-1,261,0,-8,0
18,27,286,0,-7,0
-16,4,238,0,-5,0
-2,12,256,0,-4,0
12,5,263,0,-2,0
-42,30,227,0,-1,0
24,-12,254,0,1,0
2,20,248,0,2,0
-7,5,266,0,4,0
9,7,278,0,5,0
3,16,267,0,7,0
43,-11,257,0,8,0
17,-14,274,0,9,0
23,-15,294,0,11,0
19,-18,262,0,12,0
16,11,287,0,14,0
11,50,279,0,15,0
38,-19,272,0,17,0
54,20,285,0,18,0
24,-2,285,0,19,0
82,-25,290,0,21,0
27,-17,269,0,22,0
40,-11,318,0,23,0
59,9,252,0,25,0
31,26,294,0,26,0
51,-4,276,0,27,0
77,-37,290,0,28,0
64,-9,299,0,30,0
78,-15,272,0,31,0
88,-36,266,0,32,0
73,-23,286,0,33,0
65,6,279,0,34,0
93,8,323,0,35,0
47,13,295,0,36,0
66,17,322,0,37,0
98,-24,287,0,38,0
113,23,316,0,39,0
98,25,287,0,40,0
85,5,313,0,41,0
85,-17,271,0,42,0
70,17,290,0,43,0
73,-7,297,0,43,0
95,-1,277,0,44,0
93,-16,304,0,45,0
96,-25,305,0,45,0
139,-22,244,0,46,0
89,-33,291,0,47,0
86,-10,306,0,47,0
99,6,298,0,48,0
116,13,333,0,48,0
113,24,280,0,48,0
91,-2,300,0,49,0
88,-26,292,0,49,0
112,1,315,0,49,0
103,0,297,0,50,0
91,17,321,0,50,0
43,2,327,0,50,0
120,-5,294,0,50,0
122,21,336,0,50,0
91,31,313,0,50,0
138,-5,289,0,50,0
93,19,295,0,50,0
87,-17,304,0,50,0
89,3,291,0,50,0
56,-10,303,0,49,0
101,8,313,0,49,0
88,5,325,0,49,0
120,-21,297,0,48,0
120,22,316,0,48,0
112,9,281,0,48,0
64,-3,291,0,47,0
88,-6,321,0,47,0
75,3,319,0,46,0
69,8,284,0,45,0
91,22,301,0,45,0
62,17,343,0,44,0
75,-10,264,0,43,0
69,-42,269,0,43,0
98,3,329,0,42,0
59,27,276,0,41,0
76,13,297,0,40,0
82,30,288,0,39,0
79,-12,313,0,38,0
52,5,311,0,37,0
74,15,322,0,36,0
63,-1,286,0,35,0
74,-35,296,0,34,0
90,25,309,0,33,0
93,11,306,0,32,0
44,25,256,0,31,0
15,11,287,0,30,0
56,-20,313,0,28,0
51,-16,260,0,27,0
69,-6,279,0,26,0
42,8,293,0,25,0
96,-0,272,0,23,0
66,33,271,0,22,0
51,-12,299,0,21,0
40,39,259,0,19,0
49,-20,273,0,18,0
48,22,254,0,16,0
58,-8,280,0,15,0
40,-19,286,0,14,0
37,30,269,0,12,0
44,-8,248,0,11,0
14,-4,263,0,9,0
30,1,248,0,8,0
-6,28,255,0,6,0
26,12,254,0,5,0
0,-28,264,0,3,0
43,5,247,0,2,0
-29,-20,256,0,0,0
-4,-19,269,0,-1,0
10,13,245,0,-3,0
19,18,261,0,-4,0
-10,-33,260,0,-6,0
-4,-9,244,0,-7,0
-19,17,220,0,-8,0
2,32,237,0,-10,0
-42,19,237,0,-11,0
-24,-35,266,0,-13,0
-28,-2,233,0,-14,0
-13,-32,251,0,-16,0
-41,11,261,0,-17,0
-38,2,285,0,-18,0
-55,10,239,0,-20,0
-49,29,221,0,-21,0
-45,-7,220,0,-23,0
-73,9,243,0,-24,0
-54,18,218,0,-25,0
-51,0,223,0,-26,0
-74,17,215,0,-28,0
-50,-19,213,0,-29,0
-57,11,242,0,-30,0
-101,-21,218,0,-31,0
-78,39,226,0,-32,0
-82,-42,277,0,-34,0
-37,-2,193,0,-35,0
-93,-41,226,0,-36,0
-74,45,250,0,-37,0
-71,33,206,0,-38,0
-64,-12,251,0,-39,0
-71,29,247,0,-40,0
-81,11,231,0,-40,0
-88,2,219,0,-41,0
-111,-5,164,0,-42,0
-83,13,234,0,-43,0
-85,0,208,0,-44,0
-120,-10,221,0,-44,0
-67,-22,195,0,-45,0
-102,20,248,0,-46,0
-84,1,222,0,-46,0
-110,43,222,0,-47,0
-108,-3,190,0,-47,0
-125,14,196,0,-48,0
-86,-3,206,0,-48,0
-90,-36,193,0,-49,0
-87,13,193,0,-49,0
-108,16,202,0,-49,0
-79,-21,208,0,-49,0
-111,20,226,0,-50,0
-98,-5,211,0,-50,0
-111,-1,183,0,-50,0
-97,-11,212,0,-50,0
-101,-3,182,0,-50,0
-110,-14,198,0,-50,0
-110,11,211,0,-50,0
-106,-7,177,0,-50,0
-120,7,171,0,-50,0
-112,-5,176,0,-49,0
-78,-18,206,0,-49,0
-111,8,209,0,-49,0
-88,-10,210,0,-49,0
-98,-1,244,0,-48,0
-66,1,223,0,-48,0
-67,1,234,0,-47,0
-107,-16,148,0,-47,0
-58,9,233,0,-46,0
-108,18,225,0,-46,0
-77,15,216,0,-45,0
-122,-22,214,0,-45,0
-51,-10,220,0,-44,0
-102,19,262,0,-43,0
-79,-17,194,0,-42,0
-75,-10,196,0,-42,0
-94,-19,229,0,-41,0
-119,5,197,0,-40,0
-82,7,264,0,-39,0
-76,53,221,0,-38,0
-94,42,219,0,-37,0
-123,-25,195,0,-36,0
-87,-22,230,0,-35,0
-42,20,243,0,-34,0
-62,12,234,0,-33,0
-37,-10,235,0,-32,0
-73,-5,227,0,-30,0
-39,21,247,0,-29,0
-0,-9,272,0,-28,0
-49,27,235,0,-27,0
-42,3,235,0,-25,0
-46,7,256,0,-24,0
-59,-28,228,0,-23,0
-45,-3,219,0,-22,0
-17,40,219,0,-20,0
-61,18,247,0,-19,0
-28,-5,242,0,-17,0
-42,23,268,0,-16,0
-7,-4,241,0,-15,0
-12,-27,264,0,-13,0
-30,9,209,0,-12,0
-20,22,270,0,-10,0
-14,13,250,0,-9,0
0,18,273,0,-7,0
-7,-14,235,0,-6,0
-29,34,268,0,-4,0
-10,-10,236,0,-3,0
18,-43,254,0,-1,0
39,-7,240,0,0,0
-27,7,262,0,2,0
22,-24,242,0,3,0
9,-9,287,0,4,0
9,-5,310,0,6,0
26,18,278,0,7,0
31,1,255,0,9,0
52,18,261,0,10,0
45,-15,285,0,12,0
44,16,277,0,13,0
33,-4,261,0,15,0
28,-31,261,0,16,0
26,39,297,0,17,0
51,-5,283,0,19,0
54,-1,254,0,20,0
1,8,283,0,22,0
42,31,292,0,23,0
50,23,259,0,24,0
61,-1,310,0,26,0
26,16,271,0,27,0
52,-39,261,0,28,0
64,-1,290,0,29,0
54,-13,298,0,30,0
45,11,264,0,32,0
94,-1,289,0,33,0
80,-33,264,0,34,0
56,20,265,0,35,0
72,18,285,0,36,0
81,0,286,0,37,0
79,12,321,0,38,0
59,-9,303,0,39,0
75,-21,273,0,40,0
82,-18,300,0,41,0
79,-10,269,0,42,0
102,1,320,0,42,0
63,34,301,0,43,0
92,4,297,0,44,0
75,-13,293,0,45,0
68,-12,343,0,45,0
60,-18,290,0,46,0
96,-4,267,0,46,0
45,-36,322,0,47,0
85,-1,293,0,47,0
95,18,325,0,48,0
67,-7,299,0,48,0
117,25,331,0,49,0
86,4,294,0,49,0
119,51,329,0,49,0
112,4,285,0,49,0
97,24,286,0,50,0
94,9,279,0,50,0
117,-24,321,0,50,0
124,-33,332,0,50,0
88,10,330,0,50,0
100,-26,288,0,50,0
94,11,310,0,50,0
98,13,296,0,50,0
126,5,335,0,50,0
105,12,286,0,49,0
71,1,328,0,49,0
80,-10,299,0,49,0
122,-36,301,0,49,0
102,10,282,0,48,0
96,-25,299,0,48,0
94,-13,295,0,47,0
101,25,316,0,47,0
86,-3,302,0,46,0
100,-2,266,0,46,0
94,6,295,0,45,0
52,12,273,0,44,0
115,-24,327,0,44,0
80,3,306,0,43,0
100,26,272,0,42,0
93,11,292,0,41,0
110,18,274,0,40,0
90,-12,334,0,40,0
110,20,289,0,39,0
90,20,296,0,38,0
63,24,267,0,37,0
88,-7,290,0,36,0
53,0,288,0,35,0
57,29,294,0,33,0
39,11,310,0,32,0
52,19,286,0,31,0
63,23,271,0,30,0
44,27,279,0,29,0
80,5,267,0,28,0
70,17,271,0,26,0
33,28,261,0,25,0
83,5,241,0,24,0
52,-3,262,0,22,0
64,9,285,0,21,0
27,-8,278,0,20,0
42,-14,290,0,18,0
9,-56,335,0,17,0
42,-3,276,0,16,0
16,-2,271,0,14,0
63,-26,256,0,13,0
33,32,224,0,11,0
50,11,282,0,10,0
7,-7,232,0,8,0
-6,10,285,0,7,0
-39,-7,267,0,5,0
4,7,263,0,4,0
37,-10,278,0,2,0
-4,40,257,0,1,0
23,17,259,0,-0,0
-46,1,241,0,-2,0
-29,8,280,0,-3,0
6,20,261,0,-5,0
-8,-4,252,0,-6,0
10,-4,220,0,-8,0
-30,-16,257,0,-9,0
-3,38,227,0,-11,0
3,-30,232,0,-12,0
-42,-8,233,0,-14,0
-54,9,274,0,-15,0
-12,11,258,0,-17,0
-31,20,220,0,-18,0
-42,-11,220,0,-19,0
-48,23,261,0,-21,0
-38,27,218,0,-22,0
-41,-21,262,0,-23,0
-78,-7,250,0,-25,0
-59,14,210,0,-26,0
-24,17,241,0,-27,0
-83,2,228,0,-28,0
-86,13,252,0,-30,0
-78,-24,232,0,-31,0
-58,-28,215,0,-32,0
-66,31,210,0,-33,0
-61,-9,225,0,-34,0
-109,13,228,0,-35,0
-72,-33,191,0,-36,0
-70,24,247,0,-37,0
-93,15,202,0,-38,0
-115,21,226,0,-39,0
-74,-4,230,0,-40,0
-114,-6,238,0,-41,0
-87,-35,197,0,-42,0
-59,-32,247,0,-43,0
-103,6,213,0,-43,0
-90,17,208,0,-44,0
-66,36,201,0,-45,0
-71,-28,198,0,-45,0
-62,-20,236,0,-46,0
-95,3,213,0,-47,0
-117,19,202,0,-47,0
-104,12,209,0,-48,0
-147,13,196,0,-48,0
-102,-22,201,0,-48,0
-105,3,173,0,-49,0
-112,0,149,0,-49,0
-47,-33,172,0,-49,0
-130,-17,225,0,-50,0
-94,31,179,0,-50,0
-72,-17,228,0,-50,0
-85,20,229,0,-50,0
-113,-39,184,0,-50,0
-78,24,205,0,-50,0
-127,19,202,0,-50,0
-77,7,208,0,-50,0
-81,-36,216,0,-50,0
-131,3,220,0,-50,0
-87,3,228,0,-49,0
-54,10,257,0,-49,0
-98,10,198,0,-49,0
-92,7,236,0,-48,0
-88,-25,223,0,-48,0
-92,-18,191,0,-48,0
-78,19,172,0,-47,0
-71,-14,201,0,-47,0
-74,-33,216,0,-46,0
-64,10,221,0,-45,0
-106,29,242,0,-45,0
-97,14,170,0,-44,0
-112,-21,224,0,-43,0
-71,-5,245,0,-43,0
-76,-17,208,0,-42,0
-75,-2,230,0,-41,0
-102,18,225,0,-40,0
-56,-5,225,0,-39,0
-89,53,186,0,-38,0
-77,-18,188,0,-37,0
-87,-23,230,0,-36,0
-57,-32,226,0,-35,0
-51,-3,228,0,-34,0
-98,7,219,0,-33,0
-75,2,218,0,-32,0
-49,17,209,0,-31,0
-67,19,219,0,-30,0
-59,-24,215,0,-28,0
-60,-44,240,0,-27,0
-50,-17,206,0,-26,0
-65,13,227,0,-25,0
-43,-17,257,0,-23,0
-24,-1,228,0,-22,0
-9,-3,229,0,-21,0
-39,-1,218,0,-19,0
-63,-14,247,0,-18,0
-45,23,224,0,-17,0
-20,8,214,0,-15,0
-33,8,223,0,-14,0
-37,23,209,0,-12,0
-21,-21,256,0,-11,0
-24,-39,263,0,-9,0
-27,15,278,0,-8,0
-22,-9,246,0,-6,0
3,-3,224,0,-5,0
-14,-15,244,0,-4,0
21,-24,253,0,-2,0
12,-8,249,0,-1,0
15,9,292,0,1,0
36,4,262,0,2,0
36,-12,270,0,4,0
34,7,297,0,5,0
6,-26,275,0,7,0
3,12,267,0,8,0
44,13,261,0,10,0
46,40,265,0,11,0
-28,2,258,0,13,0
26,-28,275,0,14,0
24,-20,271,0,16,0
29,-44,273,0,17,0
52,-0,301,0,18,0
34,-13,277,0,20,0
61,-4,252,0,21,0
28,3,311,0,22,0
44,1,304,0,24,0
49,1,293,0,25,0
25,9,277,0,26,0
52,-4,290,0,28,0
74,-3,287,0,29,0
91,-10,275,0,30,0
92,1,309,0,31,0
62,-24,269,0,32,0
33,-5,298,0,33,0
39,-7,304,0,35,0
118,7,297,0,36,0
52,-11,324,0,37,0
72,-33,294,0,38,0
69,-12,284,0,39,0
67,-6,264,0,39,0
95,18,292,0,40,0
87,10,276,0,41,0
114,47,310,0,42,0
80,22,293,0,43,0
112,18,292,0,44,0
127,-13,300,0,44,0
71,-16,296,0,45,0
87,19,282,0,46,0
101,-10,309,0,46,0
