-26,-238,3,96,31,-6
-7,-284,-17,2,-5,-71
24,-235,-22,-8,17,-9
-37,-276,-5,-53,-17,31
-22,-214,12,16,11,33
-1,-197,17,-17,8,42
27,-222,-2,2,-46,82
34,-251,13,-24,-11,45
-9,-222,16,-17,69,4
-4,-208,-24,-12,-44,37
-12,-201,19,-28,13,-55
19,-200,34,1,17,9
-6,-174,34,-13,-22,-23
-10,-200,35,-69,-9,21
11,-188,33,-38,57,-45
-10,-181,19,-59,-22,9
-4,-134,0,-11,16,31
-12,-156,18,44,39,12
-15,-189,47,-47,56,-5
-10,-167,64,-2,24,67
-17,-136,31,-14,24,37
-15,-158,61,-8,30,-29
24,-162,34,-6,63,25
24,-129,32,-37,8,27
18,-149,62,20,67,36
30,-134,42,48,-70,30
10,-121,62,-34,54,-15
14,-144,44,28,-8,-35
-15,-123,56,-19,-112,-2
5,-136,42,-20,29,18
-11,-152,67,31,-14,52
-5,-109,37,-13,12,-70
-58,-145,51,45,-47,31
16,-164,38,8,-13,-11
-4,-137,108,38,50,-17
14,-132,43,33,48,-33
13,-135,37,-27,-6,-52
-34,-137,63,14,62,59
4,-140,69,3,28,-63
-4,-93,83,-7,17,-13
14,-73,100,-17,27,-46
25,-110,72,-7,52,-7
-22,-106,88,51,-35,19
11,-132,79,-54,14,33
-2,-133,84,-36,15,-50
31,-120,76,66,40,-24
-24,-85,102,27,9,-17
-42,-103,64,-88,-34,32
17,-85,76,-7,-28,17
17,-99,76,-20,-32,8
11,-123,103,22,-30,-58
9,-98,80,-17,-7,-41
5,-95,91,155,3,11
-8,-122,74,1,12,-40
29,-128,81,34,3,-74
-26,-101,43,-14,36,21
-9,-129,76,44,-31,31
-28,-90,103,-31,1,37
7,-123,92,-71,65,-37
-16,-61,87,-39,29,-1
-28,-84,67,-30,-19,6
-9,-119,46,-39,-16,-57
42,-107,73,-11,2,-1
-4,-106,61,35,6,21
37,-116,54,24,19,-10
10,-87,74,37,59,0
24,-148,64,-17,17,-9
24,-153,53,67,3,-18
9,-135,48,-21,65,-10
38,-116,63,13,-33,36
5,-146,30,109,30,32
-3,-163,70,-11,-12,50
-15,-196,72,-10,79,-2
0,-157,70,45,61,56
18,-154,89,-18,46,30
-30,-176,47,-45,11,27
-2,-159,46,-27,36,-49
-17,-145,28,-108,40,68
-23,-156,33,43,21,25
18,-143,45,-67,37,45
13,-174,87,-17,-36,-15
-19,-188,28,45,15,-40
39,-176,52,-23,17,-47
3,-193,16,-99,30,-40
-20,-199,-12,20,16,-18
4,-220,26,75,44,10
-4,-161,46,-7,-15,-34
-15,-212,45,34,-95,-22
-30,-197,36,16,-24,33
-1,-212,17,-75,31,53
-1,-227,29,-17,33,58
15,-232,10,-20,-36,50
-12,-232,27,-45,-20,29
-1,-208,-12,46,-20,-19
-15,-241,37,12,-0,-73
-23,-231,17,71,-15,-49
47,-233,36,-12,-9,13
-28,-241,14,-17,63,-11
30,-247,-10,-1,-65,18
4,-226,25,33,3,-27
2,-242,-2,-56,11,-46
-11,-263,-3,10,-36,8
59,-225,-25,-31,15,3
14,-252,1,38,-30,28
6,-278,1,-19,-30,48
6,-278,-32,-25,19,71
-13,-279,-7,36,4,-4
-12,-277,-7,-56,27,-3
-2,-319,-19,-8,1,-2
-31,-304,15,-36,0,63
-6,-279,-9,48,19,81
-8,-293,-35,-9,-61,-33
-1,-349,-53,-60,-34,21
1,-321,-29,-63,15,-102
-38,-339,-76,24,10,37
-24,-285,-58,-33,-39,41
-28,-323,-41,35,-87,14
-20,-333,-63,-73,19,20
31,-333,-64,-30,68,-20
17,-318,-41,58,-5,31
8,-339,-28,15,-81,-22
27,-364,-9,11,46,-7
-24,-363,-52,4,34,-19
-2,-344,-52,-15,29,-8
29,-320,-51,-17,-14,9
3,-372,-42,-1,-95,-58
-19,-353,-49,25,-46,-38
3,-364,-26,1,65,-32
-10,-402,-67,108,-2,-92
13,-404,-66,41,-100,18
-13,-358,-34,35,23,-103
-2,-378,-69,46,4,-33
29,-384,-78,25,14,1
3,-399,-84,23,-72,-21
20,-400,-56,9,-16,52
-22,-416,-71,-25,81,63
7,-400,-44,-1,-39,-12
17,-391,-77,41,-65,54
-23,-385,-81,-56,54,-8
12,-353,-76,8,-45,-31
-1,-372,-97,-22,10,-17
27,-387,-117,5,12,43
-31,-395,-38,98,-34,-29
13,-421,-53,6,32,-5
-3,-432,-105,-40,2,16
-2,-404,-76,43,-32,-27
-6,-393,-74,-35,39,19
25,-393,-80,33,-24,-30
-26,-388,-57,-59,-7,-14
27,-437,-100,-6,51,65
-16,-396,-49,12,-36,37
-23,-425,-74,-18,5,40
-10,-402,-63,-10,1,-16
3,-396,-64,26,36,-53
-20,-424,-79,41,62,6
-37,-416,-96,79,-36,18
-63,-410,-84,42,36,16
36,-406,-70,24,14,-8
39,-434,-75,28,39,-68
12,-437,-44,5,15,-16
2,-396,-58,13,-12,-32
-22,-371,-97,-2,-1,48
11,-393,-78,60,-20,-44
-32,-420,-82,43,-21,-29
15,-395,-34,2,3,-20
17,-368,-113,47,17,21
11,-394,-76,34,33,-37
-2,-369,-51,-3,9,-34
6,-412,-50,41,25,38
21,-369,-35,-4,-20,-12
16,-408,-61,-3,-2,-102
6,-377,-22,-14,-97,41
23,-400,-73,-21,-8,66
28,-378,-89,-81,-23,-6
-16,-354,-44,-5,10,3
12,-401,-59,-45,-61,-43
-1,-360,-21,12,-20,55
-1,-360,-64,-0,-0,12
-10,-334,-31,-14,-37,-24
-6,-342,-33,-23,-59,51
-3,-360,-58,107,-17,2
-24,-319,-85,12,31,79
17,-378,-15,37,-45,-44
-60,-348,-45,-5,-40,-20
3,-357,-35,18,8,-32
16,-314,-46,14,-4,19
-27,-301,23,25,44,14
-13,-311,-55,-28,21,6
-9,-329,-13,-32,-28,28
11,-304,-14,-25,8,62
-6,-280,-10,21,45,17
25,-327,-42,-15,81,-19
3,-295,-44,34,6,37
4,-270,-33,-79,-11,-12
24,-308,-56,-66,-33,-93
0,-288,-65,-53,-14,-48
-12,-259,24,42,-66,21
28,-269,-37,-48,-31,30
-23,-245,-15,-69,17,46
-15,-261,38,-2,-5,-35
-28,-229,3,-4,-7,19
15,-228,43,52,-96,-60
14,-241,-31,1,25,-17
34,-249,32,-24,27,-58
13,-235,-34,-23,31,47
-5,-221,3,-36,2,-29
-23,-237,16,36,21,-43
3,-249,60,-43,22,28
51,-213,30,83,42,-2
-45,-220,71,46,-44,9
20,-213,47,-9,51,28
3,-251,5,13,-37,31
-18,-230,10,79,-77,3
-27,-202,35,-70,42,15
-6,-188,36,4,39,-13
26,-154,40,-15,4,-15
37,-205,8,-33,33,10
19,-192,33,15,1,-22
-7,-173,11,9,26,-71
-18,-149,54,-35,-42,28
11,-192,32,-8,5,-23
-22,-126,35,-68,-41,32
7,-174,48,-41,35,-22
-8,-195,38,10,52,8
4,-146,31,13,-57,-6
4,-144,53,-40,57,8
-23,-157,50,-33,14,-41
15,-137,50,-11,61,-20
-13,-140,14,-47,22,4
1,-121,74,-28,2,-17
-19,-156,55,-24,-25,23
7,-157,52,24,43,39
-24,-123,69,26,-22,-44
-17,-98,65,-37,34,-7
19,-133,63,10,-10,75
-0,-100,75,37,-50,-32
10,-152,28,15,14,38
9,-128,77,21,-9,-26
-11,-85,73,13,2,-50
8,-142,44,-57,-4,-4
-8,-97,70,67,49,5
-9,-156,90,-0,97,52
-15,-81,84,-65,5,2
-16,-78,86,38,3,36
1,-137,58,-41,30,6
34,-116,53,12,-51,37
-26,-109,97,-21,15,59
26,-94,89,16,57,-59
20,-118,46,35,-87,-50
-20,-110,98,99,37,27
10,-86,51,43,37,17
6,-95,73,-13,-50,-45
9,-138,46,31,-18,4
-2,-111,56,-46,-47,-2
13,-117,92,-115,27,57
2,-99,101,52,-22,-11
3,-88,52,-2,-58,5
13,-85,68,10,13,-68
-8,-103,69,-63,17,-31
-2,-90,76,-56,43,-70
-33,-100,78,-27,14,-22
-16,-144,59,-23,-60,47
9,-111,83,51,-9,-17
2,-115,93,-16,-26,136
-3,-115,98,-6,57,4
6,-129,84,50,104,56
2,-110,91,-33,-17,-13
19,-113,40,-0,-7,-1
23,-126,92,8,51,54
15,-154,71,44,13,0
-34,-152,84,26,59,61
4,-137,53,42,-47,8
-29,-117,86,-4,-10,-13
30,-153,55,-33,14,24
-8,-99,79,53,-13,39
-11,-153,20,-8,31,0
-11,-136,27,53,84,-30
-20,-178,77,-30,3,-62
2,-183,71,-14,-38,70
19,-147,21,-46,62,-24
-5,-163,50,17,-53,-11
34,-165,73,24,-50,3
42,-137,45,-25,69,-25
-2,-159,69,-58,-30,40
-15,-180,12,-3,-66,22
21,-168,56,20,61,20
8,-171,16,5,-103,-24
30,-183,33,53,33,-13
-20,-217,9,25,25,-23
-41,-191,17,-29,17,-60
27,-187,53,22,9,2
11,-218,7,25,19,-26
13,-228,43,-5,43,19
-21,-271,18,-28,26,-10
-36,-227,-16,-85,0,8
16,-256,73,15,54,-74
-73,-238,11,1,-26,-43
-1,-216,1,-1,2,-8
17,-249,10,69,27,48
15,-240,-13,-7,-15,28
51,-267,11,15,29,-36
2,-251,-21,-33,-52,15
-13,-271,1,-35,-14,-41
-6,-259,-2,3,53,-67
8,-278,10,29,54,0
-1,-295,-30,-12,-50,-14
-27,-305,7,15,-10,15
16,-283,-30,-4,12,-20
20,-289,4,-126,-24,32
27,-357,-11,-44,31,-39
-12,-254,-52,-81,-35,-36
-8,-263,-58,2,30,-6
16,-320,-8,39,-54,48
10,-348,-47,-40,-11,-14
5,-347,-60,18,-47,8
-34,-346,-28,33,-21,-13
14,-349,-22,61,-15,35
-7,-299,-33,-78,-27,-21
-35,-367,-14,-99,-39,-38
-2,-380,-59,-50,15,-62
25,-343,-42,-70,31,53
5,-334,-25,-8,28,3
1,-354,-51,57,-9,-26
0,-369,-36,2,-41,-12
4,-361,-64,82,-4,-6
-27,-347,-61,18,49,46
-17,-420,-60,-17,3,9
-11,-349,-29,-9,22,-8
17,-343,-39,6,-19,16
-30,-331,-86,44,-8,26
2,-416,-63,68,24,20
11,-401,-81,19,-2,-70
-1,-383,-85,50,69,25
19,-381,-58,21,74,-12
-3,-407,-37,-4,4,-36
3,-433,-67,18,67,42
3,-426,-64,0,33,19
-14,-428,-101,-6,51,-38
-0,-399,-76,32,2,-5
23,-393,-73,33,12,21
-14,-356,-80,-39,14,-37
0,-399,-85,-37,-86,36
-2,-379,-58,11,12,-33
15,-368,-96,14,-42,-5
-48,-399,-62,-29,53,-37
-9,-411,-56,-38,79,-14
36,-385,-53,-33,2,3
-29,-398,-85,76,-31,21
-2,-425,-62,53,4,-18
-6,-409,-25,34,-13,35
5,-383,-81,8,-14,-47
12,-377,-111,12,26,1
1,-401,-91,-11,-37,46
15,-417,-77,-45,24,-27
-53,-405,-46,82,36,-25
11,-385,-79,-16,11,57
17,-384,-91,7,44,-52
-31,-398,-81,-11,49,-7
19,-397,-81,-14,-51,-59
13,-347,-48,-45,18,48
6,-394,-53,4,37,10
-16,-368,-74,30,-4,-9
16,-412,-102,37,3,2
-22,-368,-74,-16,-37,33
-34,-415,-70,-72,-16,59
-4,-396,-115,64,-40,-101
-59,-384,-87,16,-106,21
-20,-400,-51,54,-72,-39
1,-421,-25,-29,15,-45
-1,-369,-76,-52,-57,6
2,-394,-23,50,0,-12
3,-370,-52,17,4,51
-23,-370,-88,-47,2,52
-29,-407,-42,33,-40,-23
-33,-392,-59,55,-35,-106
3,-343,-15,-14,-18,8
-16,-338,-59,-115,-6,-6
6,-357,-107,49,-10,-83
8,-374,-43,-72,5,93
31,-369,-40,42,8,63
16,-344,-62,-30,14,-9
-13,-327,-43,-88,52,-17
19,-317,-31,-2,33,-5
4,-325,-62,14,-27,37
14,-324,-4,-35,37,-5
-9,-358,-31,-14,-3,43
13,-312,-16,5,32,-31
12,-340,-76,-9,-21,-28
-7,-322,-32,19,2,-26
-16,-300,-76,-13,25,-5
-1,-273,-37,10,15,3
-16,-290,20,-73,-1,-89
-17,-263,-23,28,-77,-91
-19,-270,-35,23,50,-62
-57,-266,-12,-8,-6,-36
37,-270,-32,-43,-36,-15
3,-270,12,16,-11,20
14,-218,10,-57,-58,-1
15,-252,36,24,-46,30
-22,-235,-10,33,45,-47
20,-237,-29,9,-6,-107
-8,-239,-4,-21,-27,66
32,-209,15,-0,-42,-29
-7,-228,28,-59,48,-84
-0,-275,16,-83,-1,-93
-4,-270,13,24,26,-29
17,-216,30,-100,10,-38
5,-242,17,-34,56,-2
-31,-194,18,-57,-1,62
-5,-192,-19,47,-15,30
-22,-160,70,50,0,-8
-29,-215,14,-27,27,71
-12,-193,33,-100,23,-48
6,-193,49,-8,-14,-0
25,-199,23,79,16,-34
35,-208,26,-72,17,-59
-2,-227,52,9,-29,-20
-12,-191,10,-22,81,-4
-5,-166,53,-17,-10,-2
-27,-171,36,47,16,-2
-16,-152,49,59,-13,-5
1,-155,60,-1,22,12
-22,-161,33,-16,-20,70
-7,-163,52,-23,11,-56
-2,-112,-6,-44,-89,-0
-14,-147,44,14,-42,-5
-6,-121,56,-75,-18,-57
11,-149,6,-26,-13,41
-10,-136,69,14,9,-100
18,-154,72,-98,-2,43
-9,-114,83,-8,-63,-8
42,-128,5,-92,-98,-41
-16,-146,51,13,38,-2
-0,-119,66,42,9,-27
1,-145,38,-59,-47,-16
-9,-111,100,-19,105,29
-5,-133,85,39,15,-34
12,-112,72,6,46,29
-4,-108,85,7,-19,-28
-10,-86,57,-16,-39,-85
11,-119,44,-0,-2,64
15,-114,91,12,-6,-16
16,-99,78,-4,37,26
30,-89,52,-39,74,-90
8,-133,50,-43,-59,-11
13,-114,102,32,-8,62
-0,-109,95,4,46,1
6,-93,47,-50,43,-64
21,-138,56,-82,4,33
6,-107,96,20,-35,-57
-28,-117,86,25,42,-19
-4,-88,53,-40,-61,-3
2,-122,75,65,14,-7
15,-86,43,57,-37,1
21,-79,77,2,77,-27
-52,-116,68,52,-48,-36
23,-146,96,39,14,-45
-3,-77,69,38,30,24
-6,-146,93,9,34,5
-0,-171,50,-11,86,43
14,-117,65,-13,84,52
-5,-106,43,-13,-42,89
11,-95,80,-28,-8,15
-12,-146,67,-75,26,3
16,-144,36,-42,33,29
-11,-129,57,9,-70,-6
34,-87,87,56,-34,-38
-11,-134,44,-34,4,-63
15,-126,54,-20,-5,-27
-6,-114,83,-20,-20,51
9,-111,32,-25,52,-53
16,-114,15,46,-60,-41
24,-148,29,-2,22,63
-10,-101,49,23,-12,-12
4,-125,40,19,98,2
17,-155,36,-40,30,22
36,-131,53,-48,85,23
0,-168,58,79,-25,-55
-11,-220,71,30,-22,-32
5,-175,72,17,-10,6
22,-135,39,45,-22,-17
12,-174,72,10,-63,-11
-15,-186,27,-14,-34,-1
24,-166,12,-14,56,-7
-22,-160,53,-39,-46,19
49,-219,62,22,-51,28
-18,-177,5,-28,-53,19
25,-197,-3,55,13,32
-14,-179,22,-20,-31,-11
-8,-201,29,-87,41,-47
18,-183,29,-82,19,-21
4,-207,-4,74,-7,-66
-7,-230,-6,-25,25,-19
2,-227,37,-48,69,60
15,-204,-1,-19,12,6
-7,-256,-6,-34,-58,10
20,-258,43,-22,76,28
-41,-280,27,28,-51,96
2,-233,-5,11,39,9
-4,-236,-11,51,-21,-45
-13,-236,-55,17,-32,-0
47,-253,46,32,-6,13
13,-253,-6,63,31,-44
-3,-278,-8,-14,-81,-9
-30,-265,-33,-31,16,-89
6,-260,-12,38,71,-14
-31,-311,-14,-0,22,33
-17,-265,-35,-4,14,-10
12,-318,-47,30,23,2
16,-253,-41,66,16,-21
15,-345,-27,-47,-33,26
11,-297,-11,-6,-14,95
-17,-299,-41,-4,74,-9
0,-353,4,-5,-3,23
-22,-330,-36,44,54,-36
-0,-303,-18,-21,-1,15
7,-334,-19,25,-9,17
-41,-328,-31,95,-31,-1
-3,-317,-37,-80,21,-2
15,-374,-60,38,42,-38
-9,-325,-45,91,5,-30
-18,-346,-44,57,97,-44
16,-369,-70,-38,65,70
28,-345,-60,-27,-91,-42
4,-381,-46,-39,60,-44
15,-364,-51,14,-39,-2
-21,-391,-94,23,-14,6
1,-380,-56,16,-87,29
-5,-378,-60,-16,-16,13
20,-395,-29,-10,38,-26
-6,-406,-40,22,-9,-26
-18,-356,-105,-41,32,-21
34,-408,-63,75,-14,27
3,-389,-59,35,-25,76
-4,-366,-83,7,74,12
-12,-420,-97,19,61,-4
15,-356,-88,-65,-41,-21
-24,-393,-40,60,-48,56
-16,-447,-81,2,64,28
13,-365,-45,-8,-20,44
12,-432,-47,5,2,-25
-16,-397,-59,17,-15,0
-15,-386,-85,10,-45,-38
21,-412,-76,-45,-67,-30
4,-420,-69,81,21,-41
-11,-419,-79,-14,-11,9
-22,-442,-87,24,63,60
15,-380,-89,-20,5,42
11,-396,-84,-46,-21,-48
19,-379,-48,-42,60,41
-18,-418,-63,25,-53,-10
6,-423,-60,-59,-12,-82
22,-375,-83,57,-21,-23
21,-415,-63,-33,10,38
-15,-378,-105,34,46,28
-9,-426,-66,39,-24,1
16,-384,-80,-14,6,-39
13,-413,-100,-32,11,53
-15,-372,-100,17,-33,-60
18,-408,-36,8,-84,26
4,-396,-52,-28,-43,25
-12,-412,-105,-45,-31,-28
25,-392,-61,-1,58,16
-5,-409,-58,-33,-24,-17
-18,-375,-35,22,52,20
-30,-338,-71,-12,-45,26
-4,-377,-76,11,38,42
-22,-393,-49,10,32,49
28,-369,-62,-52,-77,-0
15,-398,-53,-19,-19,-69
15,-374,-84,89,-16,49
-4,-384,-55,-31,10,6
26,-401,-91,11,12,-17
-5,-353,-65,3,22,-63
-23,-367,-50,-48,-14,46
-9,-362,-70,12,16,-8
-10,-347,-67,-5,-11,-37
4,-359,-26,-6,10,34
-6,-356,-60,-33,1,-14
4,-348,-35,-30,-24,-56
3,-360,-56,-8,-3,1
-23,-329,-50,-5,-61,8
-0,-323,-60,11,34,3
5,-289,-23,27,42,63
6,-340,9,-9,46,44
47,-300,-23,14,-7,32
-15,-326,-42,-43,-42,42
0,-311,-84,25,-54,-43
-26,-325,-15,4,10,-44
27,-312,-17,31,-13,0
-30,-291,15,-36,-70,0
2,-292,-11,-36,-20,-35
-44,-281,-17,13,-1,49
-4,-293,-33,-44,-13,38
26,-275,-1,22,-23,2
-13,-252,9,-1,26,11
-1,-282,2,27,3,14
-24,-259,38,6,2,24
-10,-261,-14,-44,33,54
2,-258,19,22,16,-4
2,-244,10,-30,-12,12
-1,-234,8,-29,-66,36
3,-221,53,39,-35,-11
6,-237,2,-24,-21,84
51,-238,14,39,-65,-4
-25,-208,-25,5,3,37
23,-226,-11,-59,-1,-89
9,-192,-24,18,-25,-5
23,-208,41,-2,-36,-59
4,-235,21,-5,18,40
-6,-197,38,-18,5,-25
6,-187,43,-11,-14,17
-18,-162,4,-11,40,-39
-3,-208,11,-32,-17,16
-20,-188,8,15,-42,-33
-22,-192,30,33,-11,24
1,-190,40,44,13,-47
56,-133,66,22,-5,22
25,-176,64,25,-68,63
-2,-203,18,2,-27,-9
6,-175,53,20,-3,50
-31,-183,30,-61,8,-10
8,-154,32,-30,-75,-30
-31,-133,52,44,-53,-30
5,-177,25,-1,-19,0
-13,-169,59,33,-4,44
-26,-195,20,49,-6,0
-39,-136,88,-11,-100,-45
-10,-172,62,0,-64,23
-4,-127,45,-36,-43,23
23,-147,58,16,-81,30
21,-134,36,-5,53,5
5,-121,28,18,-31,6
5,-147,55,-51,38,-6
-9,-117,43,-24,16,-66
20,-134,63,-17,24,-53
-16,-96,73,18,-55,-29
15,-97,77,22,-48,-72
9,-125,56,-2,-2,40
-12,-107,55,-11,41,19
7,-156,55,5,44,14
9,-124,88,121,15,95
22,-114,89,21,-13,-65
4,-115,80,-5,-6,-22
-30,-51,71,-15,76,23
-2,-113,61,67,9,20
11,-96,84,-11,24,-27
-28,-131,85,18,37,79
-0,-114,98,24,-22,76
-12,-106,72,56,-39,15
11,-101,86,51,32,7
51,-126,104,42,-5,-14
-32,-112,45,1,-11,27
33,-102,89,30,17,-37
27,-129,100,-51,13,8
-32,-120,80,-6,-40,74
-20,-94,62,21,18,16
20,-110,82,44,-8,-11
4,-98,49,-80,29,19
8,-109,96,-0,11,17
13,-129,70,-59,42,-5
5,-110,119,-3,100,3
-10,-98,91,39,29,57
10,-88,62,-19,57,-4
25,-99,86,29,-28,-37
-3,-147,55,7,46,-18
-18,-163,49,-38,2,26
7,-124,63,-13,-38,-4
-7,-92,74,-5,2,-40
25,-139,53,20,-72,-103
4,-129,73,-20,-15,-8
-14,-120,64,-31,14,-28
-5,-140,52,-4,62,-20
-21,-191,94,-35,16,-8
6,-177,62,-25,86,-77
-11,-154,43,-8,-76,-29
-14,-162,47,-88,2,-64
11,-165,19,-39,100,-81
10,-166,43,-6,57,6
-3,-152,41,3,35,11
18,-138,20,39,10,-53
-8,-174,84,-17,-1,-54
1,-178,55,0,18,-39
-21,-204,49,7,47,-66
-9,-191,-1,17,-4,-5
1,-204,54,-23,49,-22
-12,-196,24,40,21,18
-53,-178,15,-15,82,63
-21,-148,27,14,21,-41
-16,-188,37,-71,-13,-47
23,-197,15,-36,-20,-39
11,-206,17,3,-38,28
-17,-208,39,22,-2,-1
2,-196,33,-64,-29,-12
0,-248,41,-22,-37,34
9,-223,-2,-43,-29,-33
-11,-267,13,58,-79,-67
-33,-243,5,-104,22,40
-31,-222,-12,-43,-12,-58
26,-283,-17,46,-22,-53
17,-256,29,10,2,6
44,-235,7,9,8,4
7,-268,-3,8,18,12
12,-250,-23,-7,-78,77
-2,-265,-23,-44,48,25
5,-295,-11,54,-13,-9
25,-304,-35,-21,-18,50
-2,-304,-12,35,86,-1
33,-283,-63,-58,-34,-2
12,-282,8,-28,-12,-24
-8,-315,-43,29,3,36
-11,-277,-52,10,-108,27
6,-300,-63,-39,31,-1
-29,-338,-51,7,11,-2
-4,-329,2,22,60,-9
26,-295,-40,7,-23,46
-48,-332,-0,-8,74,-42
-8,-373,-28,-23,43,-15
13,-346,-43,40,27,48
-2,-316,-52,-54,-20,-10
7,-359,-74,-35,37,-16
11,-386,-54,27,29,-5
-10,-379,-24,-16,-58,-20
19,-336,-69,19,18,-14
6,-346,-78,29,-60,-12
-33,-329,-78,-8,15,-4
-10,-367,-56,-36,13,-44
19,-330,-65,4,-32,-46
17,-391,-76,-56,39,-7
1,-348,-58,7,3,12
-71,-373,-69,43,32,-0
2,-353,-98,43,61,59
10,-411,-31,14,11,9
-1,-389,-86,42,-39,34
3,-399,-69,-48,-117,-66
-25,-375,-86,-45,55,7
26,-375,-58,83,12,-29
-1,-402,-37,-2,57,-10
-14,-380,-80,57,-28,-38
28,-399,-102,54,-8,-3
-9,-393,-42,-18,73,-5
0,-438,-73,-48,-25,-5
12,-392,-53,21,-59,-10
-25,-421,-57,42,5,-64
2,-386,-36,-26,41,-6
-5,-398,-90,3,6,34
0,-413,-63,28,-8,-19
29,-401,-76,-16,-23,-45
29,-393,-68,56,-28,-29
-0,-387,-61,-26,42,42
-18,-393,-68,-2,-152,34
-6,-407,-63,45,71,-25
7,-439,-48,0,31,55
28,-396,-58,40,-2,-6
-8,-437,-85,-65,-66,24
-18,-416,-52,31,4,-5
-15,-396,-90,-32,-64,24
-6,-392,-71,-17,53,7
-21,-419,-71,-6,-19,-64
-0,-412,-116,-20,22,-109
23,-398,-80,-22,-45,-91
10,-410,-65,78,30,-14
-45,-419,-87,14,39,15
-6,-404,-95,62,-15,-31
2,-395,-79,26,-1,46
-8,-387,-47,-66,-6,21
-25,-411,-54,11,-5,-56
-28,-347,-73,-33,-68,-38
-3,-390,-41,-32,-1,-30
-46,-355,-104,-41,34,38
35,-397,-81,-33,9,-30
4,-360,-65,-6,-124,38
-8,-379,-25,-5,-56,-3
2,-400,-50,43,-43,3
-7,-344,-35,-13,75,7
36,-378,-66,-15,7,-45
-10,-340,-80,33,9,-24
3,-362,-60,8,11,25
-9,-355,-8,62,76,-24
-1,-327,-29,-9,-8,-13
-53,-340,-23,-13,-46,9
4,-379,-71,-77,-5,-28
2,-317,-70,-22,4,-55
2,-336,-27,35,-63,-19
-23,-330,-19,68,26,-2
-14,-360,-35,6,20,27
34,-318,-39,36,-6,44
-5,-334,-36,-49,-54,-18
-49,-328,-43,-41,-63,63
-39,-322,-11,34,-5,23
21,-319,0,27,-6,-0
-10,-337,-55,-35,12,-29
-17,-314,-14,9,84,-29
-1,-250,-44,-24,24,4
34,-299,-58,-56,97,23
36,-285,-43,-63,-4,-14
1,-259,-6,13,30,-30
-30,-277,22,-45,72,49
9,-290,1,-60,-67,-16
13,-274,-23,3,19,-72
12,-266,12,-6,18,-35
-10,-279,-0,-80,77,14
12,-254,-13,69,-45,-61
-38,-219,-9,86,65,-13
-5,-233,15,-108,28,6
12,-236,-7,-40,47,16
12,-205,21,14,65,-124
-11,-230,13,121,-8,29
-10,-212,20,-60,-5,-15
45,-189,44,-38,2,103
-33,-229,23,13,-104,-34
-34,-214,24,-1,11,36
16,-201,54,-57,-53,24
-21,-202,56,-53,72,63
29,-164,3,33,-26,58
-10,-179,30,-5,-51,-3
8,-155,43,-10,-2,-68
63,-187,-4,76,41,35
28,-199,62,27,70,20
16,-190,14,9,12,20
-2,-141,52,-0,27,33
15,-159,65,5,-50,-8
-5,-148,38,-59,69,33
-1,-149,36,-27,1,55
-0,-174,23,-43,52,46
18,-148,77,18,27,33
-27,-130,68,22,-85,10
-1,-105,51,40,-44,40
-13,-127,30,-0,47,-24
16,-134,48,24,40,-5
12,-142,94,63,-114,-54
45,-155,50,28,73,-34
25,-133,66,-88,-39,33
13,-129,80,75,51,-56
16,-131,29,-32,24,-60
-1,-129,80,-4,53,-20
13,-150,63,-1,-7,3
29,-95,57,-11,25,-47
-15,-131,66,-38,21,4
-36,-106,83,49,-25,8
-10,-112,48,37,23,23
-10,-122,109,-39,32,-47
-15,-118,58,1,10,-4
2,-85,45,-36,-31,35
-5,-112,84,16,27,67
-3,-132,85,79,-21,14
6,-46,89,-71,-7,-64
-20,-113,53,-11,-49,7
4,-107,76,6,-13,64
-5,-133,21,2,50,-9
-2,-121,89,-3,8,6
-9,-127,111,-92,13,-73
-20,-103,97,3,14,27
-19,-45,86,-49,5,-18
-19,-99,79,-47,-13,-2
-28,-87,78,-22,67,2
31,-98,58,25,-26,-4
-19,-97,64,-8,41,45
-9,-80,98,-53,33,19
56,-112,77,-43,-51,13
-13,-97,81,-49,11,-2
6,-105,93,-35,-1,70
-17,-71,69,47,26,50
23,-129,52,-30,0,-12
24,-103,59,-87,-5,24
7,-151,45,-43,-45,-29
4,-127,44,-52,-38,53
2,-125,60,-2,-22,-31
29,-144,66,-3,-10,-5
34,-139,55,51,-44,35
20,-140,87,-28,27,-30
2,-144,58,39,53,-40
1,-130,81,-16,-74,-26
-35,-145,54,-24,63,-41
-24,-150,50,17,8,37
4,-136,56,-4,-45,28
-14,-158,60,-60,10,11
27,-165,72,-1,-46,-11
-20,-139,36,82,11,-34
3,-200,58,-29,-5,-25
-16,-196,42,60,-3,-36
-12,-148,68,-26,1,-17
-47,-173,60,-46,-39,-14
34,-151,36,-53,67,-17
-24,-168,49,-16,46,65
-29,-190,78,6,-25,38
-20,-181,21,-31,42,-14
-28,-208,33,43,8,7
-23,-202,45,52,3,-42
22,-186,-4,-20,-59,-8
11,-228,24,-32,-7,58
2,-247,24,-27,4,-11
-15,-210,-2,10,-9,6
-17,-200,-23,41,-33,-50
-15,-213,17,-12,-70,-88
10,-236,6,-96,-18,-11
-59,-241,16,-26,36,-34
14,-248,9,0,10,28
-1,-301,15,-9,91,-23
12,-266,-8,-38,-79,-8
-17,-275,-24,-6,15,78
21,-255,5,-10,45,-26
-7,-264,11,5,-13,-58
13,-254,-28,23,-75,66
-1,-294,-23,-67,99,-29
-12,-270,-9,-26,39,-5
-20,-310,25,-54,-57,-40
10,-256,-24,-43,1,18
-2,-286,-36,-11,-21,32
3,-328,-25,40,52,-27
-26,-334,-16,15,68,-3
35,-323,-19,48,-16,-33
28,-328,-51,75,-18,-22
9,-307,-59,-63,-48,-21
9,-281,-40,55,-40,-64
-26,-335,-22,-14,-8,6
-10,-324,-44,28,83,-13
-20,-264,-59,20,7,3
14,-335,-8,-3,50,-37
-15,-331,-42,-26,58,67
15,-365,-56,-20,-78,32
16,-354,-73,54,-39,66
4,-351,-11,-51,30,6
8,-370,-57,-30,-30,88
-30,-334,-21,99,-77,48
-14,-354,-41,-8,22,29
28,-386,-58,18,-11,-15
17,-364,-25,-31,-28,47
11,-371,-45,1,6,-61
-6,-343,-86,-11,18,-6
-3,-388,-87,-18,15,9
29,-362,-36,37,-23,26
-10,-411,-54,36,-6,57
14,-386,-68,-22,-39,-21
-42,-373,-62,29,12,4
-12,-390,-46,22,29,23
-10,-378,-116,-20,70,50
2,-421,-87,-1,46,-41
12,-391,-80,-8,21,12
-25,-392,-97,-25,-6,-19
-24,-380,-42,-24,-39,64
17,-406,-87,-88,-35,-12
-7,-397,-100,-20,42,6
21,-420,-74,-11,90,66
6,-391,-79,18,17,3
32,-418,-76,14,-13,3
-16,-439,-93,-22,-68,-42
-1,-410,-109,-36,72,-0
30,-403,-93,3,67,-35
48,-422,-98,12,1,19
-23,-433,-67,8,5,36
-14,-406,-55,-34,3,7
-22,-415,-57,13,-64,48
33,-438,-64,56,62,-80
-7,-425,-68,-74,18,7
-29,-404,-57,37,13,-26
24,-393,-106,-0,81,10
-8,-387,-95,58,-21,9
31,-370,-87,-26,19,-41
-1,-448,-50,3,-80,-15
-19,-398,-59,-35,25,-45
10,-388,-64,71,-19,86
30,-365,-60,-24,25,17
-8,-404,-33,-47,0,17
16,-404,-49,-3,-5,-4
24,-423,-78,13,11,-21
0,-369,-60,-7,-14,30
12,-397,-67,-24,-10,-18
-4,-391,-52,31,-9,-43
34,-392,-69,-6,-46,29
-3,-381,-58,-55,-49,51
-24,-360,-65,-67,-27,69
23,-402,-55,77,-44,33
-22,-387,-9,-30,-19,17
-14,-356,-62,-18,35,-26
-23,-384,-48,-15,-3,65
17,-411,-93,-25,37,35
-1,-363,-23,-49,13,7
31,-340,-46,-83,-67,5
6,-309,-52,-39,3,70
-24,-325,-61,46,9,34
-1,-336,-11,-56,17,-27
-6,-321,-44,2,-28,21
-32,-306,-61,46,-82,-105
-24,-336,-56,16,-9,44
-7,-313,-20,27,24,27
-5,-298,-27,-64,29,-40
-41,-343,11,1,-4,83
4,-318,-21,4,1,21
-27,-304,-38,-17,-53,-30
13,-294,-12,-69,-34,-2
-13,-293,3,17,-35,51
19,-327,-7,35,8,-105
-14,-272,-0,1,9,90
-18,-289,16,39,-37,43
39,-257,6,-9,13,81
27,-256,-2,27,25,-25
33,-269,-3,-0,-14,4
-7,-284,-5,10,-59,-6
33,-267,-2,9,49,30
20,-240,2,-19,-38,80
17,-228,5,-6,-35,16
-17,-239,11,-40,-36,-18
-21,-257,-5,-1,-22,27
3,-227,9,-33,-4,-60
1,-239,-17,-18,-15,-13
-7,-216,45,14,11,-13
-22,-239,18,6,-38,8
10,-218,14,8,-3,47
-35,-189,21,44,-12,33
14,-214,16,-51,-17,-35
3,-239,5,7,-12,16
9,-245,46,-23,32,-7
-3,-216,36,29,-63,66
20,-185,61,64,-21,-13
26,-242,28,-10,-32,-53
16,-193,53,32,5,-7
-16,-193,88,-55,54,-47
15,-195,56,-15,-34,-65
13,-178,49,56,-12,-36
-37,-155,66,-4,66,21
-31,-164,41,41,-10,40
-5,-176,82,49,-19,-27
-11,-167,73,38,-34,-6
19,-173,39,47,74,-13
-20,-147,86,-34,-31,-2
16,-171,59,12,146,-82
-26,-111,70,25,-76,3
-37,-133,29,-41,-26,35
14,-149,86,-2,-57,62
12,-145,82,-17,-52,-37
19,-129,51,35,-51,-60
5,-161,51,6,26,-2
2,-125,50,70,20,2
9,-140,71,-3,-63,18
-17,-149,94,-23,-33,-2
-2,-128,77,-55,27,-67
-4,-125,63,22,-8,-99
16,-99,37,43,-16,10
9,-116,74,-19,54,-50
-15,-126,94,-63,31,-13
28,-93,112,25,54,2
-12,-141,66,-64,-38,-21
5,-96,94,36,4,-109
-21,-146,39,-9,19,5
-38,-116,82,-48,-51,-17
7,-87,77,-13,-18,-7
0,-88,73,-23,-42,9
1,-115,80,2,-36,-67
9,-115,70,-4,-30,-107
23,-106,55,9,20,48
-12,-126,92,17,-17,2
17,-114,61,-55,12,-25
20,-96,53,-22,54,-65
3,-93,72,91,27,-15
-3,-106,110,-68,-31,29
-14,-110,64,61,38,25
-2,-127,90,-50,-36,55
20,-101,55,-59,21,-14
18,-142,80,17,-8,39
-18,-113,99,29,78,47
-53,-144,85,-74,-27,-36
-12,-110,70,-26,-22,17
-1,-96,102,37,-49,-26
-15,-85,65,-19,-7,-37
2,-125,41,-2,-10,10
-22,-155,74,-73,2,40
9,-119,72,74,-72,-45
-0,-132,75,-32,0,-23
8,-143,53,-9,33,13
-6,-155,100,75,-45,30
-15,-148,105,-0,-13,-25
-2,-124,36,84,39,-27
28,-134,44,-13,15,-12
-18,-158,79,59,41,-40
-26,-164,58,-36,44,37
-14,-131,31,-67,-57,89
-0,-178,79,15,-13,137
-17,-182,8,21,26,-67
12,-136,32,-37,-30,-23
-12,-201,47,15,10,-21
6,-168,44,16,-11,-66
-34,-188,28,47,-66,16
33,-186,48,-104,50,-116
5,-191,45,19,-33,0
-29,-169,19,3,7,15
-43,-175,35,56,-139,28
13,-197,17,-22,-55,122
7,-206,38,6,-59,-64
3,-211,5,86,51,30
-10,-180,68,-63,41,57
2,-190,74,-22,-12,20
-23,-198,9,70,6,-27
16,-237,18,2,-46,57
0,-217,14,-31,-45,-22
-16,-215,39,15,-62,-60
18,-238,9,-14,-33,-14
-13,-237,17,37,-6,5
2,-262,31,-24,-28,-18
-12,-236,3,7,13,-7
-4,-275,23,-48,4,28
12,-273,27,6,-109,22
-9,-259,3,44,-36,50
33,-271,2,-2,32,34
45,-308,-33,18,-1,45
4,-303,-24,-59,-20,-27
-15,-247,-40,-3,-63,46
-16,-291,-18,-4,15,1
29,-281,-23,24,-20,-51
-15,-287,-39,14,82,-1
-1,-316,-38,-77,-66,92
-43,-332,-52,31,35,-1
1,-318,-21,95,20,70
-46,-331,-77,-23,14,3
-31,-347,-31,-3,-102,-21
-2,-337,-54,47,25,-44
-58,-342,-24,14,-1,-55
2,-307,-33,-30,-16,17
11,-350,-34,-8,28,-45
31,-345,-56,-60,67,8
-32,-383,-33,15,36,43
18,-364,-11,-43,-4,-29
24,-337,-68,-96,77,41
-0,-327,-18,8,-53,72
-10,-358,-51,40,-42,-74
-7,-368,-62,37,-16,-58
-11,-374,-66,-84,-28,94
-17,-354,-62,-3,54,-39
10,-353,-53,-18,-46,8
-2,-396,-51,18,60,-12
-32,-372,-87,22,-77,-17
5,-360,-91,-3,-85,-22
7,-376,-85,-6,-47,65
-28,-392,-85,-28,32,3
5,-379,-101,10,-20,1
-23,-391,-54,-5,-12,-24
-33,-395,-54,-21,65,-21
-6,-390,-80,-19,54,51
23,-389,-52,-5,11,-26
-5,-393,-87,-20,91,-36
49,-415,-64,20,23,-45
20,-398,-88,18,5,-62
26,-376,-31,-12,-8,-7
35,-375,-67,33,-25,57
6,-386,-71,-12,3,34
-9,-406,-52,-53,35,5
-39,-413,-103,-3,73,-33
25,-396,-65,-19,12,86
-20,-392,-107,-28,-101,-35
-13,-408,-74,26,-29,12
-19,-397,-71,30,41,-26
-25,-377,-72,23,-14,-12
-13,-404,-57,-3,-53,45
13,-411,-81,-17,27,-21
44,-386,-121,-11,-9,-45
-7,-408,-84,16,-56,-41
-8,-389,-82,-23,-55,-15
14,-383,-82,58,45,-20
-20,-439,-83,-48,31,-62
-25,-409,-45,76,-40,-36
-2,-366,-65,-60,35,-21
-25,-406,-86,69,-21,2
9,-382,-62,-45,-79,-19
30,-369,-44,7,-10,-26
22,-379,-85,9,25,-14
3,-388,-85,-45,-0,66
4,-400,-114,25,-60,42
-8,-360,-86,45,68,-50
16,-380,-43,54,-29,-11
10,-377,-48,37,-36,-30
14,-382,-50,-31,-4,-26
-6,-339,-34,-50,-82,-1
14,-395,-47,-24,27,98
3,-383,-62,-71,-42,-36
6,-374,-2,-34,-12,-54
-17,-340,-37,-35,3,5
-25,-354,-56,-21,-19,-8
-9,-342,-40,-28,59,-20
-9,-383,-43,-5,-91,-6
-4,-319,-48,-3,24,34
5,-348,-36,18,-12,22
-3,-357,-41,13,-1,58
-6,-297,-31,-37,-3,-16
21,-350,-33,54,-22,-55
11,-361,-37,19,-14,-44
-13,-323,-20,-56,-33,-97
-17,-308,-82,-8,13,7
-3,-345,0,-8,-45,-87
-22,-357,-21,-45,-17,-37
14,-320,-63,-60,-50,33
14,-303,-24,-29,74,-15
-6,-318,-29,-15,-26,-56
1,-279,-16,5,71,-5
13,-290,-18,45,-80,6
-3,-278,8,-30,-44,-9
-15,-269,-13,12,7,-58
3,-260,-43,14,-18,-3
-13,-271,17,-71,-60,-1
-4,-263,-17,-69,34,-57
27,-227,22,34,6,8
20,-273,-14,-6,9,56
-13,-277,-1,5,0,27
1,-231,5,-14,64,25
-2,-246,-6,94,29,-56
26,-252,11,-19,-28,8
-2,-236,10,-28,-18,-31
-43,-209,7,2,37,-55
2,-240,37,-21,62,-50
14,-234,28,-50,57,69
-15,-221,67,-35,11,45
5,-221,55,39,46,-20
-19,-172,6,-16,13,10
-6,-215,20,21,-70,-0
-9,-220,22,37,1,4
20,-178,41,13,113,8
17,-222,27,36,1,66
-16,-196,48,-37,-87,18
25,-170,18,-2,6,-63
24,-167,38,-54,31,25
12,-167,32,33,-2,-38
-18,-177,50,-43,-1,104
-15,-172,65,-10,30,63
-15,-154,83,59,3,4
-8,-164,38,7,62,88
-39,-172,39,1,-33,62
22,-173,83,-30,-42,-39
-27,-128,19,-30,3,-44
-15,-142,25,71,61,6
-21,-140,58,34,15,-22
25,-130,63,-35,64,-81
-6,-129,90,-29,-58,17
13,-111,46,-8,-7,47
11,-135,74,13,3,-3
-4,-148,51,-38,-63,-108
8,-136,53,-4,82,-38
-12,-111,52,-6,14,53
-19,-120,51,20,-87,60
17,-102,103,-43,-30,-13
-24,-150,82,34,10,-29
-26,-94,73,34,17,-49
9,-80,95,-45,-89,21
18,-97,84,-38,-10,-23
26,-97,85,-16,60,-6
13,-81,100,-54,43,-59
-19,-140,34,-11,12,59
-11,-99,93,33,-5,-38
-22,-93,90,-12,60,45
-40,-92,60,-60,65,14
-13,-123,62,29,-50,12
8,-111,89,-10,7,6
-16,-102,119,-23,52,-19
24,-101,64,-28,-33,23
20,-73,70,74,17,-12
2,-121,104,-43,93,-32
18,-103,45,32,11,-9
-16,-100,71,18,36,-7
19,-114,55,-37,42,7
2,-114,52,25,5,-22
-9,-88,89,25,-18,11
-47,-127,54,-6,-13,-51
47,-101,119,-49,-3,-82
-5,-88,81,-30,-52,42
9,-144,68,87,-47,-43
4,-116,65,-5,-76,22
1,-126,47,-14,-64,25
-40,-134,72,-63,-13,3
-17,-133,62,53,31,-23
-24,-147,62,2,-12,-33
-3,-92,83,52,45,-32
15,-125,75,-17,22,3
27,-164,40,-64,-4,13
-1,-136,51,59,-5,-6
-12,-147,74,25,22,-6
13,-170,36,26,-45,-81
12,-169,26,22,26,-40
-15,-152,76,68,-3,13
-6,-166,54,-13,86,27
1,-170,66,6,15,29
18,-101,47,-64,-22,10
7,-181,47,-49,18,-50
27,-145,57,-49,57,-43
10,-177,28,-61,43,52
-29,-181,33,-8,67,15
-2,-194,25,-27,68,12
7,-186,67,5,-42,-53
2,-197,66,25,-16,11
12,-193,35,41,71,-52
-7,-197,31,-3,-10,-56
-7,-184,45,-24,-24,25
-25,-212,41,-8,16,37
-56,-211,20,-14,36,35
-14,-219,42,-27,22,-23
4,-175,-10,-67,-57,-9
0,-226,14,-71,-17,-15
-13,-206,38,-59,-1,38
-24,-223,21,-1,24,-92
5,-232,-7,7,61,53
14,-240,33,-12,-124,10
22,-260,14,26,-42,17
37,-203,-33,-13,43,5
27,-254,15,59,-49,-2
28,-256,-21,-1,52,2
3,-280,3,-79,-60,-7
20,-248,-17,-1,-38,24
32,-279,-26,33,68,79
-5,-288,-31,37,40,-51
-25,-301,-3,-11,-81,60
29,-293,-44,-42,-27,-28
0,-271,-19,28,31,33
16,-291,-40,-6,-16,-67
-15,-307,-35,9,62,5
-11,-301,-2,47,-55,41
-1,-289,-2,1,-22,83
34,-267,-16,-17,-60,-7
-10,-299,-33,36,-12,8
8,-332,-13,23,-24,19
12,-311,-44,7,22,124
-4,-291,-30,32,20,-23
30,-351,-53,73,-76,-29
13,-357,-13,-37,31,-36
5,-361,-71,23,32,-46
39,-367,-56,-34,41,-45
7,-328,-44,38,61,-66
18,-372,-42,-35,-68,14
-24,-360,-74,-14,-21,-25
41,-342,-85,43,-49,24
9,-333,-41,-15,3,45
-4,-377,-67,-18,81,-13
-16,-369,-46,57,-12,-3
-17,-373,-60,-12,-62,15
0,-408,-96,19,12,-35
18,-399,-67,31,54,44
-15,-363,-52,5,2,48
5,-386,-54,3,-3,31
-15,-381,-67,48,-27,53
-23,-412,-61,-76,36,64
12,-371,-72,1,-26,102
-10,-401,-76,38,19,52
-44,-365,-81,34,-25,22
-17,-406,-64,3,21,43
13,-413,-76,11,-33,-8
10,-369,-54,33,3,33
5,-382,-81,35,6,87
-45,-410,-77,-4,1,17
-10,-391,-74,79,-6,93
-22,-411,-104,9,-21,-39
8,-399,-38,-31,-45,53
12,-400,-55,-66,6,-40
-19,-423,-93,-48,16,-5
-1,-419,-61,14,51,18
13,-373,-84,40,59,-1
-11,-401,-85,-18,-97,-32
-13,-433,-118,67,24,-34
-16,-412,-56,-7,-12,-31
25,-402,-59,-48,22,-2
-15,-420,-97,6,36,-42
-12,-425,-81,-45,-31,4
-4,-418,-31,58,6,13
10,-401,-70,-5,-42,-8
31,-408,-77,-33,8,-18
3,-374,-63,19,16,8
-0,-413,-38,-27,80,8
-14,-432,-26,7,11,11
-14,-390,-42,18,-26,-26
13,-363,-61,4,3,-65
14,-424,-40,12,41,-25
4,-390,-76,-38,-9,-10
-37,-382,-53,-37,12,-32
8,-358,-65,51,-15,-22
-26,-387,-51,46,-0,9
-1,-360,-57,11,79,28
-28,-358,-66,-10,-30,45
35,-410,-38,-53,11,-5
13,-385,-45,30,-68,-54
13,-377,-34,-19,-5,-48
1,-361,-35,7,8,-16
-15,-391,-58,1,-20,21
20,-347,-93,8,12,-5
15,-353,-61,53,89,16
24,-353,-50,59,-4,15
-10,-346,-27,24,17,83
-3,-361,-48,29,-5,-22
-16,-319,-29,-2,47,-26
-15,-336,-44,-29,-16,-31
-29,-317,2,-58,7,-62
-0,-327,-36,-71,35,11
-9,-340,-18,-45,41,21
-24,-301,-25,-26,17,34
0,-330,-6,44,-10,-3
9,-324,-48,18,77,74
-20,-288,-48,-84,52,119
4,-311,-12,26,-71,34
-14,-328,22,-43,-47,-37
17,-255,14,57,40,15
-26,-281,15,45,62,-20
19,-282,-56,-0,-18,-21
10,-277,-14,11,-25,-48
-6,-251,8,-2,-43,70
-3,-259,4,54,-81,-42
30,-275,26,11,-37,-9
11,-247,-38,-26,-4,31
22,-270,-21,-73,10,31
48,-239,9,17,6,-5
7,-230,-17,-6,-6,60
-7,-261,55,-27,5,-20
17,-219,-28,-42,-32,-50
-37,-256,27,25,90,73
8,-215,14,-94,40,24
-23,-199,32,-4,-18,86
10,-217,5,77,7,6
2,-180,36,-5,3,-43
-6,-188,44,-13,-35,-1
-0,-171,32,8,15,59
-4,-223,25,51,31,13
32,-180,41,-11,14,-7
-17,-195,8,-41,31,-16
29,-174,52,-11,28,81
-2,-187,48,29,13,-23
3,-174,38,-17,6,-45
-32,-149,49,-15,79,69
14,-165,23,-40,52,-49
7,-158,46,-19,-40,-20
17,-141,25,48,-13,101
-33,-141,70,-40,88,-8
30,-154,43,59,57,-8
10,-129,12,46,-63,-70
-24,-157,53,-22,1,63
10,-127,107,54,-71,-47
-9,-117,49,-10,-28,-7
7,-133,37,70,-24,-59
-21,-134,54,24,-23,-9
-4,-137,51,21,-44,-77
1,-106,62,108,-39,-45
9,-123,61,28,67,53
-13,-122,98,90,38,-11
-11,-99,84,27,-32,-35
6,-123,73,62,-2,-84
6,-117,80,1,-9,9
-0,-124,66,37,-15,9
-12,-95,100,-2,-2,10
-17,-124,61,39,31,4
-36,-136,84,54,45,-35
22,-146,74,-14,-39,48
-17,-83,85,69,-60,-18
33,-67,66,-60,-65,-7
5,-109,81,-9,-27,-43
1,-88,20,-10,1,-30
-13,-90,86,14,67,35
-15,-76,87,7,-7,-4
-27,-106,72,-24,-33,4
41,-96,45,-36,-29,-2
14,-124,73,15,33,7
2,-148,85,-71,78,-44
27,-126,69,-45,78,-28
63,-139,100,42,-16,-3
31,-141,81,-19,25,56
33,-102,129,32,12,18
-30,-121,82,-9,37,39
-4,-132,72,25,24,-21
29,-128,57,-14,76,-64
7,-132,79,-9,31,57
4,-144,69,5,-13,-26
9,-102,79,14,-27,65
26,-118,36,16,60,29
23,-123,69,-12,-14,-5
11,-134,68,12,-86,-105
-9,-122,52,-48,29,95
3,-129,86,-59,-23,-1
13,-131,64,21,-17,-4
10,-115,42,-51,50,31
-14,-122,75,-16,20,-17
10,-150,59,41,-21,-21
-20,-116,71,-54,5,2
-42,-155,52,21,1,-37
-12,-183,32,-57,-9,30
44,-161,64,-40,-16,-15
0,-157,39,22,49,-5
19,-172,84,33,-5,-22
25,-157,35,-14,19,10
-12,-199,40,90,23,-14
-28,-154,12,24,-3,-40
20,-167,7,32,-3,38
6,-198,47,53,-17,-71
-20,-199,59,45,31,18
-8,-144,34,-53,32,-47
-7,-162,20,-17,10,-2
10,-188,20,19,32,-3
5,-208,26,-42,13,-10
34,-190,42,-40,-40,39
24,-193,62,-44,-94,-3
-8,-214,63,12,52,-29
30,-217,5,24,70,30
20,-236,23,-27,10,-1
12,-239,17,-42,54,27
-16,-216,25,16,24,-27
23,-225,14,-13,55,-35
-14,-230,33,-5,17,-41
-11,-205,8,37,30,-3
-18,-273,-20,21,97,50
-1,-274,-50,-27,11,91
-7,-271,-26,79,-21,-33
1,-285,-1,-22,-40,-3
5,-261,-11,51,64,6
7,-262,10,-29,-4,15
-17,-257,-42,14,-22,7
-21,-285,-1,-12,18,15
0,-305,14,-40,37,-46
14,-283,-2,83,34,25
-10,-342,-37,-10,30,51
17,-284,-36,-20,23,-0
-5,-319,-34,-85,56,5
4,-300,-44,42,-29,7
-8,-307,-6,5,49,-12
26,-353,-28,-25,37,31
-6,-340,-10,64,-26,-19
0,-297,10,-29,-17,-4
-9,-328,-34,1,-9,4
4,-331,-39,19,57,-29
-4,-315,-24,-15,36,46
19,-321,-23,-42,-0,47
5,-392,-40,-80,-25,-66
16,-349,-44,10,-32,13
-17,-334,-77,-39,47,-16
15,-335,-31,-2,-37,19
-13,-318,-80,-40,-37,29
-29,-329,-44,-13,-18,45
7,-362,-27,-44,-12,10
-2,-359,-58,63,32,-4
-21,-349,-79,-18,-82,3
-6,-409,-44,43,-4,-31
-11,-386,-71,-5,43,-29
-7,-372,-69,21,10,5
18,-364,-72,44,-48,63
25,-350,-103,1,-17,40
-17,-370,-69,17,20,32
-2,-374,-77,50,-8,-48
0,-377,-64,-76,25,-25
-37,-378,-82,45,-77,-64
-17,-423,-75,-25,111,10
42,-402,-60,-47,-13,-18
-9,-448,-87,37,59,-4
24,-420,-56,17,-10,26
18,-371,-87,74,5,-35
3,-423,-65,-91,-59,72
17,-419,-85,76,40,-16
10,-356,-69,-14,101,37
23,-403,-50,58,-51,34
21,-406,-109,-11,9,13
-14,-395,-98,59,-53,10
11,-411,-58,13,21,-8
-6,-381,-72,-35,-30,51
-5,-419,-58,-62,-22,-47
4,-429,-82,35,47,-54
-31,-394,-99,24,0,-53
15,-468,-89,-2,75,-87
-31,-443,-86,-0,37,-34
-23,-409,-46,48,-55,30
-5,-424,-65,-12,35,-6
13,-437,-74,38,-21,48
-28,-416,-71,13,-15,74
15,-414,-71,94,102,-50
-6,-396,-87,31,27,12
-2,-399,-59,16,26,5
18,-400,-97,22,43,-23
-11,-375,-100,27,-23,-35
-18,-399,-39,-43,-56,82
-14,-416,-57,-54,39,-15
0,-319,-51,-49,30,-22
20,-375,-14,-68,80,17
14,-377,-33,-45,-16,59
18,-351,-67,45,24,-12
-5,-385,-49,-68,2,15
15,-349,-50,8,-25,49
-21,-351,-66,-15,-47,-26
15,-349,-61,-17,7,1
-16,-329,-79,15,-43,31
38,-331,-63,9,-4,-36
1,-383,-48,-7,20,-77
7,-347,-68,-34,-50,-28
0,-387,-35,-8,-3,-52
-15,-329,-48,25,-61,-18
-4,-365,-10,7,-127,-28
-6,-314,-32,-17,-58,19
-3,-333,-49,-2,39,-29
-15,-337,-29,-14,-69,23
-32,-357,-41,24,-27,-12
5,-314,-19,24,17,5
10,-309,-44,29,7,-15
9,-314,-32,35,50,26
13,-311,-36,24,-33,2
19,-287,-52,7,-39,-33
10,-280,-26,12,-2,8
4,-288,25,-48,-92,57
-15,-293,-14,48,8,56
-11,-269,-17,3,30,-38
19,-324,-21,-18,-40,1
36,-299,-22,98,65,-54
-15,-259,-29,55,-29,-59
-12,-256,28,-0,35,-2
11,-282,-39,-28,55,39
7,-246,-10,7,-5,-4
11,-251,9,14,20,17
18,-238,33,51,49,-24
-19,-263,-2,10,-3,23
24,-237,20,88,-9,-4
-17,-244,33,15,-41,41
-26,-222,50,-4,-5,-34
-18,-239,28,45,62,-9
-13,-202,3,6,13,51
-29,-252,57,-2,-8,-11
-30,-197,43,-44,-44,-2
-37,-185,30,-43,-27,-30
27,-205,39,-51,40,-15
4,-181,52,20,-10,-22
-15,-192,35,-62,-27,32
15,-191,9,53,-40,-26
8,-202,56,3,-46,49
-20,-153,39,-20,7,-99
-32,-170,41,62,10,-13
-57,-175,28,15,13,29
24,-210,38,29,57,-6
-7,-138,70,12,-8,-71
1,-146,80,-14,13,-67
6,-163,55,-42,-25,-2
-41,-137,57,-18,-84,38
28,-169,52,29,-33,-45
-9,-142,16,36,30,119
-20,-130,39,-2,48,-11
25,-129,24,10,-84,-61
13,-154,69,4,-65,52
-16,-91,25,-105,22,-40
-23,-106,49,21,-5,-1
28,-123,75,-47,-27,26
-7,-111,52,-46,-40,-1
16,-96,66,-40,5,47
-47,-83,57,-83,19,38
-1,-89,69,-47,-14,16
11,-133,134,9,14,19
6,-107,50,-51,-19,-10
-17,-111,107,-48,22,23
-17,-76,95,34,13,14
1,-117,31,29,-25,-48
30,-108,62,20,-16,48
6,-98,119,57,-27,-23
-26,-117,63,-25,-15,1
-24,-137,81,33,-61,-16
-7,-135,34,24,-35,-12
-15,-92,93,22,9,-50
-8,-108,65,42,25,102
38,-107,94,26,-67,-66
-4,-97,69,26,-95,-11
4,-108,67,3,45,15
2,-111,90,14,55,23
-26,-123,112,3,96,8
36,-93,78,18,-9,2
18,-120,44,22,19,50
-5,-92,59,91,-12,-55
39,-128,71,-56,65,5
7,-110,52,8,0,-32
36,-151,53,-15,45,1
23,-126,116,35,-6,34
8,-102,43,-47,3,-102
-20,-137,84,-31,-13,-12
18,-135,34,-14,38,-41
-17,-133,83,34,-3,-22
5,-110,56,42,-34,-37
13,-132,94,-34,-48,23
-4,-153,43,6,-62,58
11,-143,79,-27,38,80
-26,-135,58,38,-69,16
-4,-89,54,69,13,-12
6,-110,44,-11,-29,-55
7,-109,75,40,-44,39
38,-135,54,-28,38,19
0,-158,46,-83,-7,-17
-36,-187,54,-35,49,-55
3,-174,21,32,-30,17
-12,-170,35,-61,9,-82
-25,-142,77,-10,44,18
-0,-154,48,31,28,-15
-5,-190,54,51,-25,7
16,-184,52,34,12,0
13,-185,45,40,-25,71
14,-182,27,32,33,21
26,-216,8,-3,43,21
-8,-220,-4,-26,37,-67
11,-191,59,9,44,44
-9,-155,59,11,-33,-1
8,-230,12,-36,-36,67
21,-204,25,-65,-10,-19
6,-187,40,49,-52,-1
-4,-235,31,22,46,-11
-18,-226,-11,-38,27,-23
8,-231,7,-45,14,18
-0,-211,16,-8,-31,40
-32,-241,-5,-2,-56,28
3,-236,-5,26,-37,-24
28,-222,67,72,-35,-79
-11,-227,14,-59,25,13
21,-226,-27,13,31,15
-1,-279,-13,37,-0,-3
-29,-282,-29,-12,-70,-31
-35,-268,-27,-59,-53,50
-39,-276,-31,-4,-52,26
-36,-265,-27,33,45,-77
-16,-276,-27,-18,10,30
5,-298,-35,-54,-45,-5
31,-274,1,23,35,-61
-2,-324,-11,-22,32,-29
-11,-286,-27,-2,-34,-66
17,-324,-21,-43,-87,54
-3,-323,-36,54,-37,26
12,-311,-38,36,-69,19
47,-289,-28,-90,4,-32
20,-311,-10,-61,-70,-32
-18,-328,-33,-37,32,24
54,-325,-12,54,4,-25
-11,-310,-63,43,-25,9
-13,-331,-26,-59,-15,-26
7,-387,-32,4,80,40
-7,-350,-14,-8,-51,-13
19,-320,-6,-87,42,-33
-8,-356,-46,-55,-51,23
-19,-362,-39,-35,-28,6
-11,-364,-57,-2,-56,-79
28,-380,-42,37,-15,-26
9,-351,-71,34,-12,37
5,-365,-6,13,36,20
3,-357,-82,46,-38,-14
4,-396,-52,-5,19,83
-13,-386,-61,-14,-8,-135
-6,-375,-25,15,-9,-1
24,-395,-95,30,61,-72
30,-386,-61,53,-14,-12
29,-380,-51,54,32,21
-15,-382,-72,63,-58,23
28,-361,-86,-32,23,32
-13,-405,-98,-32,14,8
-5,-384,-99,8,22,-24
11,-387,-62,20,28,85
39,-407,-58,28,40,14
12,-412,-81,-32,-78,10
-12,-413,-89,25,12,96
20,-422,-36,97,25,30
-26,-381,-77,-13,7,-20
15,-410,-47,-4,6,63
28,-409,-92,10,-5,-31
37,-382,-65,64,2,-26
31,-409,-58,-32,7,48
-6,-389,-60,33,40,11
5,-443,-55,33,23,9
-24,-384,-76,26,57,5
-11,-415,-97,0,-18,-37
-5,-426,-67,-3,-13,-40
22,-390,-73,-26,-32,-6
15,-401,-77,4,-26,-6
-39,-399,-98,-20,24,107
9,-422,-76,-14,12,76
-3,-416,-102,-20,-23,-9
-33,-385,-74,-9,32,23
6,-423,-69,-11,8,-51
-29,-386,-53,23,-99,-37
-18,-375,-68,0,-4,86
-7,-375,-59,-25,9,-0
-21,-362,-42,-62,-36,77
-3,-390,-74,-17,-42,29
-33,-360,-91,-11,-39,-52
13,-353,-91,-22,-66,32
-0,-366,-55,-23,59,47
42,-375,-48,79,30,-54
23,-402,-81,-2,62,50
32,-393,-65,89,-7,-20
1,-391,-73,15,8,35
2,-394,-23,-56,3,-14
17,-343,-52,2,6,17
-15,-335,-42,-4,-23,-7
53,-321,-46,11,22,-21
11,-375,-36,-20,57,-50
19,-313,-34,3,-77,-48
0,-347,-16,92,-2,12
-20,-338,-12,19,38,-0
-35,-362,-59,-46,-43,3
7,-326,-4,-32,-7,52
-33,-363,-40,23,63,17
19,-342,-37,-18,25,42
56,-348,-3,-8,-30,-28
-1,-332,-28,15,-36,-29
2,-329,-29,9,-45,-19
-36,-306,-40,81,14,30
17,-307,-26,-80,-36,17
17,-267,-15,-17,17,26
28,-280,-7,-3,84,33
-26,-298,7,-19,-4,-19
29,-265,-16,8,15,32
33,-301,-3,40,-4,-42
12,-298,-61,100,-41,4
-12,-233,-2,0,5,-10
54,-253,7,16,-11,-37
-1,-272,-18,-62,-19,-2
-4,-260,23,-33,-33,4
23,-256,-0,-10,8,18
20,-249,-14,-26,11,27
-8,-275,-12,-63,-25,11
-13,-259,-3,-64,14,18
15,-240,-17,-23,-25,19
-13,-240,38,-45,15,8
-23,-225,12,-8,56,-41
-15,-251,10,35,60,-57
-19,-232,-17,48,38,24
2,-194,42,10,-26,-21
-12,-163,25,-13,31,-36
31,-184,59,-22,53,51
24,-203,21,17,-49,91
10,-217,44,-68,-14,9
32,-184,59,86,21,8
-17,-154,38,47,-66,71
-23,-182,22,49,-22,98
14,-169,22,6,-25,-14
-5,-194,-13,-58,8,59
-10,-164,80,-14,-14,-30
23,-177,48,-2,-78,-40
-34,-173,57,40,75,20
-18,-191,46,-5,82,-31
21,-159,102,1,7,-43
-10,-196,64,-15,72,1
-31,-154,39,4,111,-52
17,-166,66,-92,-66,-51
1,-110,45,34,35,-5
16,-91,53,-34,50,-27
26,-123,62,-28,39,8
27,-139,75,24,-33,34
-8,-135,55,14,-9,-2
-33,-100,63,-42,58,3
-17,-129,53,40,120,-88
7,-132,73,133,-39,29
23,-141,75,11,-22,33
12,-118,97,-35,-31,-6
9,-140,91,-4,17,56
-1,-121,56,-55,-36,13
-9,-129,85,-17,67,-1
26,-108,60,20,26,26
-18,-89,58,54,47,52
1,-104,70,-38,27,-52
-3,-112,51,24,107,-89
-9,-94,87,-15,-7,35
-34,-92,64,85,33,67
13,-85,73,22,-21,6
11,-87,90,-1,74,-74
48,-96,68,0,1,-15
-36,-121,102,-13,-33,-14
9,-120,57,-62,-72,13
-24,-80,80,-42,47,-4
-4,-136,66,59,-15,33
4,-121,101,-31,30,-17
-8,-130,51,12,21,14
-11,-132,83,116,-5,35
-34,-121,39,62,36,22
2,-111,75,-6,32,-19
9,-98,63,-12,4,60
5,-101,31,-21,15,4
-16,-131,88,-8,-1,-51
-2,-112,95,63,115,-35
-42,-138,58,-16,9,-1
-2,-108,47,55,2,10
-25,-103,76,21,-8,-5
20,-140,78,101,-16,-25
55,-139,49,-53,43,24
-14,-137,64,-37,-43,-24
3,-103,15,-48,-15,26
-9,-178,40,49,19,-7
27,-101,74,39,39,51
-35,-151,66,-30,3,-20
4,-166,26,-16,36,22
-24,-143,44,26,-40,-21
-10,-119,56,14,0,10
9,-152,60,80,36,11
14,-179,32,128,-37,-23
-11,-153,73,44,2,21
17,-140,32,45,-1,-45
2,-184,26,-21,-4,-6
-20,-163,41,-11,-10,-3
-19,-166,37,-17,-16,27
-2,-164,57,-6,37,14
-7,-196,17,-43,-72,-32
6,-193,12,47,42,-43
11,-205,26,-26,-21,51
7,-174,28,-76,28,10
5,-220,21,35,-21,12
-18,-188,44,12,38,12
-5,-230,16,-12,-29,-17
11,-229,25,-71,82,61
-4,-220,7,50,-11,32
-15,-248,6,-8,48,33
-21,-226,27,-19,-95,34
-13,-247,-3,9,-21,2
-11,-250,-4,9,6,-13
24,-232,-36,8,-48,-17
27,-236,31,47,25,-8
3,-260,13,-34,-40,-6
-41,-243,-36,49,-5,-4
20,-285,21,-47,-6,50
9,-263,7,-81,34,-16
-16,-269,15,-5,-22,8
4,-254,-5,38,69,-13
-16,-255,-17,-74,77,12
9,-307,13,19,-21,13
12,-247,-31,52,18,34
-18,-313,-11,-40,18,3
19,-315,-20,-39,-31,-21
1,-318,0,17,-46,14
19,-313,-66,61,-51,-10
14,-301,-19,37,-17,-30
14,-292,-55,6,46,-54
-9,-342,-17,38,-32,-45
-19,-331,-63,48,19,-49
-29,-286,-23,-48,2,7
-20,-342,-20,-84,74,-57
31,-305,-14,67,-17,19
-12,-338,-40,59,-39,16
11,-371,-13,18,-57,-0
-4,-339,-39,-17,-92,21
6,-311,-57,-57,11,-37
-8,-362,-57,9,-49,45
3,-356,-88,-39,-3,21
26,-369,-54,-14,18,-25
-6,-394,-38,-2,-10,39
1,-377,-45,44,-20,-15
-28,-379,-102,-23,28,-27
9,-353,-76,13,-3,107
-4,-388,-39,-26,34,-44
-20,-405,-46,-2,11,-68
34,-390,-75,-18,-1,30
23,-362,-90,47,12,26
-19,-363,-68,-57,37,23
-7,-383,-112,40,28,51
12,-353,-49,-13,4,52
5,-354,-70,37,-30,25
17,-405,-37,-10,-28,-39
-8,-377,-103,-35,30,-7
-9,-409,-72,31,36,-84
18,-359,-76,50,28,-35
20,-422,-77,58,-7,28
18,-404,-76,-25,-38,7
-6,-349,-93,2,39,-11
12,-383,-89,23,27,-23
-8,-395,-82,17,-36,22
15,-381,-77,-62,20,-99
18,-393,-60,-49,25,27
-5,-401,-62,10,61,24
-21,-424,-37,-30,20,41
-16,-424,-105,-23,7,-67
2,-407,-70,-4,-55,-73
48,-419,-89,-9,-13,28
27,-376,-103,-91,21,-10
-6,-385,-57,-44,16,48
-23,-400,-38,88,-26,7
-4,-393,-56,-21,39,-17
8,-412,-53,9,-27,28
-28,-387,-106,-25,18,12
-41,-400,-39,-50,-44,-48
-12,-448,-73,-38,-43,17
-17,-391,-69,-51,10,6
15,-394,-47,-45,-36,85
23,-433,-94,-24,6,40
-17,-356,-65,-29,-51,-74
13,-398,-60,76,-9,4
14,-328,-73,-72,4,-84
18,-384,-77,-63,100,-28
-9,-381,-50,-9,-4,7
24,-351,-56,30,-58,-39
20,-390,-44,-31,103,-5
44,-360,-19,-14,-0,26
6,-367,-30,-65,68,-31
-5,-340,-60,19,-42,1
-38,-362,-23,27,99,24
40,-354,-38,-62,-14,-27
-37,-368,-56,-54,-23,-14
13,-397,-13,-47,57,79
5,-334,-9,14,22,-54
-30,-357,-55,54,24,-49
5,-332,-27,55,12,-29
10,-343,-39,36,-32,-7
30,-345,-38,51,53,50
17,-332,-6,-26,-103,-1
-6,-336,-25,-59,17,-9
-15,-359,-23,-38,71,56
-12,-314,-38,-63,46,-30
-19,-321,-25,18,-48,21
-21,-324,-19,-2,11,-16
11,-308,-45,-5,-38,42
13,-299,-47,-26,23,-64
4,-312,-30,-28,58,-86
-2,-277,-28,37,38,-29
12,-274,-21,48,-4,-5
-7,-268,10,0,-14,-28
-28,-267,17,17,33,41
10,-283,-18,16,-5,-101
-13,-258,30,58,-61,-24
1,-274,-19,8,-41,-66
-29,-273,28,3,-79,-0
29,-275,1,-62,-78,-88
4,-230,17,-36,-54,-56
27,-263,25,41,-25,28
16,-269,-3,11,11,-9
-30,-247,31,-34,-70,-11
6,-231,5,33,23,12
23,-246,-1,38,-88,-24
2,-224,4,23,64,-56
-3,-224,15,15,-47,13
-15,-227,41,12,21,-75
3,-246,22,3,9,15
12,-191,-8,21,25,32
-8,-209,28,-45,77,-10
12,-213,4,1,-62,-42
17,-182,59,84,-72,-22
-1,-220,70,-3,54,-1
-8,-176,46,-31,-12,-13
-20,-180,53,42,64,-49
10,-181,61,-47,47,-11
4,-137,70,-35,-32,38
23,-175,42,-7,29,44
-25,-175,38,-30,-36,-32
-9,-146,84,14,-3,-21
7,-182,68,34,18,-8
15,-154,64,11,16,-18
-3,-123,38,9,-22,-25
-3,-180,47,-24,17,17
4,-125,3,-19,3,-62
17,-148,60,-52,30,8
-28,-119,75,38,91,-39
6,-157,79,-34,-41,-32
-38,-123,88,-29,10,32
23,-96,47,59,41,42
9,-90,46,7,-6,24
-5,-107,87,-46,-47,-3
-9,-130,91,38,54,-45
33,-170,56,-32,40,-19
-18,-91,71,-37,-29,-52
-4,-112,28,-17,10,21
-21,-95,15,-17,3,1
-24,-134,81,79,-49,-63
12,-129,89,33,21,-27
2,-96,71,-7,-21,25
-10,-124,65,-4,-41,19
-6,-143,58,-35,64,-38
-11,-109,69,-42,-17,5
-38,-102,85,46,17,45
21,-114,85,6,-58,-26
-2,-97,81,-22,11,-7
-16,-93,77,-18,32,-1
9,-93,76,-64,-52,33
20,-112,62,-14,-51,-71
15,-114,98,-48,-50,-28
26,-89,54,22,-11,-64
-21,-70,114,4,8,1
18,-72,76,42,40,11
13,-114,85,123,15,59
12,-128,71,-6,-28,46
7,-110,93,33,-3,81
19,-122,103,-27,-19,28
17,-167,64,47,56,-11
8,-107,78,-6,-38,-22
-41,-137,50,72,25,2
16,-101,95,-13,23,35
-0,-96,77,-66,26,-42
-28,-130,19,10,12,4
-13,-136,68,6,-4,14
-21,-124,83,3,-83,-28
-43,-124,110,-41,84,11
-18,-146,79,-20,15,-30
5,-139,83,23,10,-46
-6,-158,77,31,6,-51
-1,-139,75,-110,2,-5
-6,-134,52,-41,-0,28
2,-166,47,88,-26,49
-7,-145,44,80,-18,-17
-27,-187,59,-0,-31,1
-20,-132,82,-25,-15,-7
-25,-145,60,37,13,-61
20,-135,67,12,-24,48
29,-158,49,-53,-31,-16
2,-176,29,-33,11,39
-10,-158,45,89,-25,-25
-20,-173,4,-4,-44,33
-13,-199,40,28,12,-22
3,-179,25,-15,-14,10
25,-212,60,69,50,12
5,-206,19,-64,0,7
14,-195,21,14,22,-6
-14,-169,38,52,21,55
-14,-216,49,46,12,-33
23,-194,33,43,33,-24
-15,-249,38,-55,26,7
11,-258,-7,-28,9,22
24,-224,3,10,59,-24
27,-253,47,15,112,16
1,-204,37,-26,-15,51
-11,-269,15,-41,56,-3
26,-248,11,-12,-17,-2
-1,-266,-1,-47,39,9
-21,-265,14,38,-91,-40
7,-253,-5,-57,-16,-44
-16,-246,42,17,-23,-59
-2,-276,19,-36,-49,-72
-26,-281,-14,-16,6,-76
-36,-305,39,1,-69,-23
-4,-288,-10,-63,-33,-65
-14,-304,25,10,76,-20
21,-324,-38,13,35,28
-25,-267,2,-35,26,-11
-8,-297,-12,4,45,-29
5,-316,-20,36,89,7
-10,-273,-79,9,-84,8
-20,-313,-24,23,-22,-13
21,-325,-23,16,-12,-10
-5,-330,-29,-44,-30,14
18,-358,-56,-35,-20,-49
6,-354,-35,19,-4,62
-29,-316,-54,50,-53,18
20,-340,-39,12,38,-63
19,-343,-66,-71,-38,16
4,-330,-58,-48,41,10
22,-375,-42,21,-63,-66
-4,-388,-17,41,-25,-43
8,-365,-70,-68,-16,-46
20,-368,-29,74,48,1
29,-355,-50,-9,43,50
-27,-374,-5,23,30,6
22,-372,-50,-7,21,2
0,-344,-43,50,-73,-60
4,-350,-57,-30,-2,95
-18,-353,-92,10,31,-9
-8,-395,-96,27,18,-76
46,-404,-67,-31,-4,-1
16,-389,-93,-21,-2,24
-31,-398,-94,52,-50,-21
-7,-358,-57,-8,-34,35
4,-421,-62,-13,-21,17
19,-387,-83,-30,-33,-66
-14,-398,-51,-18,-16,-21
-19,-414,-90,8,34,-3
-5,-413,-67,-65,141,16
1,-407,-87,2,48,60
23,-392,-68,2,10,-23
-24,-387,-52,43,23,-49
7,-387,-53,40,-28,24
21,-395,-61,-45,18,-35
22,-436,-80,-2,8,39
-2,-414,-121,-34,-45,48
-2,-405,-83,37,35,-20
-1,-400,-71,53,47,45
-17,-402,-74,28,-50,-25
-4,-426,-59,-41,30,48
6,-382,-74,22,3,19
35,-424,-73,-14,-91,-11
15,-436,-81,17,6,12
3,-390,-60,0,10,64
9,-406,-71,-74,-20,71
-11,-368,-55,3,43,27
3,-410,-46,30,63,12
13,-380,-97,38,26,10
-13,-424,-48,-63,-1,-57
-15,-374,-80,-7,-21,-1
-12,-376,-111,-25,-13,22
14,-388,-76,40,-22,32
-5,-404,-59,29,10,54
24,-402,-90,-36,-41,79
-17,-406,-102,47,-52,3
29,-386,-72,-12,4,9
35,-386,-60,23,-12,-11
6,-360,-37,-33,12,-0
5,-353,-48,-50,38,-7
-18,-401,-25,34,-6,-2
11,-367,-62,-8,-26,-24
-11,-363,-65,-3,-12,15
-13,-353,-37,-52,-55,45
28,-365,-72,-38,27,-30
-4,-368,-29,8,114,47
-25,-327,-41,21,-67,71
3,-325,-45,-74,43,2
23,-340,-57,-11,32,32
31,-345,-22,75,3,-6
-38,-319,-3,-3,-18,24
14,-317,-2,61,-13,-29
13,-281,-9,-2,-49,-36
-6,-309,8,-41,2,-15
2,-318,-33,-19,-27,51
-22,-326,-11,-52,-24,19
21,-319,-33,-7,-20,1
-43,-336,-29,-15,-71,-62
-16,-304,-14,-45,57,-23
1,-296,-11,22,6,-22
-16,-277,-41,-50,3,-62
32,-307,-22,-43,32,-75
-14,-291,5,70,-9,-61
24,-278,47,14,10,-24
15,-266,3,-20,66,42
-34,-273,7,-42,49,-46
-5,-270,-19,8,-47,49
16,-303,1,69,-28,14
9,-249,-14,-21,-25,-50
-31,-262,21,40,-45,86
11,-212,12,-54,-62,-3
21,-253,-38,17,7,26
-21,-231,11,-89,47,-52
9,-237,8,71,7,-11
2,-201,-1,-14,67,36
-13,-184,15,-17,7,24
5,-215,-18,-30,-31,14
7,-215,30,-87,-12,-9
4,-266,49,17,93,43
-5,-241,2,-6,46,-57
-2,-210,29,-26,-71,-19
-27,-176,62,-20,39,9
42,-213,6,55,-33,7
-43,-180,62,67,3,28
-4,-186,18,-12,-16,8
-27,-175,11,18,-25,12
5,-139,58,-53,-3,-0
15,-154,-2,-41,-60,-6
-12,-173,24,-35,36,28
36,-141,52,93,35,-86
8,-144,51,-3,-27,-35
2,-167,55,17,-6,36
-2,-153,69,3,-9,25
21,-153,85,17,-30,-18
28,-139,55,59,74,57
0,-158,60,-114,0,-72
-12,-140,36,-36,32,-24
-3,-140,58,-35,13,33
1,-130,56,-7,4,-49
12,-133,80,-5,-18,-20
-13,-160,96,23,-37,-15
-5,-131,65,-26,-112,61
24,-123,35,-13,29,7
-50,-115,54,-56,-27,-17
25,-125,83,-52,-16,-50
21,-85,102,6,-61,-26
-43,-108,62,25,-38,-84
14,-92,62,48,31,-27
14,-107,80,-27,-56,-39
-8,-117,92,-10,63,92
8,-82,59,-21,29,-23
3,-115,72,-8,-54,-36
15,-105,82,-32,-53,-11
9,-133,68,3,37,-41
20,-101,92,-70,2,-22
-9,-82,47,41,-5,45
30,-103,85,50,10,25
3,-87,71,-42,32,57
15,-96,74,-84,-15,45
32,-138,91,-13,-14,3
-24,-94,81,40,-55,22
10,-104,72,-20,-100,-15
6,-149,82,-25,-69,-1
25,-88,77,3,-10,-39
-18,-100,88,-32,-5,-33
-3,-112,78,-61,18,-27
6,-102,91,24,15,13
-9,-118,88,22,-16,-69
-23,-108,48,45,26,-26
24,-80,73,11,10,-1
9,-132,44,7,-24,-82
-11,-111,31,6,-12,12
-11,-147,104,-33,3,7
24,-136,41,16,-46,-91
19,-116,81,49,23,50
-10,-143,58,-37,4,73
-2,-163,44,54,28,59
48,-130,80,50,24,-20
-10,-132,57,-65,-100,7
-25,-111,57,-63,2,27
30,-153,62,7,-35,13
15,-152,56,-42,18,26
-18,-105,35,-24,-40,-20
-45,-127,51,50,34,-79
-9,-183,28,41,-72,74
-39,-174,40,-37,35,-9
7,-154,-10,-52,24,-11
11,-114,45,58,-43,-8
-2,-169,57,9,29,-50
10,-192,61,-0,3,-54
-7,-196,25,7,58,4
1,-189,16,-47,13,57
-2,-180,35,58,-31,-3
0,-218,22,72,11,-38
23,-157,7,36,48,-34
27,-207,42,-33,-21,-55
-9,-228,40,-13,-13,-3
25,-206,21,-4,-8,25
29,-203,10,52,-37,-26
-14,-250,-9,-55,24,14
-17,-214,-6,-50,61,-45
20,-216,5,22,-1,-58
18,-209,3,-72,-10,12
8,-228,16,49,-39,43
16,-246,30,-7,22,-13
-4,-234,34,-23,33,-30
36,-217,-10,75,-20,42
-16,-295,4,17,14,41
8,-275,11,-19,7,-44
-45,-281,4,14,-3,32
10,-264,-7,-30,-12,11
-4,-321,-25,26,-2,26
-1,-271,16,17,-10,-57
49,-272,24,-24,27,4
-5,-304,-16,7,32,23
-34,-294,21,-45,87,-29
-17,-306,-62,-21,20,-47
10,-308,-24,-57,-68,-25
-18,-314,-24,-8,-19,-1
10,-300,-16,66,-15,24
-15,-310,-29,-17,-77,-51
-26,-334,-49,2,98,82
12,-298,-11,-15,25,64
6,-295,-19,17,26,61
-1,-303,-35,-24,-53,-3
7,-329,-52,41,-11,89
20,-377,-29,-21,-20,-33
1,-333,-29,-44,11,51
7,-364,-27,29,19,45
-2,-362,-56,-3,-31,-34
-15,-366,-34,24,41,110
17,-353,-40,16,-9,28
1,-316,-71,-29,-11,12
10,-318,-82,5,-18,-34
7,-375,-55,-30,74,49
6,-369,-74,23,-17,2
-2,-359,-66,-55,36,-29
-25,-348,-36,-15,12,21
19,-390,-74,16,-29,-7
20,-352,-60,-8,73,102
-10,-374,-39,-66,43,18
-1,-376,-77,-61,48,92
-11,-352,-97,0,35,65
3,-365,-57,40,22,12
1,-378,-85,62,-64,-33
-8,-393,-75,-65,-29,42
-2,-424,-72,-15,5,-43
1,-401,-118,30,-26,-94
-3,-384,-46,27,1,18
-0,-401,-54,28,-31,21
8,-376,-97,-43,-28,0
22,-392,-64,-7,-26,20
3,-422,-94,6,18,87
15,-403,-90,58,58,-15
25,-393,-61,-12,23,-49
18,-424,-78,-24,-4,-36
22,-404,-96,16,-95,-27
-12,-428,-77,22,39,68
-22,-394,-113,11,-37,8
14,-426,-101,-17,-69,-31
22,-409,-68,-34,-7,-43
48,-414,-70,-11,-34,-43
-23,-400,-81,10,4,-29
22,-387,-32,-2,-9,26
-1,-411,-90,-32,25,-46
25,-389,-76,87,7,7
-46,-422,-63,12,0,20
-10,-386,-89,23,45,4
16,-386,-77,71,-1,-10
-0,-392,-101,-15,-0,-42
-17,-413,-12,4,-25,-60
-13,-372,-11,-4,11,-10
29,-372,-102,-43,31,-4
-6,-372,-61,23,25,-58
23,-358,-71,-13,-61,37
3,-373,-31,-35,28,3
-2,-401,-47,-44,62,-6
17,-391,-49,22,-45,69
14,-359,-40,-20,-9,69
-0,-375,-82,3,11,-26
-5,-396,-29,-15,10,-61
48,-353,-42,59,-22,-24
19,-335,-56,-14,22,-18
20,-365,-53,-50,55,13
-5,-366,-33,-42,-32,-13
8,-386,-33,6,-35,-31
9,-325,-12,-9,24,-56
-34,-352,-82,16,-37,27
-2,-362,-19,46,-43,-27
-22,-323,-41,54,60,-12
-30,-350,-26,-40,27,-57
13,-317,-29,-31,53,-40
12,-329,-38,-8,-31,30
-12,-342,-10,-18,47,-20
-19,-331,-72,-1,4,-9
14,-267,-23,-56,40,3
17,-290,-29,70,61,-69
26,-277,-33,-43,-8,-20
-31,-257,-13,-55,29,-0
-12,-293,-2,41,25,43
6,-315,5,58,-41,62
-23,-291,-36,56,-64,21
-11,-291,-26,-28,-55,15
74,-303,-6,44,22,-23
4,-287,-24,24,-50,-40
-45,-264,-24,-54,-12,-69
5,-272,-61,-4,12,75
-44,-237,4,-2,16,5
-23,-246,-7,-40,-52,17
-16,-281,0,77,-53,-55
-19,-248,-19,69,7,-13
-9,-250,22,-57,30,8
15,-215,8,36,52,-87
-28,-242,15,1,-98,47
17,-236,-3,26,-58,-88
-4,-218,57,-10,-32,28
7,-200,11,-74,25,-19
-10,-193,53,-14,-20,-5
-10,-228,13,29,-21,2
13,-197,50,-82,-19,15
-30,-210,40,-11,38,-30
-5,-205,27,72,48,22
21,-177,41,-9,-19,47
28,-188,26,52,8,-13
-19,-165,43,-6,100,-17
-0,2,1,-2,-3,1
-4,-0,2,4,-4,4
2,0,1,-1,2,-6
2,5,-4,-5,-0,-5
-1,-0,2,-3,7,-6
3,3,4,5,-4,-7
-2,-0,2,1,1,5
1,-4,-1,1,2,7
-1,0,1,9,-5,-5
2,2,-1,4,-6,-10
2,1,1,5,-3,2
3,3,-0,-7,-1,-3
-2,-6,2,-6,-7,-1
2,1,1,10,-0,-10
-2,-3,-1,-4,5,-1
0,-0,3,6,-0,1
1,0,-1,-1,-7,6
1,-1,-0,-9,-5,-4
0,2,1,-1,-7,-1
-3,2,3,-7,-4,-2
42,518,354,2628,1256,1412
468,97,777,2981,47,-1639
430,856,-350,4025,-4289,3224
656,-430,-18,5709,-1835,294
806,845,-54,7957,-2790,1996
-276,999,154,10661,-3287,-5055
931,2127,1052,13697,-423,-2590
1846,1487,538,16921,2458,-867
750,1951,2040,20184,-252,4841
577,2021,1597,23333,639,-2096
1306,2658,2101,26220,1019,-2403
1426,3335,1702,28710,1198,-1924
2046,3164,2103,30688,-2214,1410
1033,4300,1663,32060,-2529,127
1697,3771,2216,32762,-3174,-1619
2680,3208,1298,32762,-4316,873
1061,3818,1719,32060,-1961,2712
1966,4185,2364,30688,-3533,437
1209,2830,1472,28710,-753,382
1768,3362,981,26220,-2555,-2630
818,2380,342,23333,3026,353
1335,2681,627,20184,2742,-1280
-115,2964,630,16921,1738,320
779,1818,1029,13697,-2694,-2587
820,1627,736,10661,-1619,-2156
-434,450,627,7957,-868,-815
389,1783,441,5709,2797,3907
-92,813,290,4025,-514,-1332
750,719,-76,2981,-2099,1592
463,61,537,2628,3929,4
-6,2,257,0,0,1
6,6,256,2,2,-3
4,-2,257,1,-3,-1
-3,-8,256,-0,1,3
2,2,254,2,1,-1
1,3,265,-1,2,-4
4,1,253,-3,2,0
-4,1,255,-3,-2,-2
-3,-9,262,-4,-0,1
4,-3,257,6,1,2
-6,-0,257,5,-2,2
-5,0,264,-1,3,1
7,7,256,-0,-1,-4
11,3,260,-1,-2,-3
3,3,261,-2,3,4
3,-1,253,-2,3,-0
4,-3,250,-3,1,2
0,1,257,-2,0,-1
1,-4,258,-3,-2,-1
0,-2,265,2,1,3
-0,-5,252,3,-0,3
3,-5,256,1,4,0
-0,2,255,0,-1,2
1,-0,255,-1,3,-2
2,3,252,-0,2,2
-15,10,255,1,-2,1
-10,-3,250,-0,-2,1
1,6,252,2,0,1
7,-4,252,3,-1,1
2,-3,258,1,3,1
0,-0,251,-3,3,-1
0,2,261,-2,2,1
-8,-5,256,-0,-0,2
1,-4,255,4,-0,-1
2,-1,252,1,2,-1
6,-4,259,-0,-1,-2
2,13,253,3,3,-2
-3,4,252,1,1,1
-2,-2,256,0,2,2
5,5,255,-4,-1,-1
-6,-8,248,-3,-3,-2
3,-8,254,-1,2,-2
-1,-1,259,4,-1,-2
1,-4,264,0,2,-1
6,1,256,-2,3,0
-1,5,246,-1,-4,2
4,-4,266,1,0,0
-3,-6,251,-2,-2,-1
6,-1,258,-1,2,2
3,11,250,1,-3,0
1,-2,265,-2,-2,2
7,2,263,4,1,-3
12,-14,256,-0,2,-3
6,-6,261,-3,-2,-1
-7,9,260,2,-1,1
-6,-1,257,0,-0,1
-2,4,257,2,-3,1
5,-4,252,2,-1,1
1,5,263,-2,2,1
-2,3,246,-1,-3,2
6,-2,244,-0,-1,-0
7,7,256,4,-2,-2
-2,-6,255,3,0,0
-4,-9,259,0,-3,1
9,4,256,-1,-0,1
7,1,254,-1,5,-1
1,0,262,1,1,-2
1,2,262,2,2,1
-4,-1,255,-2,0,-1
13,2,257,1,-4,-1
-0,4,262,-1,1,-2
5,-2,256,0,1,1
-0,11,267,-2,-3,4
-3,6,254,-3,-0,-1
7,-9,254,-1,-1,1
0,-9,252,-1,-2,-2
-10,-4,254,-0,1,-2
1,-1,263,0,1,2
-2,-5,253,-2,0,1
5,-0,256,2,-2,2
-3,4,259,-0,-6,-2
0,-0,251,-3,-1,1
-11,3,254,-2,-4,2
4,-2,261,2,1,-0
-4,0,260,-5,-0,-5
2,-2,248,3,4,-1
3,2,250,-1,-2,-0
6,-0,247,2,-2,0
7,-7,252,-5,2,4
4,1,253,-2,1,3
3,9,251,1,1,-0
0,-3,257,-3,-0,2
8,0,261,2,-1,0
-3,9,255,5,2,1
1,0,255,-3,1,-1
-10,0,250,1,-1,-3
4,-12,254,-1,0,0
-10,2,250,2,0,-4
-10,-5,250,-0,-2,3
4,2,262,-3,1,3
0,-0,254,3,-2,-1
-0,-1,255,-2,2,-0
-9,-3,264,-1,-1,-1
6,3,259,0,1,1
2,-0,247,-1,-1,1
1,-11,251,-0,-5,-2
-3,-4,265,1,-1,-4
4,-3,264,0,1,1
2,-8,256,1,-2,-4
5,0,254,-0,1,3
4,0,245,1,-1,-1
3,1,265,2,2,1
3,-1,259,-1,-3,-4
1,2,259,3,-0,-2
-4,-0,256,-1,-0,-3
-10,10,255,-1,2,-4
-4,0,249,-0,1,3
3,6,258,-1,1,-2
-5,-10,249,-2,3,-1
-6,-5,262,2,1,-2
-9,2,249,0,5,1
4,3,254,1,0,-0
2,-5,257,3,1,-0
3,-3,246,2,-1,3
1,3,255,-1,1,-0
-1,5,253,-4,-1,2
5,8,257,-1,2,-0
5,6,246,0,3,-2
-7,0,256,2,-4,-4
10,5,258,-1,-2,1
5,-2,261,2,-1,1
-2,4,248,-0,2,-0
5,3,253,-1,4,0
7,0,261,1,0,3
0,1,252,1,1,1
7,6,254,0,0,-2
6,-2,249,-1,-2,3
3,8,261,-4,0,-0
-10,-4,263,-0,0,-3
-3,-5,253,-1,-1,-2
-3,9,253,-0,2,2
9,-4,249,-1,2,-1
-2,-2,257,1,-2,-2
3,1,254,3,1,1
4,4,257,-0,0,0
5,-0,248,-5,-1,-1
-2,-4,258,-1,1,-1
2,-8,256,2,-0,4
1,-5,258,-5,1,-2
-1,-2,259,-0,3,0
3,4,256,1,2,-4
-9,-5,246,2,-1,4
-4,-3,250,5,-1,2
9,5,250,-4,-4,-2
-9,-3,253,1,-1,1
-7,-4,261,0,1,3
-1,-2,257,4,-0,-1
1,1,257,0,1,0
1,-4,258,-3,1,2
3,1,251,1,1,-1
5,0,266,2,4,2
-11,1,254,-0,-0,0
5,2,256,-0,-3,-1
-5,2,257,-1,-2,3
6,-3,251,1,1,2
2,0,254,-2,1,-1
-0,-3,256,-1,3,0
0,1,257,-3,1,1
7,-1,248,-1,1,-1
2,1,266,0,1,-0
-7,6,259,-2,-2,3
-6,-4,262,-2,-1,2
2,3,242,-1,-1,1
-3,-2,257,-0,1,1
-2,-7,254,2,-4,1
3,-6,248,1,1,2
-3,2,252,-1,-2,1
2,3,249,-0,-1,-1
1,-9,260,1,0,-1
0,-3,254,3,-1,-2
-6,-4,260,2,2,-3
-1,7,256,-1,1,-2
-5,0,247,0,3,-2
-3,-1,255,1,-2,-4
-2,-1,252,-0,-1,2
-6,-3,248,0,-1,0
-1,3,256,-1,3,6
2,-4,261,-2,-1,-2
1,-1,259,1,0,1
-3,-3,258,-2,2,0
3,-5,264,0,-1,-4
-5,4,262,0,-1,1
1,0,256,0,-1,-0
1,8,257,-3,-0,2
-5,1,262,-4,-1,4
-3,-1,256,1,-2,-3
-3,-8,247,1,2,2
-3,-4,265,-0,-0,1
-11,-4,263,1,3,1
-4,-2,262,3,-1,1
-6,-2,269,0,-0,-0
-4,-3,254,-3,3,2
-4,-1,259,-2,2,-1
-3,2,251,3,1,-1
-4,4,252,0,-1,0
-3,3,253,-2,4,1
-2,-2,259,1,-3,-2
-3,-8,255,1,-1,-5
7,-3,261,2,1,-0
-1,-8,250,0,1,2
-4,-9,249,-1,-0,-1
8,4,258,3,-1,-3
-2,2,258,3,1,-1
-9,4,257,-2,0,1
-2,-2,261,2,-1,-0
-0,1,250,-1,-3,3
-2,2,251,3,0,-1
9,7,259,1,1,1
1,2,265,-0,-2,-1
1,5,255,-5,3,0
-3,1,254,-3,-2,-3
2,-11,250,0,-0,-5
-0,3,249,3,2,3
-4,3,256,3,2,-4
12,-0,259,3,-1,-3
-7,5,249,1,-1,1
-3,-7,255,-2,1,-3
2,-9,257,5,1,1
-0,1,264,0,-0,-1
-2,6,260,2,-1,2
-3,1,254,-1,-2,0
-2,-6,258,2,0,2
-1,1,255,-1,-2,-0
-9,-1,263,-3,-3,-1
1,-3,265,1,1,3
5,-1,259,1,-3,-1
3,16,260,4,2,-1
-5,-6,255,-4,-1,2
-0,-2,255,0,-1,2
-4,4,257,0,-1,-2
2,4,262,-1,-4,-2
2,2,264,-7,2,-1
2,-6,257,-1,-0,-1
4,-4,260,1,-0,1
-0,-7,251,-3,0,-1
7,-3,253,0,-0,-2
-2,10,254,4,3,1
1,3,249,1,-1,1
-1,-2,262,0,0,-0
7,1,251,2,4,-2
6,-1,256,-1,2,1
3,6,255,-0,-2,-1
4,2,256,-1,-3,4
-7,-5,263,0,-1,2
4,-7,263,-3,0,-0
8,4,260,1,-1,-1
6,-1,253,-2,4,2
-2,8,257,4,1,2
-1,6,264,-3,1,3
-5,2,264,0,-2,1
1,-4,259,3,-6,1
-2,-7,250,0,3,-0
1,2,253,4,-2,-0
-1,-2,256,1,-0,1
-9,-7,257,1,-2,2
3,3,266,-0,-1,-1
10,-3,255,-2,-2,2
-2,5,255,1,-3,1
-4,3,257,0,-1,-1
-8,-3,257,2,-0,1
-5,6,262,2,0,1
-4,-8,257,-5,-0,2
1,2,256,-2,0,-1
-4,5,263,2,1,-3
-7,-0,259,-1,1,-0
-3,2,254,-2,-2,-1
-1,-1,255,-2,-1,0
3,0,261,-2,-2,-3
-3,11,266,1,0,2
0,3,256,-1,-1,1
5,-3,255,-0,3,3
10,-4,256,-1,0,1
4,3,252,1,1,-3
-1,4,256,-0,4,-2
9,12,254,-1,-2,-0
6,-4,264,-1,3,0
0,1,266,-0,-2,-1
-3,-6,259,-1,-1,-3
-3,-2,256,0,0,2
-0,2,260,-2,-3,1
-6,2,260,0,2,-1
0,-5,264,-2,-3,-3
4,1,253,1,-1,1
-1,4,258,-1,-0,-3
-0,0,248,-2,1,4
-0,-4,250,-1,0,0
2,1,256,1,1,-2
-0,5,253,0,2,-1
3,6,252,-0,0,-1
0,-2,258,-1,0,3
-3,3,253,-1,-4,-3
-1,-1,255,-4,0,2
-2,-10,252,2,-1,-1
-6,4,258,2,1,-2
-2,-2,259,-2,3,2
1,8,252,1,-1,-0
-4,-1,257,1,-2,-1
-2,-4,250,1,0,-1
-3,-7,259,3,1,3
-6,-2,251,0,-1,-1
5,-6,260,-2,3,-0
-3,6,261,0,-3,-1
-3,-3,259,3,-2,-1
-3,8,256,-0,1,0
1,-1,257,-2,2,-2
-1,-0,247,-3,0,1
-9,3,254,-2,-2,0
7,-11,257,2,-0,0
2,-3,253,-0,0,1
4,-0,259,-5,-2,-2
-10,-0,264,-4,0,-3
-3,-7,252,1,-3,2
1,-3,268,-3,1,-5
2,-7,254,-1,1,1
1,-1,256,0,-2,3
7,-3,257,1,-1,3
2,6,256,2,2,2
1,-2,263,-0,4,-2
-1,1,252,3,3,2
2,-6,258,-1,-0,1
2,3,261,2,4,-1
-7,-3,254,-3,-1,-0
2,2,247,-0,3,-6
-0,6,252,1,-3,1
-0,4,259,1,0,4
0,10,263,0,3,-1
-7,-3,262,-3,-0,-2
-5,-2,255,0,3,3
-0,4,258,1,-2,1
4,-1,257,-0,-1,-0
1,3,262,2,-4,3
-0,-4,260,3,-2,5
-1,-2,252,-1,-2,3
1,0,254,2,1,-2
-3,4,255,-1,-2,1
1,-0,258,-6,2,0
5,5,260,0,0,-1
5,-2,255,-2,1,-2
-5,5,256,1,1,-0
-6,-2,257,0,1,3
-5,7,256,-4,2,1
1,-9,257,-0,3,-4
2,4,253,1,2,4
1,-1,254,-0,-0,-3
5,-5,248,-0,-0,-0
-2,5,264,-2,1,-4
2,-3,254,-1,-4,-2
-2,8,257,-4,5,-2
-2,-6,252,-5,-2,-1
-3,-2,249,-2,0,4
-6,-5,255,-1,2,4
2,1,238,-2,-2,2
5,-5,252,0,-2,-1
8,-3,255,3,-2,-4
-0,-2,247,2,4,1
7,-0,261,-2,1,-1
-2,-2,254,-2,-1,-0
-2,-7,256,2,-1,5
-7,1,246,1,0,3
8,-5,252,-3,4,-2
-3,-6,261,2,-4,-0
1,3,254,-1,1,0
8,0,250,1,1,1
-5,7,248,3,3,-4
7,2,258,-0,-2,2
5,1,253,-2,3,-0
12,-2,258,0,0,3
2,-3,260,-1,2,-2
1,-1,247,-1,1,-4
-2,2,260,0,-1,1
-0,5,251,-0,3,-1
-4,3,256,-1,3,-0
-6,7,256,-1,-1,2
2,5,252,-1,-4,-1
9,-9,262,-0,-1,-1
7,-6,265,1,2,0
11,-3,263,1,2,-1
-5,4,257,2,-3,4
4,1,260,-2,-2,0
-5,7,264,-2,-4,1
-3,2,259,-1,-2,4
4,-7,255,0,-2,1
-7,6,257,-1,3,-1
2,-3,253,0,-1,2
-5,-1,251,1,-1,1
-6,-4,254,-1,3,-1
0,-2,259,2,5,-3
4,8,240,1,2,-5
5,7,258,-1,2,-5
-1,-6,260,-3,-1,-2
-1,-0,256,1,-4,-2
1,1,259,-2,-2,3
2,-4,259,1,-4,-3
-1,5,254,-2,3,0
-3,-4,268,-1,4,0
-4,-10,256,2,-0,1
2,-4,254,-1,-2,-2
3,4,257,1,-1,1
-3,3,251,-2,-1,2
-6,9,256,0,2,3
-5,1,246,-1,2,-2
-0,-10,246,1,0,-2
3,-10,255,-1,-2,3
-7,0,254,-1,2,3
3,-0,253,-1,1,-1
4,2,261,-0,-0,-0
-3,5,260,-0,0,-2
7,-8,263,4,-0,-0
2,-1,264,1,-0,-0
-2,8,261,-2,2,-4
5,-11,263,2,1,-0
-11,-2,252,-2,3,1
5,-6,256,-1,1,4
10,2,262,-4,-1,-0
-6,3,253,2,-0,-2
-4,6,258,3,4,1
2,2,252,1,2,1
0,5,261,1,-3,-1
-7,7,251,-2,2,-4
6,-6,259,1,1,1
-10,7,251,2,-2,0
14,-6,249,-3,2,-2
-3,-3,257,-2,2,0
-3,1,260,5,-2,0
-2,-5,249,-0,2,1
9,-5,252,-2,2,-1
5,2,252,3,1,-1
-2,3,250,-1,-0,-3
1,8,269,2,0,-0
10,5,256,1,4,2
-6,-1,256,0,2,-4
5,-14,256,0,-4,1
3,-0,250,-2,-2,-0
8,7,265,-1,4,-2
6,-5,254,1,0,-0
-2,12,256,-3,-3,-2
1,-13,260,-3,-2,-1
7,-1,258,1,-2,-2
-0,-5,252,-0,-0,2
3,-5,259,-0,1,-0
1,13,248,-1,1,-1
4,-5,253,-2,-2,2
5,1,247,0,-2,-2
0,4,246,-1,-2,1
-3,1,260,0,1,-2
-4,1,253,-4,2,-3
-1,-3,258,8,-1,-0
-4,4,260,5,2,1
-6,-5,253,-1,-1,4
-2,3,264,2,-1,0
-4,2,261,-4,3,-0
1,-6,254,0,-1,1
-1,-4,254,-0,4,-1
-5,2,254,-1,-2,-1
3,4,264,-2,2,3
-1,6,254,-1,1,-0
3,-3,255,4,-0,3
-3,-2,257,-3,-5,1
2,-2,259,2,-1,2
-5,2,251,2,-1,0
-6,15,253,2,-1,-1
7,2,255,-4,0,-1
2,2,251,-2,3,1
-8,1,261,0,2,4
-8,1,258,1,-1,1
2,-0,259,1,-2,3
2,-3,254,4,2,2
3,6,256,3,3,4
7,0,261,0,-2,2
9,-0,253,-1,3,1
-4,4,259,-0,3,2
-4,-1,262,0,3,1
-2,-4,252,3,0,-5
-6,-6,258,0,-2,1
-2,-0,268,-0,1,-2
-0,-2,261,0,-0,-0
-6,5,267,1,-3,-1
3,1,258,0,1,-2
5,-4,253,-1,-1,-3
-0,-0,253,-1,0,-2
-2,-2,260,-4,1,-1
-1,-7,254,2,-2,2
-1,6,252,-1,1,2
5,-4,252,-2,2,2
1,-2,252,0,-2,-2
1,0,248,2,2,-1
-5,-3,258,0,0,-0
-1,3,255,-2,5,-2
-1,-7,262,-2,0,3
2,-10,249,-1,-1,2
6,6,262,2,-1,-1
-10,-4,263,1,-2,1
1,8,255,1,2,3
6,-6,265,-1,-2,-1
2,-4,257,3,-1,1
4,5,257,3,0,-0
4,-3,245,-0,1,-2
-3,5,261,1,-4,-0
3,-3,255,-0,1,1
-3,-7,262,-1,-1,-0
2,-9,257,2,-0,-1
2,-3,257,-0,3,-0
9,-7,259,1,0,1
-6,-6,253,3,2,2
-4,-3,246,0,-2,2
1,2,254,0,2,0
2,-7,252,1,-0,1
-3,1,250,1,1,-2
0,-4,257,0,-1,-0
5,-3,249,1,-3,-2
2,-8,255,4,1,-0
6,-10,246,-1,1,-0
5,-3,254,1,-2,2
3,-9,254,-2,1,1
3,-1,258,3,3,1
-9,5,259,4,-1,2
2,0,259,-1,0,0
-5,5,262,-1,1,0
-2,-2,255,-0,-1,-2
0,1,266,2,-0,-1
-2,-2,263,-5,3,1
8,2,260,2,1,-2
8,5,259,2,2,0
-6,-3,265,-4,1,2
6,10,250,-2,-2,-2
12,-4,258,-2,1,1
-2,15,257,2,3,1
-10,-5,261,3,-2,0
-14,-1,261,1,-1,4
-3,1,257,3,-1,2
-2,3,257,-2,-3,2
4,3,250,1,1,-2
-3,7,259,-1,2,1
0,-7,259,-2,0,2
-5,-10,255,1,2,0
-10,-0,258,1,-2,3
-4,2,256,1,3,-0
-6,4,256,3,1,2
-4,6,250,2,-4,3
-2,-2,264,3,-1,0
-5,-1,254,1,3,-3
5,-2,259,-0,-1,-1
-5,3,259,1,-0,-1
8,6,252,1,1,-1
-1,5,255,3,-2,2
-10,2,262,-3,1,-2
-1,2,258,-1,2,2
-8,-1,259,5,1,0
-8,0,253,0,2,-4
-1,-5,251,-2,-3,1
-6,5,252,-5,0,0
-4,1,254,-1,2,-3
3,-4,255,1,-0,-3
0,7,254,0,-1,-4
7,1,252,0,1,-2
-2,-10,254,-1,-3,-2
-7,-2,247,0,-5,0
1,-8,259,0,-1,2
-2,-1,253,-3,-3,-2
8,-7,259,1,-1,2
-3,4,260,-0,1,3
2,6,262,2,-2,1
-2,1,255,2,-2,-2
0,-7,263,1,-1,-1
-6,0,258,-1,1,2
-0,-3,254,0,1,-1
-4,5,256,4,1,-1
-5,-6,260,4,-1,-1
6,-1,265,-2,-1,-2
-8,1,269,-1,-3,-4
-2,3,255,2,-3,1
9,5,258,-1,-2,-3
-13,-2,256,-1,1,-2
-2,-2,253,3,-5,-1
-1,-9,261,2,2,2
4,-7,257,2,-2,-1
5,5,252,-3,1,-2
8,0,259,2,1,2
12,-4,248,0,3,-4
-2,6,259,-1,-4,-0
-1,-0,263,1,-1,1
4,0,261,-2,-1,-0
-1,-0,257,-2,-0,0
4,-5,251,-1,1,-4
4,-13,255,1,1,-2
-6,-10,261,-2,-0,3
-4,-0,250,-3,-1,3
-0,-3,254,2,2,-4
4,-5,255,-2,-0,-2
-1,-3,256,1,2,2
4,16,253,-2,-1,-3
-8,6,256,-1,-2,-2
4,-7,250,-1,-1,3
5,0,254,4,2,0
4,4,261,1,-4,-2
-6,-2,261,-2,-0,2
20,-2,263,-0,0,-3
2,-3,253,0,-2,-0
-8,-0,263,-0,-2,1
8,-2,264,-1,-0,-1
-5,5,258,-2,-2,2
5,-2,252,2,3,-0
5,4,256,0,-1,-1
-4,5,253,-3,-0,-3
4,-6,261,-2,0,0
5,-4,252,2,2,-2
2,8,248,-2,0,-1
-1,3,256,-0,0,2
4,0,252,-1,1,-0
-1,7,254,1,-3,0
-8,3,253,2,-1,-0
-6,10,255,-0,-2,-5
8,1,252,-1,-2,-1
-1,2,254,-2,-1,5
-4,-7,259,-1,-1,3
4,3,259,-1,-0,1
-3,-1,255,-2,-2,1
-5,2,254,0,0,-3
13,-0,259,-3,-3,1
-5,6,252,4,-0,1
-4,-8,260,0,0,1
-1,-3,264,-3,-2,2
-7,0,255,2,-1,0
2,-10,259,-0,-2,2
-8,-5,259,-1,4,1
-4,-7,257,-3,-2,-2
3,-11,261,-1,0,-1
2,4,262,7,-1,-1
-2,1,263,-0,-1,-3
1,-3,257,-2,-1,-3
-3,-4,251,-0,-1,2
3,-1,261,-0,-1,1
4,-4,260,-1,-3,2
1,9,262,-2,1,1
5,2,254,-0,-0,-2
3,-3,262,-1,-1,1
-6,1,255,2,1,1
-8,1,251,3,-2,2
-2,-2,256,3,-2,2
-4,-2,261,1,4,0
1,-1,250,-0,2,-3
-4,-1,256,3,3,-3
-6,0,260,-1,3,1
-6,-1,260,2,-3,-0
3,15,251,-0,3,1
-1,2,261,-1,1,-1
5,2,261,-1,1,3
1,-1,259,1,-1,1
3,-6,260,-1,-2,-1
-11,-9,253,2,-1,1
-7,-0,255,2,0,-0
4,-5,255,0,0,-3
-11,4,258,-3,-2,0
11,-3,259,-3,-2,-1
-4,-6,256,-1,-4,-1
5,3,257,-2,1,2
-3,1,242,-2,-3,4
-3,-2,259,-0,-1,5
3,-3,257,-2,2,0
1,-7,251,-1,1,2
-4,-2,251,-1,2,-2
-1,-0,259,1,-1,0
-1,-2,247,0,4,2
-4,0,255,2,-3,2
-0,-5,248,1,-0,-1
-10,-11,260,2,3,1
5,-2,254,-1,0,0
-9,-5,255,-1,0,-2
-0,-5,261,3,-0,2
9,-6,252,-2,-0,-0
-1,-11,256,1,1,-2
4,-1,260,-1,-1,-0
-7,1,256,-2,-0,-0
-2,-6,255,1,2,3
9,-4,251,-0,0,1
-4,-7,260,-1,-1,3
5,1,259,1,-4,1
9,2,259,-2,1,1
0,12,260,1,0,3
-5,-4,262,-1,-2,-1
4,1,247,4,1,-0
8,-1,253,1,2,-3
-3,2,262,1,-2,2
-1,-1,248,1,2,-1
5,2,251,4,-2,1
-2,-1,253,0,-1,1
-5,-1,262,1,-0,-1
-14,2,258,2,-2,2
1,1,255,-3,1,-3
2,-8,252,-1,-3,-1
7,4,253,-1,2,1
4,-8,254,1,3,2
-8,-3,259,2,-0,1
4,2,252,-2,-2,-4
-9,-8,252,-0,-1,-1
-8,-6,246,0,1,3
3,2,251,3,-1,2
2,12,259,1,-2,1
-0,7,248,-1,-0,3
0,1,253,1,0,4
-4,-2,257,1,-3,2
7,3,260,1,0,3
-4,1,266,-1,-2,-4
8,-10,259,3,0,-3
-2,2,256,1,-1,-0
3,5,255,-1,2,-2
2,-5,253,2,-0,-2
-2,-12,253,3,-2,-5
4,8,254,1,0,-3
-9,-2,257,-3,-2,-1
3,0,254,-2,-3,0
-2,8,262,-0,1,1
-3,-1,256,1,2,-3
-7,0,246,3,4,1
-1,5,250,1,-2,1
3,-7,253,1,3,3
-1,-2,255,-1,1,-0
3,-2,248,1,-4,1
-12,-3,256,8,-2,2
-11,-6,255,0,2,1
-6,-0,258,-0,-0,-4
-4,-1,262,-1,-1,0
-2,-7,256,-0,-1,-0
3,-3,255,-0,2,-1
3,-2,255,0,-1,-1
-1,1,252,-0,3,1
7,-6,252,-4,0,1
-2,6,262,-1,-0,-1
6,4,248,-2,2,-5
-4,-3,251,-0,-0,-0
-4,8,256,-1,-0,-2
3,3,254,1,0,3
-4,4,263,-0,1,0
-4,7,262,0,-3,-3
4,3,253,2,0,1
-3,-4,252,2,1,1
0,5,248,0,3,-2
-8,0,250,-5,1,-2
-9,4,262,-3,1,2
-9,1,256,1,1,1
-3,-6,258,-1,-2,1
0,-4,252,-1,-0,0
6,3,259,2,-1,-3
-5,-5,252,-2,-3,-1
9,-1,258,-0,-1,-1
15,12,255,3,-2,0
-6,3,255,-1,3,0
-0,-9,261,1,-0,-3
-7,8,253,2,3,2
-1,-3,254,1,-1,3
2,-1,253,-2,0,-1
7,0,250,3,-1,-1
-4,-6,261,0,-4,3
-0,2,255,1,3,-0
-5,-2,255,4,1,-4
4,5,261,1,-2,1
2,2,260,1,4,-2
2,-1,262,-1,-2,-2
-0,-8,249,3,0,-0
10,-3,268,-1,5,-1
2,-1,257,4,-0,-3
2,-5,248,-0,-2,1
1,6,257,-3,-1,-0
4,-0,253,-1,-2,2
-2,-2,258,2,-0,-2
-3,0,258,-5,1,1
3,0,254,2,-1,2
0,-4,256,2,-2,1
-4,-3,255,-1,0,1
-1,-4,253,0,-2,1
6,-7,267,-2,-1,-0
-1,-4,257,2,0,-1
-1,7,257,-1,-1,5
-2,4,263,1,2,-2
6,2,252,-1,1,1
-10,1,254,-2,-0,0
-3,-10,253,4,2,-3
6,-4,252,-1,-4,0
-1,1,250,-0,0,0
-1,2,255,2,-0,1
-5,-4,261,0,3,2
2,1,260,-0,-1,4
-5,-3,253,-3,-1,0
-5,-1,257,0,-2,-1
-2,8,259,1,-1,1
-2,-5,255,0,1,-0
5,6,261,1,-0,-4
4,-8,263,1,3,-2
-1,2,256,1,2,-1
-2,10,254,1,-1,0
-2,-1,253,-1,1,1
-3,0,253,4,-2,1
-1,-1,247,-1,-0,1
-2,-6,259,3,-2,-1
-14,7,251,2,0,-1
1,1,260,7,1,-2
1,0,253,2,3,-3
-3,0,249,-1,2,-1
2,-6,249,-3,-2,-3
-5,-13,244,-1,0,-2
4,-8,257,3,1,-1
-5,-10,258,-1,1,-2
5,3,250,-2,1,-3
-2,-0,253,-1,3,-2
0,-4,250,1,-1,-0
1,-4,262,2,2,-2
-1,-2,257,-0,1,-2
-4,5,253,1,-2,-0
4,-0,260,3,-3,-3
2,-0,264,-2,-5,-2
8,-0,261,1,-0,-3
-5,-6,252,2,-2,0
4,2,254,0,-2,1
4,-2,250,-1,-5,1
0,-1,261,1,-2,-3
5,-3,266,2,1,2
-3,0,260,-1,4,1
3,-6,247,-2,1,-2
-9,-0,265,4,1,-2
-6,-10,263,0,1,-1
7,-1,258,4,1,1
5,2,254,-0,0,-1
1,-5,261,0,-2,-2
3,-3,251,-1,-2,1
2,-6,257,-1,-1,2
2,8,257,1,-2,1
6,3,256,-0,-0,3
2,2,256,-2,-2,-3
-2,-4,248,-2,-1,-1
3,-6,254,2,-2,-1
-6,2,254,4,-0,-2
0,-1,252,-3,-2,-2
3,-8,256,4,1,-0
-0,-4,253,4,-0,0
-0,-4,268,1,3,1
4,-1,259,-2,4,3
7,-3,245,-0,3,1
0,-1,256,2,-1,2
-6,-1,251,1,1,-1
8,-7,245,0,-2,2
3,-8,258,-0,-2,-1
1,-8,257,5,-0,-2
-1,-2,265,1,3,-0
-0,1,258,-0,0,3
6,-7,254,0,2,1
1,2,260,0,-4,-3
4,8,248,-2,-2,-3
3,12,251,-2,3,-4
-3,12,262,-5,0,3
-1,10,256,1,-1,-0
-4,11,259,1,1,1
-4,-1,263,3,1,-2
4,5,258,-2,-1,2
-4,8,253,0,3,2
-6,-2,256,4,0,2
-3,5,248,-2,-2,-1
-3,-3,261,1,3,-2
7,1,259,0,-2,-1
2,1,257,-2,-2,-3
-2,8,264,1,-2,1
-3,5,256,-2,-1,-2
-6,1,254,2,0,1
-4,5,263,0,-4,-2
-9,7,249,-3,3,-1
1,4,259,-2,3,-3
0,-1,257,1,-0,1
-6,0,257,-0,1,1
5,-7,260,-1,-3,0
-6,5,249,0,-1,-2
-5,4,258,-0,1,2
1,2,253,-3,0,3
3,12,266,-0,-1,3
-12,-5,250,0,-1,3
-0,0,254,-1,3,1
2,6,255,-1,-2,-1
13,3,255,1,4,5
-7,4,263,1,-2,-4
-5,-6,258,0,0,2
2,-9,260,1,1,4
-1,-3,249,-2,-0,-3
8,1,263,1,1,-0
-3,-1,254,-2,0,0
4,9,252,4,0,0
-6,4,257,-1,-3,-5
9,-5,254,0,2,-2
-6,6,258,1,0,1
3,7,264,-2,1,-4
3,4,257,1,-1,4
1,2,254,-1,2,0
-1,-3,259,3,-1,0
-1,-6,249,-0,-1,-3
2,-2,250,3,2,3
-5,3,255,0,1,2
-0,3,257,2,-1,1
7,-2,264,-1,1,-0
4,-1,258,-1,-1,2
8,-4,258,-2,-4,3
-5,-8,265,3,4,-2
1,-2,255,3,4,1
-2,-7,254,5,3,1
1,2,258,0,-0,4
1,-3,249,2,-2,-0
-1,0,256,-4,-1,-1
0,10,253,2,2,-2
-5,5,267,1,-1,3
2,1,256,4,0,-3
-4,-3,259,1,-0,-1
2,5,253,3,-4,0
-1,-2,253,-0,-0,4
-2,-2,259,-2,0,1
-6,2,260,1,1,-1
4,-1,252,-1,2,2
-5,-8,266,-1,-1,2
-9,-4,261,-1,3,1
2,-7,250,1,0,-2
-5,3,257,-2,1,1
-9,-6,258,-3,1,3
-3,-2,247,-1,1,3
3,4,246,-2,-1,-7
7,5,251,1,-3,2
6,-5,260,-4,-0,1
-7,-6,255,-0,-2,-0
1,1,259,0,1,-1
7,3,261,-1,-0,2
8,4,269,2,-0,1
-5,7,252,2,2,2
5,5,265,-2,-1,-1
2,-3,261,-0,-1,1
-1,10,261,3,-2,-0
-5,2,266,-5,-2,-1
3,-9,251,1,1,-3
-0,4,256,-3,-6,-3
-7,-0,267,-2,-4,-1
9,-3,259,-3,0,4
0,4,251,0,-0,3
-3,3,252,3,-1,-1
2,-4,255,-2,2,-1
-2,3,261,-1,0,1
6,-3,254,-0,3,3
6,-8,263,-1,-1,2
-0,4,257,-2,1,-1
-0,2,254,1,0,1
0,1,261,-1,-1,6
1,-6,261,-3,-2,-1
-3,3,254,-2,4,2
0,3,258,3,-3,-1
-3,-1,256,1,-0,-3
1,4,250,2,1,0
6,1,267,-4,-0,0
-7,-5,253,-0,-1,-1
9,1,254,-1,-0,-1
1,-2,252,1,-2,4
7,-5,258,-1,-5,1
-5,1,258,1,1,1
-5,-5,254,-0,1,1
1,13,260,-2,-0,2
-2,-2,256,3,-1,0
6,-9,255,4,3,-1
3,4,251,0,1,5
-5,-3,259,3,-1,-1
-4,-1,252,2,-1,-2
-2,1,258,-0,-1,1
11,0,259,4,0,3
-7,-2,247,-1,0,-1
-3,2,253,0,0,-1
3,-2,258,0,-0,5
2,-1,251,0,-2,-3
3,6,256,2,2,1
-1,5,253,0,-0,1
2,-1,248,-1,1,0
10,5,259,-1,-2,3
-1,2,258,-2,-0,-2
-2,12,260,2,-3,-2
4,1,266,-2,2,-0
5,1,273,-3,1,1
-0,1,258,-0,-3,3
4,-7,261,-2,-0,1
-5,-5,257,-1,1,-2
6,-4,258,-2,-1,-0
-1,-1,263,0,-1,3
-2,-3,249,2,1,3
10,-2,257,3,-4,-2
-5,5,264,-1,3,1
2,-4,255,-0,-1,-2
3,-6,252,0,-2,-3
7,2,254,0,2,-3
-4,-11,252,4,3,-1
0,6,259,-1,-0,0
4,-7,259,-0,-4,1
1,5,252,1,4,1
10,-4,256,1,-0,-0
-3,-0,263,-0,2,-2
-0,0,254,3,-3,-1
5,4,251,-1,-2,1
6,-6,271,-1,-2,-2
5,1,264,-2,0,-1
3,1,254,0,5,3
5,2,250,4,-3,0
-6,-1,268,1,-1,1
-5,0,263,0,-2,-2
-1,1,255,2,-0,1
1,7,252,2,0,4
-2,8,247,-1,1,1
4,1,252,1,-2,-2
-2,6,252,1,1,0
-1,5,251,2,1,1
-2,1,251,-2,-0,2
-3,-2,255,-1,4,-0
4,-4,256,-4,0,3
-4,3,251,-1,1,1
0,-0,254,1,-2,-0
3,-1,250,-4,3,2
6,2,254,4,-1,1
0,9,257,2,0,-0
-13,-1,252,0,-1,-0
-3,-0,253,-1,-0,-2
-4,-5,263,2,-2,4
1,2,255,2,-0,1
2,1,260,-1,1,-3
-3,-4,267,1,-2,2
1,-3,269,-2,-1,-0
-6,-5,250,2,-1,-3
3,-4,253,1,1,2
2,1,264,-3,1,1
11,2,257,1,0,0
-6,-9,261,3,2,-1
1,4,250,-1,-1,-0
-1,8,251,3,-1,3
2,-7,254,0,2,-1
2,-4,256,1,2,-2
-7,-3,251,-1,-0,-1
2,-6,248,0,2,-2
2,-2,267,-0,1,-4
4,-1,253,1,3,3
-4,9,265,1,-4,-0
0,1,250,0,3,-2
5,8,248,6,-0,-1
-4,-1,263,3,0,-1
-6,5,254,2,2,-2
8,10,249,8,0,-2
-9,4,263,1,-2,1
2,5,257,1,-1,2
4,5,251,0,-2,-4
-1,8,256,2,2,0
-0,-4,268,0,-3,2
3,-8,268,-2,-2,-3
9,2,256,-1,-2,-2
-7,-13,247,1,-1,-1
1,-5,257,-1,1,-4
1,2,261,2,-1,-3
-11,-9,257,-1,1,3
-1,11,260,3,-1,-1
0,11,264,2,-2,-4
-4,3,248,-3,1,3
3,-2,258,1,3,1
2,-6,249,-1,-0,-0
-9,6,260,-0,-0,-1
-8,1,263,-1,-1,-3
1,-1,261,-0,0,3
10,-2,251,-0,-4,2
-4,4,257,0,-2,-1
1,-9,262,-3,2,1
-9,2,262,2,1,-0
3,-4,255,-6,1,2
9,1,262,-1,-2,-2
-2,10,245,1,-1,1
-6,6,261,-1,1,-3
-2,-4,254,0,-0,-3
6,-0,259,-3,-2,-3
8,2,257,1,-1,2
0,10,254,-0,1,1
-10,-4,263,2,2,-4
3,-1,253,0,-2,5
-7,-8,257,-0,-2,0
-2,6,258,2,1,2
-4,6,257,1,1,5
-6,6,248,-1,-1,2
-3,10,254,-0,1,-1
-4,4,253,-1,3,-1
-6,-1,255,1,1,-0
2,-0,253,-3,-3,-3
-7,4,254,2,2,-0
1,-6,260,-1,-2,4
5,6,251,1,4,2
8,2,262,-1,-0,2
11,-4,254,3,-2,-2
1,4,252,1,-1,-3
-0,3,264,-0,1,-1
-6,3,253,-1,2,-1
6,3,254,2,-2,-1
-8,3,257,-3,-0,-1
-10,2,250,0,-0,-0
-0,-4,259,1,-1,-2
0,-4,264,2,0,-3
-1,-0,258,1,-0,1
-6,0,259,2,3,-0
5,0,263,-1,-2,1
7,2,254,-2,-0,-1
-1,7,257,-3,-0,-3
-11,4,266,-3,2,-3
-3,3,255,2,0,1
8,-2,258,1,-1,1
-2,4,259,-1,-2,0
-1,2,246,0,-4,-0
-2,3,259,-1,0,-4
-3,3,259,-1,-1,3
-4,-1,256,1,-0,0
8,8,259,2,-3,0
-7,-1,257,-0,1,-1
6,-2,263,-2,-3,-1
3,-6,258,-2,1,-1
-5,-2,258,0,3,-1
4,-5,253,-2,-6,1
-2,-6,253,-2,-3,-2
2,-3,263,4,-2,1
4,3,252,3,0,2
11,1,256,1,2,-1
9,0,250,3,-1,1
-0,-6,252,0,1,-0
0,1,259,4,2,2
4,-4,262,1,-4,-1
-1,-6,251,1,-4,-1
-4,5,255,5,-0,-2
-1,-5,258,-0,-2,-0
2,-6,256,3,2,0
-2,-1,246,3,1,1
3,-0,246,1,1,-0
-2,4,251,-0,4,2
-9,1,257,2,-1,0
-4,0,261,-1,-0,-1
-10,1,250,2,-1,-1
-13,-5,250,-1,-4,-2
3,-14,257,4,-1,1
-1,-3,253,3,-3,4
7,-4,261,-1,1,-2
-11,3,259,-2,-3,2
-4,-1,250,2,-2,-3
6,-3,262,0,-1,-1
-4,-1,264,0,0,3
-2,-8,255,3,-2,2
1,5,254,-2,-3,-1
3,3,254,-2,-3,2
-1,-5,261,3,3,1
4,-11,254,0,3,2
-0,0,249,-2,2,1
-1,4,263,-1,1,-1
-9,-2,249,2,-1,-5
1,-11,260,-1,1,1
5,3,257,-0,-3,-1
-10,1,255,-1,1,-2
3,-0,248,-3,1,3
6,-7,260,-0,1,-3
-10,-4,254,2,-3,1
5,6,258,2,-0,-1
-5,4,263,-1,1,-1
-2,-5,248,-2,0,4
-2,-5,258,-0,1,2
10,-5,249,2,2,-4
-6,-3,258,-1,-0,4
-8,3,253,-2,0,-0
7,3,268,-0,0,-0
-12,-2,255,1,-1,-1
3,3,255,2,-0,-3
-9,-0,259,1,2,-1
-2,-2,247,-0,-2,-0
4,3,251,2,2,-1
4,7,250,-1,2,-3
-8,5,255,1,1,-1
1,7,256,-1,-2,2
-0,-8,257,1,2,1
-6,4,247,-3,1,1
5,-0,256,0,1,0
0,3,265,0,-2,0
-5,-1,259,2,-0,-1
0,-6,259,-1,-2,-2
7,4,249,0,2,3
7,2,256,1,-3,-1
-1,-2,273,-2,1,-2
3,3,252,-1,-1,1
-1,9,264,0,0,-1
6,-9,249,-1,2,-0
-4,-6,251,-0,2,-1
-4,6,250,-0,1,2
-5,-9,251,-0,1,-2
-2,-4,258,-0,-0,0
3,12,253,-1,0,1
-8,-3,259,-3,-0,-1
1,2,257,1,-3,-0
2,4,255,-1,1,-1
-0,6,252,-2,-3,-1
-8,-4,260,1,-1,-3
2,-2,253,4,4,2
2,2,247,-2,-0,-0
3,2,246,1,2,0
2,5,251,-1,-2,-1
-2,-5,258,1,-1,1
-2,-8,248,1,-2,0
-7,-9,249,2,-1,2
2,-1,254,-2,4,-0
-3,5,253,0,-1,-1
-1,12,253,3,-2,2
-6,-1,249,1,2,0
8,6,256,3,3,1
-7,3,260,5,2,2
-4,3,247,2,4,-2
-2,-5,255,-5,-4,1
-5,-6,257,-2,1,3
-1,3,255,0,-1,-2
-5,1,261,-3,-1,-1
-0,8,253,1,1,1
6,4,254,2,-3,2
2,-0,258,-1,-2,-1
-2,0,261,-1,2,-1
-7,-4,255,-3,-0,1
-1,-4,257,2,0,3
-1,4,263,-0,-0,-0
-7,5,250,-2,-1,0
0,-1,260,-0,1,2
6,-4,248,-2,-0,1
4,13,260,1,-1,4
-1,-1,255,1,0,1
-7,-0,265,-1,-0,2
3,2,258,-0,2,2
8,-1,263,0,1,-4
-1,6,255,-1,3,-1
-3,1,262,-3,1,-2
-1,-4,256,-3,-2,-2
-4,-0,252,-0,-0,1
-7,-1,263,4,-1,-1
4,1,260,-3,-0,-1
-6,-1,253,1,-3,-3
-4,8,252,-1,-2,3
3,-3,257,-0,1,2
-9,-2,261,-4,1,4
7,-5,263,-1,-2,1
-7,-0,255,2,-1,1
0,-0,253,-2,4,-1
12,-10,254,6,-2,0
-1,3,266,3,1,-5
-2,1,253,2,1,-1
-3,-2,260,0,-2,2
-5,0,263,-1,-4,-0
8,2,256,-4,-2,-2
4,3,254,-1,1,1
-1,-1,261,1,-2,1
5,-4,262,2,-3,1
6,1,264,-1,1,-2
-1,3,253,2,-0,-1
13,-7,253,2,-0,-2
9,-3,257,0,1,-2
-5,17,264,2,3,0
1,0,259,-1,2,1
-2,3,258,1,-3,-1
2,1,255,2,0,-4
2,8,253,-1,2,4
-3,-2,251,1,5,2
2,10,251,-3,-1,3
-3,-2,257,2,-1,1
1,-10,262,0,2,1
-6,-2,255,2,4,-1
-1,0,272,-2,-1,-1
-1,-1,258,-3,-1,-5
5,0,260,5,-7,1
-6,-3,254,1,-1,0
7,-3,251,0,2,-1
4,3,261,-2,4,-1
0,1,262,-2,-1,-2
-9,6,258,1,-3,0
-2,1,259,-1,1,-2
2,-2,269,-3,-0,2
-1,2,256,1,-2,-2
-3,-3,257,-1,2,0
1,2,270,0,-3,-2
-8,6,255,2,-2,1
6,-2,258,-0,1,5
-7,1,255,0,-2,1
-3,-13,247,-1,1,-1
-9,-1,260,2,-5,-1
-11,-2,253,1,0,-0
1,-6,255,-0,-1,3
-3,-1,258,-3,0,-1
-5,2,258,0,0,-2
-5,-4,252,-2,-7,1
3,-5,248,-1,-0,-3
-5,2,252,1,2,3
-5,-1,254,-2,2,0
1,-3,247,0,-2,-2
-4,-3,264,-0,2,-0
-4,5,251,-1,0,-1
-1,-3,263,-0,-0,-3
-2,-5,257,-1,-1,1
12,-4,256,1,-0,-0
10,4,256,3,2,-5
-5,-8,251,-2,2,1
-12,7,250,3,2,0
-9,-6,244,-2,-2,-2
-11,2,250,-1,1,-1
-2,-0,255,-1,1,-1
-3,6,258,1,0,1
0,-4,256,4,-1,-2
3,4,253,-0,-2,1
1,-11,252,-4,-2,1
10,3,250,-2,2,-2
1,-6,263,0,-1,2
6,3,262,1,-0,-3
3,-1,259,-1,-2,-6
7,-5,253,1,2,1
-2,-6,258,-1,-3,3
2,2,257,3,0,2
-1,0,256,1,-0,1
-6,-1,257,-3,1,-3
-3,-6,254,4,0,-3
-0,-3,251,-1,-1,6
-4,4,260,3,-3,-4
-8,-3,249,-1,-2,-1
-3,5,256,-2,1,1
-1,2,264,1,-0,3
-9,5,257,2,-1,-0
-5,0,257,2,0,0
4,2,255,-0,-4,1
-2,7,249,3,-0,1
-7,2,258,4,3,-1
-4,6,262,1,-0,-5
-13,-4,248,2,-3,-0
2,-5,265,1,0,2
-3,-5,263,-2,2,-0
-3,-14,254,2,3,0
11,-7,251,2,-1,4
1,-3,260,2,1,0
-2,-5,251,3,-1,2
0,3,252,-0,-1,1
3,-2,263,-1,-0,-3
2,6,253,4,-0,0
-3,5,265,-2,0,-0
11,-1,246,-3,0,-4
4,4,251,2,1,-4
-1,-7,251,-0,-1,1
-1,-2,264,2,0,-3
2,5,252,1,-2,-0
7,12,251,2,2,0
12,-1,253,1,-5,-0
2,-5,254,-3,0,1
6,-10,259,1,-1,2
-0,0,259,-4,-2,-3
-3,-0,270,-1,2,3
-0,-9,248,-0,-1,-3
2,-0,268,2,-0,0
5,2,260,0,-0,-2
-4,-0,257,1,-1,1
-8,3,262,0,2,-0
-1,2,257,2,0,-0
-2,-9,253,-1,2,-1
-1,-0,254,-0,-2,-0
3,-1,257,1,-1,-3
-9,4,251,-1,1,0
7,-8,264,-3,-0,-1
-2,-7,251,0,1,0
0,5,254,-3,1,1
-7,-12,265,3,1,-3
-5,-3,254,-4,5,-1
4,2,264,-2,2,-5
-1,-1,256,-0,-1,1
9,-7,248,0,-3,0
-4,7,262,1,1,3
-6,-3,261,1,1,5
-15,0,254,-0,-2,3
7,5,262,-0,-0,2
5,-0,257,-1,-6,3
1,-5,263,1,-2,1
-5,0,250,-1,2,-1
4,3,254,-2,-1,6
1,-4,258,-3,1,-5
8,4,261,0,1,2
3,7,254,-1,1,-2
-7,1,249,-1,1,-2
-4,-2,245,-1,0,1
7,1,264,-0,-1,2
-6,3,254,1,-2,1
-4,2,252,-1,0,-3
3,-1,256,-2,0,-1
-0,5,256,3,-4,2
2,-4,248,2,-1,2
4,-3,256,-1,-0,0
1,-8,248,-2,-1,0
3,-2,255,1,-1,-3
5,1,258,3,2,1
-2,-5,266,2,-0,-1
-2,0,247,0,3,1
11,-4,259,-3,-2,-2
5,3,264,-2,1,1
-1,2,254,-2,2,-2
-1,-5,253,3,1,-2
-7,-10,256,-0,-1,-4
-2,1,257,0,1,2
-3,-3,254,-4,-4,-1
-2,-9,253,2,-3,3
-5,6,261,-1,3,-1
7,4,258,-0,-3,-1
0,1,263,-3,2,-1
-5,4,257,-0,-1,1
3,5,251,-1,5,2
11,-19,255,-0,3,-1
4,2,252,1,-2,2
2,-8,252,-5,-3,-0
-2,9,253,3,-0,-0
-5,3,263,6,-1,-4
-5,-3,260,-2,-3,-1
-2,-2,258,1,5,4
-0,-7,258,3,-3,-1
6,-2,255,2,0,1
11,2,259,3,0,-3
-6,-3,256,-2,-1,-2
-8,-3,250,2,-3,-2
-4,-2,262,1,-2,-0
-3,-5,253,-0,0,1
-2,-7,261,-0,-0,0
0,3,256,-0,3,0
-2,-15,257,-3,0,1
-12,-2,254,3,1,-2
-6,-5,263,-3,-0,2
-13,3,251,0,-3,2
7,-3,255,2,4,2
2,0,261,-3,3,-0
5,-0,257,1,-1,-3
-3,-1,253,2,2,1
-3,0,256,3,1,-3
-6,-2,249,-1,-2,-1
-7,-4,249,3,-1,-1
3,1,255,0,-0,-1
1,11,255,1,2,2
-4,-6,248,2,1,3
7,9,256,-1,-2,0
3,-9,255,-1,2,-0
-6,5,263,-3,-1,1
-4,1,260,0,-0,0
-1,1,250,-1,-0,1
4,0,253,3,1,-1
8,-2,254,2,-2,-2
-7,3,256,-3,3,1
9,1,259,0,-3,1
-1,4,246,1,1,-2
-4,0,260,1,0,-2
-3,-3,258,-1,-2,2
8,-3,259,5,-1,3
-2,7,259,-1,-1,0
-3,10,252,0,-1,1
5,0,263,1,2,1
5,6,251,-5,1,1
-10,6,247,-0,-1,1
6,6,260,4,-0,1
-6,-3,248,-1,-2,2
5,-7,257,-1,-0,0
7,5,247,0,-1,2
1,-4,256,-2,1,2
4,-1,255,-1,-2,2
-1,3,261,1,3,1
-6,-5,256,-0,1,1
-3,1,258,-5,2,4
-1,-10,259,1,0,-3
1,-5,257,-0,-0,5
4,-13,253,-2,3,-3
-6,-2,255,-4,-3,-1
6,5,245,0,-0,0
2,2,255,2,-1,1
4,6,248,5,0,-0
-3,-3,258,-2,-1,-1
1,-4,261,1,-0,1
-6,-11,258,-2,-3,-1
1,-3,262,-1,0,-1
9,-4,260,2,-0,-1
-5,5,261,-4,0,4
4,-3,255,1,-3,3
0,2,248,0,1,0
-1,6,252,-1,1,2
1,3,250,3,3,2
-3,5,255,2,-4,1
-3,-1,249,-1,-0,1
7,3,250,-1,5,-0
11,1,255,1,-0,3
5,2,252,-1,-0,-0
-2,5,253,2,-2,-0
-2,-20,256,-0,-1,1
-2,10,252,2,-4,3
2,3,261,0,-0,2
6,-0,255,-1,-1,2
-3,8,249,3,-0,-4
-0,3,261,-3,-3,-1
-0,-1,251,-1,0,2
5,5,260,1,-0,-2
-7,-0,259,1,-5,1
3,1,249,-1,0,-3
-12,-1,263,-2,2,-2
5,0,247,-2,-1,-1
1,3,252,3,1,-1
-5,9,258,-1,-3,-1
4,1,260,0,0,2
-5,-3,247,-1,-1,-1
3,3,250,1,3,2
-15,9,257,-1,-0,2
1,2,257,-1,0,-0
11,2,256,3,1,-4
-6,-7,257,-3,0,0
7,-9,264,-0,1,0
4,-6,251,1,-2,-3
3,-3,253,-2,-0,2
-1,1,262,1,-0,3
-3,4,254,2,-6,-3
-7,4,247,-1,-3,-0
4,-3,257,0,-0,-1
-1,6,252,-1,1,3
0,-6,259,-2,2,1
3,3,254,4,-3,3
2,1,264,2,-1,0
-9,12,254,3,-1,-3
-6,4,256,2,-2,4
15,-1,262,-2,2,-1
-3,10,265,-1,-4,-1
-6,-9,245,0,2,-1
-1,4,254,-4,0,-2
3,4,253,2,-1,2
-1,4,258,-1,0,7
2,2,266,-2,2,-1
-1,-4,251,-0,3,-1
