24,-270,6,0,0,0
45,-224,38,0,0,0
8,-246,3,0,0,0
-34,-301,-41,0,0,0
-2,-244,-1,0,0,0
43,-204,52,0,0,0
-10,-263,-2,0,0,0
-42,-295,-34,0,0,0
20,-258,5,0,0,0
28,-207,29,0,0,0
6,-254,-3,0,0,0
-36,-295,-28,0,0,0
19,-249,-2,0,0,0
38,-222,44,0,0,0
-19,-270,0,0,0,0
-46,-276,-42,0,0,0
-13,-249,12,0,0,0
38,-209,40,0,0,0
-1,-268,3,0,0,0
-45,-302,-19,0,0,0
-17,-250,8,0,0,0
44,-224,42,0,0,0
1,-248,-2,0,0,0
-29,-299,-44,0,0,0
-12,-253,-6,0,0,0
19,-232,11,0,0,0
14,-249,16,0,0,0
-45,-292,-16,0,0,0
-8,-251,0,0,0,0
50,-220,29,0,0,0
-14,-246,-21,0,0,0
-40,-280,-40,0,0,0
15,-266,10,0,0,0
32,-199,26,0,0,0
-6,-247,-7,0,0,0
-58,-292,-33,0,0,0
16,-262,-12,0,0,0
48,-212,39,0,0,0
-25,-265,2,0,0,0
-44,-307,-48,0,0,0
2,-257,1,0,0,0
40,-199,33,0,0,0
-2,-263,-14,0,0,0
-40,-281,-51,0,0,0
6,-256,-11,0,0,0
55,-210,39,0,0,0
17,-242,2,0,0,0
-43,-285,-52,0,0,0
4,-272,-2,0,0,0
35,-213,41,0,0,0
11,-258,-10,0,0,0
-41,-306,-43,0,0,0
-8,-258,-6,0,0,0
35,-212,55,0,0,0
-1,-241,1,0,0,0
-35,-321,-36,0,0,0
-11,-254,-2,0,0,0
36,-212,57,0,0,0
14,-265,16,0,0,0
-69,-300,-60,0,0,0
0,-239,3,0,0,0
50,-213,45,0,0,0
-3,-251,-6,0,0,0
-42,-305,-47,0,0,0
-10,-260,-4,0,0,0
37,-223,40,0,0,0
20,-261,5,0,0,0
-45,-301,-36,0,0,0
9,-264,3,0,0,0
33,-229,54,0,0,0
-13,-271,-1,0,0,0
-37,-311,-45,0,0,0
1,-239,15,0,0,0
26,-219,35,0,0,0
8,-243,-13,0,0,0
-40,-302,-28,0,0,0
9,-243,-7,0,0,0
50,-223,40,0,0,0
-5,-261,-6,0,0,0
-24,-301,-43,0,0,0
14,-258,6,0,0,0
45,-220,49,0,0,0
2,-258,-8,0,0,0
-40,-284,-39,0,0,0
-5,-256,-12,0,0,0
47,-223,50,0,0,0
-9,-254,-1,0,0,0
-38,-288,-50,0,0,0
-0,-262,20,0,0,0
54,-227,55,0,0,0
3,-264,-9,0,0,0
-39,-316,-36,0,0,0
1,-253,-5,0,0,0
42,-243,38,0,0,0
3,-259,-3,0,0,0
-29,-297,-67,0,0,0
-3,-253,-13,0,0,0
51,-213,44,0,0,0
-9,-268,-13,0,0,0
-25,-278,-35,0,0,0
5,-247,-6,0,0,0
36,-218,27,0,0,0
-8,-264,-11,0,0,0
-38,-312,-49,0,0,0
10,-261,3,0,0,0
35,-227,30,0,0,0
2,-257,-13,0,0,0
-34,-303,-37,0,0,0
1,-249,-0,0,0,0
35,-222,36,0,0,0
16,-263,-0,0,0,0
-41,-305,-50,0,0,0
9,-252,7,0,0,0
54,-209,32,0,0,0
-32,-245,-4,0,0,0
-43,-294,-54,0,0,0
8,-262,-0,0,0,0
47,-234,38,0,0,0
-10,-272,-8,0,0,0
-35,-304,-42,0,0,0
3,-248,-9,0,0,0
40,-215,40,0,0,0
6,-284,10,0,0,0
-46,-292,-37,0,0,0
1,-258,15,0,0,0
49,-230,30,0,0,0
-9,-241,-9,0,0,0
-42,-303,-35,0,0,0
1,-255,-8,0,0,0
38,-216,39,0,0,0
-10,-267,-12,0,0,0
-49,-322,-40,0,0,0
8,-250,1,0,0,0
55,-212,33,0,0,0
-6,-264,8,0,0,0
-46,-294,-24,0,0,0
21,-234,-5,0,0,0
43,-216,25,0,0,0
-2,-261,-3,0,0,0
-54,-293,-52,0,0,0
-2,-245,-5,0,0,0
37,-205,38,0,0,0
-20,-275,-17,0,0,0
-45,-284,-40,0,0,0
11,-256,29,0,0,0
35,-224,24,0,0,0
2,-263,-6,0,0,0
-40,-300,-25,0,0,0
11,-263,5,0,0,0
51,-223,42,0,0,0
-12,-281,-19,0,0,0
-43,-303,-48,0,0,0
-4,-246,10,0,0,0
46,-208,34,0,0,0
-0,-259,-0,0,0,0
-52,-286,-46,0,0,0
20,-246,-1,0,0,0
39,-224,20,0,0,0
-15,-241,-10,0,0,0
-48,-293,-58,0,0,0
11,-263,1,0,0,0
41,-190,28,0,0,0
-17,-255,-26,0,0,0
-43,-296,-33,0,0,0
16,-251,-10,0,0,0
27,-233,36,0,0,0
7,-237,14,0,0,0
-62,-287,-40,0,0,0
11,-258,-1,0,0,0
38,-231,59,0,0,0
-6,-260,13,0,0,0
-52,-290,-32,0,0,0
10,-257,-1,0,0,0
39,-223,39,0,0,0
-14,-257,-17,0,0,0
-35,-307,-43,0,0,0
-10,-243,7,0,0,0
39,-219,43,0,0,0
6,-270,-4,0,0,0
-55,-295,-30,0,0,0
-6,-247,8,0,0,0
38,-219,36,0,0,0
-8,-262,1,0,0,0
-23,-300,-46,0,0,0
13,-253,6,0,0,0
15,-219,39,0,0,0
-18,-251,1,0,0,0
-44,-297,-44,0,0,0
13,-242,16,0,0,0
48,-219,23,0,0,0
-16,-249,3,0,0,0
-57,-290,-44,0,0,0
-2,-250,-1,0,0,0
52,-213,30,0,0,0
-12,-267,-5,0,0,0
-28,-308,-43,0,0,0
9,-259,19,0,0,0
41,-204,51,0,0,0
-8,-262,10,0,0,0
-40,-300,-67,0,0,0
5,-249,-3,0,0,0
44,-212,46,0,0,0
-5,-273,-12,0,0,0
-37,-301,-19,0,0,0
-6,-241,16,0,0,0
38,-216,21,0,0,0
-17,-280,-29,0,0,0
-37,-281,-21,0,0,0
12,-249,1,0,0,0
53,-218,37,0,0,0
-0,-283,4,0,0,0
-45,-297,-32,0,0,0
17,-261,16,0,0,0
30,-227,30,0,0,0
-19,-265,-16,0,0,0
-49,-282,-73,0,0,0
27,-260,-3,0,0,0
44,-214,30,0,0,0
-10,-281,5,0,0,0
-41,-322,-41,0,0,0
-5,-248,1,0,0,0
54,-215,40,0,0,0
-11,-274,-26,0,0,0
-46,-314,-43,0,0,0
18,-264,5,0,0,0
31,-213,28,0,0,0
-16,-275,1,0,0,0
-30,-307,-40,0,0,0
18,-254,2,0,0,0
34,-208,59,0,0,0
-4,-261,-7,0,0,0
-46,-306,-60,0,0,0
12,-245,20,0,0,0
43,-225,25,0,0,0
7,-263,-24,0,0,0
-38,-306,-28,0,0,0
-2,-270,1,0,0,0
37,-218,36,0,0,0
-11,-258,8,0,0,0
-30,-276,-31,0,0,0
1,-232,8,0,0,0
39,-235,18,0,0,0
-18,-260,-12,0,0,0
-33,-278,-61,0,0,0
-18,-243,2,0,0,0
47,-209,30,0,0,0
-27,-267,5,0,0,0
-37,-308,-44,0,0,0
-3,-237,12,0,0,0
42,-214,33,0,0,0
-13,-264,-1,0,0,0
-45,-271,-30,0,0,0
19,-249,8,0,0,0
38,-211,36,0,0,0
-16,-262,-8,0,0,0
-20,-313,-24,0,0,0
13,-275,12,0,0,0
39,-211,42,0,0,0
-9,-274,-12,0,0,0
-46,-297,-40,0,0,0
-2,-246,13,0,0,0
44,-206,30,0,0,0
-12,-263,-4,0,0,0
-24,-296,-34,0,0,0
12,-258,-0,0,0,0
39,-210,23,0,0,0
-3,-263,-28,0,0,0
-28,-301,-49,0,0,0
2,-241,1,0,0,0
31,-241,34,0,0,0
-7,-271,-16,0,0,0
-46,-305,-25,0,0,0
24,-243,-4,0,0,0
44,-236,31,0,0,0
-5,-268,2,0,0,0
-31,-306,-25,0,0,0
8,-244,10,0,0,0
27,-209,48,0,0,0
-25,-269,-12,0,0,0
-46,-301,-34,0,0,0
2,-239,20,0,0,0
42,-207,19,0,0,0
-16,-269,-10,0,0,0
-39,-305,-34,0,0,0
13,-235,3,0,0,0
45,-215,33,0,0,0
-14,-265,-28,0,0,0
-38,-299,-25,0,0,0
-5,-245,16,0,0,0
39,-226,34,0,0,0
-15,-255,0,0,0,0
-29,-293,-49,0,0,0
7,-264,6,0,0,0
23,-227,35,0,0,0
6,-268,5,0,0,0
-48,-284,-45,0,0,0
1,-233,15,0,0,0
24,-212,21,0,0,0
-11,-263,-12,0,0,0
-54,-297,-47,0,0,0
-4,-241,7,0,0,0
27,-212,36,0,0,0
-10,-272,-19,0,0,0
-45,-294,-31,0,0,0
17,-240,-6,0,0,0
29,-222,20,0,0,0
2,-270,-22,0,0,0
-35,-289,-40,0,0,0
-5,-244,-1,0,0,0
48,-220,31,0,0,0
-5,-267,-2,0,0,0
-48,-301,-42,0,0,0
-11,-259,20,0,0,0
48,-218,58,0,0,0
-0,-264,-10,0,0,0
-31,-301,-31,0,0,0
21,-252,19,0,0,0
40,-222,48,0,0,0
-4,-267,-3,0,0,0
-37,-293,-24,0,0,0
27,-233,19,0,0,0
34,-221,41,0,0,0
-14,-268,5,0,0,0
-20,-289,-42,0,0,0
18,-251,17,0,0,0
49,-208,42,0,0,0
-23,-261,-7,0,0,0
-20,-311,-30,0,0,0
11,-249,16,0,0,0
31,-214,19,0,0,0
-12,-280,-17,0,0,0
-43,-306,-56,0,0,0
-7,-248,18,0,0,0
34,-212,37,0,0,0
-23,-278,-8,0,0,0
-39,-306,-58,0,0,0
-8,-232,4,0,0,0
32,-219,62,0,0,0
-23,-253,-5,0,0,0
-54,-299,-28,0,0,0
-10,-254,16,0,0,0
29,-219,59,0,0,0
-3,-266,-23,0,0,0
-39,-289,-52,0,0,0
13,-247,17,0,0,0
22,-234,33,0,0,0
-14,-272,-19,0,0,0
-43,-289,-48,0,0,0
4,-238,5,0,0,0
50,-218,11,0,0,0
-3,-257,5,0,0,0
-18,-295,-45,0,0,0
27,-249,21,0,0,0
26,-217,35,0,0,0
-23,-256,-22,0,0,0
-20,-300,-23,0,0,0
9,-240,15,0,0,0
43,-228,40,0,0,0
-0,-269,-27,0,0,0
-42,-299,-37,0,0,0
13,-231,11,0,0,0
31,-221,42,0,0,0
-8,-289,-10,0,0,0
-47,-297,-46,0,0,0
24,-243,17,0,0,0
38,-215,52,0,0,0
-7,-254,-11,0,0,0
-26,-292,-49,0,0,0
7,-244,7,0,0,0
48,-206,34,0,0,0
-3,-276,-9,0,0,0
-42,-293,-34,0,0,0
13,-260,27,0,0,0
52,-212,38,0,0,0
-2,-272,-21,0,0,0
-37,-300,-52,0,0,0
2,-227,-5,0,0,0
34,-231,34,0,0,0
-9,-265,-18,0,0,0
-28,-288,-28,0,0,0
-2,-248,17,0,0,0
37,-213,63,0,0,0
-25,-266,-20,0,0,0
-49,-292,-44,0,0,0
11,-251,23,0,0,0
41,-202,37,0,0,0
-17,-286,-11,0,0,0
-47,-294,-37,0,0,0
13,-241,15,0,0,0
40,-217,46,0,0,0
-15,-272,-1,0,0,0
-38,-282,-35,0,0,0
5,-236,11,0,0,0
46,-225,38,0,0,0
-25,-255,-6,0,0,0
-39,-296,-10,0,0,0
21,-261,9,0,0,0
36,-226,41,0,0,0
-8,-253,-12,0,0,0
-30,-304,-7,0,0,0
8,-233,6,0,0,0
39,-226,46,0,0,0
-3,-258,-4,0,0,0
-40,-286,-33,0,0,0
7,-240,14,0,0,0
38,-212,40,0,0,0
-24,-253,-31,0,0,0
-38,-307,-39,0,0,0
2,-242,6,0,0,0
26,-230,39,0,0,0
-13,-273,1,0,0,0
-36,-284,-36,0,0,0
12,-241,0,0,0,0
40,-219,34,0,0,0
-3,-257,3,0,0,0
-31,-311,-42,0,0,0
25,-247,4,0,0,0
33,-227,39,0,0,0
1,-268,0,0,0,0
-50,-288,-37,0,0,0
25,-247,17,0,0,0
33,-228,22,0,0,0
-20,-265,4,0,0,0
-28,-297,-45,0,0,0
26,-244,36,0,0,0
46,-224,54,0,0,0
-6,-275,-17,0,0,0
-20,-288,-49,0,0,0
14,-237,6,0,0,0
47,-225,61,0,0,0
-11,-291,-13,0,0,0
-51,-286,-57,0,0,0
14,-248,15,0,0,0
29,-211,33,0,0,0
-3,-270,-14,0,0,0
-46,-301,-43,0,0,0
-2,-247,13,0,0,0
35,-220,50,0,0,0
-25,-257,-12,0,0,0
-23,-306,-35,0,0,0
3,-245,20,0,0,0
46,-211,49,0,0,0
1,-275,2,0,0,0
-29,-302,-30,0,0,0
18,-249,-2,0,0,0
53,-213,30,0,0,0
-7,-273,-28,0,0,0
-39,-297,-55,0,0,0
21,-242,3,0,0,0
17,-202,32,0,0,0
-14,-266,-12,0,0,0
-48,-281,-52,0,0,0
11,-235,19,0,0,0
19,-226,35,0,0,0
13,-263,-30,0,0,0
-32,-297,-16,0,0,0
-5,-238,8,0,0,0
40,-222,23,0,0,0
-11,-263,-15,0,0,0
-42,-291,-42,0,0,0
-5,-232,-10,0,0,0
32,-226,35,0,0,0
-11,-295,9,0,0,0
-34,-292,-34,0,0,0
23,-223,10,0,0,0
22,-225,38,0,0,0
-10,-267,-13,0,0,0
-20,-291,-21,0,0,0
4,-252,12,0,0,0
28,-216,28,0,0,0
-30,-259,-30,0,0,0
-51,-287,-34,0,0,0
9,-243,10,0,0,0
55,-192,36,0,0,0
3,-244,-16,0,0,0
-31,-286,-45,0,0,0
25,-252,22,0,0,0
48,-223,39,0,0,0
-8,-268,0,0,0,0
-36,-289,-40,0,0,0
5,-229,21,0,0,0
28,-235,29,0,0,0
-30,-287,-14,0,0,0
-32,-293,-30,0,0,0
18,-239,16,0,0,0
36,-202,20,0,0,0
-16,-282,-13,0,0,0
-40,-307,-55,0,0,0
13,-263,30,0,0,0
28,-208,32,0,0,0
-16,-269,-22,0,0,0
-40,-305,-34,0,0,0
22,-234,25,0,0,0
37,-231,50,0,0,0
10,-278,1,0,0,0
-41,-287,-22,0,0,0
22,-218,33,0,0,0
48,-242,40,0,0,0
-24,-294,-17,0,0,0
-43,-302,-25,0,0,0
2,-261,16,0,0,0
13,-222,47,0,0,0
-4,-272,-13,0,0,0
-47,-294,-42,0,0,0
-5,-255,17,0,0,0
39,-218,48,0,0,0
-18,-271,-15,0,0,0
-43,-284,-37,0,0,0
24,-215,16,0,0,0
33,-217,28,0,0,0
-29,-256,-6,0,0,0
-46,-298,-39,0,0,0
7,-246,20,0,0,0
50,-212,47,0,0,0
-23,-278,-7,0,0,0
-24,-284,-24,0,0,0
25,-227,10,0,0,0
39,-230,31,0,0,0
-6,-254,-14,0,0,0
-25,-294,-26,0,0,0
13,-228,18,0,0,0
42,-223,26,0,0,0
-32,-269,-10,0,0,0
-41,-303,-39,0,0,0
17,-260,-5,0,0,0
23,-221,56,0,0,0
-11,-265,-17,0,0,0
-25,-289,-50,0,0,0
3,-247,14,0,0,0
44,-218,44,0,0,0
-16,-258,-27,0,0,0
-39,-299,-62,0,0,0
-0,-234,20,0,0,0
35,-209,41,0,0,0
-17,-274,-6,0,0,0
-2,-300,-32,0,0,0
2,-240,3,0,0,0
30,-231,55,0,0,0
-18,-258,-20,0,0,0
-45,-291,-27,0,0,0
4,-236,31,0,0,0
36,-218,51,0,0,0
-16,-263,-8,0,0,0
-21,-302,-34,0,0,0
16,-234,23,0,0,0
36,-210,32,0,0,0
-25,-269,-29,0,0,0
-22,-292,-29,0,0,0
3,-242,20,0,0,0
43,-211,48,0,0,0
-8,-277,-26,0,0,0
-37,-287,-33,0,0,0
10,-242,11,0,0,0
25,-234,37,0,0,0
-26,-264,-7,0,0,0
-45,-281,-35,0,0,0
28,-237,8,0,0,0
44,-235,40,0,0,0
-4,-282,-6,0,0,0
-50,-296,-28,0,0,0
18,-240,17,0,0,0
30,-220,52,0,0,0
-25,-273,-20,0,0,0
-41,-314,-40,0,0,0
21,-257,17,0,0,0
31,-211,28,0,0,0
-8,-248,-24,0,0,0
-35,-284,-48,0,0,0
19,-230,41,0,0,0
36,-219,11,0,0,0
-18,-265,3,0,0,0
-14,-289,-36,0,0,0
43,-236,29,0,0,0
34,-220,23,0,0,0
-26,-278,-18,0,0,0
-58,-291,-42,0,0,0
-4,-222,25,0,0,0
13,-227,38,0,0,0
-28,-272,-13,0,0,0
-24,-304,-49,0,0,0
17,-231,19,0,0,0
40,-226,39,0,0,0
-4,-290,-29,0,0,0
-42,-286,-53,0,0,0
30,-244,19,0,0,0
36,-213,32,0,0,0
-19,-281,-11,0,0,0
-39,-282,-37,0,0,0
25,-238,23,0,0,0
31,-215,28,0,0,0
-25,-285,-6,0,0,0
-57,-282,-12,0,0,0
21,-236,19,0,0,0
44,-230,29,0,0,0
-35,-272,-14,0,0,0
-31,-295,-39,0,0,0
25,-245,12,0,0,0
42,-221,51,0,0,0
-15,-281,-18,0,0,0
-42,-274,-35,0,0,0
9,-236,31,0,0,0
40,-209,28,0,0,0
4,-281,-16,0,0,0
-41,-283,-59,0,0,0
16,-236,7,0,0,0
29,-210,46,0,0,0
-32,-269,-16,0,0,0
-25,-281,-42,0,0,0
20,-232,5,0,0,0
17,-204,24,0,0,0
4,-285,-6,0,0,0
-43,-292,-41,0,0,0
12,-257,11,0,0,0
40,-235,38,0,0,0
-14,-261,-23,0,0,0
-34,-281,-20,0,0,0
10,-236,11,0,0,0
29,-227,26,0,0,0
-10,-280,-38,0,0,0
-40,-304,-33,0,0,0
23,-243,16,0,0,0
17,-203,34,0,0,0
-17,-278,-24,0,0,0
-14,-305,-38,0,0,0
10,-228,26,0,0,0
39,-198,26,0,0,0
-25,-290,-3,0,0,0
-33,-294,-19,0,0,0
25,-219,18,0,0,0
39,-215,36,0,0,0
-18,-297,-9,0,0,0
-28,-289,-37,0,0,0
17,-227,18,0,0,0
41,-227,38,0,0,0
-32,-258,-9,0,0,0
-31,-308,-52,0,0,0
22,-239,13,0,0,0
20,-228,31,0,0,0
-18,-282,-19,0,0,0
-48,-281,-41,0,0,0
20,-235,28,0,0,0
25,-235,32,0,0,0
-34,-266,-7,0,0,0
-23,-305,-14,0,0,0
25,-246,15,0,0,0
29,-207,51,0,0,0
-4,-285,-37,0,0,0
-40,-294,-38,0,0,0
29,-251,26,0,0,0
33,-225,27,0,0,0
-23,-291,-10,0,0,0
-33,-278,-28,0,0,0
22,-225,9,0,0,0
39,-239,31,0,0,0
-37,-271,-11,0,0,0
-28,-283,-21,0,0,0
29,-227,11,0,0,0
37,-211,31,0,0,0
-32,-259,-20,0,0,0
-34,-291,-33,0,0,0
11,-206,24,0,0,0
39,-225,50,0,0,0
-15,-271,-21,0,0,0
-24,-292,-17,0,0,0
20,-235,26,0,0,0
36,-218,41,0,0,0
-17,-261,-16,0,0,0
-36,-300,-33,0,0,0
15,-237,46,0,0,0
45,-208,44,0,0,0
-24,-293,-20,0,0,0
-35,-303,-22,0,0,0
23,-244,35,0,0,0
22,-235,56,0,0,0
-3,-279,-16,0,0,0
-29,-291,-40,0,0,0
29,-233,15,0,0,0
51,-219,38,0,0,0
-28,-272,-29,0,0,0
-40,-301,-21,0,0,0
16,-222,29,0,0,0
23,-224,40,0,0,0
-20,-264,-27,0,0,0
-16,-307,-38,0,0,0
35,-247,33,0,0,0
38,-237,36,0,0,0
-21,-256,-37,0,0,0
-35,-293,-36,0,0,0
28,-216,22,0,0,0
44,-233,40,0,0,0
-28,-278,-36,0,0,0
-29,-296,-25,0,0,0
31,-229,18,0,0,0
26,-221,22,0,0,0
7,-280,-14,0,0,0
-40,-300,-33,0,0,0
34,-232,17,0,0,0
29,-208,35,0,0,0
-22,-280,-34,0,0,0
-33,-287,-39,0,0,0
14,-237,21,0,0,0
38,-229,35,0,0,0
-15,-265,-7,0,0,0
-24,-279,-17,0,0,0
30,-233,17,0,0,0
29,-203,30,0,0,0
-28,-266,-17,0,0,0
-55,-283,-25,0,0,0
18,-233,8,0,0,0
27,-201,24,0,0,0
-23,-276,2,0,0,0
-35,-291,-29,0,0,0
18,-246,29,0,0,0
49,-227,42,0,0,0
-25,-267,7,0,0,0
-37,-295,-50,0,0,0
21,-232,14,0,0,0
29,-220,45,0,0,0
-28,-257,-26,0,0,0
-42,-296,-25,0,0,0
10,-217,27,0,0,0
50,-227,27,0,0,0
-14,-281,-27,0,0,0
-38,-270,-26,0,0,0
13,-239,28,0,0,0
33,-226,36,0,0,0
-17,-294,-29,0,0,0
-24,-284,-37,0,0,0
14,-231,24,0,0,0
38,-222,35,0,0,0
-36,-274,-34,0,0,0
-34,-295,-40,0,0,0
26,-253,28,0,0,0
26,-222,23,0,0,0
-33,-294,-30,0,0,0
-52,-309,-38,0,0,0
22,-210,54,0,0,0
36,-220,46,0,0,0
-2,-261,-21,0,0,0
-61,-287,-33,0,0,0
18,-235,16,0,0,0
27,-218,41,0,0,0
-24,-286,-31,0,0,0
-32,-291,-27,0,0,0
23,-229,19,0,0,0
6,-228,38,0,0,0
-8,-285,-17,0,0,0
-18,-286,-25,0,0,0
32,-233,22,0,0,0
44,-237,23,0,0,0
-34,-278,-38,0,0,0
-44,-302,-30,0,0,0
25,-229,-3,0,0,0
54,-212,29,0,0,0
-30,-281,-5,0,0,0
-37,-286,-41,0,0,0
30,-237,1,0,0,0
36,-235,15,0,0,0
-24,-296,-8,0,0,0
-15,-291,-35,0,0,0
12,-256,40,0,0,0
31,-229,38,0,0,0
2,-270,-17,0,0,0
-49,-287,-40,0,0,0
40,-241,22,0,0,0
31,-236,20,0,0,0
-39,-278,-13,0,0,0
-43,-286,-35,0,0,0
21,-240,12,0,0,0
34,-225,31,0,0,0
-25,-283,-39,0,0,0
-35,-288,-26,0,0,0
6,-227,17,0,0,0
31,-217,30,0,0,0
-14,-271,-39,0,0,0
-42,-286,-26,0,0,0
39,-235,10,0,0,0
13,-221,55,0,0,0
-19,-289,-27,0,0,0
-34,-289,-22,0,0,0
17,-217,15,0,0,0
16,-232,37,0,0,0
-27,-273,-10,0,0,0
-25,-280,-26,0,0,0
19,-230,19,0,0,0
48,-227,8,0,0,0
-16,-293,-16,0,0,0
-42,-300,-40,0,0,0
16,-249,38,0,0,0
25,-231,18,0,0,0
-14,-271,-21,0,0,0
-31,-301,-32,0,0,0
7,-248,25,0,0,0
47,-219,29,0,0,0
-17,-304,-6,0,0,0
-47,-295,-45,0,0,0
37,-226,8,0,0,0
33,-220,31,0,0,0
-23,-272,-27,0,0,0
-29,-301,-28,0,0,0
22,-214,20,0,0,0
17,-239,45,0,0,0
-21,-274,-27,0,0,0
-38,-297,-23,0,0,0
12,-238,16,0,0,0
37,-231,26,0,0,0
-13,-298,-30,0,0,0
-19,-281,-35,0,0,0
15,-229,44,0,0,0
20,-210,40,0,0,0
-32,-272,8,0,0,0
-14,-287,-31,0,0,0
46,-234,41,0,0,0
27,-234,16,0,0,0
-20,-272,-25,0,0,0
-26,-270,-51,0,0,0
40,-219,9,0,0,0
19,-220,32,0,0,0
-24,-288,-20,0,0,0
-28,-290,-43,0,0,0
13,-228,38,0,0,0
32,-245,34,0,0,0
-26,-280,-22,0,0,0
-6,-291,-38,0,0,0
25,-223,18,0,0,0
15,-231,36,0,0,0
-11,-286,-31,0,0,0
-16,-275,-42,0,0,0
12,-230,31,0,0,0
41,-192,25,0,0,0
-15,-298,-18,0,0,0
-24,-287,-43,0,0,0
29,-236,15,0,0,0
31,-223,52,0,0,0
-29,-289,-22,0,0,0
-42,-300,-37,0,0,0
25,-231,32,0,0,0
26,-192,47,0,0,0
-13,-275,-11,0,0,0
-25,-283,-26,0,0,0
41,-242,35,0,0,0
5,-213,48,0,0,0
-31,-288,-17,0,0,0
-44,-293,-15,0,0,0
39,-235,39,0,0,0
18,-216,38,0,0,0
-15,-276,-19,0,0,0
-38,-282,-37,0,0,0
17,-233,21,0,0,0
30,-231,32,0,0,0
-20,-277,-28,0,0,0
-40,-271,-12,0,0,0
27,-237,33,0,0,0
30,-232,20,0,0,0
-41,-278,-13,0,0,0
-28,-295,-28,0,0,0
24,-244,16,0,0,0
20,-233,32,0,0,0
-29,-294,-37,0,0,0
-25,-272,-35,0,0,0
30,-232,14,0,0,0
35,-212,31,0,0,0
-29,-279,-48,0,0,0
-24,-285,-28,0,0,0
17,-231,8,0,0,0
38,-226,30,0,0,0
-33,-283,-35,0,0,0
-33,-304,-46,0,0,0
5,-217,18,0,0,0
23,-198,23,0,0,0
-18,-292,-6,0,0,0
-28,-270,-36,0,0,0
34,-215,16,0,0,0
32,-228,30,0,0,0
-24,-301,-26,0,0,0
-30,-280,-28,0,0,0
13,-233,17,0,0,0
14,-221,41,0,0,0
-23,-288,-2,0,0,0
-34,-291,-21,0,0,0
15,-229,28,0,0,0
27,-225,20,0,0,0
-36,-270,-13,0,0,0
-19,-296,-41,0,0,0
11,-232,37,0,0,0
28,-234,39,0,0,0
-26,-281,-25,0,0,0
-27,-294,-46,0,0,0
18,-241,32,0,0,0
37,-203,31,0,0,0
-21,-273,-20,0,0,0
-20,-273,-50,0,0,0
28,-238,21,0,0,0
33,-239,34,0,0,0
-52,-273,-19,0,0,0
-19,-270,-26,0,0,0
31,-236,28,0,0,0
14,-224,22,0,0,0
-36,-272,-40,0,0,0
-19,-268,-29,0,0,0
45,-232,29,0,0,0
34,-226,27,0,0,0
-27,-270,-41,0,0,0
-16,-268,-21,0,0,0
24,-228,22,0,0,0
38,-218,37,0,0,0
-40,-265,-32,0,0,0
-34,-294,-18,0,0,0
23,-230,22,0,0,0
17,-208,28,0,0,0
-24,-311,-27,0,0,0
-27,-283,-27,0,0,0
17,-225,21,0,0,0
42,-230,43,0,0,0
-23,-277,-28,0,0,0
-29,-277,-27,0,0,0
37,-216,22,0,0,0
19,-215,17,0,0,0
-22,-282,-29,0,0,0
-32,-295,-19,0,0,0
17,-222,21,0,0,0
14,-238,33,0,0,0
-34,-294,-28,0,0,0
-35,-281,-47,0,0,0
44,-217,20,0,0,0
26,-217,19,0,0,0
-18,-272,-44,0,0,0
-27,-271,-24,0,0,0
16,-231,30,0,0,0
36,-240,36,0,0,0
-26,-277,-27,0,0,0
-35,-273,-25,0,0,0
17,-227,24,0,0,0
27,-233,30,0,0,0
-32,-303,-24,0,0,0
-22,-283,-33,0,0,0
21,-221,24,0,0,0
13,-219,11,0,0,0
-20,-293,-23,0,0,0
-47,-295,-38,0,0,0
40,-228,27,0,0,0
10,-222,41,0,0,0
-33,-282,-31,0,0,0
-21,-295,-25,0,0,0
43,-230,30,0,0,0
28,-236,42,0,0,0
-29,-290,-31,0,0,0
-7,-271,-37,0,0,0
40,-242,31,0,0,0
29,-220,39,0,0,0
-25,-280,-18,0,0,0
-40,-291,-20,0,0,0
20,-229,21,0,0,0
23,-223,26,0,0,0
-38,-297,-31,0,0,0
-39,-287,-24,0,0,0
26,-235,15,0,0,0
23,-222,32,0,0,0
-30,-299,-29,0,0,0
-30,-281,-30,0,0,0
34,-228,22,0,0,0
32,-234,24,0,0,0
-41,-284,-25,0,0,0
-23,-301,-20,0,0,0
31,-233,33,0,0,0
16,-227,34,0,0,0
-16,-276,-17,0,0,0
-19,-270,-16,0,0,0
45,-240,34,0,0,0
27,-232,48,0,0,0
-18,-296,-26,0,0,0
-40,-282,-34,0,0,0
38,-235,34,0,0,0
17,-230,27,0,0,0
-31,-289,-12,0,0,0
-34,-267,-22,0,0,0
31,-219,25,0,0,0
49,-220,15,0,0,0
-25,-267,-27,0,0,0
-9,-292,-25,0,0,0
22,-227,5,0,0,0
34,-228,27,0,0,0
-33,-276,-27,0,0,0
-4,-273,-42,0,0,0
35,-229,19,0,0,0
22,-231,6,0,0,0
-19,-294,-25,0,0,0
-35,-277,-32,0,0,0
27,-234,4,0,0,0
38,-214,41,0,0,0
-35,-287,-36,0,0,0
-41,-286,-13,0,0,0
31,-234,34,0,0,0
36,-212,12,0,0,0
-25,-269,-11,0,0,0
-26,-300,-40,0,0,0
28,-226,25,0,0,0
17,-234,37,0,0,0
-33,-270,-39,0,0,0
-35,-290,-40,0,0,0
20,-233,35,0,0,0
10,-232,31,0,0,0
-5,-275,-30,0,0,0
-23,-273,-33,0,0,0
33,-245,26,0,0,0
44,-205,23,0,0,0
-28,-291,-50,0,0,0
-14,-284,-29,0,0,0
38,-244,16,0,0,0
25,-220,22,0,0,0
-36,-293,-39,0,0,0
-27,-280,-36,0,0,0
15,-239,15,0,0,0
26,-221,18,0,0,0
-19,-285,-21,0,0,0
-28,-287,-40,0,0,0
31,-220,22,0,0,0
15,-226,35,0,0,0
-49,-289,-37,0,0,0
-12,-286,-27,0,0,0
25,-211,28,0,0,0
42,-236,29,0,0,0
-32,-307,-37,0,0,0
-38,-276,-21,0,0,0
17,-223,21,0,0,0
27,-230,37,0,0,0
-26,-278,-17,0,0,0
-23,-260,-35,0,0,0
35,-207,23,0,0,0
24,-230,32,0,0,0
-17,-284,-22,0,0,0
-52,-277,-39,0,0,0
27,-223,27,0,0,0
31,-232,39,0,0,0
-35,-292,-37,0,0,0
-27,-277,-34,0,0,0
18,-223,26,0,0,0
31,-228,21,0,0,0
-28,-290,-55,0,0,0
-35,-291,-3,0,0,0
28,-220,33,0,0,0
18,-229,33,0,0,0
-25,-300,-23,0,0,0
-21,-286,-36,0,0,0
40,-222,19,0,0,0
14,-241,49,0,0,0
-46,-290,-41,0,0,0
-32,-295,-21,0,0,0
38,-237,29,0,0,0
14,-215,30,0,0,0
-17,-276,-22,0,0,0
-34,-263,-30,0,0,0
26,-214,25,0,0,0
17,-232,22,0,0,0
-24,-282,-46,0,0,0
-23,-275,-29,0,0,0
21,-242,31,0,0,0
38,-211,17,0,0,0
-48,-301,-24,0,0,0
-22,-297,-41,0,0,0
27,-211,34,0,0,0
28,-228,12,0,0,0
-42,-264,-33,0,0,0
-35,-286,-30,0,0,0
27,-243,25,0,0,0
31,-225,24,0,0,0
-47,-280,-45,0,0,0
-17,-283,-23,0,0,0
24,-220,26,0,0,0
7,-232,27,0,0,0
-30,-300,-34,0,0,0
-27,-294,-22,0,0,0
32,-242,32,0,0,0
28,-232,5,0,0,0
-40,-290,-43,0,0,0
-18,-299,-32,0,0,0
61,-205,49,0,0,0
20,-230,30,0,0,0
-28,-305,-0,0,0,0
-24,-283,-29,0,0,0
37,-219,32,0,0,0
40,-222,29,0,0,0
-28,-290,-36,0,0,0
-45,-291,-19,0,0,0
22,-219,28,0,0,0
21,-234,27,0,0,0
-41,-279,-31,0,0,0
-16,-276,-35,0,0,0
32,-209,33,0,0,0
20,-231,30,0,0,0
-38,-296,-29,0,0,0
-31,-286,-27,0,0,0
42,-208,29,0,0,0
32,-223,30,0,0,0
-26,-284,-27,0,0,0
-5,-266,-20,0,0,0
37,-225,17,0,0,0
35,-228,31,0,0,0
-38,-284,-19,0,0,0
-13,-282,-39,0,0,0
37,-230,38,0,0,0
22,-223,13,0,0,0
-26,-291,-34,0,0,0
-32,-275,-28,0,0,0
21,-217,30,0,0,0
39,-216,29,0,0,0
-12,-287,-24,0,0,0
-17,-275,-42,0,0,0
43,-247,43,0,0,0
41,-213,22,0,0,0
-17,-290,-35,0,0,0
-21,-285,-14,0,0,0
36,-229,33,0,0,0
29,-256,27,0,0,0
-15,-287,-46,0,0,0
-21,-277,7,0,0,0
17,-215,37,0,0,0
30,-237,26,0,0,0
-25,-275,-32,0,0,0
-18,-291,-25,0,0,0
35,-236,39,0,0,0
37,-225,26,0,0,0
-33,-290,-17,0,0,0
-25,-299,-20,0,0,0
26,-231,25,0,0,0
29,-238,26,0,0,0
-32,-285,-35,0,0,0
-13,-293,-13,0,0,0
43,-242,25,0,0,0
14,-226,27,0,0,0
-25,-270,-24,0,0,0
-29,-274,-45,0,0,0
49,-223,27,0,0,0
30,-241,10,0,0,0
-51,-294,-40,0,0,0
-14,-273,-29,0,0,0
207,-229,24,0,0,1417
258,-249,7,0,0,1859
391,-277,-28,0,0,3135
651,-285,-11,0,0,5109
1045,-245,40,0,0,7565
1381,-235,6,0,0,10238
1670,-294,-45,0,0,12839
1978,-283,-13,0,0,15084
2265,-216,31,0,0,16732
2381,-219,23,0,0,17603
2321,-279,-42,0,0,17603
2201,-260,-22,0,0,16732
2035,-244,41,0,0,15084
1736,-225,18,0,0,12839
1334,-282,-31,0,0,10238
978,-298,-40,0,0,7565
710,-235,21,0,0,5109
453,-247,40,0,0,3135
212,-275,-35,0,0,1859
168,-278,-21,0,0,1417
37,-212,28,0,0,0
38,-227,27,0,0,0
-29,-290,-29,0,0,0
-21,-272,-32,0,0,0
40,-216,52,0,0,0
24,-220,23,0,0,0
-21,-278,-24,0,0,0
-30,-268,-29,0,0,0
33,-222,32,0,0,0
28,-233,23,0,0,0
-40,-285,-32,0,0,0
-26,-281,-30,0,0,0
38,-248,45,0,0,0
20,-233,14,0,0,0
-34,-293,-51,0,0,0
-36,-273,-21,0,0,0
19,-233,20,0,0,0
14,-244,16,0,0,0
-38,-292,-4,0,0,0
-26,-284,-28,0,0,0
42,-217,37,0,0,0
38,-244,19,0,0,0
-49,-293,-52,0,0,0
-35,-282,-17,0,0,0
25,-233,23,0,0,0
31,-229,15,0,0,0
-37,-278,-21,0,0,0
-37,-279,-16,0,0,0
28,-233,20,0,0,0
30,-250,17,0,0,0
-35,-286,-24,0,0,0
-40,-287,-32,0,0,0
20,-238,33,0,0,0
25,-265,30,0,0,0
-15,-286,-33,0,0,0
-36,-249,-36,0,0,0
41,-233,36,0,0,0
1,-232,30,0,0,0
-34,-294,-34,0,0,0
-20,-279,-36,0,0,0
20,-223,27,0,0,0
22,-239,25,0,0,0
-14,-275,-34,0,0,0
-19,-262,-11,0,0,0
34,-244,27,0,0,0
25,-232,17,0,0,0
-24,-278,-36,0,0,0
-34,-281,-17,0,0,0
26,-222,21,0,0,0
45,-232,24,0,0,0
-26,-270,-34,0,0,0
-29,-254,-24,0,0,0
40,-219,25,0,0,0
24,-223,22,0,0,0
-26,-282,-40,0,0,0
-26,-265,-17,0,0,0
36,-242,39,0,0,0
26,-234,52,0,0,0
-36,-298,-26,0,0,0
-36,-276,-13,0,0,0
15,-220,25,0,0,0
27,-230,20,0,0,0
-20,-275,-49,0,0,0
-23,-283,-17,0,0,0
56,-219,33,0,0,0
20,-233,36,0,0,0
-49,-291,-30,0,0,0
-17,-266,-21,0,0,0
42,-236,44,0,0,0
15,-241,4,0,0,0
-26,-294,-28,0,0,0
-16,-283,-30,0,0,0
41,-240,16,0,0,0
23,-220,22,0,0,0
-19,-290,-23,0,0,0
-13,-293,-32,0,0,0
35,-232,36,0,0,0
25,-237,11,0,0,0
-25,-274,-54,0,0,0
-14,-257,-8,0,0,0
32,-232,21,0,0,0
14,-241,28,0,0,0
-39,-283,-54,0,0,0
-16,-288,-17,0,0,0
28,-207,42,0,0,0
14,-224,44,0,0,0
-34,-297,-26,0,0,0
-29,-266,-39,0,0,0
28,-228,45,0,0,0
22,-242,25,0,0,0
-56,-303,-28,0,0,0
-30,-262,-18,0,0,0
50,-204,28,0,0,0
26,-226,13,0,0,0
-33,-305,-35,0,0,0
-20,-279,5,0,0,0
37,-231,43,0,0,0
17,-231,25,0,0,0
-40,-297,-37,0,0,0
-15,-286,-13,0,0,0
29,-230,38,0,0,0
16,-243,19,0,0,0
-44,-303,-30,0,0,0
-6,-284,-29,0,0,0
23,-227,31,0,0,0
27,-226,18,0,0,0
-29,-287,-31,0,0,0
-29,-285,-42,0,0,0
35,-236,24,0,0,0
36,-229,11,0,0,0
-44,-294,-37,0,0,0
-24,-273,-24,0,0,0
32,-198,30,0,0,0
-13,-235,24,0,0,0
-32,-295,-53,0,0,0
-30,-286,-23,0,0,0
20,-219,29,0,0,0
21,-232,3,0,0,0
-29,-285,-48,0,0,0
-15,-289,-8,0,0,0
36,-230,36,0,0,0
12,-221,29,0,0,0
-27,-285,-29,0,0,0
-11,-262,-35,0,0,0
18,-218,45,0,0,0
21,-226,1,0,0,0
-40,-296,-20,0,0,0
-21,-279,-28,0,0,0
20,-229,42,0,0,0
9,-235,17,0,0,0
-25,-285,-21,0,0,0
-17,-265,-22,0,0,0
16,-214,47,0,0,0
33,-231,22,0,0,0
-40,-285,-36,0,0,0
-24,-249,-29,0,0,0
44,-217,31,0,0,0
20,-234,34,0,0,0
-39,-298,-36,0,0,0
-24,-282,-29,0,0,0
38,-209,33,0,0,0
9,-236,23,0,0,0
-36,-291,-44,0,0,0
-16,-290,-11,0,0,0
38,-223,39,0,0,0
23,-228,35,0,0,0
-52,-279,-41,0,0,0
-20,-276,-30,0,0,0
43,-213,41,0,0,0
40,-244,17,0,0,0
-39,-282,-42,0,0,0
-32,-286,-26,0,0,0
23,-197,44,0,0,0
5,-250,12,0,0,0
-34,-295,-28,0,0,0
-20,-286,-27,0,0,0
21,-218,38,0,0,0
12,-237,24,0,0,0
-30,-287,-34,0,0,0
-33,-269,-15,0,0,0
24,-219,32,0,0,0
17,-222,35,0,0,0
-48,-292,-44,0,0,0
-21,-259,-25,0,0,0
49,-231,21,0,0,0
29,-242,12,0,0,0
-30,-296,-39,0,0,0
-16,-266,-3,0,0,0
35,-213,44,0,0,0
20,-221,28,0,0,0
-40,-299,-41,0,0,0
-21,-297,-22,0,0,0
23,-205,37,0,0,0
18,-241,9,0,0,0
-31,-313,-43,0,0,0
-24,-265,-16,0,0,0
33,-228,24,0,0,0
33,-222,39,0,0,0
-31,-299,-16,0,0,0
-18,-264,-12,0,0,0
16,-210,37,0,0,0
34,-226,42,0,0,0
-19,-295,-24,0,0,0
-21,-269,-29,0,0,0
33,-235,32,0,0,0
27,-236,14,0,0,0
-32,-292,-39,0,0,0
-9,-277,-18,0,0,0
32,-215,38,0,0,0
23,-241,18,0,0,0
-29,-297,-44,0,0,0
-15,-278,-17,0,0,0
33,-224,38,0,0,0
10,-233,-0,0,0,0
-23,-289,-27,0,0,0
-18,-273,-5,0,0,0
54,-240,23,0,0,0
19,-237,23,0,0,0
-48,-301,-45,0,0,0
-8,-268,-25,0,0,0
46,-214,17,0,0,0
23,-231,34,0,0,0
-35,-297,-36,0,0,0
-34,-265,-14,0,0,0
37,-230,31,0,0,0
18,-218,11,0,0,0
-38,-296,-36,0,0,0
-25,-287,0,0,0,0
29,-210,42,0,0,0
22,-245,30,0,0,0
-52,-295,-12,0,0,0
-26,-294,-29,0,0,0
34,-235,34,0,0,0
19,-228,5,0,0,0
-36,-295,-40,0,0,0
-19,-274,-14,0,0,0
20,-207,33,0,0,0
21,-238,10,0,0,0
-31,-306,-24,0,0,0
-11,-282,-24,0,0,0
33,-220,30,0,0,0
22,-232,26,0,0,0
-27,-297,-46,0,0,0
3,-274,-17,0,0,0
36,-211,45,0,0,0
22,-245,33,0,0,0
-26,-293,-39,0,0,0
-20,-277,-25,0,0,0
35,-204,25,0,0,0
16,-239,11,0,0,0
-16,-303,-33,0,0,0
-21,-284,-13,0,0,0
46,-229,47,0,0,0
24,-226,17,0,0,0
-40,-293,-44,0,0,0
-3,-261,-17,0,0,0
26,-232,32,0,0,0
-6,-256,32,0,0,0
-44,-288,-41,0,0,0
-15,-269,-33,0,0,0
30,-203,23,0,0,0
30,-243,4,0,0,0
-36,-288,-45,0,0,0
-15,-284,-31,0,0,0
31,-215,47,0,0,0
22,-231,32,0,0,0
-29,-290,-51,0,0,0
-18,-270,-9,0,0,0
34,-232,40,0,0,0
29,-236,-2,0,0,0
-34,-290,-41,0,0,0
-31,-268,-21,0,0,0
44,-212,30,0,0,0
29,-240,17,0,0,0
-57,-297,-26,0,0,0
-22,-278,-17,0,0,0
63,-222,48,0,0,0
38,-238,17,0,0,0
-33,-290,-18,0,0,0
-17,-284,-26,0,0,0
26,-217,19,0,0,0
24,-241,15,0,0,0
-41,-291,-29,0,0,0
-16,-267,-14,0,0,0
36,-211,29,0,0,0
23,-231,14,0,0,0
-38,-291,-36,0,0,0
-14,-255,-4,0,0,0
32,-239,36,0,0,0
6,-233,3,0,0,0
-44,-297,-39,0,0,0
-13,-280,-28,0,0,0
44,-205,26,0,0,0
19,-237,-1,0,0,0
-52,-293,-19,0,0,0
-28,-280,-2,0,0,0
38,-220,37,0,0,0
39,-222,37,0,0,0
-34,-300,-38,0,0,0
-22,-289,-27,0,0,0
42,-219,48,0,0,0
5,-249,10,0,0,0
-51,-304,-27,0,0,0
-18,-263,-27,0,0,0
23,-223,26,0,0,0
16,-244,21,0,0,0
-60,-283,-42,0,0,0
-21,-268,-12,0,0,0
28,-195,42,0,0,0
10,-239,12,0,0,0
-29,-286,-40,0,0,0
-29,-281,-9,0,0,0
30,-215,55,0,0,0
6,-250,8,0,0,0
-38,-288,-50,0,0,0
-10,-281,-19,0,0,0
51,-209,38,0,0,0
15,-237,13,0,0,0
-25,-314,-24,0,0,0
-6,-274,-13,0,0,0
24,-222,51,0,0,0
-2,-241,15,0,0,0
-37,-291,-33,0,0,0
4,-272,-14,0,0,0
47,-221,39,0,0,0
26,-238,9,0,0,0
-41,-301,-42,0,0,0
-16,-263,-4,0,0,0
45,-225,44,0,0,0
22,-239,16,0,0,0
-25,-282,-42,0,0,0
-18,-274,-26,0,0,0
21,-228,53,0,0,0
31,-229,26,0,0,0
-28,-292,-25,0,0,0
-13,-274,-27,0,0,0
37,-230,35,0,0,0
16,-255,23,0,0,0
-50,-301,-41,0,0,0
-16,-293,-7,0,0,0
52,-223,43,0,0,0
18,-241,22,0,0,0
-36,-293,-34,0,0,0
-16,-284,9,0,0,0
31,-212,21,0,0,0
36,-235,24,0,0,0
-23,-281,-34,0,0,0
-26,-260,-14,0,0,0
49,-224,30,0,0,0
25,-253,9,0,0,0
-36,-292,-36,0,0,0
-6,-268,-13,0,0,0
33,-236,32,0,0,0
7,-255,32,0,0,0
-40,-289,-44,0,0,0
-23,-277,-9,0,0,0
10,-220,26,0,0,0
18,-259,28,0,0,0
-42,-306,-51,0,0,0
-15,-270,-35,0,0,0
18,-216,55,0,0,0
-3,-251,21,0,0,0
-44,-295,-32,0,0,0
-25,-268,5,0,0,0
28,-215,26,0,0,0
24,-228,2,0,0,0
-36,-289,-28,0,0,0
-8,-267,-22,0,0,0
42,-224,23,0,0,0
23,-240,23,0,0,0
-45,-275,-28,0,0,0
-23,-274,-9,0,0,0
31,-224,56,0,0,0
6,-243,10,0,0,0
-38,-297,-45,0,0,0
-24,-273,-17,0,0,0
33,-221,58,0,0,0
25,-263,20,0,0,0
-47,-297,-43,0,0,0
-12,-287,-43,0,0,0
35,-222,39,0,0,0
17,-253,12,0,0,0
-49,-302,-57,0,0,0
-14,-266,-9,0,0,0
33,-215,34,0,0,0
7,-226,-6,0,0,0
-36,-291,-35,0,0,0
-9,-260,2,0,0,0
44,-207,13,0,0,0
13,-234,5,0,0,0
-56,-281,-42,0,0,0
-15,-272,-7,0,0,0
22,-229,29,0,0,0
25,-243,24,0,0,0
-41,-292,-47,0,0,0
-0,-286,-7,0,0,0
27,-195,17,0,0,0
15,-249,-3,0,0,0
-43,-288,-44,0,0,0
-9,-265,-15,0,0,0
39,-228,50,0,0,0
13,-239,10,0,0,0
-30,-285,-40,0,0,0
-15,-258,-17,0,0,0
41,-224,33,0,0,0
12,-239,32,0,0,0
-25,-305,-32,0,0,0
-8,-276,-6,0,0,0
34,-216,37,0,0,0
5,-237,31,0,0,0
-48,-297,-41,0,0,0
0,-276,-11,0,0,0
28,-222,28,0,0,0
10,-239,-5,0,0,0
-52,-300,-20,0,0,0
-32,-263,4,0,0,0
43,-219,49,0,0,0
-4,-247,22,0,0,0
-34,-298,-58,0,0,0
-17,-256,-29,0,0,0
38,-218,52,0,0,0
3,-244,19,0,0,0
-35,-285,-43,0,0,0
2,-260,6,0,0,0
21,-222,54,0,0,0
20,-237,21,0,0,0
-47,-301,-29,0,0,0
-26,-283,-12,0,0,0
58,-244,48,0,0,0
3,-251,10,0,0,0
-36,-294,-38,0,0,0
2,-291,-8,0,0,0
37,-240,21,0,0,0
14,-237,16,0,0,0
-46,-301,-35,0,0,0
-16,-276,-7,0,0,0
29,-219,38,0,0,0
9,-253,12,0,0,0
-47,-306,-38,0,0,0
-6,-266,-9,0,0,0
51,-227,35,0,0,0
11,-229,18,0,0,0
-45,-303,-34,0,0,0
-37,-268,-1,0,0,0
33,-204,25,0,0,0
15,-253,28,0,0,0
-28,-299,-25,0,0,0
-15,-264,3,0,0,0
44,-247,44,0,0,0
15,-244,11,0,0,0
-40,-295,-18,0,0,0
-16,-269,-17,0,0,0
42,-210,33,0,0,0
26,-245,9,0,0,0
-41,-286,-50,0,0,0
-13,-275,-0,0,0,0
27,-189,18,0,0,0
20,-248,33,0,0,0
-32,-290,-29,0,0,0
-14,-261,-17,0,0,0
31,-218,33,0,0,0
11,-236,-1,0,0,0
-48,-273,-51,0,0,0
-25,-262,-21,0,0,0
29,-213,29,0,0,0
8,-251,17,0,0,0
-36,-291,-27,0,0,0
-9,-262,9,0,0,0
37,-204,18,0,0,0
26,-243,-0,0,0,0
-16,-278,-29,0,0,0
-13,-260,-18,0,0,0
39,-224,46,0,0,0
23,-237,27,0,0,0
-49,-293,-49,0,0,0
-1,-269,-12,0,0,0
65,-213,39,0,0,0
3,-262,24,0,0,0
-32,-297,-27,0,0,0
-12,-269,-4,0,0,0
51,-225,45,0,0,0
4,-260,26,0,0,0
-33,-310,-38,0,0,0
-9,-269,-12,0,0,0
37,-209,43,0,0,0
9,-244,-3,0,0,0
-41,-300,-38,0,0,0
-8,-276,10,0,0,0
40,-220,24,0,0,0
41,-215,-2,0,0,0
-43,-293,-19,0,0,0
-39,-276,-4,0,0,0
42,-228,38,0,0,0
17,-241,2,0,0,0
-36,-282,-30,0,0,0
-13,-258,-11,0,0,0
43,-209,47,0,0,0
-5,-249,-11,0,0,0
-42,-282,-20,0,0,0
-23,-254,-26,0,0,0
43,-212,28,0,0,0
18,-250,11,0,0,0
-46,-300,-38,0,0,0
-16,-277,-9,0,0,0
35,-216,21,0,0,0
18,-240,11,0,0,0
-50,-281,-25,0,0,0
-1,-256,-2,0,0,0
58,-225,55,0,0,0
19,-247,4,0,0,0
-33,-294,-41,0,0,0
3,-275,-26,0,0,0
44,-222,28,0,0,0
25,-236,-0,0,0,0
-32,-280,-32,0,0,0
2,-281,-10,0,0,0
53,-220,48,0,0,0
20,-251,24,0,0,0
-37,-306,-39,0,0,0
2,-263,8,0,0,0
43,-220,28,0,0,0
10,-233,-2,0,0,0
-44,-295,-34,0,0,0
2,-278,-18,0,0,0
45,-231,48,0,0,0
21,-236,5,0,0,0
-34,-293,-53,0,0,0
-24,-244,-20,0,0,0
38,-215,39,0,0,0
12,-241,19,0,0,0
-36,-298,-62,0,0,0
-10,-268,-7,0,0,0
48,-210,36,0,0,0
9,-263,15,0,0,0
-44,-287,-30,0,0,0
-9,-265,-2,0,0,0
41,-208,44,0,0,0
-5,-253,15,0,0,0
-34,-300,-31,0,0,0
-7,-275,-14,0,0,0
46,-209,21,0,0,0
26,-239,19,0,0,0
-35,-306,-51,0,0,0
-21,-283,-4,0,0,0
35,-222,43,0,0,0
6,-240,-1,0,0,0
-44,-280,-24,0,0,0
-3,-262,-23,0,0,0
37,-213,38,0,0,0
-1,-232,-1,0,0,0
-36,-291,-62,0,0,0
-11,-252,-19,0,0,0
49,-224,41,0,0,0
13,-241,17,0,0,0
-15,-295,-39,0,0,0
-17,-262,-7,0,0,0
33,-203,52,0,0,0
29,-239,5,0,0,0
-51,-271,-19,0,0,0
-6,-258,-13,0,0,0
31,-199,29,0,0,0
18,-245,-5,0,0,0
-29,-310,-37,0,0,0
-3,-276,-12,0,0,0
41,-223,35,0,0,0
13,-246,-2,0,0,0
-38,-305,-50,0,0,0
-38,-272,-10,0,0,0
27,-229,49,0,0,0
19,-253,5,0,0,0
-37,-278,-39,0,0,0
-13,-273,-22,0,0,0
51,-209,26,0,0,0
5,-224,-10,0,0,0
-48,-302,-31,0,0,0
-5,-255,-21,0,0,0
24,-229,29,0,0,0
-1,-251,16,0,0,0
-35,-302,-24,0,0,0
-22,-264,-17,0,0,0
44,-207,37,0,0,0
1,-249,4,0,0,0
-42,-305,-38,0,0,0
-12,-256,-4,0,0,0
43,-225,44,0,0,0
12,-253,21,0,0,0
-52,-285,-48,0,0,0
-15,-253,-28,0,0,0
41,-209,25,0,0,0
-13,-246,16,0,0,0
-45,-290,-24,0,0,0
-17,-260,11,0,0,0
51,-216,45,0,0,0
12,-267,16,0,0,0
-33,-296,-29,0,0,0
-7,-263,-21,0,0,0
23,-202,37,0,0,0
17,-248,8,0,0,0
-32,-297,-38,0,0,0
4,-276,-12,0,0,0
33,-225,23,0,0,0
1,-240,2,0,0,0
-47,-297,-39,0,0,0
-6,-257,-1,0,0,0
41,-214,27,0,0,0
22,-248,8,0,0,0
-46,-302,-46,0,0,0
-17,-284,2,0,0,0
29,-219,20,0,0,0
4,-255,11,0,0,0
-43,-305,-46,0,0,0
-5,-276,-0,0,0,0
45,-209,11,0,0,0
-5,-247,-15,0,0,0
-34,-306,-34,0,0,0
-3,-259,-1,0,0,0
38,-226,55,0,0,0
18,-242,11,0,0,0
-36,-292,-41,0,0,0
-10,-251,-3,0,0,0
30,-226,43,0,0,0
5,-261,22,0,0,0
-36,-294,-26,0,0,0
9,-266,-2,0,0,0
26,-215,42,0,0,0
16,-239,11,0,0,0
-53,-300,-51,0,0,0
-21,-272,-20,0,0,0
51,-218,46,0,0,0
23,-242,24,0,0,0
-24,-309,-46,0,0,0
-2,-275,-27,0,0,0
35,-201,25,0,0,0
13,-256,10,0,0,0
-27,-301,-38,0,0,0
-15,-255,-8,0,0,0
44,-211,39,0,0,0
7,-253,10,0,0,0
-43,-279,-64,0,0,0
-6,-284,9,0,0,0
47,-212,48,0,0,0
3,-246,-18,0,0,0
-45,-313,-30,0,0,0
-18,-273,-11,0,0,0
31,-224,46,0,0,0
23,-258,7,0,0,0
-27,-300,-48,0,0,0
-24,-261,2,0,0,0
34,-217,32,0,0,0
2,-243,-8,0,0,0
-29,-306,-44,0,0,0
4,-259,-14,0,0,0
38,-217,41,0,0,0
15,-245,1,0,0,0
-52,-296,-52,0,0,0
-7,-259,0,0,0,0
32,-222,17,0,0,0
19,-261,-13,0,0,0
-15,-300,-29,0,0,0
1,-252,5,0,0,0
47,-222,36,0,0,0
8,-235,2,0,0,0
-38,-312,-28,0,0,0
-0,-269,2,0,0,0
41,-200,40,0,0,0
-5,-250,-6,0,0,0
-24,-293,-47,0,0,0
-4,-271,6,0,0,0
54,-229,52,0,0,0
20,-249,1,0,0,0
-34,-301,-29,0,0,0
-8,-260,5,0,0,0
27,-231,42,0,0,0
7,-252,15,0,0,0
-41,-316,-47,0,0,0
-19,-253,-6,0,0,0
43,-212,38,0,0,0
18,-254,2,0,0,0
-35,-305,-47,0,0,0
2,-268,-12,0,0,0
56,-214,41,0,0,0
3,-240,9,0,0,0
-51,-283,-37,0,0,0
-4,-255,-5,0,0,0
23,-193,46,0,0,0
7,-241,7,0,0,0
-47,-302,-39,0,0,0
21,-262,-0,0,0,0
26,-208,60,0,0,0
20,-255,-10,0,0,0
-19,-277,-38,0,0,0
1,-263,0,0,0,0
52,-213,34,0,0,0
2,-242,-2,0,0,0
-30,-292,-42,0,0,0
-2,-272,-22,0,0,0
40,-221,45,0,0,0
-11,-245,6,0,0,0
-35,-277,-42,0,0,0
-1,-261,1,0,0,0
37,-221,44,0,0,0
-4,-243,6,0,0,0
-31,-294,-38,0,0,0
-5,-255,-7,0,0,0
31,-221,42,0,0,0
-1,-241,7,0,0,0
-37,-296,-37,0,0,0
-12,-262,3,0,0,0
41,-204,60,0,0,0
26,-237,11,0,0,0
-42,-300,-51,0,0,0
-18,-273,-18,0,0,0
37,-221,46,0,0,0
16,-248,10,0,0,0
-41,-295,-36,0,0,0
-2,-248,-17,0,0,0
50,-219,46,0,0,0
-25,-261,18,0,0,0
-32,-291,-35,0,0,0
3,-262,-6,0,0,0
42,-211,44,0,0,0
4,-262,12,0,0,0
-31,-296,-43,0,0,0
2,-247,3,0,0,0
54,-210,49,0,0,0
7,-256,18,0,0,0
-40,-289,-17,0,0,0
-17,-253,-16,0,0,0
50,-222,50,0,0,0
12,-264,-13,0,0,0
-14,-317,-42,0,0,0
-1,-249,-20,0,0,0
57,-203,42,0,0,0
10,-263,3,0,0,0
-48,-306,-35,0,0,0
-8,-258,-16,0,0,0
41,-215,29,0,0,0
7,-257,21,0,0,0
-42,-284,-26,0,0,0
-6,-244,-13,0,0,0
36,-217,35,0,0,0
6,-250,-28,0,0,0
-35,-286,-47,0,0,0
-7,-265,7,0,0,0
57,-232,15,0,0,0
-4,-254,-15,0,0,0
-38,-291,-39,0,0,0
-4,-249,2,0,0,0
58,-219,22,0,0,0
7,-256,1,0,0,0
-29,-298,-41,0,0,0
3,-262,-13,0,0,0
48,-213,57,0,0,0
9,-265,-0,0,0,0
-31,-284,-35,0,0,0
8,-270,3,0,0,0
58,-204,33,0,0,0
2,-266,9,0,0,0
-40,-288,-41,0,0,0
1,-261,1,0,0,0
43,-226,50,0,0,0
16,-264,-0,0,0,0
-37,-302,-39,0,0,0
14,-247,-11,0,0,0
52,-221,45,0,0,0
-7,-248,16,0,0,0
-28,-307,-40,0,0,0
8,-268,-18,0,0,0
43,-218,44,0,0,0
-6,-258,9,0,0,0
-60,-299,-34,0,0,0
-17,-257,-17,0,0,0
50,-208,33,0,0,0
2,-259,-1,0,0,0
-46,-295,-52,0,0,0
6,-248,-9,0,0,0
36,-238,37,0,0,0
-5,-236,-14,0,0,0
-39,-303,-45,0,0,0
-10,-249,-14,0,0,0
35,-229,29,0,0,0
17,-243,-2,0,0,0
-23,-279,-49,0,0,0
-0,-270,-8,0,0,0
38,-199,25,0,0,0
10,-243,-10,0,0,0
-43,-306,-45,0,0,0
-8,-252,-3,0,0,0
28,-224,38,0,0,0
7,-256,-3,0,0,0
-44,-303,-65,0,0,0
-10,-255,2,0,0,0
34,-208,29,0,0,0
6,-266,-6,0,0,0
-35,-298,-35,0,0,0
-0,-267,-4,0,0,0
48,-213,46,0,0,0
3,-262,10,0,0,0
-49,-301,-42,0,0,0
5,-258,3,0,0,0
56,-224,40,0,0,0
-7,-244,-1,0,0,0
-51,-285,-46,0,0,0
-11,-267,-7,0,0,0
53,-228,28,0,0,0
-9,-248,-2,0,0,0
-40,-290,-52,0,0,0
6,-260,11,0,0,0
57,-221,24,0,0,0
-7,-254,-15,0,0,0
-47,-293,-22,0,0,0
13,-260,15,0,0,0
40,-218,38,0,0,0
6,-260,5,0,0,0
-51,-288,-38,0,0,0
3,-255,-2,0,0,0
42,-219,33,0,0,0
9,-244,8,0,0,0
-51,-297,-43,0,0,0
1,-265,-5,0,0,0
47,-210,37,0,0,0
-25,-253,-6,0,0,0
-48,-314,-5,0,0,0
12,-245,22,0,0,0
30,-221,16,0,0,0
9,-255,22,0,0,0
-34,-307,-21,0,0,0
4,-249,-11,0,0,0
39,-228,44,0,0,0
-3,-257,6,0,0,0
-37,-312,-44,0,0,0
2,-260,-2,0,0,0
42,-210,34,0,0,0
4,-259,19,0,0,0
-52,-285,-37,0,0,0
21,-258,2,0,0,0
45,-211,37,0,0,0
-0,-262,-2,0,0,0
-53,-283,-52,0,0,0
9,-255,7,0,0,0
35,-218,45,0,0,0
-19,-256,1,0,0,0
-38,-311,-41,0,0,0
1,-244,-4,0,0,0
32,-213,47,0,0,0
2,-259,-14,0,0,0
-52,-300,-40,0,0,0
-22,-284,-1,0,0,0
35,-219,37,0,0,0
6,-254,-1,0,0,0
-47,-296,-24,0,0,0
-5,-240,3,0,0,0
40,-196,40,0,0,0
-16,-256,10,0,0,0
-31,-305,-32,0,0,0
21,-257,1,0,0,0
22,-224,48,0,0,0
-5,-261,4,0,0,0
-37,-286,-29,0,0,0
13,-259,-15,0,0,0
39,-210,28,0,0,0
-7,-252,4,0,0,0
-31,-303,-50,0,0,0
-8,-235,-20,0,0,0
