-9,-243,-20,1,45,-75
-13,-248,-7,-21,-52,-72
-3,-259,-16,-103,2,34
11,-253,-9,-8,-23,-21
32,-262,-16,61,-23,12
35,-267,-1,-53,-48,26
-0,-267,-19,26,-7,46
2,-246,19,-108,-2,14
-1,-259,15,111,-32,19
8,-247,1,-10,-4,-1
10,-248,-2,-46,-11,-8
69,-254,-7,-14,-21,29
47,-255,-19,-40,-40,-7
32,-257,6,-51,31,49
76,-242,-14,-15,-53,57
58,-260,-44,1,-13,-33
66,-271,-10,80,79,79
48,-245,-26,65,-5,-15
17,-257,16,66,2,42
64,-243,-20,23,-72,-19
35,-246,-7,-3,-84,86
31,-256,27,53,-19,-55
52,-249,2,92,16,60
87,-243,5,-104,-15,-12
33,-249,15,20,123,-8
60,-245,-1,-66,-0,39
63,-244,12,42,14,15
55,-257,14,24,3,-18
55,-251,-11,31,34,51
28,-248,11,59,64,-3
28,-286,31,-19,23,58
46,-252,-1,26,-17,0
51,-229,13,-80,-35,16
13,-239,1,27,-34,-11
33,-264,-40,-109,-43,-52
27,-250,6,44,49,63
25,-249,32,10,-16,10
70,-254,14,-42,-24,-47
35,-272,11,55,-81,-84
38,-256,-24,1,-80,46
43,-244,-34,-16,-66,-63
23,-264,-6,22,25,47
37,-267,1,99,48,75
31,-260,-5,90,2,66
23,-254,-9,-68,36,-50
34,-249,-1,-33,55,29
20,-243,-6,38,-62,2
-10,-260,5,-31,-16,44
32,-270,-15,-51,-11,-53
-6,-276,0,-77,29,-14
-30,-252,38,-42,-30,-65
26,-253,-2,8,1,39
-5,-253,-12,9,119,-56
-10,-249,-25,-60,17,38
-43,-252,-1,-11,36,-26
-45,-249,-3,18,-48,-17
-38,-254,16,66,-17,45
8,-275,10,-24,16,13
-17,-235,-4,-41,81,-43
-5,-264,9,-42,9,3
-30,-250,11,-7,-24,23
-56,-254,24,-20,-32,18
-59,-269,-0,-22,-76,10
-14,-246,12,34,-23,-81
-40,-243,4,8,46,55
-47,-274,8,-20,-5,43
-30,-269,-39,-58,54,-1
-54,-249,7,-13,-25,-6
-71,-266,26,-48,25,-7
-59,-265,-15,21,-50,-33
-49,-232,18,-24,-88,-26
-55,-264,35,-31,26,-57
-50,-245,-16,-24,-9,58
-44,-258,-18,-59,18,1
-58,-260,-43,17,-18,-30
-52,-249,-24,-62,-94,13
-52,-266,-28,-52,10,5
-29,-253,11,-49,-2,-46
-36,-260,35,92,-51,3
-43,-256,36,-23,-29,16
-39,-243,28,-51,57,-19
-7,-250,-16,-32,56,-10
-35,-249,-3,-75,-12,38
-65,-255,-45,13,-56,60
-53,-258,44,32,-49,-80
-27,-260,37,-23,-113,-47
-42,-248,5,6,-15,-53
-14,-267,13,-42,40,-37
-51,-238,15,-31,1,70
-47,-260,9,11,-107,38
-100,-269,36,-101,53,67
-25,-240,15,-92,-40,21
-67,-250,-2,-7,136,12
14,-247,17,-48,36,62
20,-266,14,-11,14,-123
-7,-279,25,12,-45,27
-48,-263,7,-69,0,-58
15,-256,32,5,7,34
46,-270,31,14,-41,-118
31,-255,11,-80,45,-7
18,-240,19,-40,-32,-24
10,-237,1,-7,-52,-52
-19,-258,17,37,-12,52
2,-242,23,-11,46,27
-21,-249,-1,64,-106,33
30,-263,-7,-90,-4,8
-16,-258,2,-48,-36,-8
31,-253,-21,23,-72,77
18,-258,5,38,26,23
31,-268,-27,-35,-88,114
4,-256,21,-10,12,0
58,-245,15,74,136,-28
20,-251,32,-24,-26,9
18,-239,-7,46,-19,72
8,-261,31,87,-12,-6
13,-260,17,29,62,134
46,-254,-31,-23,26,-50
61,-250,5,-43,38,-96
63,-252,34,-34,34,29
34,-243,9,-70,-46,-21
48,-251,-8,47,54,55
43,-253,-27,-14,11,15
69,-258,22,-12,41,-33
41,-257,-0,39,-15,-20
24,-268,-17,-82,-43,-18
52,-276,-17,-2,-20,-3
21,-253,15,19,-126,-61
56,-256,-25,46,-25,2
63,-263,-19,-145,55,-59
36,-256,-10,2,17,-39
28,-254,-11,26,62,-4
42,-266,-4,-8,58,81
73,-240,-9,18,66,37
66,-240,21,52,-60,-59
-1,-249,-35,4,-12,5
15,-254,45,-16,11,-31
20,-257,-31,52,49,-70
33,-249,0,12,26,24
18,-243,-1,78,17,-41
56,-259,-3,26,-3,-34
-10,-232,30,-43,1,-42
13,-259,15,-24,-51,-64
7,-247,23,-53,103,134
14,-278,5,6,24,38
13,-257,-2,-9,9,-9
34,-254,-17,-0,-30,64
-9,-249,-15,9,44,36
29,-258,-17,61,-33,116
4,-272,16,-12,-93,14
-8,-247,-27,38,44,31
-8,-241,-23,11,145,-43
39,-280,9,71,85,29
-24,-259,1,14,56,50
-25,-251,-19,5,22,6
8,-238,18,-23,-17,54
-15,-255,-22,45,-38,41
-10,-251,-10,6,71,-97
-6,-262,-19,-62,41,9
-46,-233,-1,69,-2,63
-17,-260,-1,-22,-48,-61
-28,-257,14,-63,41,3
-12,-244,-41,4,-54,-43
-27,-255,-69,61,54,10
-29,-257,-35,54,-39,-94
-67,-256,-33,-30,-25,-58
9,-234,52,48,24,-72
-18,-255,24,-14,26,32
-50,-269,5,-36,-10,21
-68,-232,14,22,16,162
-50,-260,4,32,-3,1
-77,-264,2,-27,-25,12
-22,-275,14,18,28,21
-45,-267,-1,43,57,26
-64,-271,-12,30,20,-11
-48,-265,12,28,-74,41
-50,-247,-6,65,-48,-59
-34,-254,15,-17,-4,64
-65,-261,-10,-45,-40,-103
-32,-252,29,-35,-0,-36
-51,-258,21,21,-16,-51
-87,-246,1,54,97,75
-40,-257,12,-0,53,-59
-27,-239,14,23,-98,-15
-80,-265,49,42,-85,9
-60,-253,4,-17,-47,60
-33,-268,8,-34,-22,17
-76,-255,3,-30,-29,20
-28,-246,13,45,-49,-22
-54,-255,-2,-68,-10,1
-54,-251,-19,53,3,67
-44,-248,13,-33,-25,38
-43,-267,14,4,-3,26
-46,-264,-27,88,-4,-91
-9,-248,-15,66,-43,-50
-62,-255,-1,37,-8,4
31,-264,-29,27,-29,-41
29,-254,-16,-61,30,48
-22,-245,-30,16,-53,8
-30,-254,-2,73,60,-5
37,-266,20,11,0,-80
-27,-254,-5,-2,10,-51
-9,-249,-8,-28,65,-49
3,-256,25,-97,8,40
-4,-268,6,-27,28,34
29,-261,-10,11,7,-30
31,-267,-15,26,-100,-54
30,-250,28,9,-63,-40
49,-272,-7,10,23,79
20,-265,6,68,-6,26
17,-271,6,75,-40,26
37,-266,-14,43,-33,-22
19,-248,-45,-61,-11,-90
21,-238,-8,-11,-22,-30
26,-270,14,33,38,-76
38,-268,1,-2,54,24
34,-255,-15,-26,-54,36
43,-259,16,-65,20,-4
45,-242,5,-28,-44,33
29,-255,20,92,62,-25
54,-263,18,20,-86,70
68,-238,12,-77,-17,-51
68,-260,-18,-1,27,-13
42,-245,30,47,-131,-53
50,-259,-18,-46,14,10
45,-263,-23,13,48,67
56,-258,-25,43,-6,5
19,-244,-50,15,-105,14
53,-259,-12,-47,37,-66
70,-238,27,13,105,-22
68,-252,17,9,67,-23
29,-249,-7,3,-60,-68
25,-263,12,17,-19,55
50,-264,20,-33,-21,64
65,-256,9,-0,-38,-95
23,-246,-27,-10,1,0
62,-237,-8,33,56,-28
23,-269,3,11,24,-10
85,-274,5,-69,58,19
13,-250,-7,20,80,-72
25,-249,7,51,84,7
61,-258,-8,3,-66,-26
3,-247,14,77,25,-70
5,-262,20,87,27,11
-10,-270,0,18,58,-30
-14,-268,56,19,-3,40
28,-280,18,55,42,-18
9,-262,-22,12,-31,-22
22,-240,22,119,-106,20
7,-256,-7,21,-33,20
44,-249,-24,38,-67,-88
6,-274,-2,-1,-33,71
-10,-253,-27,5,18,5
42,-267,27,-7,30,-69
16,-268,13,-26,62,-69
-40,-257,7,-23,26,10
-15,-247,14,72,15,31
12,-255,9,-43,-62,15
-45,-257,-10,43,60,35
-43,-250,20,-10,-51,97
5,-257,-27,-42,-75,-18
-46,-246,-8,58,51,65
-1,-255,5,-11,17,15
-10,-252,-3,27,-44,-33
-38,-259,-25,66,-12,17
4,-249,14,-34,17,59
-65,-280,7,-69,101,-38
-8,-251,14,-3,-29,-30
-34,-252,1,-24,-88,13
-43,-254,10,29,13,-35
-46,-255,12,3,39,-33
-23,-262,-12,7,-73,-54
-52,-256,45,-78,-79,81
-34,-242,-5,57,-7,43
-51,-254,0,0,-1,38
-31,-258,8,-13,-94,-12
-34,-252,-20,1,38,-15
-43,-254,-44,-40,-52,16
-44,-268,22,65,72,20
-54,-246,-19,34,-35,-24
-75,-272,-32,55,-38,18
-37,-252,14,-15,47,34
-60,-256,6,27,37,18
-36,-251,18,-4,-42,-17
-21,-242,5,-46,71,11
-64,-243,-15,63,-8,4
-31,-259,-11,-28,-55,-49
-74,-254,-11,-6,-118,71
-35,-260,13,127,-28,26
-19,-247,-0,25,37,129
-58,-236,-10,-32,48,65
-35,-239,10,27,-53,23
-9,-243,-14,41,30,-26
-19,-246,-2,-118,-28,-48
-47,-248,3,99,46,68
-53,-266,1,121,75,-30
1,-252,4,17,-2,129
-29,-256,3,11,80,60
14,-264,28,-89,71,12
0,-256,24,-68,44,-31
-36,-264,-8,46,-6,42
41,-269,-23,-44,74,-23
-15,-259,-5,47,19,-32
-26,-268,48,-10,29,47
-25,-260,12,-102,48,-66
-11,-277,-5,53,27,-44
12,-258,5,-102,-52,-33
27,-262,6,63,25,69
33,-261,2,2,8,52
20,-230,-6,22,40,4
45,-261,-0,152,-40,-6
20,-247,-17,-3,-52,-2
-17,-249,-19,-13,57,43
48,-276,-17,-15,-6,-40
30,-253,-4,-46,-60,34
25,-255,-22,56,-115,-19
51,-256,-6,22,-57,-81
39,-265,19,72,-36,75
52,-265,-25,-54,-61,20
41,-276,19,-30,-0,83
38,-253,19,47,-45,45
48,-246,4,-9,58,19
56,-254,-14,27,-83,-98
68,-255,-18,-76,20,73
66,-244,-20,2,-118,144
52,-256,33,-69,41,52
42,-274,-7,9,8,-2
39,-258,3,5,-7,13
13,-277,-2,28,73,-20
53,-267,4,20,36,-70
26,-258,-47,-57,-44,95
72,-279,-5,98,-8,38
98,-252,1,125,20,21
32,-267,-4,14,-9,30
78,-256,12,-9,13,-14
49,-254,5,-19,-31,-0
13,-264,-7,4,-40,59
77,-243,-26,13,-35,-36
12,-255,-18,21,12,75
33,-264,-19,31,17,57
16,-248,16,-27,-39,9
13,-262,13,14,-13,-24
26,-257,-4,-56,-28,-12
8,-250,-5,8,5,63
-2,-271,58,-38,19,80
22,-247,-13,-23,15,-67
-14,-246,4,-17,-2,-5
23,-254,16,102,-16,-46
-4,-266,33,-6,-65,36
-62,-251,9,-65,8,40
-19,-266,-31,8,108,101
-12,-258,-11,-34,-6,17
-1,-266,-14,42,4,-41
-35,-252,12,40,44,49
-9,-258,-8,29,2,-69
-20,-264,-7,69,24,5
-13,-248,28,-48,74,7
25,-237,13,52,64,-77
-5,-249,-12,-78,80,40
-3,-276,14,-20,-41,-28
8,-257,-5,-74,-51,-27
-17,-247,9,72,28,60
-8,-256,22,-79,-7,26
-13,-244,-8,74,-45,80
-40,-261,33,56,-28,-22
-53,-259,10,28,-36,79
-58,-266,6,-57,-81,-79
-17,-254,19,-45,7,-19
-33,-256,-13,5,-17,-23
-52,-254,4,48,1,51
-54,-255,-23,4,-15,-49
-55,-264,19,-21,-20,12
-73,-269,-3,-98,10,75
-55,-250,-3,-11,15,-17
-64,-245,-0,50,46,-78
-70,-254,-3,92,-27,19
-29,-267,-31,66,25,48
-16,-251,10,10,33,-26
-95,-242,-36,-45,-68,20
-64,-237,5,19,120,86
-26,-262,55,42,52,6
-79,-271,3,-63,35,-19
-47,-251,29,2,-116,-75
-7,-256,45,99,-63,-21
-11,-265,18,-53,29,-5
-24,-247,-32,-33,61,-8
-45,-243,18,-104,-29,3
-25,-258,29,82,0,36
-57,-245,8,-76,-21,-19
-48,-263,-3,63,-123,52
-36,-254,18,-90,19,25
-54,-256,27,19,-32,-30
-19,-250,16,25,28,153
-22,-254,-47,57,-1,22
-18,-272,-22,13,28,43
-38,-252,2,-83,-30,-78
-45,-272,30,-45,-23,5
3,-241,17,2,-54,7
9,-243,-16,-76,-15,-28
-11,-274,-21,-5,-28,19
6,-249,19,-39,-18,-45
-3,-243,-15,19,-13,17
35,-258,-4,-5,-59,34
9,-258,-24,-30,-13,16
-12,-244,-11,-8,-18,-28
40,-229,-33,-4,-44,53
-11,-250,-19,-20,-1,31
-5,-264,13,24,-159,-39
9,-259,15,-14,-64,17
27,-240,8,-36,-26,46
11,-260,-18,37,-83,-72
49,-255,-1,-33,61,38
70,-271,21,-58,51,-14
83,-246,19,34,13,-79
47,-249,24,-31,19,-55
58,-278,13,-37,32,-44
40,-262,-1,-64,69,77
36,-254,15,-19,-120,-17
40,-255,-51,79,7,-60
44,-252,-10,-64,-34,15
43,-258,-33,11,-44,-38
29,-268,29,9,72,-2
69,-254,25,18,7,26
28,-254,-2,-71,92,38
59,-258,-21,4,142,-53
23,-262,6,-11,-37,-1
67,-257,5,96,82,-126
61,-271,20,-12,34,51
68,-263,-33,-58,-36,30
26,-262,-8,23,-15,21
22,-246,3,163,-54,48
19,-266,37,2,21,64
46,-251,-3,13,107,-27
94,-252,-21,-8,53,-54
48,-262,-31,61,26,-10
73,-274,-30,-96,-11,-46
6,-237,9,40,62,-39
53,-252,1,-41,-9,21
31,-256,43,-27,23,-81
41,-265,3,8,8,47
-14,-273,5,-26,-10,-2
48,-272,-3,39,24,-32
11,-249,41,43,-43,-4
-2,-259,12,7,-68,12
38,-254,34,-65,-88,-20
-11,-260,-7,-52,-35,52
11,-240,10,54,18,29
23,-254,5,-21,-56,-17
24,-247,-12,-137,7,-16
-9,-247,47,58,-3,-0
-27,-256,-13,-14,-39,17
5,-265,-20,2,61,66
12,-245,-3,137,26,42
-41,-265,50,-6,-21,167
-22,-247,12,73,-40,-56
-6,-266,-24,-43,43,-39
-29,-267,1,30,-37,-73
-16,-238,31,8,-5,42
-18,-258,-0,30,0,54
-53,-256,-30,49,-23,29
-40,-249,-2,15,-65,-54
-20,-263,16,-6,10,-80
-55,-245,-21,-6,6,7
-45,-245,13,35,-60,19
-24,-242,-39,40,101,22
-46,-257,-4,79,109,-37
-25,-269,10,-75,-8,91
-33,-241,-22,11,-11,-46
-25,-238,16,-24,74,5
-35,-243,-26,100,-24,2
-38,-251,27,7,84,22
-60,-251,35,-16,-21,-68
-30,-261,22,2,-56,90
-27,-249,9,47,42,-69
-30,-257,52,-40,-28,87
-76,-276,7,-90,10,-27
-55,-243,-62,81,-14,-6
-35,-263,-5,38,-7,4
-59,-251,44,-24,-35,63
-18,-262,21,-7,109,137
-52,-255,-8,63,17,-20
-28,-260,33,39,-85,-33
-71,-254,-21,-20,51,-37
-20,-258,-18,-7,39,-28
-25,-237,-12,14,-40,-13
-77,-252,9,-14,-32,3
-35,-265,5,-38,-32,29
-52,-262,30,103,-14,-3
-52,-248,15,-49,7,-4
-16,-246,-38,51,55,-10
-24,-246,19,-60,-84,-27
-20,-249,-11,142,-103,-44
10,-252,-0,-45,29,40
-66,-262,-10,-64,23,83
14,-245,-26,27,-106,18
-10,-255,8,-77,8,-16
-47,-260,-53,146,-52,-44
18,-261,-18,45,40,-24
-33,-250,5,-47,51,73
-23,-254,-11,56,71,17
-3,-261,14,-17,37,-2
14,-260,17,26,-39,-6
-14,-260,-20,29,-11,-73
41,-268,-4,21,-33,-17
24,-261,30,-132,-7,21
73,-255,18,19,-42,20
18,-267,-35,76,18,2
9,-268,-9,-48,-101,64
-4,-257,6,-17,120,-26
3,-259,-3,-58,58,104
43,-253,-15,-101,-1,-108
68,-271,1,79,-11,20
27,-265,13,22,-71,81
71,-256,1,33,52,-55
62,-252,-17,-81,-34,22
28,-267,18,61,-76,-7
5,-248,-15,70,-12,-42
27,-264,-15,-28,80,-51
63,-264,8,-49,27,123
36,-266,22,-6,-5,46
28,-234,4,20,8,50
72,-254,22,-39,-6,21
20,-252,19,-87,66,31
68,-252,-20,68,19,51
85,-233,20,-25,26,-6
70,-264,7,17,-18,23
52,-267,-1,-18,66,62
56,-248,-20,64,-31,8
71,-269,-14,-71,0,33
49,-254,-8,34,87,49
55,-245,-2,-37,15,-31
7,-243,18,-2,3,106
26,-259,21,8,-18,-64
44,-250,3,37,81,-1
53,-265,9,-45,-67,-1
50,-245,2,-6,-2,13
51,-255,8,-60,-10,26
81,-255,-7,114,4,-6
49,-265,41,115,-50,-35
41,-257,-17,-10,-1,11
33,-253,-26,9,-8,74
22,-239,23,44,41,36
48,-255,-32,21,61,129
44,-257,-18,38,20,93
29,-244,18,-24,-45,40
47,-263,-26,4,-6,-31
-5,-254,32,3,-26,54
2,-255,6,-69,-28,-71
25,-244,-17,42,-18,-155
18,-271,-11,-95,34,-21
-4,-239,3,-13,-79,114
4,-246,-3,48,45,-38
-8,-245,-9,-16,-38,54
-13,-264,-5,61,15,34
-25,-242,3,29,29,-27
-9,-256,-4,-73,37,-7
-51,-270,14,44,-4,-12
-18,-255,-25,-4,-55,62
-40,-254,18,21,22,33
-22,-267,-50,33,-36,30
-43,-275,29,-65,-75,-17
-59,-264,-41,-65,55,23
-38,-265,-10,11,-80,15
-45,-270,11,70,-9,-14
-7,-263,18,-2,-8,6
-34,-263,14,-63,36,54
-52,-259,-20,77,-64,-58
-55,-246,8,17,60,123
-34,-263,2,21,83,-48
-29,-269,8,58,10,84
-40,-273,-5,-12,-7,-51
-64,-259,6,-81,59,71
-40,-271,9,53,61,-10
-36,-253,31,-10,2,80
-34,-250,-28,-23,4,-17
-57,-251,-32,66,-77,36
-89,-267,-13,-9,-38,1
-87,-239,-7,16,61,-106
-79,-254,-11,-32,-119,2
-57,-259,30,6,-47,7
-67,-234,-1,35,32,77
-74,-261,-31,115,-4,84
9,-263,-35,76,-32,13
-43,-252,-11,-88,45,15
-79,-245,17,-15,-6,-12
-59,-244,6,10,-65,-33
-37,-275,23,7,15,13
-12,-263,34,5,3,-121
-36,-234,-10,40,41,6
-17,-271,-12,17,-6,-7
-65,-259,-30,-18,-25,-12
-50,-248,8,-33,6,62
-13,-259,6,-58,-21,-36
-18,-269,8,-30,-18,-2
-43,-240,10,-37,-66,-34
-27,-259,6,45,-7,11
-29,-255,-16,76,-4,91
-43,-255,-28,-31,29,37
-17,-258,14,68,1,43
9,-261,4,-107,81,-53
33,-251,6,-23,-29,15
17,-266,-34,48,84,31
21,-244,-7,-7,-23,-6
39,-236,-10,-112,-11,36
54,-256,-26,28,68,-0
18,-248,1,-23,-40,101
7,-256,-34,18,-41,-6
31,-252,-14,-12,-40,-10
-21,-232,12,-16,-35,31
10,-268,-7,0,-15,48
3,-246,62,15,33,58
3,-262,15,-13,-10,49
59,-268,45,32,-21,-45
31,-257,-21,20,46,-14
102,-266,-50,133,-10,71
46,-246,-3,-47,-3,23
36,-243,18,-57,67,-51
53,-257,-23,57,1,-2
56,-269,-10,33,34,38
38,-253,-16,5,-10,-61
63,-274,-33,-22,-20,-17
51,-261,9,-14,-53,121
37,-265,35,-109,35,92
48,-246,36,22,-5,-52
86,-269,38,73,-103,-16
114,-251,-1,41,80,-16
56,-258,10,-60,-8,-0
73,-246,5,8,31,130
73,-269,4,77,-7,13
27,-271,-23,-23,3,-9
47,-266,5,-11,66,3
58,-262,26,-98,-39,-89
75,-274,13,-21,-59,17
29,-281,-10,32,1,-59
41,-253,-16,17,10,26
55,-269,5,53,8,3
57,-242,-4,44,-87,-71
42,-271,27,20,3,-49
63,-254,33,-10,4,-16
31,-280,-3,10,155,73
-11,-256,14,48,-62,17
38,-237,20,74,12,14
7,-245,38,14,-5,38
33,-254,-14,-46,-69,77
27,-266,-9,49,45,-80
14,-241,-28,-35,-9,7
25,-256,-22,6,-11,54
7,-256,-12,83,142,13
11,-256,-34,16,50,-80
21,-267,-6,16,-117,35
-8,-260,3,67,10,-35
14,-265,11,-19,-36,-18
7,-267,-18,52,2,-5
-18,-257,7,-37,17,-8
-1,-262,-11,75,6,46
-4,-251,-1,3,-26,-32
-11,-250,-8,3,44,1
-9,-285,2,78,-50,3
-19,-241,-20,74,-42,-16
-11,-264,13,53,21,-19
12,-255,-15,25,-17,-44
-57,-239,-2,14,90,-5
-18,-259,15,30,-76,-42
-24,-252,10,6,16,22
-33,-251,39,-38,124,113
-23,-243,-33,-28,-77,-24
-29,-246,12,-2,-22,-19
-53,-262,-10,-56,22,-37
-66,-245,16,-30,4,28
-56,-235,-13,45,53,-54
-34,-248,-11,-21,-50,-0
-34,-280,-4,-20,49,5
-31,-258,5,-2,-52,-126
-64,-277,30,-52,-13,-12
-49,-261,9,-4,45,-103
-27,-252,-28,56,44,72
-51,-258,-7,-47,-58,89
-69,-247,-1,-38,-97,-8
-29,-264,16,78,-76,36
-70,-269,-5,-31,88,25
-53,-245,1,-35,-31,-55
-52,-266,3,-50,-83,-80
-60,-244,12,-39,-99,-18
-58,-238,33,-25,25,31
-71,-240,-24,-64,-13,-19
-6,-256,3,77,59,-10
-12,-257,8,103,-20,2
-20,-255,-12,5,43,86
-63,-264,-34,50,-38,-26
-27,-266,26,34,-72,-7
-5,-249,-18,-31,-18,-9
-53,-268,-41,43,95,28
4,-270,-6,-42,19,-61
-22,-269,36,-70,-27,87
-43,-243,16,-26,56,101
-11,-256,9,-45,-43,-14
21,-252,-14,27,-33,-32
-31,-249,-2,-98,-5,-99
-55,-253,-12,-71,-8,-60
8,-266,-7,-67,-33,-57
-6,-264,20,-42,133,51
1,-256,-31,13,-24,-31
46,-251,-27,40,-31,-20
21,-271,14,11,2,32
-5,-250,-2,-61,16,-56
31,-255,-29,-91,4,41
56,-258,6,-126,27,-26
22,-250,-5,8,-1,18
16,-255,-6,1,-74,8
26,-250,32,-121,-60,8
4,-255,28,88,-24,-45
25,-261,16,-93,-60,37
45,-269,12,99,2,-5
-15,-261,15,68,56,66
31,-244,-2,22,43,-39
50,-262,-42,-5,79,56
56,-248,12,-16,-34,-25
52,-268,-8,-56,-4,41
16,-265,24,-68,-47,84
32,-278,-15,109,31,12
21,-244,4,-24,-37,-69
73,-260,-27,-20,52,-21
63,-225,6,26,108,53
48,-265,26,-5,-45,-20
56,-246,-29,-8,-6,33
43,-262,31,21,-90,144
14,-251,4,5,63,-48
40,-252,-2,-27,-12,-94
33,-249,14,11,-18,-50
35,-255,1,28,32,-35
48,-264,-38,15,-77,-34
43,-250,-8,-40,-52,2
52,-255,-26,77,68,-4
73,-241,-2,-50,-11,19
33,-274,-20,24,49,-89
51,-266,15,-43,35,51
25,-254,42,3,98,17
55,-259,-1,-33,-43,-93
50,-259,-6,-10,-23,-39
45,-257,-28,-66,11,-12
-29,-250,-48,-72,-32,17
21,-243,-36,-8,128,-37
17,-256,28,-15,46,46
-1,-251,18,-40,29,52
26,-242,-9,72,-24,-2
23,-274,-47,-15,57,1
-23,-256,1,41,57,-93
41,-248,-1,3,28,-31
3,-259,11,-10,-71,1
59,-266,8,-56,-36,26
11,-252,22,32,-74,10
6,-240,5,58,2,6
-4,-268,-9,-20,8,-18
-14,-248,-28,7,-47,34
-1,-233,34,32,-63,59
-13,-266,-18,23,-35,-5
-27,-252,-8,-6,-13,-45
-18,-277,-35,16,-45,62
-41,-269,17,25,51,18
-57,-252,4,-32,-15,50
-60,-253,7,10,153,-21
-34,-252,-22,-59,-1,42
-35,-257,22,35,-40,-54
-24,-252,36,-45,-39,-103
-28,-263,8,-43,37,-22
-49,-270,16,20,36,-63
-40,-251,-4,-5,32,54
-38,-251,6,48,4,-26
-45,-283,32,-10,-45,11
-50,-261,18,33,-22,-74
-32,-249,-8,-2,-58,27
-22,-248,12,-53,-65,7
-72,-266,-9,112,-32,-2
-56,-262,18,-29,-17,23
-22,-238,-6,28,59,-108
-63,-240,15,3,77,28
-67,-248,34,46,-3,-26
-56,-247,1,-61,-30,-25
-44,-256,-1,83,-87,-25
-86,-269,6,61,-39,66
-49,-235,17,-3,55,-21
-53,-241,-12,-26,-40,-37
-21,-251,21,20,-6,86
-58,-266,16,-60,-33,-2
-15,-271,17,9,-20,-19
-26,-258,0,-47,84,-34
-37,-268,1,58,15,-99
-40,-269,-7,-3,52,24
-18,-262,11,-19,-107,63
-20,-253,-7,-14,-19,-43
-49,-251,5,-63,52,-51
-36,-257,36,-43,58,-52
-52,-266,-10,15,-47,-32
-13,-261,-15,41,38,94
-36,-266,-10,31,-96,107
17,-265,14,-6,112,78
-3,-262,-5,-8,-35,-59
17,-256,13,42,-23,-59
2,-254,-2,-33,6,-42
-4,-251,1,117,15,-93
13,-271,13,10,55,51
-38,-249,-0,-27,2,-69
-7,-260,40,53,46,44
10,-270,22,-7,-14,7
-32,-247,10,6,43,-116
25,-263,1,-38,93,-1
20,-248,34,12,40,-19
43,-268,-19,-4,46,86
12,-267,4,21,-0,25
-12,-275,2,37,23,5
16,-244,-11,24,-68,23
51,-262,-2,0,35,69
48,-251,15,62,-10,29
-12,-241,-11,-79,59,-110
40,-250,-12,62,136,-73
57,-274,-20,10,-58,-33
50,-244,17,25,42,11
76,-273,4,47,-10,-9
33,-256,-42,-87,-14,-89
33,-248,-12,42,-21,3
31,-238,-14,-12,-60,-20
56,-257,-42,-30,63,-121
60,-238,-14,51,18,20
27,-250,-8,48,-34,68
47,-266,-21,14,4,-48
64,-244,7,29,22,-19
63,-262,26,-1,10,79
88,-258,3,54,19,-64
36,-272,-7,-13,78,-31
32,-247,47,52,-65,-6
48,-263,10,42,5,-60
56,-243,5,-4,51,16
82,-253,0,-35,13,-15
16,-254,-26,73,-39,-68
65,-243,-9,-61,51,5
33,-248,-19,42,23,24
120,-271,53,-180,41,-19
19,-249,12,-19,57,-15
40,-242,-19,-67,-10,-69
19,-267,-19,-25,33,72
59,-248,-13,4,-97,28
-19,-276,-13,-1,-66,21
16,-257,-53,58,98,-16
46,-249,12,-8,-3,-28
1,-250,-8,-7,62,16
27,-253,-24,-18,48,24
11,-239,-24,49,-106,94
-20,-252,-25,9,27,-89
24,-260,14,-60,137,-20
32,-247,-10,70,-48,-15
-17,-260,-13,25,15,60
1,-262,7,-76,-31,-9
7,-274,6,-23,50,-53
14,-255,6,23,-24,-93
10,-264,-18,-11,63,73
-29,-246,8,109,42,-79
-55,-265,25,-61,47,-16
20,-266,-7,3,39,-15
-60,-260,8,-19,32,45
-26,-255,16,-50,31,-33
12,-245,15,7,15,-78
-77,-241,16,-29,19,60
-30,-248,-11,-42,-9,50
-37,-257,5,5,45,-50
-18,-258,-54,59,12,41
-57,-261,24,78,15,-39
-32,-248,-17,-29,-8,-14
-31,-249,10,3,-53,-77
-34,-247,-37,3,17,-57
-51,-242,23,23,-67,7
-14,-269,9,-68,-53,30
-34,-241,0,31,-49,48
-37,-252,-6,-36,-58,-16
-10,-252,16,17,23,-24
-26,-251,26,27,-85,-3
-44,-233,8,-40,-104,66
-49,-271,-56,-76,15,27
-23,-248,-13,24,-41,-27
-67,-270,29,52,33,-18
-45,-238,-7,-71,21,20
-51,-243,13,-123,62,-63
-29,-255,16,-11,-65,-80
-52,-247,-23,68,-6,-40
-79,-261,-11,-32,-21,-54
-19,-265,22,-67,51,29
-31,-266,1,-10,-31,-23
-47,-246,38,-123,-2,16
-56,-264,26,-65,-35,88
-39,-249,-27,29,67,-84
-36,-254,-18,48,-35,33
21,-249,8,119,-2,-7
-24,-245,-2,-13,-15,28
-29,-241,-0,5,9,-75
10,-264,12,17,32,-64
2,-244,12,11,-46,30
-25,-260,-31,21,-82,-10
-7,-250,1,25,26,-33
-24,-266,11,11,-64,107
-14,-244,-1,32,6,-14
15,-243,7,-5,5,-38
-10,-260,8,-118,59,-25
24,-258,35,6,38,41
-33,-249,11,-88,10,-84
-0,-243,27,121,-14,30
-11,-265,-16,65,-34,-43
49,-257,-14,-46,-34,-76
6,-243,36,-46,-34,42
58,-259,-7,86,-58,-36
52,-257,19,8,24,-24
3,-242,-18,36,-50,8
45,-270,4,16,-25,14
63,-249,-11,59,19,-62
14,-249,-55,0,39,-44
32,-249,-1,-30,-2,-42
52,-270,10,19,-69,3
38,-260,-33,26,-9,-128
40,-279,29,42,-3,-4
73,-255,-17,21,-8,18
18,-290,7,-24,13,-68
27,-262,-2,-68,15,16
10,-274,-3,27,28,-70
27,-252,-33,18,37,2
51,-257,-26,30,30,53
77,-255,-11,-59,-9,42
36,-264,-19,56,-5,29
33,-247,-10,-33,-10,-5
31,-253,-12,-4,-43,-52
63,-266,11,12,-49,-34
28,-267,45,84,15,-11
49,-264,-7,-11,67,22
83,-255,-16,53,-33,43
23,-255,13,23,-19,-32
53,-245,41,-27,24,1
75,-267,1,17,12,40
44,-250,-9,41,5,-85
62,-239,-10,-13,87,6
52,-272,-2,-7,12,7
12,-242,-3,-31,-11,-16
39,-240,9,-81,6,5
28,-275,-9,13,-19,24
-15,-245,8,-60,3,-25
25,-247,38,-104,28,42
11,-263,80,-32,38,-174
28,-287,-30,44,-7,20
-1,-278,-6,34,-95,9
34,-255,-43,-3,-67,-43
40,-257,2,1,13,-5
27,-254,-25,-39,-113,-34
7,-251,-1,20,-91,-22
18,-263,-21,-35,-33,26
-24,-257,-2,-27,-53,-12
-9,-257,-14,17,74,-9
-16,-245,-16,-46,-10,37
-20,-266,10,-74,-4,8
-25,-258,-30,23,29,-69
-23,-253,-18,-20,-36,-0
-2,-246,-23,-54,64,73
30,-259,0,-24,-12,35
-9,-265,11,-10,60,-67
-15,-274,-20,59,36,55
2,-266,-7,60,-27,64
-35,-245,19,-46,56,-10
-15,-275,-23,2,-4,71
-6,-266,14,4,23,-36
-11,-258,-8,4,-16,-41
-56,-254,8,60,30,-35
-65,-255,14,24,-34,-44
-19,-266,-16,38,119,31
-54,-258,-16,-23,-57,-66
-44,-260,-36,-90,78,41
-92,-253,11,-34,92,24
-81,-263,28,16,72,30
-62,-250,-29,-2,-49,-32
-80,-243,-16,57,14,75
-54,-237,-15,-72,36,-31
-69,-250,42,2,2,-14
-43,-238,-8,36,60,-1
-38,-253,8,-20,14,-8
-42,-247,36,-13,135,-23
-70,-253,-1,67,-42,-35
-29,-259,27,157,-8,104
-62,-241,-2,-20,-75,-96
-22,-255,-14,-53,12,-60
-49,-261,14,92,-72,-88
-29,-263,-3,37,38,-54
-36,-262,-11,119,-25,-27
-62,-252,6,48,86,-9
-19,-246,9,-92,-47,29
-52,-253,-14,-132,52,-34
-53,-268,-11,76,-4,-8
-27,-254,1,-13,-56,44
-31,-258,-12,-54,46,12
-35,-261,19,-35,73,-143
-50,-248,1,46,-77,-124
0,-260,5,-29,24,86
11,-273,10,-79,44,18
-31,-261,32,-61,44,-8
-21,-251,-21,-60,-3,-34
-27,-256,16,-55,51,5
24,-239,26,5,-39,77
-14,-229,-7,-70,5,18
10,-251,33,33,-33,32
22,-269,8,-82,50,-14
28,-272,-17,5,-4,-27
15,-264,-39,-7,45,-56
-27,-264,-23,14,83,-43
1,-265,9,72,61,-43
51,-244,-22,15,-13,95
36,-250,18,8,-0,127
40,-279,8,7,-24,-55
63,-263,-1,21,17,-38
1,-241,1,-75,20,-33
22,-262,37,44,20,48
-2,-255,-31,-33,-62,38
85,-257,14,-49,104,48
11,-254,6,15,-23,53
26,-250,12,5,66,-38
65,-259,11,-34,-39,-28
49,-245,-26,-4,-37,56
17,-257,9,-21,-8,-3
31,-255,-14,154,-9,28
36,-264,-8,-62,52,-104
32,-241,15,-6,34,-69
-29,-256,-3,49,-21,-62
63,-260,-2,-3,-11,15
33,-260,49,-10,-78,-92
60,-266,-12,21,36,-97
68,-265,-16,80,-34,55
37,-247,20,18,52,-12
62,-272,-19,-18,33,167
26,-249,5,-44,-101,-4
9,-260,3,24,15,78
67,-264,6,-73,96,43
30,-245,-29,85,48,25
33,-250,17,57,-25,-24
8,-242,-7,10,-38,-18
96,-260,-23,-19,-28,7
87,-258,-34,-2,-50,-21
38,-232,46,-51,-20,39
23,-255,20,-59,-6,-38
25,-251,0,-44,18,-40
65,-243,28,-7,64,22
34,-256,-33,-39,-29,9
35,-254,-12,-71,-0,-13
7,-248,-21,-50,-86,-7
20,-279,7,-87,-33,-18
23,-242,4,-3,41,-11
-3,-256,-4,37,33,75
-51,-263,6,75,-45,-104
28,-254,20,-14,17,-53
22,-254,-23,4,42,-50
-36,-258,21,-26,33,-28
11,-250,7,-33,2,-16
12,-268,20,51,-35,35
-14,-274,28,19,19,46
19,-261,-0,92,-11,3
3,-265,12,-50,50,49
-22,-273,31,-85,-50,-70
-11,-245,-12,-10,27,35
-15,-266,23,-56,-68,73
-44,-252,7,20,-21,49
-50,-252,-0,-23,-5,-27
-45,-246,-34,-38,-45,26
-16,-253,-7,-91,-16,-28
-49,-249,52,-110,2,-12
-53,-265,-5,139,-48,76
-2,-261,-2,-3,62,-103
-25,-255,17,-24,42,3
-65,-270,-23,53,-33,13
-49,-249,-6,-70,31,-40
-73,-261,27,-13,-18,-43
-75,-273,-16,-60,34,-96
-46,-250,23,-6,14,18
-29,-265,2,-31,-7,94
-35,-225,14,4,-25,-57
-28,-269,-45,54,57,-30
-53,-232,22,27,46,-12
-36,-255,3,-23,-82,39
-15,-255,2,-1,17,62
-81,-251,1,44,-32,25
-65,-268,19,-4,-75,107
-38,-248,-18,-55,-131,-16
-83,-268,20,-38,-40,-57
-41,-260,-10,83,-12,99
-25,-255,26,47,77,-77
-38,-258,6,-10,-16,-76
-53,-262,1,53,3,-0
-14,-253,-18,14,0,-70
-25,-264,-49,-25,-31,44
-28,-254,1,-29,-5,-21
-17,-246,-12,-21,29,7
10,-252,-19,-33,10,101
28,-266,12,43,-51,37
-13,-269,-4,-43,-24,66
-25,-255,8,-62,88,15
-2,-274,30,-47,-2,29
2,-267,-0,36,-8,-62
-24,-271,59,-64,38,-26
-18,-243,-16,13,-85,-8
-13,-256,9,2,-60,-40
37,-257,4,-91,-28,-38
18,-235,6,-62,-18,6
-7,-263,28,38,29,-45
-24,-250,11,-15,-54,-7
34,-254,3,53,38,38
18,-258,-4,-25,-26,-92
-20,-241,-16,-8,20,32
40,-255,-16,4,28,100
17,-268,-1,62,-31,25
1,-269,21,6,87,-7
49,-251,-0,-83,-1,8
49,-255,21,27,13,-79
-15,-261,-0,-4,-46,5
20,-262,1,65,23,-15
31,-273,7,14,13,51
28,-278,-3,29,14,57
62,-262,6,88,52,-8
28,-233,-21,-6,17,-79
32,-271,-18,20,65,30
12,-296,-5,-30,-42,-38
45,-261,-8,77,-20,-28
38,-256,-12,75,43,-3
77,-244,28,-9,-23,9
73,-253,0,-9,16,17
16,-268,-19,92,62,-5
48,-249,33,48,42,-116
46,-263,-19,-30,-40,-39
85,-262,11,-13,-19,-25
50,-252,3,-7,74,67
47,-247,-17,-73,-31,37
14,-274,-19,-48,-74,46
87,-255,-9,18,17,-0
87,-244,3,22,64,-1
31,-246,8,-9,-26,-45
57,-262,-39,-35,59,-84
28,-279,-5,43,-30,-5
44,-236,-0,-18,13,-44
34,-247,-14,21,4,44
38,-246,-16,-7,-75,-7
16,-257,40,-30,-93,-25
31,-258,-24,41,9,-24
10,-257,-5,60,55,-24
43,-251,5,-28,-64,-19
7,-253,7,47,-25,128
34,-250,-10,120,-4,9
-24,-267,29,-11,-7,-34
6,-249,17,-60,41,17
27,-266,-14,-9,7,23
19,-268,-5,23,38,-23
-13,-252,7,-52,-83,13
12,-249,-5,-42,-59,53
-4,-269,14,-33,-0,-51
17,-264,6,-50,-31,-70
21,-257,-24,4,-96,-32
15,-280,27,-92,-84,-11
-31,-255,-44,26,-88,83
18,-264,-26,26,18,22
-13,-271,5,25,-36,-64
-51,-246,-27,-22,-29,-59
5,-257,-8,6,59,-26
-59,-251,-36,-4,100,41
-37,-267,-30,-63,39,24
-68,-253,-13,121,10,-28
-54,-256,23,99,49,-77
-7,-249,-19,119,49,58
-15,-265,-15,-96,-50,-69
-15,-246,35,37,68,-99
-13,-246,-17,4,-44,-61
-60,-250,-6,44,35,35
-37,-264,9,33,-66,-68
-58,-257,-19,-20,88,-27
-41,-261,-28,-36,-13,54
-56,-221,1,-6,45,-58
-34,-250,36,-65,5,-27
-67,-258,3,-50,16,-29
-58,-254,-30,-55,14,-1
-57,-257,-32,41,156,24
-82,-265,9,7,85,149
-40,-254,-6,-135,-94,-13
-35,-263,26,67,14,59
-17,-256,42,-2,9,-30
-34,-247,1,30,-19,72
-34,-249,-4,111,12,40
-43,-264,-4,-22,34,-107
2,-263,4,9,-11,108
-32,-259,39,65,-35,46
-25,-261,8,-2,-22,-53
-40,-245,-36,-40,-17,32
-24,-259,-13,21,-6,-60
2,-253,22,8,-10,-38
-58,-263,5,-60,-8,83
-46,-251,-31,19,31,-56
-41,-248,-7,82,-13,-30
-64,-253,37,84,-47,81
-14,-249,30,44,54,39
2,-253,-1,28,54,2
-24,-255,10,25,-15,-28
-31,-243,1,42,-25,-33
-4,-239,-7,23,-31,29
-63,-260,10,21,8,24
-4,-251,61,-18,-26,45
12,-256,5,33,41,15
25,-255,-16,-8,-56,17
7,-255,10,68,84,40
12,-247,-12,38,-94,5
10,-251,27,-29,-82,5
27,-242,-8,-18,26,20
-6,-262,10,-37,-76,45
19,-269,-18,-5,37,2
-8,-262,-10,-46,-44,39
5,-255,18,-22,-34,46
20,-236,17,-49,45,84
37,-266,-17,23,-88,30
49,-265,-12,-39,67,55
25,-256,20,-71,-43,-20
41,-262,-11,1,51,-80
48,-256,40,-35,-23,20
10,-254,21,-32,-11,-6
48,-262,-5,-31,42,-67
51,-253,-3,-17,7,-47
30,-253,-3,48,11,11
51,-272,8,66,-109,-16
33,-246,-2,37,9,-22
39,-264,17,13,32,-7
20,-274,-40,-76,54,-8
54,-249,-38,41,-29,-11
60,-257,-0,37,21,-54
43,-242,-12,-135,-18,-12
10,-264,1,75,-20,23
12,-245,19,92,76,40
50,-252,14,18,-42,21
33,-259,39,13,-35,43
36,-272,15,27,-34,10
54,-256,26,-9,-59,87
95,-258,5,4,1,2
62,-249,36,-37,20,56
56,-262,16,-2,-2,-81
34,-254,-16,-40,-59,32
34,-252,45,-7,-66,31
28,-260,-7,44,20,14
24,-257,-44,53,-13,-132
-10,-261,13,3,2,2
52,-263,3,76,95,-26
12,-255,7,-70,38,26
23,-276,12,45,11,93
33,-262,12,33,5,-7
17,-254,7,-85,-11,-24
14,-257,1,-30,43,6
18,-249,23,62,-12,-60
31,-264,-40,99,-30,39
7,-261,35,-30,21,-42
6,-263,-2,-42,-41,18
10,-257,-2,-117,22,-2
-17,-248,-20,-3,-14,-60
-22,-270,21,-25,8,5
-12,-257,-31,-23,-12,8
8,-254,13,-28,-5,29
-3,-247,2,-65,50,59
-17,-251,-4,72,-19,26
-44,-244,39,9,-64,-30
-28,-267,-13,-44,-43,-35
-55,-239,-26,-76,-3,-56
-31,-261,-16,-49,-63,14
-48,-252,-14,27,35,-9
-34,-252,-0,77,56,39
-63,-256,-7,16,3,1
-69,-252,-16,53,-5,-51
-35,-263,0,6,-37,-25
-25,-263,-12,103,15,60
-57,-246,-12,-70,29,-2
-35,-256,-18,-12,34,123
-18,-257,3,-31,-14,77
-56,-245,-2,-12,-84,-9
-45,-244,17,87,-26,-38
-56,-253,22,30,61,-36
-64,-262,45,-25,23,11
-63,-250,-14,69,21,6
-69,-250,-26,-149,-29,-99
-29,-258,-3,26,61,-29
-69,-263,6,-14,17,64
-68,-257,-1,-77,20,-1
-63,-283,-41,108,-4,28
-30,-247,-8,73,23,-8
-58,-261,2,-32,-42,-98
-56,-263,-14,-56,20,-52
-52,-269,21,48,77,-85
-50,-272,-9,53,-65,-53
-65,-253,3,-96,153,71
-59,-250,2,-64,53,-51
-27,-263,-6,-17,73,-9
-37,-251,10,-26,41,3
16,-244,-4,-16,-80,-13
-54,-248,-63,71,51,-27
-5,-255,4,15,66,-80
36,-253,-19,-13,-79,6
-44,-263,16,-19,-93,7
-30,-251,15,-2,-30,-49
20,-256,-24,28,56,7
6,-247,24,-16,-10,-58
3,-271,38,63,-28,49
2,-261,-35,42,-22,114
-17,-258,16,-34,82,-19
15,-247,-9,-17,72,-70
45,-249,-1,105,59,73
11,-252,19,-77,1,19
21,-258,5,27,29,-39
-20,-255,-3,-43,35,47
-1,-239,-6,58,-22,-33
55,-238,-0,-93,3,-42
33,-253,-34,-37,-33,130
20,-250,3,27,-10,51
9,-241,8,14,31,22
36,-258,5,-48,58,28
77,-274,-22,-20,18,37
39,-261,20,-73,-55,-14
46,-258,-26,68,-27,2
46,-242,29,-14,35,-5
33,-260,25,-16,36,-22
56,-271,3,-28,58,7
68,-253,20,7,-46,-48
63,-260,9,-1,-74,-41
38,-255,14,-25,-21,42
65,-276,-14,-12,21,-20
37,-256,7,-16,46,29
66,-234,-12,-95,42,47
81,-256,-22,-15,17,-83
33,-270,12,83,-8,33
27,-249,-18,-33,78,-57
17,-263,-21,34,7,62
47,-258,-3,-22,-93,21
63,-252,2,-14,91,-11
28,-244,5,-8,80,61
36,-266,11,-26,-8,98
58,-265,-13,-23,-65,63
60,-251,9,-6,-104,-25
25,-256,-8,88,13,37
43,-256,43,-38,-41,27
29,-257,-3,-12,-43,5
25,-241,33,66,-20,121
50,-266,-14,-23,98,73
5,-256,-6,-13,-48,46
15,-254,12,78,-84,-99
-0,-263,-32,-12,9,-22
8,-267,-13,1,-12,84
6,-256,-21,-20,-41,12
23,-266,32,6,57,14
14,-260,-10,61,59,-26
18,-257,13,-57,-33,83
-6,-258,-46,-52,14,47
-16,-254,15,-67,63,-11
-19,-249,-16,23,52,-73
11,-245,-5,68,8,38
-32,-252,0,-47,-45,-2
-36,-243,22,-2,53,-11
-30,-253,-23,-41,-13,15
-30,-262,-1,-47,-11,37
-13,-264,-3,-13,-26,-75
-25,-244,35,24,49,-43
-13,-258,4,2,1,23
-26,-264,37,-53,18,28
-48,-252,15,22,-104,15
-30,-253,-18,-33,-34,-4
7,-267,-1,55,42,-5
-30,-260,11,14,33,-24
-54,-267,26,92,-88,-32
25,-235,16,-23,45,-66
-73,-261,-14,-45,114,67
-70,-245,21,-22,-5,-49
-71,-252,-2,-55,29,46
-63,-270,18,-35,59,50
-40,-236,-10,1,23,8
-69,-261,-9,66,79,97
-67,-236,-14,37,38,30
-22,-249,-2,-85,25,15
-31,-258,7,19,19,71
-46,-242,21,65,87,14
-9,-261,-23,20,-9,8
-56,-255,17,-3,52,68
-23,-267,-7,-33,8,10
-20,-270,6,-61,-85,-40
-14,-265,-5,-100,-10,77
-77,-267,22,58,88,63
-37,-269,11,71,-91,39
-25,-271,-48,-16,-47,49
-29,-272,9,128,93,-69
-47,-255,-9,-68,-80,15
-62,-252,-14,-64,-6,-48
-55,-266,33,16,13,19
-54,-247,34,55,27,-17
-21,-256,19,-36,-27,-68
-11,-250,26,-25,11,32
-83,-244,3,-47,-69,-0
-33,-256,26,38,21,9
5,-251,-40,-11,42,69
-9,-281,-25,-19,-70,-17
-63,-252,11,61,6,-42
-9,-249,16,-84,-31,-91
3,1,1,72,22,21
1,-3,2,-71,-11,20
-3,1,0,-94,30,13
-4,-5,2,-5,30,9
2,-1,1,51,19,57
-1,5,-2,-78,56,46
-1,-2,-2,15,22,-3
3,3,-1,-85,69,-91
1,-3,1,47,-73,-59
0,4,0,27,-95,-50
-0,1,-3,5,-108,10
-4,1,4,-39,24,39
-1,-1,2,-63,-86,-24
1,2,1,43,-51,-14
-0,0,-2,37,35,19
1,-2,-1,60,-91,-76
-2,-0,-2,101,-141,-56
3,2,2,20,19,-120
1,1,-0,56,-58,-8
-3,-1,-2,-51,5,22
245,-76,98,-29,82,2327
257,-41,105,-31,-2,2640
366,29,108,-83,35,3564
513,128,202,10,33,5056
696,295,228,-11,33,7046
939,489,336,3,-132,9441
1173,717,443,38,-31,12129
1460,912,531,-43,2,14985
1742,1126,667,-98,23,17874
1962,1359,769,38,50,20663
2213,1558,857,94,-22,23219
2435,1720,965,33,-31,25425
2622,1852,1053,-24,-29,27176
2699,1974,1036,31,-2,28391
2753,1999,1105,-41,-41,29013
2757,2015,1067,-50,10,29013
2718,1972,1046,-128,-72,28391
2600,1853,1012,42,-3,27176
2437,1732,986,17,25,25425
2174,1554,848,-1,21,23219
1987,1363,778,-87,69,20663
1712,1177,702,-9,-39,17874
1450,909,567,76,-84,14985
1114,672,448,12,-39,12129
887,493,382,-3,9,9441
695,293,288,22,-99,7046
533,126,213,-11,55,5056
372,34,162,45,50,3564
277,-40,81,44,-32,2640
201,-80,73,-77,12,2327
262,-8,-4,-8,-20,19
252,-4,11,-21,-61,-58
246,5,5,96,34,-5
262,6,-5,-100,99,-71
257,-5,1,-38,63,-25
258,-1,4,-12,-16,-9
255,-9,3,-77,32,4
258,4,-2,-78,-56,8
260,7,4,72,-14,66
254,4,7,-32,62,81
261,-6,-7,43,-48,77
256,-5,5,-28,-2,78
258,-4,-0,-16,7,17
249,-2,-4,67,-18,-54
260,-3,10,30,95,54
255,4,-2,78,14,-18
258,6,1,-18,16,-12
259,-4,6,63,26,-92
256,-2,6,8,-93,-19
251,1,-3,-89,7,58
258,-2,-2,34,7,12
268,4,5,-51,54,61
253,5,1,-22,3,122
257,-10,-3,-5,-80,15
256,1,11,-84,48,81
262,2,8,-25,-17,43
260,8,-2,15,21,29
254,-4,4,55,31,-61
252,-4,-5,-17,1,-21
262,-8,1,33,-34,-46
256,-4,-11,-61,-14,-71
257,3,5,-32,-73,42
259,-1,-7,1,6,-24
262,5,2,44,59,-18
257,-1,-5,19,-47,-26
257,-0,-2,54,32,113
252,-1,-6,14,-104,25
255,-0,-11,-15,21,-30
246,-8,4,-34,21,12
262,-8,-6,-91,60,13
256,-1,2,62,-50,-51
249,7,-3,15,20,23
256,0,-1,-83,-29,-42
253,2,-5,-46,-72,-4
256,1,5,57,42,-50
255,-6,-0,63,32,-58
254,0,-4,-46,-9,-53
259,2,-1,135,25,-17
259,3,-0,-46,-18,52
258,-2,-3,4,-6,-30
250,6,5,75,-2,14
257,-1,6,-24,41,14
249,1,-1,16,24,-5
256,-5,-0,-3,-3,37
266,-1,-2,39,-7,30
254,-7,1,29,-6,-68
260,-3,1,-13,52,2
248,7,0,-28,-8,-68
262,-2,8,-66,14,110
263,-10,-0,30,70,-41
246,1,-1,-59,-3,-53
248,1,-3,3,74,-20
261,-2,-5,112,52,-35
251,2,-5,34,4,110
259,5,-0,-74,-79,46
265,-4,-7,-51,-9,-89
247,6,-2,63,-26,22
261,-4,2,24,-48,-110
257,7,2,-27,-3,67
261,5,-1,-6,-31,37
249,4,7,41,-3,49
255,-7,-2,-12,-40,14
257,-9,1,-110,-26,108
256,-7,-2,-105,-57,81
263,3,5,-31,56,34
255,2,-6,17,24,-57
254,-4,3,-36,61,-5
255,-3,0,-13,-27,-1
258,5,-12,-15,-10,-28
252,9,-2,-27,65,47
253,1,3,-40,67,29
258,2,-2,-13,59,-6
258,1,-3,-54,70,-60
254,2,1,33,45,-3
256,-0,-1,-36,-75,139
259,0,0,22,-24,-0
261,10,-0,31,-82,-79
253,-1,-5,-31,9,66
255,-0,3,-82,-31,2
248,9,0,-18,27,-8
250,4,0,-54,76,38
260,-3,1,56,89,10
258,-8,-2,32,-25,3
257,-5,-4,-74,112,-36
255,-7,6,12,-82,33
255,1,2,-36,-70,6
262,-10,-1,98,44,-1
256,1,4,-63,-35,-36
257,-3,4,25,-60,61
260,9,-8,-16,-65,17
256,5,-3,-54,-60,-77
259,7,-3,-1,-51,-47
257,-2,7,-16,-14,-35
262,-1,-2,37,61,-14
259,7,3,15,66,-46
252,0,7,-7,-67,-27
258,13,7,53,18,11
254,-7,3,43,56,63
260,-1,1,-44,18,-1
254,-6,2,-2,22,-34
256,-7,-5,109,-64,-54
259,2,7,-1,73,8
251,0,0,-52,-9,125
256,-8,8,-33,28,-12
264,11,-1,37,-7,8
255,-9,0,33,-0,-4
255,2,1,-19,-76,5
258,-4,5,-43,-59,9
255,1,3,-10,-61,46
248,-3,-4,84,-21,32
257,1,-7,11,-70,-142
257,1,-0,-11,13,-59
255,2,0,79,-79,-4
261,2,13,-45,41,-3
254,5,0,11,-67,-22
257,9,-6,-5,45,37
261,5,-2,-65,-69,-20
245,-0,0,-61,24,1
258,1,5,27,28,-15
252,-9,0,-53,19,77
256,5,1,-59,68,-36
258,-1,4,-101,16,-54
246,3,-2,47,12,22
252,2,-3,68,37,-11
264,-2,-2,43,-130,25
250,1,4,-18,-98,21
257,-3,3,35,49,-65
251,4,5,-22,12,-59
259,-3,-1,-39,-39,66
258,-7,-1,66,16,49
268,5,3,-48,-72,-34
258,3,-4,1,65,41
261,1,2,87,20,42
257,5,-3,-50,-5,-9
269,1,-0,39,3,60
248,-8,5,-23,23,-4
256,2,-9,-21,89,31
249,1,4,-29,40,-54
259,3,3,22,-20,14
255,-1,-4,-37,-30,39
261,3,7,-3,-35,-28
256,-4,2,-66,-65,17
246,4,-6,6,-35,58
268,-0,-3,5,-28,-60
252,0,11,7,117,57
262,1,0,-22,17,46
254,-0,-2,61,72,31
253,4,5,-16,46,-61
258,-0,-7,-88,-37,6
259,-2,7,-19,61,31
257,-10,-3,-27,28,15
257,11,6,10,12,62
254,-0,-1,16,35,-57
250,0,-4,-26,53,-60
258,5,4,-72,10,26
252,5,1,121,34,-58
250,1,2,-183,5,-67
254,-2,7,45,25,-24
259,10,6,-66,4,27
267,3,-3,95,83,-133
262,1,4,96,-74,26
258,1,3,66,-23,-32
255,-3,6,-9,24,-97
251,1,-6,-3,-34,6
248,4,7,27,-132,-24
251,1,11,-13,-47,10
257,-7,5,-3,-43,127
250,-3,7,27,102,-22
260,-8,-0,-2,-16,-55
253,0,-1,28,20,25
263,2,3,30,-38,-47
255,2,5,19,-19,-66
260,2,0,71,-51,114
263,-11,7,-2,31,0
258,5,-4,-36,5,10
259,-1,-6,-2,61,-2
258,4,6,-51,9,58
248,14,-1,23,40,-42
252,-6,4,11,5,-46
249,1,7,-45,27,-45
259,10,1,-50,69,48
256,6,-5,-69,-24,-32
259,2,-3,-15,1,47
254,3,-3,36,82,-53
257,-2,-8,8,42,1
254,9,-4,7,-36,-14
254,-2,-3,-36,34,45
253,-1,-3,-29,-56,-38
256,3,-5,5,59,42
253,0,-4,79,-29,-25
260,7,9,-60,-47,80
260,-1,-1,62,-0,-51
256,2,-7,-22,74,-88
258,-1,-0,-13,138,12
256,0,7,62,23,-4
254,5,-1,42,45,37
255,1,3,100,-20,-11
259,-2,7,100,87,-49
259,-6,2,82,-31,59
252,-0,-7,31,-88,-47
262,1,-6,-54,-85,-19
255,2,6,17,-39,-3
260,-3,1,10,-4,-61
248,2,-6,33,65,-33
253,4,2,-4,60,-52
257,1,-2,49,-40,-77
257,-4,-2,64,115,30
260,0,0,-62,50,39
252,-4,4,89,13,15
251,-2,3,-12,-10,4
251,-9,-3,-27,18,-33
258,-4,-1,22,-17,-7
257,5,5,61,-49,-18
257,-1,2,127,37,50
254,1,1,-30,44,-65
261,-5,4,-55,30,176
246,1,3,-51,8,-23
263,3,9,66,33,-68
259,-1,1,29,-37,27
263,-1,8,-36,-19,-47
258,4,13,-18,18,42
247,-5,2,-10,-28,-4
257,-2,-3,-62,-5,21
258,-1,5,7,47,-31
261,2,-7,-20,107,109
263,6,4,-93,-86,111
260,-5,4,-77,12,-100
248,3,-1,-5,2,18
251,9,4,-13,-22,-24
247,-5,2,20,108,8
257,2,-0,45,-104,-15
258,3,-6,-79,22,6
249,4,9,32,-33,16
256,7,3,4,53,-33
255,-5,1,55,-35,28
253,4,-3,3,68,33
253,3,-0,13,-75,-56
260,-5,-3,-129,-16,14
258,1,-2,16,2,-51
261,-2,-4,80,-63,78
252,6,-3,-41,-114,-24
250,1,1,-13,-7,-39
248,3,-0,53,-107,-20
254,-4,-4,-30,-62,11
261,-3,3,-110,81,-59
264,5,-4,-27,3,76
258,-4,-2,-51,125,-19
254,-9,-0,52,-13,22
255,-7,-3,84,-1,-34
256,-0,4,-65,-49,-43
248,-3,2,-8,-12,-8
257,-2,1,-37,47,-59
261,9,5,24,31,-16
253,1,2,7,57,-52
250,1,-4,45,118,-29
254,-9,4,60,-20,24
259,1,-3,-58,87,67
250,1,-6,-15,18,-115
253,1,1,-40,93,56
256,-9,8,-46,-14,11
249,3,-1,-21,-36,-57
261,-17,-8,-95,-34,36
255,-0,-3,77,6,-17
260,9,4,12,92,74
258,4,2,-27,-34,26
257,-7,3,-10,-9,-69
261,-4,0,44,-78,-24
258,-3,-8,-83,-67,35
264,-3,-4,62,-96,-49
253,7,-9,61,40,71
259,6,-2,60,76,-76
256,4,1,-13,62,-14
261,-2,14,126,8,-56
253,-4,-5,6,-45,43
256,-6,1,-18,41,-16
262,8,6,15,20,17
255,5,-8,42,-55,-50
253,9,0,-49,29,51
255,-16,-1,78,-28,-40
249,-0,1,52,-38,50
253,-10,-3,-39,-59,22
258,-4,-4,16,-21,-2
253,10,5,-50,-69,7
253,-3,3,39,-17,-24
255,0,-5,113,-17,-35
254,-7,1,100,71,20
257,0,3,45,48,58
263,-8,-2,-59,13,15
262,-1,-0,29,67,-2
246,-2,-5,4,25,-90
260,-10,-3,99,61,-8
257,-5,-3,78,-22,34
256,-1,-2,-3,45,109
261,-4,3,-7,-12,3
250,3,6,-91,-36,-91
253,-5,-1,95,86,64
256,3,-6,-6,6,-90
252,4,4,50,13,42
257,6,-9,90,-108,-60
259,-3,-6,-61,-10,-46
251,-7,-3,-64,27,-31
266,-6,-5,-7,-75,-23
258,-6,-6,-54,43,-5
261,2,-0,-2,-22,85
254,-4,4,-16,-71,7
255,1,1,-2,141,-92
246,-1,-2,71,-52,63
260,-4,13,32,-15,60
257,-2,-1,2,74,35
253,4,-6,-39,-15,17
250,-3,-7,-65,48,29
259,-1,-8,38,-32,66
244,-13,3,-44,-10,-39
254,2,2,-59,-31,-34
260,-1,1,3,28,32
258,-7,6,-67,-26,-38
251,-5,2,-58,1,-15
260,3,2,-69,-73,-75
264,-0,-9,69,10,-53
257,-8,4,-12,24,25
264,-3,-4,17,-16,-30
257,1,2,39,-13,-56
262,1,0,-76,-79,-2
264,9,1,-32,-109,57
254,-10,7,31,-39,-6
249,3,-3,41,-81,57
249,-7,-4,-13,-22,-26
259,4,-4,-29,-7,31
253,-8,-0,12,65,-33
251,1,13,62,-56,63
251,-4,1,-33,-95,-22
256,-14,-10,58,-44,7
252,6,3,43,9,76
244,-1,-3,-33,3,-31
250,0,4,3,-24,36
262,0,3,-35,31,-14
258,-7,-1,-98,-72,8
251,1,6,62,-32,60
255,-2,-11,8,-128,-24
252,-1,-3,101,-61,-34
255,-4,2,18,82,-21
252,6,10,-13,-11,14
261,-4,3,75,6,-2
261,1,3,84,38,78
248,-6,-1,-42,46,58
257,3,-0,22,-30,-27
262,5,-6,-46,-33,-56
251,-6,2,9,-65,-73
257,5,-2,6,60,-35
253,-0,-2,-28,-3,-45
252,3,4,-86,-38,-5
254,-9,-0,63,-45,101
260,-5,4,-55,-16,-27
246,-4,4,-10,-20,15
254,3,6,-17,-65,20
246,5,-6,-26,-43,-36
256,4,3,-4,56,76
258,10,6,-58,19,23
248,-1,6,-32,13,-37
259,-4,4,-61,27,10
253,-12,4,47,-1,-37
255,-3,-1,-12,15,37
249,2,-2,67,-8,-130
249,-1,6,64,-39,-10
248,-4,-7,-32,46,4
257,-3,-8,35,-85,9
257,-0,3,-92,-26,80
259,-0,-0,2,-26,-0
256,-4,-3,7,23,-103
249,-4,4,3,-67,-50
259,0,-4,21,26,-10
258,3,-0,13,-31,43
251,2,-1,7,-26,-40
245,3,-7,102,-89,-10
259,-10,4,0,26,6
263,7,-1,85,26,34
257,6,-3,-38,-26,-93
256,-4,12,43,30,-98
256,-0,-4,-99,-60,-27
256,5,-0,-58,-47,39
248,1,-0,0,22,30
250,4,7,17,13,34
258,-1,-7,15,34,11
257,9,1,-36,-40,8
251,3,3,74,-62,-56
254,10,-2,-52,-7,-16
249,4,3,42,5,-59
247,-0,-2,-31,5,-46
266,-10,-10,42,13,-74
258,-9,-3,9,25,-50
257,-7,2,26,29,-42
260,5,2,-4,-11,43
262,2,-2,27,-32,-13
252,-0,-2,-38,-2,54
256,7,-5,-68,31,-7
246,1,13,-26,-54,-34
259,-7,0,33,30,-72
257,-5,2,-39,56,-5
246,-6,2,39,-21,8
262,-0,2,46,43,-10
253,2,4,76,-103,61
262,2,1,8,9,56
255,-3,-3,6,30,102
253,3,2,102,-81,-94
257,-5,-3,1,-62,18
256,1,3,-37,30,50
258,2,3,13,-5,48
259,0,2,17,-4,3
260,0,-4,-20,-49,2
253,-0,1,-3,-37,40
262,-1,6,23,-51,27
255,-0,4,26,-45,51
254,-4,-2,50,26,130
252,4,-2,56,85,-42
253,0,6,-38,-111,-12
253,-5,2,84,-115,17
252,5,-7,-32,-11,5
254,-2,-10,50,-20,53
262,-1,-1,-18,-41,60
252,-4,4,97,3,-115
252,-1,-6,145,-22,61
251,-8,-4,-44,-62,58
255,-7,1,40,49,15
252,-5,-7,-2,-27,83
255,6,-8,70,157,54
259,-3,-2,49,48,-16
254,-4,-1,-3,-21,10
265,1,3,31,110,-5
256,-4,2,46,-30,45
250,5,2,-99,-0,-39
257,4,10,-9,-34,-55
254,-1,0,50,-36,6
252,10,5,78,41,12
255,-2,-1,-17,21,-93
258,-6,3,-11,-33,-50
256,3,4,-16,-118,-46
261,-4,-6,-57,-25,-56
264,-4,0,12,-3,9
258,3,-7,13,-18,-67
259,4,3,-47,-15,-49
262,0,5,-62,-77,-38
252,-4,-0,-38,-56,-81
255,-2,-2,52,-1,22
262,-3,-2,73,18,34
265,6,-6,14,82,22
253,-12,3,-89,-104,40
255,-5,3,27,35,3
250,3,-3,-34,-24,108
263,3,-0,47,28,-39
250,-0,11,-27,53,9
249,1,-1,9,-21,2
256,-12,5,41,-1,-30
255,-2,-2,25,34,-22
248,8,3,-28,9,40
257,3,0,-25,-72,-23
252,-2,-2,-93,-33,13
266,2,4,-49,-23,-10
261,0,-5,-24,40,1
260,1,-2,92,-13,-47
254,3,2,-3,0,59
251,8,12,84,3,61
259,-2,2,1,-9,-79
258,0,-1,-16,16,73
245,6,2,-40,12,-44
261,10,-1,20,70,39
261,-11,-1,33,23,-31
261,-2,5,-42,-10,31
251,4,-8,-14,-13,62
259,-1,5,-4,-51,107
256,-0,7,88,13,-51
257,2,-2,86,-52,-16
256,-8,-2,32,-37,-11
251,-4,-0,-28,5,96
265,1,-2,-7,-43,14
261,-2,3,-12,-37,25
253,4,-11,24,93,-49
242,-2,-2,-2,-7,66
251,4,4,13,-65,-41
264,-2,1,-65,-56,31
257,1,7,22,68,55
244,4,-7,-97,-44,26
247,5,5,-22,70,6
256,-6,7,-43,16,3
256,3,8,25,76,-52
264,9,3,-22,-5,-14
259,-9,6,-23,-64,-125
255,-1,-0,38,41,-73
256,-1,2,50,-51,72
257,7,-3,-39,-16,38
268,8,-7,37,-28,27
259,2,5,65,76,-21
264,-3,8,59,36,0
259,-1,-3,36,-33,-0
244,-2,8,-82,-3,-63
256,4,1,12,-20,-50
262,19,1,-63,-54,-52
256,-4,-0,-40,92,-46
256,-1,5,-49,75,20
261,-4,2,-11,-53,28
256,-9,2,-51,-21,-21
255,-2,-7,-129,-27,-9
266,1,-2,6,8,70
262,-5,4,-4,-54,10
251,-2,-6,101,37,44
244,-1,-3,-60,36,4
261,7,-3,-47,116,34
252,6,8,8,-14,-77
265,-9,5,-81,17,57
247,5,3,19,-18,24
252,2,-4,62,-15,46
261,-2,1,21,7,36
261,-5,-4,-36,-50,64
254,2,-2,103,-1,5
250,2,-3,-136,-40,-57
262,3,-1,-14,-39,21
259,-1,-4,-111,57,-5
255,3,1,-66,12,-25
254,-1,-12,29,-33,-17
265,9,-1,-30,-41,73
260,-6,9,-66,91,-2
247,-9,4,50,-32,-100
258,-1,-6,-3,-37,8
260,7,2,-52,-5,-23
258,-1,-2,32,48,-47
254,5,-3,-77,-78,-34
253,5,4,-17,-6,13
251,1,-1,-3,9,25
260,2,2,-66,72,-28
253,2,3,69,-28,50
251,-5,12,-27,25,26
255,2,2,-61,-80,101
254,-12,-3,115,-48,-10
249,-7,-1,-67,-28,4
259,2,0,31,-34,60
253,-4,-10,-39,-86,13
251,-5,4,106,-20,0
256,-3,-9,-18,69,74
264,-1,2,85,-53,67
257,3,-9,62,89,36
253,-5,0,-64,-23,-9
262,5,1,1,-48,-33
253,-6,4,68,63,69
258,-1,7,21,7,20
262,-11,8,38,38,-69
258,1,-3,30,-62,-55
251,-5,-1,39,47,-14
253,4,4,-15,-14,-27
251,5,-2,-23,21,-84
252,-10,-3,-42,-18,29
256,-6,-0,22,89,-110
253,-2,3,-16,39,-70
256,0,7,142,-2,-16
257,1,2,-8,76,-144
248,3,-1,-91,22,24
251,12,4,-71,-102,61
254,5,3,34,-17,38
262,-2,-2,76,-21,78
256,3,-3,12,24,5
261,-2,7,15,23,55
256,-1,0,6,3,43
256,2,-8,20,33,1
260,-8,0,95,-41,34
265,-3,2,16,-72,-21
250,9,-2,26,4,-52
262,7,-3,34,5,7
257,-1,3,-7,9,63
258,-2,7,-156,81,16
258,-6,5,-35,-61,-83
266,11,2,-29,87,47
251,-4,10,12,-64,38
264,-3,-3,-14,-14,-22
264,-8,-2,-55,120,105
255,8,-2,4,-51,4
255,0,6,42,28,6
260,6,-2,-81,12,46
255,-6,3,-34,-4,40
252,-3,-5,38,-15,26
253,2,-1,-69,-3,-40
252,-2,-1,-43,-85,3
253,3,5,65,48,48
255,6,4,-20,-106,31
260,-2,-6,30,-38,64
254,1,-7,84,-23,40
257,3,6,59,18,84
258,-8,1,98,-36,-79
265,-4,9,31,67,29
257,-3,-5,6,-78,-54
255,-2,-5,-54,-70,81
248,-6,1,9,6,-28
251,0,1,70,37,67
263,3,4,-20,-28,-2
253,-2,5,14,43,-17
255,-3,1,70,-22,74
252,-4,1,-75,-27,-53
253,2,4,-61,-99,1
256,-3,1,22,-44,61
246,-7,-2,-79,-20,16
251,-5,-4,-18,-13,-52
253,3,0,59,143,-41
252,-8,-3,-3,-26,3
264,-0,-6,66,-22,32
258,4,-4,128,78,-60
253,-3,-2,38,-44,-34
256,8,0,-60,21,-13
253,3,6,34,3,34
257,-1,4,-21,58,106
261,-2,3,0,-9,1
262,-2,-1,-108,-44,-35
251,-7,1,-82,-29,21
255,10,-6,-75,32,-31
262,-3,2,-36,-19,-32
255,-3,5,-76,-38,-47
246,1,-6,-28,56,26
255,1,-4,25,-22,53
259,12,5,55,18,9
257,-2,-3,39,-30,11
251,4,7,27,61,8
247,1,-6,-64,-69,-6
259,1,2,63,-20,-15
261,-1,-0,-47,-29,59
267,4,-6,-44,128,49
261,3,2,76,-24,-25
256,8,-9,-23,-22,4
252,1,-4,35,4,37
265,-2,-2,98,-68,-37
260,-0,-2,14,-76,-0
260,-1,-3,-9,-52,16
258,4,-3,-60,-79,19
257,-5,-5,-7,-19,-21
259,-3,3,-18,-107,-56
256,-0,-1,-34,-52,29
251,-8,-5,56,27,-67
257,-5,-4,15,120,116
251,-9,-2,-40,24,-18
260,9,-7,18,-15,-35
255,-4,3,34,-49,-55
255,-1,-5,-57,68,-31
258,1,7,-16,-88,49
255,-5,-3,-21,63,23
252,3,-0,-59,-9,13
252,11,-13,-55,66,50
258,-0,-2,-33,36,-1
255,-4,9,30,-21,-35
255,-2,-1,77,-51,-20
257,-3,8,-70,-101,59
261,-2,-8,-73,-3,30
260,0,1,28,4,-13
258,-1,7,-40,-28,-49
254,-4,-3,-55,17,3
246,-9,-1,102,3,-60
260,5,-8,-3,-15,-21
252,7,-5,-71,125,3
259,-4,-2,-65,-44,46
253,3,-4,6,43,-29
254,-12,0,-31,9,-17
256,7,-8,53,-24,25
258,3,-3,24,-20,-33
252,-7,-5,10,-16,32
253,6,0,82,-5,-22
250,-10,-1,51,-16,-2
264,-2,4,22,9,-168
255,4,-5,-69,-78,7
256,8,10,-3,-28,-27
250,3,-7,60,-45,139
255,3,0,53,54,-31
255,-7,5,-54,51,-54
255,-1,2,-1,11,-23
260,-1,5,44,21,-28
252,-0,-4,31,32,4
257,4,8,-19,-82,11
258,9,-1,-104,9,11
254,-9,-1,-12,-67,-114
254,-5,-8,18,-10,33
253,3,-2,32,-50,45
249,-4,1,-33,22,1
256,5,-6,15,47,-29
249,-3,7,-31,-18,-56
267,2,-4,-27,-45,21
253,4,-6,25,-8,47
252,1,-3,-73,29,115
257,3,-2,68,26,43
257,3,4,-15,23,-5
256,-5,7,22,30,65
248,-5,-13,3,9,-66
259,7,-1,-40,-59,-21
253,7,1,-67,-91,-20
256,1,-4,47,-23,-6
262,3,-0,-4,-18,15
261,-1,4,-34,-63,-75
257,4,3,21,-200,-3
255,-6,7,-78,30,-29
250,-5,-8,32,-47,63
248,4,-4,93,70,-37
254,7,-3,-40,-18,-79
243,-8,-2,78,26,-47
263,-1,1,-42,35,50
258,-1,18,-55,-56,-7
256,1,-1,-46,-111,19
255,-4,-11,-0,102,71
269,-1,-9,-25,-106,68
253,-3,-3,-83,-65,60
256,-2,1,-33,72,-83
252,7,-11,60,-11,-98
254,10,1,-15,35,108
256,-1,4,-86,28,57
253,-7,2,-34,15,-54
256,-3,-8,29,61,34
260,12,-2,1,44,-62
248,-5,8,4,-117,-45
254,4,2,56,86,72
263,-2,2,52,-63,-1
251,-6,1,24,22,-16
254,4,3,-43,2,78
259,12,-4,-95,71,5
262,8,-1,-22,2,-43
257,5,-5,-35,3,121
258,13,12,-19,11,21
253,-2,0,15,71,-49
256,-2,-1,30,5,-70
265,-0,3,27,-22,-33
268,5,-7,26,113,48
257,3,0,-29,104,57
255,-1,3,2,17,-1
271,6,1,7,-47,-66
258,4,-8,-1,-66,29
257,-1,-3,-75,-79,-93
255,3,4,91,52,58
260,1,-1,8,-72,4
256,4,4,15,-55,-33
259,-4,-2,5,46,-33
262,-7,7,73,-19,108
258,4,-1,42,-51,-119
253,5,4,5,-10,40
251,2,5,32,6,51
256,9,5,45,-75,-29
256,0,-6,-50,9,6
253,2,-8,-35,42,32
260,3,6,-25,-42,-72
256,3,-1,73,-4,-29
256,-6,2,-18,-92,-14
252,-4,1,30,-67,67
261,-4,-3,-80,-11,-50
263,-14,-19,23,2,-38
253,3,-4,-26,-8,8
250,2,3,91,71,-46
252,-2,-4,71,50,-32
254,2,-10,-77,-44,-28
259,-3,6,135,32,-8
258,2,1,-97,31,5
252,-2,2,45,104,13
261,6,-7,24,31,-7
248,-7,-3,4,91,-42
261,-5,-4,49,37,22
260,2,-3,-86,-83,84
266,6,-3,63,-51,36
255,4,6,-74,80,-77
253,-0,5,-26,60,-10
258,-1,2,17,-36,-22
255,-2,-3,79,-42,-32
249,-3,1,44,4,17
261,-0,12,112,-24,-61
259,-5,15,11,68,31
260,-4,15,-17,44,40
247,-2,8,-16,-8,2
268,-1,-3,12,38,18
254,-2,3,-31,-130,-64
263,3,2,71,-15,6
256,2,10,42,-25,-18
244,2,-13,-118,-57,22
252,-2,-4,-93,-4,21
240,-4,-9,125,-64,65
257,-7,-5,-113,-39,21
253,2,2,-113,-25,46
258,-2,-4,9,1,-21
262,-1,1,35,-96,27
253,7,13,37,-6,-48
263,4,1,18,-5,-100
264,2,15,-8,-70,15
253,-3,-1,-75,66,-56
250,-4,-1,50,-59,-72
254,-4,1,-4,-43,7
254,4,5,98,10,16
263,7,-11,-6,75,-79
254,-1,2,10,31,-13
250,-2,2,-62,51,54
252,1,-1,-21,20,-54
247,5,2,-107,12,38
260,-3,4,35,-70,-2
267,-2,0,20,30,16
247,-1,-9,58,-19,-74
249,-0,6,4,-57,-64
259,-1,-16,45,58,-39
252,-1,-5,-25,68,-10
249,-3,-6,-15,84,7
266,-6,2,20,4,-66
254,-4,-1,-10,-32,83
262,-9,6,18,-18,23
253,-0,-7,96,18,80
254,1,2,-25,45,74
253,4,6,-0,48,61
246,-2,5,2,48,-53
250,3,-2,-111,-17,3
253,0,2,-111,-48,-68
256,10,2,-15,83,11
258,2,1,24,-39,-18
253,-2,7,10,65,23
255,-2,5,-18,9,-53
253,13,0,22,44,-12
257,-3,-4,40,7,-32
263,-3,-4,-70,48,-26
260,1,-4,22,-35,89
258,-4,7,-10,50,-66
253,-8,-1,-73,-17,-85
251,7,4,-3,46,-6
254,3,1,87,-23,-67
261,-2,0,-50,47,-38
249,3,-7,-22,14,-34
258,1,0,51,39,-30
254,-6,-3,80,64,41
255,-6,-7,37,30,20
258,10,15,-36,40,-10
257,3,-1,-42,150,-63
253,0,-1,-13,-15,-80
259,-5,4,20,-48,-114
260,-7,11,41,45,22
252,-3,0,1,-63,-7
258,3,4,-80,-40,79
254,-0,-2,30,-45,7
254,9,2,67,99,-40
258,2,7,61,-12,-63
253,4,9,-22,-61,32
253,9,-6,65,-20,-52
258,-5,-1,-103,12,-0
263,-4,2,67,5,-17
259,-1,-2,31,72,-13
257,-7,2,2,51,-49
247,3,-2,-20,105,-57
252,4,-2,-53,-1,56
261,9,2,-11,-23,-8
265,2,-0,-84,74,64
262,-5,5,2,15,8
267,2,2,-42,36,-11
257,5,0,15,7,-23
261,-3,2,29,-4,77
256,2,5,-5,39,-60
254,-3,4,20,-66,-44
253,5,-1,-33,95,8
246,-3,7,-25,-103,-72
259,-3,7,-10,-24,17
257,-9,10,-20,88,-87
263,2,-7,-37,-80,12
257,-2,-5,-80,-36,11
259,7,-1,78,58,31
267,-4,3,13,-0,26
252,-4,6,-25,-10,10
255,-3,-1,95,7,-18
253,6,-5,15,-31,-97
252,4,-3,34,53,-75
263,-1,-5,-7,29,-75
271,11,-8,30,14,83
246,2,3,-12,30,-2
259,1,-1,25,8,-9
246,0,-1,-37,48,-73
253,2,-2,-61,95,64
255,4,2,-33,69,62
262,-9,-1,-78,-40,-31
255,4,7,-7,-30,-69
254,8,-12,27,-22,23
250,6,4,53,20,27
253,4,-1,-14,-24,-49
257,7,-6,33,29,78
258,-5,1,-69,-20,-4
262,7,-4,-18,33,-22
252,5,0,-32,-98,-35
248,1,4,-22,14,-11
256,-6,-7,-50,-38,43
253,2,1,-129,45,60
265,-4,10,5,2,110
260,-17,2,23,2,-18
248,-3,-9,-42,-3,-2
253,-0,-1,39,-19,-54
254,-10,1,21,98,58
261,5,10,48,-46,47
250,3,-8,112,3,-32
251,-7,3,-56,-26,-53
255,1,-0,-5,117,-21
255,-5,5,59,47,-41
252,-2,-3,80,-78,-62
260,-6,-0,6,64,54
255,-4,3,-49,95,22
257,-4,-1,52,42,30
255,-5,1,-5,-65,-24
255,8,4,-6,-23,32
257,-1,0,-31,-39,-36
261,4,9,-37,-57,-23
260,-4,-6,-9,-8,-41
260,7,3,-0,39,-43
254,5,-5,-60,-16,-58
253,-6,0,30,-46,32
251,0,-1,40,-79,19
254,-0,-5,111,44,-3
263,-2,-8,-2,35,-132
249,7,-4,-64,-22,45
259,2,10,-4,30,10
251,-11,-2,7,13,-43
254,9,-10,-3,60,-12
248,-1,-2,-13,58,-2
263,3,-7,-97,-14,29
253,0,1,-60,3,46
257,-3,-2,47,44,-17
255,-5,-2,43,93,78
255,3,-6,16,10,44
252,9,6,73,23,51
263,5,0,-53,-12,-7
266,3,-3,26,29,-12
251,3,-3,1,80,32
253,2,4,-54,31,40
249,1,5,56,5,42
263,-2,7,37,5,14
248,-4,4,67,-17,5
252,-6,2,-63,-5,-19
268,1,6,29,-11,-20
259,-6,1,-3,51,-1
249,-5,0,-12,-101,-24
257,5,2,72,-27,-71
251,-1,-8,-44,-36,-86
257,-3,-8,-7,-20,-51
258,2,-2,-82,-19,-22
256,-2,9,-24,52,-35
246,-4,-7,-22,-63,-69
257,1,-3,-14,-24,60
247,-2,10,-97,-16,-45
254,-1,2,-86,31,4
257,2,-8,-50,-20,80
253,-15,-6,-15,-67,37
254,-0,-1,86,-76,-17
255,3,-5,69,-67,48
264,0,-4,-13,111,4
262,3,-2,-17,-28,2
253,-4,1,65,-68,-13
256,-3,4,-36,-26,-18
249,-13,-4,-7,-38,74
255,4,3,-17,-61,-33
258,-3,4,147,62,-41
256,11,-5,-81,-53,-97
250,5,4,-4,-47,26
249,-7,1,-55,-27,-4
255,-8,-6,-85,-10,12
261,-13,2,-27,13,15
256,-5,-6,-5,45,11
253,-1,10,52,56,-3
245,2,-3,15,-45,61
256,3,-0,-18,10,134
250,8,-6,-2,3,-26
253,-4,-0,-4,-90,12
250,6,5,98,15,91
258,10,11,-29,48,-37
256,4,0,-36,-61,38
258,-3,3,44,50,-83
249,3,0,21,-9,-107
262,-9,2,92,28,-11
260,1,3,-20,41,80
258,-0,6,0,-58,-16
247,3,9,112,-10,66
264,6,-8,-106,-55,-13
261,6,4,13,75,49
263,-5,9,54,90,36
246,-9,-0,23,-23,82
259,9,-2,76,28,1
253,-3,7,64,-13,13
251,-1,3,63,111,-103
251,-11,3,-37,-10,-41
253,5,7,52,17,-24
258,-1,-2,-60,-71,76
262,2,0,16,-43,-98
252,0,-3,-15,-23,103
264,-1,5,33,-2,1
255,3,7,49,-1,4
258,-13,-7,0,20,-47
247,-11,4,-23,43,-19
256,-7,6,137,-90,-64
262,4,2,-22,28,44
254,-7,-3,13,-7,-1
270,-1,-0,28,-56,-18
254,6,7,-65,-21,-1
257,-1,1,41,46,72
256,-1,8,40,1,-39
255,1,-2,-8,55,-114
250,0,-3,-21,62,-120
254,-3,-8,48,62,-68
267,7,3,-21,10,-104
254,4,7,-5,-19,12
253,-1,3,-42,-47,14
253,1,-4,-41,53,-11
250,-1,4,-17,-1,-83
258,-10,5,43,-8,87
257,-6,10,58,56,-3
256,2,5,-36,51,-38
257,-1,6,19,75,42
256,-2,-0,24,-24,-50
256,8,-5,7,1,38
264,10,-0,56,32,75
257,-4,2,-65,49,-37
271,-5,-2,-69,41,43
248,4,-8,48,-97,-15
249,-1,-2,77,-67,-50
260,-3,-6,27,3,-52
257,-1,-6,-62,39,68
256,2,8,71,35,26
253,-1,-0,-40,35,-47
254,-3,11,1,38,-27
254,-8,7,-53,50,-29
253,-8,4,-11,-72,-19
253,-5,9,16,-8,78
268,-1,2,45,-6,111
258,2,2,-0,-108,-93
252,-3,-6,88,-10,31
252,-3,-1,-28,-31,29
251,4,-3,38,-19,-71
251,-10,0,30,43,-40
252,5,-8,-31,35,-64
260,-2,-2,-18,26,26
256,11,-1,17,-44,-34
256,2,-5,-79,-37,67
253,-2,-8,14,-86,-13
255,5,-6,-129,47,-23
252,-2,2,41,37,-107
258,-1,0,8,-35,25
247,4,-1,-10,-24,86
258,1,4,102,71,24
259,-8,-9,-11,27,111
264,1,-9,8,99,3
254,-4,-2,-35,-135,20
257,-3,8,5,52,11
258,-0,-2,-46,35,31
246,2,-5,-17,-10,-14
253,3,4,0,11,22
255,7,7,16,-16,117
257,3,1,-103,26,20
259,-2,-3,87,51,53
251,-1,-0,7,41,-63
259,-4,9,59,3,-3
262,-0,8,-38,-10,-29
258,4,-8,56,-23,-39
255,-4,-5,8,32,6
251,2,-4,-18,-31,-7
258,-1,-1,41,-64,-92
259,-7,-6,-15,-43,-26
258,1,-2,-18,18,-4
261,6,3,51,16,32
263,2,5,-10,-96,-15
247,1,-2,11,-5,-15
255,-0,5,-41,-0,34
255,-3,7,18,29,42
262,-7,0,31,11,-29
254,-3,4,3,-29,28
254,13,6,5,6,-8
253,-6,-2,6,-27,49
252,6,-7,-7,30,-5
254,1,-1,-125,-56,-87
255,3,5,21,30,66
258,-7,-2,6,-16,32
252,-11,-3,53,15,48
255,-0,0,-39,24,-8
266,-4,1,56,67,29
256,3,-2,36,-5,58
256,-3,-9,61,-67,-51
252,-6,12,-53,-76,3
259,-4,-3,32,-46,-37
254,9,5,7,-48,42
258,-5,-10,-0,40,47
259,-6,7,106,-1,22
254,1,-3,-6,-28,65
248,-6,-3,15,58,-1
261,-10,-3,23,6,61
254,8,1,-15,38,-33
261,2,0,-38,-84,40
256,-1,-2,-49,4,42
260,-5,-2,-66,51,15
259,0,1,-18,-77,-16
262,1,-3,-6,6,-37
253,8,-7,-5,87,58
250,7,-0,-15,17,13
254,5,12,-6,42,36
256,-3,4,-29,59,46
266,1,-8,25,34,22
264,6,0,-71,-1,-4
259,-0,3,30,-70,30
261,1,10,-38,5,82
255,2,2,29,-10,-8
261,1,0,-48,-5,61
253,1,9,75,14,-30
252,6,6,-67,31,48
259,7,-2,52,-6,73
254,-6,-2,-24,45,25
257,-13,1,-16,1,40
265,-2,-7,108,1,-55
257,-1,7,-50,-16,-43
256,5,-1,68,26,20
257,-5,7,-2,-27,-50
256,-0,8,26,21,-19
256,-4,-3,1,-43,-42
255,5,1,30,18,-6
250,-3,-0,-26,-16,2
258,-4,0,-22,19,38
263,-2,2,1,58,-20
250,-0,13,-21,61,-8
260,-4,-2,-5,107,51
253,4,2,45,1,49
259,4,12,-14,-36,-38
257,8,2,82,9,118
256,-2,10,-19,-19,23
245,-2,6,-19,89,15
256,-7,1,-23,-107,1
257,-2,-5,-27,-80,-5
257,-5,-4,-56,43,12
249,-4,14,71,-37,-10
251,-2,-5,70,22,10
254,8,-4,4,58,-85
255,3,0,-37,23,25
254,14,10,49,-50,58
262,-3,-0,22,17,25
257,4,-5,-12,-77,50
259,-2,-3,14,25,-7
253,5,-0,33,31,65
253,-4,-2,31,-1,14
261,-3,1,33,18,-9
247,-2,3,24,-47,-70
253,-8,-4,-43,47,13
260,8,-6,70,-4,-73
264,-6,2,56,-52,31
260,-4,3,6,4,-43
255,11,2,81,-40,31
264,-6,-9,-43,-39,-45
252,-3,-3,9,-71,60
257,-0,13,-18,-62,49
255,-4,-1,39,-22,37
256,1,2,-2,76,-81
248,-1,-3,63,15,-7
250,-4,1,9,-48,-29
257,1,-6,44,8,20
248,0,-1,-44,-38,-61
257,6,-7,-10,-86,-59
263,-6,6,-29,21,-15
256,5,-3,39,-20,21
261,-10,2,-38,41,-52
254,-6,8,53,93,24
254,-5,-7,-12,77,-1
260,8,3,31,32,-46
249,-3,5,35,-20,-12
254,-1,7,40,-34,65
261,-0,-0,39,26,37
253,-3,-7,14,-50,128
261,-5,11,-61,-15,-53
250,-1,-3,-13,83,3
246,4,-4,-110,14,-111
257,10,-5,-54,-2,10
253,-5,5,-27,61,29
257,0,1,14,-104,68
256,6,4,14,-7,16
250,-2,0,-12,14,-97
259,-8,2,10,35,-11
245,5,-1,48,-38,-8
255,-1,-2,-51,3,36
258,-7,4,47,33,-21
253,-0,-4,-10,-42,72
249,-4,-2,-36,1,-11
250,4,-7,33,28,-14
254,-2,-1,14,33,21
251,1,5,9,94,-6
257,-0,5,-76,-114,13
257,1,8,-18,75,-69
252,4,-2,3,43,-33
247,-2,2,-80,-71,89
264,-0,-2,68,9,-10
260,4,0,-10,24,78
253,3,-5,88,-58,42
258,-4,3,5,26,-0
258,2,-1,62,21,43
250,4,0,77,-31,12
255,2,5,20,-37,-60
262,-8,-4,-30,25,7
249,4,13,-32,-8,42
254,7,2,14,102,138
261,7,-4,44,2,-53
258,1,3,-69,18,21
253,-2,5,49,-12,-3
253,1,5,-26,3,-10
252,-1,-7,-109,-23,175
257,3,-3,13,-69,39
254,-1,7,-10,-14,-13
257,-1,2,-38,-49,12
262,7,-1,1,3,-17
258,-1,1,67,-56,-84
250,-5,1,5,1,2
252,-5,8,34,101,31
247,-0,5,-70,-37,9
253,-0,7,89,-78,69
252,-2,1,-31,35,13
260,-6,11,-29,54,-69
253,-1,2,85,-25,28
249,3,-3,47,-39,-63
260,-4,-2,34,-36,67
256,-1,3,-54,7,7
256,-6,-2,-33,31,15
260,-3,-1,-29,-3,-62
248,-2,-4,78,104,2
264,-2,-7,-13,42,-43
256,2,-10,44,69,-13
249,8,4,17,-1,26
261,-5,6,26,91,63
253,-10,-1,-10,-39,-16
248,8,13,-7,45,-49
254,-4,3,31,46,32
254,-2,-4,8,-10,51
260,10,-2,-54,4,-13
253,2,0,-123,-46,-23
258,4,2,17,50,0
266,3,-0,-84,90,13
250,-0,-6,-39,49,16
256,-8,-1,-17,16,27
257,3,-3,-3,-4,-18
252,-5,1,-22,35,-82
258,-2,1,-122,8,16
253,-1,-6,-52,-5,35
258,-8,3,-46,4,-9
251,-5,-1,18,-4,18
247,-1,7,69,52,-55
254,-9,-6,26,21,28
259,-5,13,-75,-36,39
258,-6,10,-43,-21,-1
249,-1,9,-63,53,41
254,-9,-12,-45,116,20
254,10,-2,100,-41,-32
256,-14,1,56,46,61
249,-1,4,65,-76,3
262,-5,5,4,39,58
258,-3,1,-7,3,65
266,-5,-6,53,68,-45
260,15,9,-86,-57,-17
257,3,10,-39,-30,96
257,-9,7,26,-95,39
255,-4,2,-9,39,-9
252,5,-4,-6,-31,16
250,7,5,19,-7,56
253,-3,-6,-2,-45,-2
254,-5,7,31,20,-24
258,1,4,17,73,-28
263,-5,1,3,54,65
250,3,-1,-49,-1,13
262,-9,0,-25,17,-45
249,7,-3,16,-108,18
256,-8,-15,38,-47,30
264,-5,-8,3,-22,-11
252,6,-0,109,86,-54
253,4,0,33,-22,33
251,-2,-4,3,-43,-70
256,2,-1,9,-51,-59
256,-7,2,16,-18,30
252,9,-0,15,-55,-41
258,0,-4,1,56,-47
257,-4,-5,-1,65,54
251,-3,3,-6,-28,58
264,-3,-8,9,51,-57
250,1,3,-8,-46,21
255,-8,-6,96,30,-81
255,-4,6,-9,-1,16
264,-5,0,-41,-23,17
260,7,4,10,-23,24
259,-5,-1,42,-35,93
256,-3,3,86,-27,17
251,4,1,88,-5,22
261,-3,2,-8,6,-21
260,1,5,45,-41,31
258,-3,-3,55,-65,20
254,-5,-4,26,33,117
259,-6,-5,-16,43,15
257,-4,2,-16,83,33
252,4,-5,-12,13,-20
253,10,7,-3,62,20
259,5,6,-70,-14,-40
250,-1,5,-29,-0,-18
248,-1,2,56,14,49
244,-2,-0,98,-63,-78
250,-1,-7,-45,-45,-13
254,1,-2,10,-5,-40
260,3,6,-92,43,1
252,3,2,-52,-16,-37
261,2,-0,-26,19,10
260,-5,5,12,-24,-37
255,-5,-1,-54,-8,58
251,11,6,45,-5,-31
264,2,1,24,18,-31
252,2,5,-14,5,-36
255,2,10,-81,-53,44
263,-9,3,40,-51,53
261,1,-2,9,32,124
251,10,2,-13,-19,-29
253,6,-8,64,28,49
255,5,0,34,37,1
257,3,-1,-43,-43,-87
253,-6,0,0,24,-13
257,1,5,-59,71,-44
249,3,-4,31,75,5
267,3,4,-47,68,-22
260,-0,7,34,70,-7
253,-8,6,23,19,-11
248,-8,-5,8,118,-49
257,-3,-2,-21,-16,43
253,2,-8,8,-17,-176
254,-12,9,84,-23,80
254,-2,3,24,-62,92
263,-8,3,31,2,-46
251,2,3,21,25,36
259,-10,1,-8,23,38
245,3,-4,-53,-5,-47
264,5,-0,10,115,20
260,-0,1,-18,21,-21
266,7,-0,16,55,-59
249,-5,-6,-11,-15,-47
255,8,-5,47,-3,88
253,-4,-6,4,41,66
250,-5,1,-33,-46,-61
259,-0,6,52,-4,-57
244,-2,2,-29,1,-66
257,3,6,10,20,21
253,-5,3,54,-17,28
258,1,2,67,-114,71
260,-3,0,-43,3,12
255,3,4,-16,59,63
250,-1,0,-71,-69,-8
248,9,2,100,36,21
258,2,6,-15,25,-13
260,-4,1,5,18,-16
260,0,8,-12,14,-76
265,3,-1,-21,34,34
257,4,-8,24,42,40
256,1,3,17,-52,46
256,-2,-1,-56,-40,26
261,5,5,-25,9,-58
256,9,-2,-56,43,39
251,0,-1,-44,-49,1
247,1,6,-43,106,20
252,4,-1,0,-43,5
258,-3,-6,-131,0,13
252,-5,-12,121,66,40
259,5,-3,-79,34,-14
264,-8,1,-50,-19,-9
259,7,-5,10,-13,27
254,3,6,56,43,5
255,6,5,45,-74,82
253,3,5,-58,39,-60
256,8,-3,21,-12,61
249,-4,6,-19,43,5
261,-1,2,65,-26,13
250,-2,-2,119,-15,14
263,-2,-6,76,9,-7
260,-4,-11,4,29,-74
248,-0,-5,83,-74,87
257,6,5,158,-23,-23
254,-1,1,-19,17,-20
257,-1,2,78,11,-77
259,0,-16,8,1,-37
252,-2,-8,8,-50,52
248,-1,0,49,-40,18
254,0,1,-56,40,5
253,6,-5,56,115,39
254,-4,-0,-15,-24,-12
266,4,-7,40,51,-54
256,3,2,7,-42,-24
261,1,-9,-51,-13,-53
253,1,1,21,-70,-51
257,-1,-2,43,60,-37
265,1,1,10,-70,-3
254,3,2,62,-76,44
253,-2,1,-106,-90,39
265,6,-7,75,-14,-62
252,-1,-9,-12,38,-93
255,2,1,44,61,-16
260,1,5,73,-21,40
261,-14,6,68,-41,-17
255,3,-3,51,8,-55
258,1,3,56,-48,-58
262,-0,4,-3,-105,-19
252,-3,-2,-21,-97,0
257,-0,-3,0,10,-20
257,6,2,-22,-5,-97
255,2,-3,-20,-17,-37
259,2,-9,40,15,-46
260,-7,4,27,-33,-20
254,-4,5,-79,3,6
254,-6,-5,-4,75,-71
261,-4,-2,5,134,91
256,-5,-3,27,-66,9
253,3,-8,22,25,-53
253,-1,3,24,-36,73
258,-2,0,2,-11,36
253,-6,-1,-91,-43,36
257,-2,-7,-14,40,40
251,-2,-2,23,53,-50
264,7,8,-57,-43,-54
250,-7,-3,135,44,39
259,-0,9,-2,-20,51
256,0,4,-4,11,18
264,3,-4,-28,40,35
257,0,2,71,53,12
254,-3,6,47,-73,-49
250,-3,7,8,9,21
263,-1,4,-10,-24,-29
253,-4,-4,-12,20,46
262,-4,2,-57,109,-26
254,5,-1,-28,-30,-4
242,5,-4,69,47,62
259,-3,1,45,-98,-35
254,5,-0,6,14,-0
256,-5,-4,-2,6,-116
243,-3,-6,35,-31,61
253,-4,4,17,49,10
256,7,-2,53,-52,-10
249,-3,-4,-59,-39,-3
255,5,-1,23,48,-28
248,-8,12,76,29,-52
258,-2,-1,-46,-86,58
251,-6,-2,7,-35,-13
254,4,12,-79,-2,14
251,-0,-0,-28,26,-65
257,2,2,30,33,27
259,-0,1,-21,48,125
258,2,6,-18,6,-35
266,1,-7,-2,61,22
256,-1,-9,-64,-33,-27
256,5,-3,-19,91,128
266,5,-3,-130,3,-39
266,-1,0,16,-48,36
265,3,11,4,-92,-52
258,-9,3,-54,46,25
249,3,-1,-60,52,-60
256,-2,6,-50,62,-9
263,-9,1,-76,-28,14
256,-10,3,19,-34,-0
248,3,5,-51,-4,33
261,0,0,80,11,-14
256,-4,7,24,-45,-40
261,-7,2,-45,19,-6
257,3,-3,-8,21,-11
264,-2,-2,22,-145,-12
255,3,0,17,6,-41
257,-6,11,99,-23,87
256,8,7,17,-13,19
259,0,4,13,-42,21
249,-5,-1,-65,-36,39
246,-1,-1,32,-42,48
252,-0,-2,-11,-9,-30
265,5,3,-3,79,51
253,-7,2,19,34,-6
257,-2,-8,21,14,40
261,1,-2,7,54,18
256,2,-1,-42,-34,-12
248,-8,4,-1,-85,-51
259,3,1,-82,-66,-107
261,-1,7,40,-6,49
258,10,-11,60,-20,-70
255,7,-1,20,5,-49
257,-3,2,15,-50,-24
256,1,-2,27,-47,29
257,-4,-2,44,-56,-102
259,-2,5,-8,-44,9
259,5,6,-20,3,-8
258,-5,-4,-2,-22,-21
258,-6,6,26,-70,-18
266,3,4,61,-36,-7
252,-2,-3,-45,-27,-59
246,3,-0,67,-9,49
246,2,-9,-66,-24,-52
251,-2,5,63,-0,2
252,2,-5,-3,-32,-3
257,2,8,6,59,61
258,8,3,-11,-24,48
253,-8,-3,17,61,-107
253,5,-1,-4,-64,71
253,10,-9,-52,-21,32
261,1,3,24,10,-34
255,2,-0,25,-24,-32
255,-4,-2,-22,73,-6
255,-5,1,5,-34,-19
267,-4,-5,7,-5,-1
252,-6,2,-76,-104,-60
246,-2,-1,33,-3,-3
249,-0,5,-2,13,-10
254,-1,5,89,-4,30
253,7,2,26,-58,-48
254,-11,-3,-51,-65,6
253,10,7,-77,12,-29
254,-8,4,-14,41,-113
249,5,5,53,-75,-14
255,-6,5,33,12,-59
255,-0,-12,-36,29,81
262,-0,-8,14,100,63
264,12,-0,0,44,54
257,-1,1,-17,-23,70
249,2,-3,-86,66,23
250,-7,0,-17,-51,-101
260,1,-9,-53,-36,-72
262,6,7,27,6,-5
247,-8,2,-8,59,84
256,-4,2,48,-76,-117
259,5,0,29,95,22
257,9,-4,-2,15,-25
254,0,-5,-2,2,-37
243,3,-4,124,-72,68
256,2,-4,-31,-21,14
255,-4,4,-50,-7,-30
263,-3,7,12,61,-29
258,-4,-3,-14,-32,16
256,6,13,33,-45,95
261,9,-0,40,35,-35
250,6,9,16,-14,-37
255,-1,13,-0,39,18
251,2,1,-24,51,13
262,-11,-7,-73,-21,78
255,9,-7,13,10,-42
246,-3,-4,59,-58,52
260,2,-0,-16,37,9
258,-1,3,-47,-47,9
252,-3,4,-86,45,35
250,-7,5,27,21,22
262,-2,8,21,41,24
257,-5,-0,-49,59,-40
257,-5,-4,14,82,-39
255,-1,5,-42,9,32
258,0,10,24,75,16
255,1,-3,-84,-7,-77
255,6,6,-30,42,8
245,-2,-3,34,65,-38
265,1,0,-60,-2,28
259,3,-4,-10,-26,1
259,9,-2,39,18,26
259,15,-11,-78,53,127
254,-2,13,22,-9,5
257,-3,5,15,68,5
267,-6,-2,15,-16,-18
261,-6,-5,-2,-3,82
252,2,-0,-51,-0,115
255,-5,6,107,8,56
