-9,-306,0,111,-52,-56
-7,-231,0,353,-174,438
53,-180,0,-266,-146,214
-42,-203,0,253,105,177
93,-219,0,160,-309,49
15,-169,0,85,-408,-28
56,-140,0,-101,-308,376
126,-72,0,293,85,-248
107,100,0,-75,-162,164
138,41,0,58,-73,-54
109,-21,0,152,185,46
196,33,0,308,-237,42
137,5,0,-25,-118,-9
103,27,0,158,127,-6
63,4,0,200,-223,-391
138,74,0,182,149,98
118,92,0,-186,47,16
96,-9,0,-95,-122,195
64,100,0,-151,-189,118
97,-12,0,197,-43,-286
165,-18,0,317,-66,32
179,-18,0,96,74,-66
73,-31,0,-64,-394,216
86,15,0,-71,11,-119
68,-34,0,-339,439,52
-28,-94,0,343,321,-191
58,-136,0,165,-224,135
82,-66,0,-248,302,67
129,-226,0,53,-214,-108
1,-206,0,56,-190,127
4,-255,0,-119,-236,81
69,-313,0,-79,-216,166
-12,-249,0,129,-121,1
-36,-254,0,-233,-4,259
-92,-334,0,340,-249,-44
-44,-438,0,-299,19,332
-79,-337,0,-169,303,-26
-75,-413,0,74,41,51
-94,-383,0,313,-78,-186
-205,-491,0,-190,140,-311
-119,-544,0,-377,130,81
-117,-495,0,165,240,85
-168,-486,0,45,129,-23
-215,-497,0,-289,6,35
-153,-589,0,215,-34,553
-190,-519,0,288,72,47
-186,-574,0,-149,175,-7
-159,-587,0,375,-238,-503
-181,-597,0,135,176,92
-72,-546,0,-169,-174,-242
-178,-542,0,-187,-41,-136
-145,-491,0,-38,184,-55
-144,-475,0,-130,-171,-9
-127,-422,0,255,220,-106
-160,-518,0,-225,60,-234
-110,-446,0,82,85,-171
-122,-454,0,116,112,-119
34,-397,0,-136,-238,177
-36,-417,0,-228,238,-6
-90,-384,0,-268,-219,-195
-33,-340,0,-160,-33,-5
-35,-192,0,210,-392,-62
28,-332,0,-207,-102,77
58,-150,0,-80,181,352
111,-146,0,33,-30,-85
8,-124,0,171,-27,79
46,-205,0,-9,258,-29
-1,-58,0,-247,-26,338
149,-35,0,-126,317,-61
147,-103,0,-409,-75,80
143,36,0,-146,96,-94
156,39,0,30,46,96
115,-56,0,-238,228,4
187,69,0,-11,392,-487
192,55,0,-82,131,37
140,10,0,-144,290,13
199,87,0,485,-33,-10
75,52,0,235,117,-186
136,102,0,234,453,204
144,153,0,-97,48,377
80,57,0,-15,-231,81
135,-32,0,48,-2,-110
52,37,0,245,-38,2
144,-42,0,-229,-308,45
58,-43,0,307,-268,-110
57,-63,0,23,-221,-120
72,-84,0,122,-78,-97
78,-198,0,-209,-326,302
144,-236,0,-142,11,188
-19,-183,0,216,19,-313
4,-175,0,-30,-135,52
-1,-175,0,-212,266,104
14,-230,0,39,84,99
-66,-301,0,20,-133,-272
34,-346,0,42,396,-149
-75,-333,0,-342,-85,-20
-63,-475,0,79,129,226
-75,-354,0,-142,253,-83
-34,-453,0,221,-42,235
-49,-491,0,126,-82,-157
-98,-491,0,191,-76,-44
-80,-519,0,-110,191,13
-109,-559,0,-37,-95,-83
-118,-448,0,104,140,-374
-124,-457,0,-79,309,-120
-114,-487,0,224,183,-221
-217,-472,0,184,358,-40
-207,-621,0,-76,521,239
-164,-582,0,171,-400,145
-227,-606,0,267,213,-78
-124,-513,0,301,-126,114
-97,-553,0,-85,-388,160
-226,-559,0,-110,181,346
-113,-490,0,-120,155,-101
-148,-499,0,66,89,9
65,-403,0,74,-270,37
-213,-460,0,345,334,-158
-11,-413,0,219,264,-261
-11,-376,0,-176,87,-11
-97,-329,0,59,317,-216
-28,-403,0,-370,-75,-136
-6,-270,0,-115,206,-59
-31,-281,0,-52,103,90
-129,-321,0,-52,133,-217
-62,-129,0,170,51,279
-35,-245,0,158,266,286
86,-197,0,-219,-75,-58
68,-170,0,-224,98,-192
18,-180,0,491,-189,-85
99,-148,0,33,-200,-15
105,-60,0,242,97,-147
178,-50,0,204,-26,104
107,-107,0,-107,-224,101
127,-1,0,-346,377,259
78,-51,0,147,155,167
105,49,0,121,82,-193
127,10,0,-58,-155,102
166,56,0,-382,215,75
113,128,0,124,-193,105
294,6,0,-106,142,167
108,33,0,-453,82,-213
142,94,0,-47,-199,-87
185,-46,0,40,-101,258
48,43,0,98,143,214
196,-55,0,-179,-113,305
175,80,0,387,-123,6
82,-45,0,54,-74,62
82,-122,0,-125,-158,-185
63,-175,0,-262,-166,-55
104,-106,0,-263,-63,-48
50,-162,0,-168,199,60
62,-180,0,221,-106,-149
86,-302,0,161,-110,-296
37,-291,0,-35,-8,17
22,-241,0,92,-74,-347
4,-344,0,310,279,55
-91,-366,0,-258,77,-21
-59,-279,0,-111,52,-341
-85,-435,0,-10,67,-76
-153,-454,0,83,120,94
-69,-373,0,-108,-174,27
-139,-394,0,241,-242,216
-161,-482,0,99,-291,-193
-106,-540,0,-166,-193,165
-151,-519,0,-70,-86,-130
-83,-536,0,163,-65,-102
-112,-492,0,-104,-352,-28
-121,-582,0,66,-70,-99
-91,-606,0,-227,-162,168
-171,-672,0,-312,-95,25
-174,-525,0,-114,33,-89
-144,-560,0,160,179,166
-105,-526,0,-363,-256,-260
-138,-531,0,-603,364,94
-135,-495,0,373,251,91
-69,-569,0,53,-370,216
-182,-460,0,-141,205,-21
-66,-417,0,-424,-48,87
-79,-461,0,-166,-70,-256
-36,-429,0,-319,-251,-24
77,-402,0,89,191,22
-123,-431,0,-60,-6,-312
89,-236,0,-297,-358,151
7,-285,0,-42,-186,29
-29,-206,0,168,-403,-15
-10,-279,0,-49,156,-34
43,-179,0,50,201,-96
103,-140,0,218,-126,-79
53,-111,0,99,-293,310
69,-152,0,84,-11,108
5,-48,0,271,-229,-180
174,-107,0,34,19,88
115,-79,0,76,-296,-87
16,-10,0,-275,294,-261
86,-105,0,-184,-107,-328
106,39,0,-359,27,272
224,-44,0,-321,-244,203
128,54,0,205,-188,-32
121,40,0,161,109,424
153,45,0,-165,151,-184
164,54,0,157,-218,172
159,78,0,-178,-272,48
208,118,0,-40,172,-32
120,-15,0,-91,-142,-257
3,6,0,-74,-51,325
179,17,0,159,256,212
117,10,0,288,6,142
172,-81,0,209,-19,-541
79,-63,0,256,-57,-78
184,-42,0,-124,-46,-72
111,-127,0,72,-376,-415
79,-145,0,158,245,-78
-8,-152,0,52,-404,-163
100,-133,0,112,32,162
-47,-181,0,-66,-440,-67
86,-345,0,71,-192,-200
17,-260,0,-141,-16,28
-116,-258,0,114,-51,-44
-68,-344,0,111,-360,56
-55,-397,0,205,206,57
-10,-301,0,245,535,93
-180,-369,0,-31,-76,270
-67,-397,0,-370,242,224
-155,-448,0,6,-19,230
-100,-432,0,18,-20,-279
-87,-501,0,108,98,-123
-237,-453,0,-12,55,14
-113,-432,0,-76,-107,33
-211,-529,0,-211,-190,-190
-133,-600,0,115,252,52
-135,-565,0,34,153,20
-46,-484,0,133,26,45
-75,-426,0,-169,-77,28
-153,-484,0,71,-257,37
-124,-529,0,91,156,37
-167,-554,0,-322,41,108
-64,-470,0,-127,2,-353
-60,-491,0,-45,-187,262
-45,-582,0,-246,521,-107
-179,-580,0,-319,124,44
-137,-445,0,35,248,-420
-74,-362,0,76,62,128
-15,-353,0,-102,-253,-151
-43,-260,0,70,-21,388
-13,-391,0,411,136,-153
42,-238,0,146,178,-238
88,-183,0,348,-184,301
25,-151,0,94,13,-118
4,-148,0,-135,21,29
-28,-202,0,2,51,-260
17,-56,0,52,-64,88
132,-143,0,427,-247,148
93,-97,0,-282,-51,-302
50,-94,0,-394,440,129
115,-107,0,180,-191,-201
107,-9,0,-505,407,-265
155,-94,0,225,139,117
215,-32,0,140,-357,-359
118,-5,0,-266,21,-223
221,81,0,127,178,59
171,-22,0,238,33,20
71,133,0,-305,17,-348
127,57,0,-75,5,-270
161,-49,0,-283,-75,9
97,11,0,-299,4,54
168,-10,0,43,112,24
114,116,0,207,158,427
204,-111,0,270,504,-323
80,51,0,51,35,381
105,-76,0,-29,-75,138
39,-97,0,184,26,25
54,-65,0,88,19,21
59,-13,0,-87,-36,284
14,-144,0,-1,3,-5
-40,-229,0,201,425,-122
66,-195,0,-84,-119,404
28,-156,0,-212,219,-30
71,-238,0,219,93,-208
-54,-320,0,243,206,161
-51,-443,0,-180,215,-25
-80,-277,0,-25,-251,93
-19,-424,0,22,-153,366
-41,-395,0,-283,194,57
-159,-445,0,-25,-88,28
-48,-400,0,135,37,-76
-150,-421,0,-113,-109,-30
-86,-436,0,-298,256,77
-55,-425,0,-115,-461,-12
-54,-502,0,224,59,-183
-165,-599,0,-296,-30,-206
-109,-507,0,457,-36,-13
-91,-607,0,-26,-65,7
-103,-583,0,-309,256,283
-139,-477,0,359,-53,41
-184,-592,0,25,-107,31
-128,-488,0,-142,123,-256
-151,-502,0,167,-90,227
-127,-474,0,82,-1,-151
-194,-456,0,23,-320,46
-172,-552,0,-397,138,245
-79,-484,0,-394,84,-160
-51,-437,0,-193,74,-15
-77,-413,0,71,9,-152
-121,-341,0,-6,-414,-129
-63,-366,0,-28,-366,120
-24,-311,0,26,332,-15
-12,-353,0,-188,85,-100
-89,-274,0,-135,-115,-103
-63,-173,0,-231,-2,-35
103,-163,0,211,98,169
-5,-128,0,188,-3,-83
38,-212,0,-150,-50,-287
102,-144,0,-172,159,60
33,-138,0,163,82,113
124,-113,0,3,85,89
90,-36,0,295,-143,98
133,-9,0,-327,-94,178
139,-33,0,48,13,168
27,110,0,-55,-221,-45
160,-32,0,80,-134,-437
117,-33,0,-15,-52,145
101,-25,0,212,17,-154
107,39,0,-158,72,176
83,7,0,22,177,199
129,21,0,-216,5,237
138,23,0,106,-75,214
165,-3,0,-256,112,-210
169,82,0,-205,-42,-180
222,-106,0,-184,-67,-91
40,-17,0,347,101,-258
101,-62,0,153,-125,232
101,-73,0,366,-64,-60
112,-85,0,-283,-57,-156
48,-120,0,-163,104,-122
12,-125,0,190,213,106
46,-68,0,24,138,-73
37,-78,0,73,199,-18
140,-138,0,74,-397,408
-50,-180,0,12,-215,-183
-109,-339,0,-255,122,167
-76,-411,0,19,243,-135
-77,-283,0,148,227,92
-57,-441,0,201,38,51
-40,-463,0,-130,242,-128
-162,-405,0,-244,-34,97
-110,-471,0,158,-38,-150
-112,-346,0,21,-169,172
-120,-639,0,-108,-123,-128
-149,-427,0,10,100,244
-86,-532,0,309,-136,105
-172,-511,0,259,-42,-323
-197,-501,0,51,62,31
-170,-567,0,-483,285,-81
-57,-589,0,113,-106,-60
-221,-489,0,169,-134,-41
-119,-481,0,413,154,-110
-185,-434,0,254,8,-249
-103,-517,0,-43,-43,79
-186,-494,0,-81,9,-232
-133,-549,0,410,148,102
-111,-521,0,426,-66,176
-127,-519,0,-239,105,153
-89,-435,0,196,-266,49
-96,-374,0,-186,118,214
-123,-380,0,-378,314,-40
-110,-350,0,-104,-53,-86
-56,-289,0,-127,81,38
-67,-369,0,-78,76,-146
-41,-304,0,-63,-289,365
70,-248,0,-79,-335,-28
66,-217,0,340,-318,-130
51,-197,0,-702,-452,166
18,-172,0,320,78,-121
53,-120,0,96,81,-76
72,-46,0,13,-216,-190
117,-80,0,-257,18,239
51,55,0,45,102,240
123,-145,0,28,108,204
78,-29,0,257,-160,203
101,-77,0,70,-85,262
88,-34,0,-165,442,-144
145,-54,0,263,392,103
137,-62,0,-12,-67,-11
223,20,0,-43,-52,-1
108,-20,0,164,18,-14
160,-58,0,-102,-43,-229
111,49,0,-51,293,-258
149,11,0,190,13,-1
166,-15,0,146,-25,182
185,-28,0,183,71,45
79,9,0,-207,107,-288
154,-144,0,-68,88,-19
85,-91,0,193,-308,13
114,-127,0,24,-59,-41
105,-117,0,90,87,277
65,-165,0,-14,-184,165
112,-156,0,74,152,7
-8,-165,0,-27,-219,-222
1,-182,0,177,-94,56
-4,-246,0,-395,338,-16
-24,-292,0,144,-48,-36
-31,-258,0,175,-65,-359
-74,-267,0,504,254,-70
-5,-312,0,-139,-39,-230
-58,-290,0,-156,-19,-283
-31,-362,0,96,-54,-329
-47,-314,0,-21,-143,-411
-84,-452,0,318,-219,-283
-100,-373,0,-148,107,280
-126,-528,0,-249,1,385
-116,-587,0,-209,24,148
-146,-626,0,236,80,191
-159,-602,0,-82,-31,440
-127,-439,0,-140,-38,-94
-120,-603,0,193,140,122
-186,-560,0,-457,-175,175
-98,-439,0,143,-109,183
-120,-461,0,-177,-155,90
-165,-595,0,24,356,-265
-171,-546,0,57,406,-345
-112,-500,0,-298,-186,64
-180,-496,0,90,-20,218
-219,-502,0,96,-110,475
-36,-353,0,122,246,-189
-98,-416,0,92,-72,-232
-161,-367,0,147,199,167
-32,-346,0,31,492,-9
-88,-327,0,-206,-102,23
-35,-424,0,193,-25,339
-7,-249,0,-121,-313,194
-110,-322,0,-151,-110,-165
-5,-193,0,89,-375,311
26,-179,0,80,-207,-502
68,-161,0,234,-307,106
-13,-196,0,-121,78,-405
72,-87,0,245,-119,15
65,-112,0,205,29,252
92,-45,0,58,167,108
15,-53,0,-38,-331,101
150,-8,0,146,188,265
101,60,0,40,-260,149
194,-52,0,-360,-90,-117
98,99,0,130,-31,-103
143,77,0,253,99,23
205,76,0,-121,-225,0
127,68,0,170,34,-125
184,1,0,301,-107,149
116,107,0,-181,-165,-200
-11,124,0,-126,-240,-102
108,26,0,-135,249,-498
188,1,0,-356,-152,-64
135,-27,0,-487,1,158
226,-34,0,-565,120,-102
167,-37,0,-375,36,-302
53,-17,0,-165,330,50
63,-64,0,155,86,-79
99,-71,0,217,-104,-79
64,-85,0,265,-9,-116
41,-68,0,-90,-99,-61
-66,-280,0,-35,-312,7
-55,-287,0,146,62,-2
27,-271,0,-37,-80,7
-51,-298,0,5,300,-418
-5,-215,0,184,-190,23
-36,-328,0,128,168,143
-138,-345,0,230,-288,77
-27,-440,0,-343,303,0
-23,-449,0,-350,164,-65
-155,-391,0,42,-325,245
-66,-393,0,267,-62,243
-161,-454,0,48,356,80
-146,-520,0,-100,-18,252
-106,-547,0,-243,-98,329
-102,-494,0,239,-102,40
-142,-521,0,-72,31,57
-195,-495,0,-47,78,-556
-174,-625,0,-2,-311,96
-126,-666,0,338,87,-78
-121,-566,0,-56,-199,283
-131,-486,0,140,261,-94
-108,-515,0,11,208,-210
-143,-540,0,-155,20,158
-166,-505,0,17,98,305
-43,-435,0,-193,-205,90
-101,-484,0,-421,-245,235
-131,-419,0,239,349,36
-108,-504,0,45,412,433
-42,-496,0,-245,-57,69
-106,-276,0,-26,216,-174
-107,-326,0,-66,-40,-264
-63,-274,0,242,118,-87
-13,-191,0,-0,-233,82
-49,-350,0,21,98,135
-0,-215,0,-28,-107,-151
67,-125,0,101,-186,-283
44,-91,0,131,12,-183
50,-145,0,234,167,17
105,-138,0,121,216,-3
116,22,0,100,354,-143
129,-70,0,245,152,101
35,-82,0,-279,28,80
108,-36,0,-61,189,-89
108,-11,0,-105,98,391
171,22,0,-242,145,-20
144,53,0,328,184,168
139,50,0,-156,-244,108
141,27,0,-112,347,-341
255,-4,0,444,8,-106
102,84,0,185,12,-153
148,124,0,-368,-230,222
120,0,0,-54,556,-52
102,5,0,-231,-184,91
89,32,0,171,57,-334
127,17,0,-67,117,48
180,-40,0,231,71,21
127,-41,0,159,221,325
145,-65,0,-24,-5,12
115,-123,0,193,290,31
112,-156,0,-223,63,209
21,-118,0,-155,81,-138
33,-88,0,-28,280,239
25,-276,0,-35,-118,217
4,-254,0,102,263,149
-39,-240,0,7,80,-253
-56,-206,0,-216,-128,-177
-71,-317,0,-257,-61,-111
-40,-273,0,91,-18,419
-69,-376,0,234,240,-222
-67,-400,0,-43,50,-71
-109,-441,0,290,-159,10
-78,-474,0,90,-280,-463
-213,-443,0,226,-92,-94
-123,-483,0,-67,229,-173
-85,-454,0,451,4,-85
-155,-536,0,-29,127,24
-107,-538,0,101,179,181
-209,-556,0,-126,-327,73
-37,-554,0,178,12,54
-123,-490,0,-21,67,-108
-141,-599,0,-119,3,-73
-123,-473,0,40,237,-118
-179,-604,0,41,-166,174
-100,-531,0,-11,183,159
-61,-565,0,-162,273,-567
-63,-504,0,-150,99,-127
-156,-484,0,21,-84,-216
-141,-547,0,-6,24,249
-105,-429,0,137,-129,-21
-13,-468,0,2,168,-82
-95,-319,0,20,341,165
83,-329,0,179,-192,66
-63,-315,0,-468,351,60
19,-323,0,141,75,92
-75,-223,0,239,-32,296
1,-301,0,-106,63,38
42,-201,0,354,-511,52
56,-131,0,-3,30,-183
-3,-177,0,-254,-50,84
38,-130,0,313,78,39
69,11,0,28,129,100
107,-90,0,314,-127,-6
182,9,0,-116,200,-37
114,16,0,30,95,129
83,-32,0,49,-294,-147
118,18,0,-354,-120,-161
147,44,0,-15,-219,-58
205,-8,0,-223,127,77
104,-39,0,178,19,64
159,127,0,-246,166,-41
200,32,0,371,-97,-191
176,-21,0,301,123,118
134,97,0,42,19,17
157,10,0,155,251,-8
279,10,0,-203,-41,193
147,14,0,-32,88,89
107,-35,0,-144,193,-544
171,4,0,-69,-466,36
96,-58,0,-203,98,-276
132,-121,0,87,99,-162
26,-107,0,-104,-98,-179
156,-185,0,220,69,-255
128,-147,0,-112,-222,-263
98,-211,0,92,275,-238
24,-118,0,-128,410,-230
68,-266,0,-275,51,-128
-100,-237,0,152,291,130
-27,-346,0,138,-34,44
-82,-311,0,-52,-283,-444
-56,-361,0,-28,133,150
-124,-366,0,-549,216,-256
-66,-483,0,-98,-259,-175
-131,-391,0,-307,-14,-181
-152,-465,0,-268,91,-257
-84,-562,0,77,141,365
-127,-521,0,61,109,-73
-133,-504,0,111,-5,-143
-128,-531,0,98,-68,232
-173,-567,0,-78,-144,-66
-203,-609,0,60,-55,212
-183,-563,0,-40,-14,87
-24,-527,0,-131,319,-32
-175,-514,0,399,148,-78
-214,-539,0,-442,-150,322
-186,-541,0,-156,-2,-268
-93,-447,0,-210,210,-103
-88,-510,0,-23,111,168
-65,-589,0,-192,474,-214
-97,-441,0,253,-6,154
-55,-445,0,360,73,-148
-110,-482,0,-82,50,63
-82,-413,0,218,-113,-365
-95,-291,0,-186,186,10
-57,-274,0,70,-16,-406
-2,-379,0,-179,59,102
-1,-271,0,55,-77,17
-64,-275,0,74,-286,14
-57,-276,0,51,-201,-246
101,-183,0,116,-254,-164
58,-120,0,-239,-102,124
145,-116,0,-485,-160,-21
54,-127,0,10,-379,-61
111,-111,0,-226,194,39
111,-89,0,416,191,78
105,75,0,-5,-108,-51
99,-16,0,243,56,-181
64,-6,0,30,3,210
168,-29,0,118,-12,-46
201,14,0,-301,-198,-180
134,44,0,3,167,-104
160,63,0,-199,-40,213
148,-15,0,-21,1,-164
56,94,0,141,279,-290
123,-48,0,60,-125,290
124,35,0,38,41,-6
135,77,0,-105,-11,-109
177,-63,0,261,240,170
100,-33,0,221,17,-152
90,32,0,71,108,140
97,23,0,507,-288,-378
88,-86,0,-114,385,-186
5,-109,0,-48,66,-6
91,-81,0,90,203,-105
128,-113,0,-189,-170,-146
-32,-194,0,244,9,37
19,-219,0,101,451,-84
-27,-302,0,56,-264,-63
63,-282,0,12,-42,97
-31,-346,0,-42,-95,-88
30,-349,0,88,105,323
-61,-380,0,332,11,127
-122,-351,0,198,-301,186
-80,-472,0,14,-200,-131
-110,-416,0,496,431,144
-43,-552,0,-1,-88,6
-141,-528,0,34,-105,-314
-193,-515,0,-179,-85,322
-208,-461,0,-319,380,269
-204,-525,0,207,-159,162
-116,-520,0,11,411,83
-203,-552,0,349,118,52
-191,-481,0,201,-16,16
-155,-523,0,-188,293,-134
-200,-549,0,-153,-40,125
-156,-560,0,309,-14,-20
-85,-608,0,-75,-350,-76
-192,-471,0,-34,-46,51
-195,-482,0,-429,147,-374
-89,-479,0,-141,300,336
-118,-446,0,-76,453,178
-82,-439,0,-173,-183,-81
-63,-381,0,279,-65,60
-143,-456,0,-344,-174,405
-100,-392,0,-63,-59,5
-29,-364,0,96,-91,425
-23,-375,0,-39,314,74
-19,-268,0,153,6,-242
-48,-290,0,205,47,-163
-60,-286,0,353,81,148
53,-205,0,133,-71,227
-24,-194,0,-133,23,2
45,-127,0,-301,89,-30
106,-227,0,-24,5,-230
142,-85,0,254,3,252
84,-25,0,40,245,-106
82,-30,0,84,137,4
36,-46,0,-33,248,354
129,17,0,156,-107,-7
155,30,0,-76,-346,-359
125,-6,0,410,108,108
201,59,0,-212,153,-6
243,79,0,133,-97,71
184,53,0,83,83,-337
250,-43,0,214,-573,-103
200,-21,0,-196,-378,-120
82,54,0,214,-209,-226
162,9,0,6,-111,19
147,-24,0,194,71,111
117,45,0,-191,-57,-128
122,-17,0,-35,-4,-300
117,-28,0,-248,618,267
84,23,0,182,203,-113
92,-77,0,151,206,413
36,-150,0,29,77,-195
103,-109,0,-428,206,-11
-7,-212,0,6,20,256
104,-210,0,165,-2,356
-13,-270,0,-4,281,234
82,-220,0,91,13,-214
-25,-265,0,-83,50,-27
8,-265,0,-334,32,-64
-150,-369,0,153,201,-232
-42,-333,0,-149,29,122
-91,-333,0,-11,18,-248
-132,-483,0,450,76,41
-33,-469,0,244,-169,-86
-72,-508,0,35,42,96
-129,-558,0,145,-281,297
-102,-509,0,4,231,-11
-72,-501,0,189,-37,-80
-201,-591,0,-48,145,-328
-143,-634,0,-75,254,-67
-145,-603,0,132,66,-196
-44,-582,0,118,168,152
-116,-619,0,149,-124,182
-232,-534,0,-216,-97,-84
-99,-580,0,-101,-177,-23
-224,-529,0,249,83,-191
-135,-514,0,-92,-120,-51
-116,-538,0,-201,-354,7
-169,-469,0,-234,348,-91
-95,-505,0,-469,277,-211
-78,-553,0,-201,-60,-138
-121,-427,0,-60,-86,-202
-24,-411,0,286,-113,90
-35,-386,0,-50,-6,343
-24,-337,0,-243,-280,27
4,-317,0,102,222,-135
-37,-252,0,416,-219,125
-40,-245,0,-38,-198,269
13,-265,0,-62,-275,70
118,-258,0,135,-122,231
83,-209,0,-128,-513,-134
-20,-71,0,581,-59,92
196,-155,0,-191,-11,-269
21,-25,0,7,-246,457
70,-85,0,-263,-30,112
169,-90,0,-247,168,-314
197,6,0,44,249,58
57,5,0,-87,-47,-273
109,82,0,-154,56,55
233,0,0,-60,-275,-6
194,127,0,-174,144,-37
118,-30,0,52,-438,-197
127,-14,0,-416,-111,-407
144,109,0,-346,-73,79
95,18,0,24,83,-233
172,-46,0,-431,329,-510
75,60,0,8,308,-181
60,49,0,-66,189,-57
113,1,0,27,32,-192
146,-57,0,197,-281,-34
73,-57,0,255,-46,193
158,19,0,286,-36,24
73,-168,0,167,6,175
14,-110,0,-304,103,-286
95,-80,0,60,343,-187
101,-178,0,62,-234,-188
-5,-271,0,-105,-186,101
-34,-179,0,48,-141,-149
-72,-345,0,119,-91,-148
15,-346,0,-640,64,-207
-33,-327,0,32,-158,25
-48,-350,0,-36,-257,225
-41,-451,0,260,-95,8
-48,-477,0,234,-41,332
-121,-421,0,-77,-76,-11
-89,-484,0,-32,-257,-56
-106,-430,0,94,-350,6
-48,-560,0,87,-326,137
-140,-542,0,-68,-80,206
-84,-496,0,198,-40,-302
-93,-529,0,-59,-115,-19
-176,-470,0,-3,84,-134
-58,-586,0,80,25,-247
-111,-554,0,-157,265,152
-178,-623,0,216,-210,-196
-92,-462,0,-197,69,-92
-157,-537,0,205,125,126
-151,-530,0,176,-161,-82
-9,-447,0,-58,-113,-64
-158,-499,0,-197,-10,402
-108,-492,0,86,380,-34
-97,-415,0,154,-59,-98
-34,-438,0,-15,-65,30
-45,-414,0,17,-61,-68
-51,-332,0,-48,-215,245
-75,-280,0,-108,-73,-247
-105,-305,0,102,356,-219
-7,-331,0,31,-51,24
-51,-220,0,73,-174,-103
59,-272,0,23,-159,1
45,-154,0,-365,267,-358
20,-146,0,189,147,312
-24,-197,0,-276,-2,-17
51,-132,0,-169,108,1
141,-72,0,77,-118,-174
121,14,0,-98,1,-297
191,-44,0,262,272,2
55,-18,0,-8,69,316
75,-16,0,45,166,137
154,-36,0,196,183,100
222,20,0,-151,183,56
139,-7,0,-248,-206,20
198,114,0,163,84,-89
224,26,0,109,-130,92
130,-32,0,123,-98,-252
118,20,0,212,-14,102
226,31,0,-148,-64,212
117,115,0,15,27,342
129,-11,0,-43,253,-395
74,-63,0,523,1,207
74,-60,0,92,400,-209
153,-35,0,-560,100,231
36,-46,0,-82,-93,36
64,-136,0,-94,16,-171
143,-100,0,79,153,-116
5,-142,0,56,-203,-267
71,-100,0,427,88,-80
-0,-222,0,-248,-9,151
-30,-127,0,61,-50,-82
127,-264,0,284,399,143
-2,-321,0,151,31,-40
14,-301,0,253,-102,-386
10,-368,0,30,-159,11
-121,-308,0,-147,-82,-61
-107,-440,0,105,-175,28
-101,-491,0,28,510,-494
-57,-457,0,172,76,79
-139,-459,0,153,-318,-43
-147,-428,0,-57,237,-248
-183,-421,0,266,60,-87
-230,-481,0,-67,474,-7
-146,-643,0,114,-81,-10
-190,-604,0,-4,-51,47
-110,-609,0,16,-126,179
-178,-459,0,-222,-19,-409
-142,-608,0,181,206,92
-213,-554,0,-77,-146,-165
-170,-586,0,290,-59,-124
-103,-567,0,-274,84,-301
-135,-551,0,-68,230,31
-103,-499,0,-317,15,216
-119,-508,0,144,17,262
-133,-438,0,-151,100,-33
-38,-467,0,291,122,329
-137,-462,0,-346,-172,-76
-117,-425,0,-304,-175,31
-42,-437,0,-124,-65,45
-71,-351,0,-11,-43,-328
-28,-312,0,22,-146,306
-67,-290,0,53,-50,65
5,-258,0,293,25,-64
9,-242,0,236,143,356
62,-208,0,-249,1,168
124,-171,0,112,-42,-5
67,-234,0,-147,-11,-249
144,-63,0,113,323,413
59,-46,0,110,-128,64
120,-74,0,-4,-102,230
116,-9,0,58,57,100
180,43,0,70,155,240
68,-19,0,-244,146,-452
107,-12,0,-139,-73,205
41,15,0,36,359,-107
165,-28,0,-433,8,-293
158,26,0,-206,163,34
148,64,0,-345,106,231
128,40,0,244,-220,-201
125,13,0,-48,-130,61
131,11,0,-51,-32,157
154,19,0,502,127,38
18,15,0,-208,-261,-185
113,-12,0,-180,-30,-146
132,29,0,-103,364,-238
23,-54,0,-76,-32,236
64,-12,0,-480,-2,37
188,-143,0,-144,210,-51
96,-114,0,126,-60,-10
48,-219,0,109,57,162
53,-115,0,189,-217,234
46,-198,0,93,-3,115
25,-195,0,122,121,-258
-20,-257,0,153,-36,198
-13,-295,0,-71,-115,149
-68,-290,0,87,-8,-244
-68,-300,0,389,83,68
-79,-431,0,367,22,478
-118,-334,0,364,48,-217
13,-378,0,96,50,183
-264,-424,0,166,-127,10
-14,-537,0,-282,53,-412
-111,-516,0,-21,214,199
-214,-555,0,49,73,-53
-108,-535,0,480,17,334
-88,-481,0,475,-85,-424
-194,-572,0,-2,-246,125
-217,-562,0,-62,421,-53
-144,-485,0,-134,-359,14
-178,-473,0,71,-95,-61
-218,-539,0,94,35,6
-142,-517,0,223,23,-206
-135,-553,0,96,166,202
-121,-483,0,54,-185,352
-137,-508,0,-164,126,106
-140,-409,0,-183,33,-338
-66,-461,0,-245,90,-148
-94,-538,0,-186,95,35
-100,-383,0,-267,123,153
-19,-321,0,88,-107,102
-61,-362,0,-25,278,-196
-29,-331,0,-6,-262,170
80,-325,0,158,-84,136
-53,-351,0,-83,408,-46
66,-160,0,-365,-233,-127
0,-157,0,-16,-50,139
51,-231,0,227,75,-311
46,-112,0,310,24,214
104,-90,0,135,410,361
270,-92,0,119,-279,361
30,-61,0,182,-88,162
192,-40,0,20,-63,149
92,-12,0,-82,133,-187
258,-13,0,-119,-343,-71
136,-23,0,-109,-125,16
131,39,0,-89,90,19
113,61,0,308,27,104
73,-21,0,164,116,-81
197,45,0,203,71,352
165,40,0,-87,251,-260
220,12,0,197,2,-174
141,55,0,53,-205,248
104,81,0,275,14,206
162,-47,0,48,-145,277
71,44,0,18,-110,14
196,82,0,-203,-267,-104
123,30,0,102,-36,12
54,-38,0,-55,-291,69
-28,-52,0,177,110,-16
96,-121,0,-164,252,-202
67,-140,0,103,-345,-258
-53,-197,0,153,2,54
-28,-210,0,-58,316,5
-51,-266,0,-94,-8,-115
58,-323,0,-29,256,107
10,-273,0,-167,-19,-293
18,-262,0,47,26,-404
-24,-257,0,-309,-79,161
28,-417,0,118,237,29
-99,-405,0,-70,-246,-115
-56,-387,0,208,34,32
-148,-467,0,130,-185,194
-193,-487,0,28,28,-183
-174,-435,0,120,182,143
-70,-362,0,324,-185,84
-168,-462,0,-52,387,26
-223,-445,0,127,51,-232
-207,-505,0,-28,-53,-320
-128,-485,0,-43,-110,-319
-181,-453,0,-27,181,26
-88,-544,0,-552,-163,115
-69,-567,0,-82,224,26
-161,-619,0,-3,147,-172
-198,-520,0,-316,-155,-117
-136,-572,0,-297,123,-244
-164,-531,0,252,183,415
-117,-497,0,382,-46,-138
-136,-483,0,113,196,43
-44,-417,0,-6,-6,-123
-157,-400,0,279,45,76
-100,-399,0,112,-214,-325
-96,-443,0,88,1,156
-21,-319,0,-173,-35,-203
44,-319,0,41,219,126
15,-212,0,77,80,-42
-104,-289,0,-310,94,-21
-31,-239,0,101,149,82
86,-178,0,-172,-216,-73
148,-161,0,205,159,-377
96,-98,0,-72,-369,181
21,-121,0,1,304,229
191,-65,0,157,108,88
130,-90,0,-305,-78,-49
125,-27,0,36,174,-147
202,53,0,199,-207,-60
119,121,0,-75,-316,-30
189,49,0,-95,1,-266
70,-38,0,63,53,-83
73,10,0,75,291,161
24,40,0,-171,256,-225
121,7,0,101,136,-102
200,71,0,-182,416,-358
103,36,0,175,-123,-151
167,128,0,146,-5,232
92,5,0,-444,-393,-211
95,52,0,-49,120,68
126,-26,0,169,-131,220
114,27,0,-112,-83,154
245,-74,0,74,250,251
83,-14,0,-203,67,190
51,-106,0,-87,-306,306
38,-85,0,215,90,48
11,-194,0,44,-74,-290
114,-179,0,80,-122,-27
-18,-157,0,123,-68,82
92,-225,0,-33,-60,84
-17,-160,0,68,21,-116
77,-330,0,146,-182,266
22,-362,0,-42,241,-53
-86,-322,0,-30,-32,-64
-89,-338,0,35,-343,-267
-127,-422,0,-452,258,104
-48,-482,0,275,40,-149
-31,-430,0,204,66,-61
-67,-428,0,115,-117,79
-85,-510,0,282,246,91
-68,-473,0,194,98,147
-45,-470,0,-134,72,5
-262,-541,0,115,-266,-85
-202,-483,0,290,-104,228
-90,-465,0,-39,30,-305
-191,-579,0,-17,114,-150
-162,-571,0,15,-3,-8
-171,-596,0,-208,-20,-224
-137,-517,0,260,-22,-128
-184,-615,0,198,-95,-64
-135,-478,0,-61,112,31
-200,-499,0,-203,324,29
-114,-440,0,422,-54,145
-123,-494,0,34,-22,-263
-72,-410,0,268,334,154
-107,-397,0,-165,-176,-17
-18,-419,0,13,-181,121
-33,-389,0,-45,179,-119
48,-395,0,-89,-505,-32
81,-295,0,-168,-294,-1
-61,-269,0,227,-268,-168
104,-292,0,-269,-66,33
4,-244,0,-223,-5,102
-20,-155,0,-232,-482,-327
78,-151,0,-306,131,109
-29,-154,0,206,64,-99
37,-168,0,-247,173,-13
91,-106,0,273,130,-446
158,-38,0,104,-13,209
129,33,0,306,115,443
106,-2,0,-183,224,78
137,20,0,36,129,-60
59,111,0,120,70,-149
65,-55,0,-278,25,318
163,63,0,281,-200,-118
200,39,0,-106,-222,29
190,32,0,178,-172,-281
163,-45,0,230,-1,-107
68,38,0,-291,5,-99
110,-17,0,-302,113,14
71,-24,0,-119,59,143
166,-82,0,-137,-41,-79
47,7,0,-379,207,-153
87,11,0,624,145,302
132,-90,0,-120,130,-71
113,-145,0,-200,19,201
55,-88,0,-61,-52,162
118,-182,0,164,-41,378
77,-95,0,428,282,160
4,-260,0,30,101,-29
51,-242,0,-142,-9,56
-37,-277,0,2,59,-127
64,-345,0,-83,206,139
-114,-358,0,11,124,-144
-12,-447,0,-54,171,549
-58,-335,0,5,-60,50
-116,-463,0,213,104,-365
-111,-427,0,68,23,-51
-35,-487,0,256,48,10
-146,-409,0,407,-113,-36
-144,-512,0,-298,-116,-441
-125,-557,0,200,-249,-64
-133,-574,0,149,-156,-285
-101,-493,0,330,111,156
-159,-608,0,-49,-215,-271
-139,-518,0,254,256,239
-166,-560,0,181,-257,-149
-169,-601,0,202,17,-121
-93,-511,0,367,190,-177
-131,-556,0,74,200,276
-95,-583,0,-154,-329,-142
-179,-464,0,-37,-42,89
-111,-554,0,-92,-183,403
-130,-457,0,-196,3,-79
-35,-499,0,12,-69,585
-114,-484,0,-28,228,-68
-115,-430,0,-1,-60,152
-111,-407,0,-108,551,-54
-61,-348,0,-20,-9,78
-100,-391,0,-243,-20,105
-13,-343,0,-90,420,-67
-15,-250,0,-239,36,82
60,-296,0,-116,-98,-26
-39,-152,0,86,-205,-265
13,-202,0,219,-48,-345
-7,-234,0,196,-262,-359
69,-219,0,6,-244,-378
8,-135,0,-356,-24,153
165,34,0,321,70,422
76,-45,0,-163,172,114
143,-71,0,-170,147,380
36,-61,0,2,-175,-162
170,21,0,18,-366,-633
54,-67,0,29,436,114
45,-6,0,91,331,17
143,63,0,47,-12,-23
160,61,0,75,25,7
130,23,0,160,-126,248
83,-6,0,1,-170,-209
215,-22,0,173,-196,-377
226,-63,0,108,-40,19
147,-10,0,119,-145,217
164,10,0,69,159,191
107,-10,0,-300,-295,-275
123,24,0,131,96,-252
69,-38,0,73,114,-202
113,-33,0,-91,29,177
85,-66,0,51,-74,-535
54,-103,0,8,-12,-172
23,-209,0,196,-66,-225
79,-207,0,283,60,-237
58,-163,0,-210,-96,14
-29,-249,0,33,130,-10
-4,-243,0,48,-311,-201
-34,-277,0,-351,-232,93
-59,-212,0,-151,12,-8
51,-371,0,148,73,-132
-63,-355,0,-170,-103,87
-120,-359,0,-52,-102,-180
-74,-507,0,37,-35,-5
-115,-437,0,-246,66,103
-95,-542,0,459,-121,34
-87,-495,0,171,409,351
-70,-526,0,-347,244,152
-204,-530,0,-148,168,-114
-113,-590,0,155,-49,21
-169,-592,0,10,62,131
-148,-586,0,-111,-184,256
-213,-532,0,-56,-27,-160
-164,-586,0,28,-0,-262
-107,-560,0,190,164,25
-184,-565,0,-224,-143,-259
-116,-476,0,-124,-117,184
-123,-524,0,-119,171,5
-190,-481,0,85,-247,443
-89,-451,0,185,-405,155
-149,-501,0,-61,59,-217
-41,-530,0,-476,-222,-41
-52,-459,0,-154,33,-70
-69,-367,0,73,230,-184
-29,-309,0,157,-43,165
-8,-296,0,400,103,180
-8,-329,0,138,-178,166
-8,-244,0,-209,-244,-111
40,-313,0,-242,-205,113
2,-263,0,13,-164,-333
26,-187,0,260,-293,0
86,-268,0,42,172,1
78,-83,0,-130,-198,-332
-1,-136,0,228,-22,105
-15,-11,0,237,131,53
113,-85,0,-247,48,14
54,-14,0,99,315,173
140,40,0,-157,-295,29
117,51,0,30,403,-91
114,-45,0,-204,-434,-88
115,121,0,402,-59,104
145,89,0,-188,299,397
141,20,0,-122,87,263
162,29,0,-23,-387,-281
190,-10,0,188,-101,104
220,20,0,-69,-235,-27
193,92,0,13,174,-223
109,56,0,210,-134,234
115,90,0,25,-226,31
60,-6,0,185,29,-329
112,5,0,32,-215,-100
107,-66,0,204,-79,68
125,-49,0,162,-134,148
107,-81,0,156,44,206
-15,-85,0,353,-228,115
35,-156,0,295,-170,-129
54,-141,0,97,-77,52
141,-129,0,79,-191,-179
-35,-344,0,253,269,-74
12,-377,0,-193,165,-338
7,-375,0,52,-174,269
43,-383,0,-3,-183,-131
-68,-326,0,-19,30,-80
-71,-458,0,165,-69,206
-61,-465,0,43,-97,-129
-106,-460,0,-226,-24,143
-103,-426,0,61,310,-129
-74,-492,0,295,383,-315
-168,-539,0,-20,-354,474
-102,-475,0,-22,143,207
-94,-554,0,-57,-220,220
-115,-456,0,181,-164,-180
-216,-534,0,205,-363,130
-125,-603,0,-56,67,-55
-179,-580,0,17,244,26
-115,-530,0,-261,-76,-401
-164,-571,0,42,-259,-362
-116,-556,0,-163,171,109
-124,-478,0,-15,85,-151
-80,-563,0,-96,69,-187
-21,-355,0,-0,-14,50
-115,-489,0,-63,-222,44
-13,-396,0,-64,307,360
-19,-425,0,99,-178,54
-162,-399,0,120,233,146
1,-457,0,-32,179,99
-28,-313,0,30,274,-386
-36,-230,0,98,-305,22
3,-220,0,-44,-184,-145
34,-327,0,-58,134,24
-29,-184,0,96,1,-216
112,-163,0,100,145,-287
111,-164,0,-321,156,-63
-39,-162,0,-308,148,-50
122,-23,0,126,64,88
146,-152,0,4,17,-453
90,-131,0,-13,-61,278
47,-112,0,215,-16,215
73,-60,0,-218,189,-102
137,35,0,78,25,109
161,49,0,-52,-17,-6
140,46,0,-75,-272,183
87,38,0,-101,509,38
248,8,0,-174,182,111
143,72,0,-162,-15,124
78,31,0,-49,-121,178
186,-12,0,-117,-188,211
178,-1,0,35,255,5
142,96,0,-322,-81,4
60,20,0,-450,-222,-228
79,29,0,353,73,116
111,-115,0,234,-84,2
136,3,0,-147,304,-201
137,-11,0,249,-383,225
112,-75,0,37,-16,171
140,-90,0,-101,-76,-36
93,-102,0,6,124,-273
-41,-97,0,-21,35,295
-24,-230,0,15,120,-397
-63,-231,0,12,-7,-284
66,-222,0,-52,-170,318
42,-293,0,82,-200,-184
33,-290,0,50,-5,-18
3,-464,0,-161,129,27
26,-439,0,5,23,81
-27,-464,0,-43,-176,-160
-128,-413,0,154,50,-464
-30,-446,0,-52,420,107
-70,-489,0,-175,-327,-353
-101,-509,0,-149,-240,-94
-86,-521,0,182,276,3
-101,-527,0,186,61,73
-86,-572,0,-596,-11,57
-186,-513,0,83,-25,-0
-96,-555,0,-26,49,-348
-78,-506,0,-3,-6,61
-96,-576,0,280,-70,150
-126,-475,0,-48,-54,103
-127,-516,0,2,-213,-238
-97,-471,0,-1,-18,224
-136,-477,0,-307,-90,-168
-104,-449,0,106,-49,10
-41,-466,0,203,-16,-154
-103,-487,0,-47,119,-27
-138,-352,0,-309,134,-120
-72,-357,0,129,91,-102
-101,-370,0,-23,-319,-0
-27,-279,0,-3,-94,183
16,-390,0,185,-199,557
-18,-349,0,-293,68,263
63,-290,0,72,18,2
-40,-164,0,-56,-485,-65
37,-193,0,142,-63,-208
61,-231,0,162,-162,-252
14,-193,0,-240,289,-378
104,-50,0,-278,98,1
104,-65,0,-219,-172,4
58,-39,0,15,-82,-71
104,12,0,-257,292,-344
50,-12,0,40,-110,-138
185,-1,0,-45,-22,-50
89,-4,0,-43,509,144
168,14,0,-59,-250,-158
193,97,0,-120,-380,17
118,33,0,62,-279,-306
208,46,0,82,260,328
164,47,0,-369,-40,-38
27,6,0,-379,-403,-20
107,159,0,136,342,17
119,60,0,100,-99,94
159,-10,0,2,-103,141
126,4,0,42,-116,-161
196,47,0,-42,123,-218
73,-17,0,-68,130,192
102,-108,0,-88,-180,-230
33,-93,0,-41,-69,-80
67,5,0,-52,-43,-7
110,-81,0,98,-25,229
24,-117,0,-448,-170,272
16,-195,0,21,-153,-10
29,-202,0,-51,101,-5
-136,-150,0,246,-224,-52
7,-409,0,1,-121,-146
123,-302,0,-119,131,-667
-43,-398,0,-135,-10,142
-75,-340,0,266,-16,231
-103,-374,0,-141,-152,-232
-61,-383,0,-17,199,159
-121,-423,0,-78,-355,-190
2,-395,0,129,299,-141
-60,-517,0,-239,-113,-153
-96,-600,0,-145,76,214
-140,-506,0,-126,155,145
-205,-528,0,223,157,20
-120,-612,0,91,89,31
-70,-628,0,357,408,-311
-100,-557,0,144,100,-74
-114,-569,0,-93,306,1
-209,-523,0,-116,11,54
-105,-566,0,-121,-464,-226
-139,-541,0,-85,143,-184
-129,-502,0,-69,-85,-214
-100,-517,0,-229,486,37
-213,-599,0,-454,96,158
-60,-439,0,-306,-168,-276
-122,-449,0,-25,50,14
-113,-476,0,18,173,-3
-112,-315,0,-237,-70,-271
-34,-294,0,233,-37,128
-29,-296,0,-291,-3,-191
-7,-297,0,-102,104,312
-58,-271,0,-146,10,54
15,-321,0,0,68,-220
22,-225,0,513,292,-171
95,-170,0,-51,135,441
60,-212,0,-22,-96,-354
136,-117,0,107,-213,-266
13,-42,0,224,-364,-90
-11,-84,0,-42,264,188
68,1,0,169,123,-202
96,-26,0,-34,68,88
73,11,0,22,52,-115
78,83,0,44,-65,344
191,-9,0,-90,105,119
123,70,0,57,200,74
81,10,0,-256,142,-0
184,74,0,121,3,-44
54,-78,0,-82,201,-5
76,112,0,112,-39,-22
129,12,0,33,-147,-165
248,109,0,-302,4,-300
145,3,0,-168,144,-286
65,20,0,-45,17,263
88,-60,0,-29,5,126
115,-3,0,256,-107,-259
209,-31,0,-166,-49,264
55,-18,0,-86,88,-121
142,-123,0,11,-232,87
38,-72,0,131,-11,59
60,-183,0,16,220,171
49,-72,0,7,340,-186
-23,-221,0,-1,-383,-170
32,-176,0,-59,-247,-22
-91,-256,0,24,231,-8
-8,-264,0,-1,50,12
-20,-282,0,-3,-202,-126
5,-337,0,140,94,-257
-130,-439,0,-112,-232,59
-112,-382,0,-229,400,-376
-191,-443,0,328,-135,-114
-168,-473,0,232,336,-75
-65,-521,0,-378,-256,248
-46,-534,0,68,161,-7
-62,-619,0,172,5,-282
-151,-557,0,-350,-129,124
-176,-499,0,4,294,130
-117,-530,0,415,-120,162
-132,-527,0,267,160,-101
-162,-460,0,-225,58,11
-113,-503,0,151,324,-247
-116,-448,0,-229,-571,-21
-138,-498,0,147,-6,-80
-170,-627,0,66,-131,-133
-140,-417,0,-340,-60,49
-108,-508,0,-168,87,363
-176,-430,0,163,-55,-122
-113,-425,0,-26,290,-586
-59,-494,0,131,-159,6
-39,-488,0,39,177,3
-96,-388,0,337,-182,8
-84,-344,0,-102,336,149
-83,-295,0,-22,238,241
42,-310,0,-312,58,60
-102,-272,0,-424,-423,209
-43,-236,0,190,137,120
6,-149,0,92,-235,-138
64,-220,0,-220,450,21
47,-131,0,-105,-50,32
46,-250,0,-128,188,-73
94,-81,0,34,-401,52
150,-111,0,-151,198,109
44,-46,0,219,263,-243
125,-46,0,33,-139,-58
219,52,0,83,-193,-77
191,24,0,-33,229,-318
140,13,0,-111,170,44
17,-4,0,-16,10,11
104,62,0,15,-210,-150
194,-27,0,38,171,188
242,39,0,-53,-158,-138
126,-9,0,-243,302,-226
147,67,0,44,152,1
116,74,0,32,1,275
217,-26,0,202,-191,-9
174,-18,0,-130,-223,-147
152,9,0,-34,-115,-387
83,28,0,115,-316,-519
48,-46,0,-250,24,121
95,-86,0,65,-2,156
72,-88,0,197,-105,-57
25,-218,0,-33,-335,-144
-11,-109,0,166,-281,-28
81,-204,0,-124,-142,131
53,-167,0,-145,278,-46
-16,-251,0,-133,159,-86
44,-289,0,-114,244,-122
-14,-241,0,222,212,-72
-94,-365,0,103,-574,159
56,-420,0,-260,-245,-66
-127,-325,0,121,-175,-362
-77,-386,0,102,160,-152
-178,-454,0,300,-388,159
-23,-483,0,-220,-224,-61
-86,-514,0,60,-417,-2
-181,-493,0,-152,345,195
-51,-571,0,-149,150,-154
-101,-400,0,296,260,-92
-115,-539,0,126,-120,275
-128,-577,0,-14,9,281
-107,-586,0,30,-252,203
-212,-527,0,-275,-216,-210
-132,-491,0,-206,-57,-123
-161,-522,0,-618,-59,-245
-78,-471,0,-75,7,129
-126,-462,0,-183,-13,-16
-78,-517,0,-150,-381,273
-174,-610,0,215,-77,229
-119,-533,0,-217,-456,51
-123,-497,0,-94,-16,72
-110,-406,0,37,48,62
-34,-331,0,-149,127,-36
-108,-351,0,11,-185,-172
-23,-332,0,-321,42,-20
-28,-339,0,179,-218,-325
33,-272,0,6,173,455
23,-250,0,115,-12,-218
26,-220,0,-10,133,138
-57,-259,0,110,135,50
119,-129,0,-34,-157,1
161,-135,0,-135,222,-15
87,-69,0,-166,96,108
162,-58,0,40,-77,297
185,-90,0,-26,-219,78
234,-88,0,-447,-155,473
154,-90,0,-292,168,-130
220,-10,0,-137,78,-34
66,54,0,-97,388,162
107,62,0,-55,62,-384
174,-12,0,-212,329,86
43,47,0,-194,144,-372
219,19,0,-417,218,-103
60,1,0,-75,157,233
126,8,0,-24,-48,356
170,82,0,-59,-118,26
139,12,0,515,235,-266
180,-16,0,80,-75,-363
131,-41,0,52,-137,389
68,-22,0,-295,-227,183
90,-55,0,-259,-93,-10
123,-30,0,-94,-100,-177
149,-49,0,62,70,-378
51,-187,0,298,-305,342
-63,-137,0,180,-33,152
-15,-147,0,-46,64,-264
-9,-231,0,-319,180,-196
85,-295,0,124,-181,-63
-2,-283,0,77,44,-52
2,-270,0,-9,215,87
34,-213,0,253,-393,276
-9,-312,0,214,-79,8
44,-279,0,47,54,-50
-55,-327,0,254,295,-280
-79,-403,0,38,49,75
-191,-466,0,-0,-16,186
-75,-525,0,444,-34,222
-164,-462,0,-49,452,106
-192,-462,0,242,-182,25
-63,-632,0,54,151,34
-204,-532,0,181,654,330
-206,-515,0,39,45,173
-154,-432,0,-350,0,149
-164,-554,0,25,117,-340
-84,-586,0,160,76,306
-115,-558,0,-13,91,-306
-181,-517,0,-72,-273,-185
-52,-576,0,-174,-25,-129
-113,-602,0,-235,-150,-151
-115,-505,0,519,53,243
-129,-464,0,316,-175,326
32,-382,0,-191,69,-24
-9,-447,0,226,-185,64
-15,-428,0,-143,-361,-77
-62,-296,0,59,23,218
-57,-329,0,221,-25,-318
14,-389,0,39,378,189
-39,-171,0,126,-90,127
-101,-286,0,-0,-168,119
36,-249,0,-8,-301,129
23,-154,0,-19,-72,-117
15,-185,0,-119,-126,51
152,-198,0,287,332,-53
61,-47,0,-137,273,387
106,-52,0,78,349,43
146,-125,0,262,26,-238
45,-1,0,142,160,-158
6,-62,0,243,165,-187
95,-45,0,283,60,-4
45,6,0,232,471,-231
195,-97,0,-124,252,-238
90,21,0,107,-45,162
148,77,0,-93,-6,44
199,14,0,-76,142,118
231,-80,0,157,210,210
84,100,0,95,139,-465
62,-8,0,-189,-144,-12
104,5,0,149,196,-186
88,66,0,-191,-354,-171
98,59,0,325,-241,-105
119,-64,0,22,-203,200
109,-44,0,22,-47,-79
16,-68,0,178,185,196
68,-113,0,-150,-249,206
76,-54,0,62,13,-42
7,-174,0,87,322,32
-8,-116,0,-265,329,-221
60,-232,0,-47,-258,346
50,-226,0,195,212,208
7,-192,0,196,458,-232
30,-251,0,61,184,81
-58,-288,0,44,76,-236
-130,-293,0,-77,17,59
-82,-354,0,-26,-246,-60
-109,-424,0,165,58,-138
-85,-427,0,-146,83,330
-156,-458,0,-14,20,365
-125,-370,0,17,-217,156
-118,-497,0,157,250,-189
-123,-502,0,400,185,-89
-103,-518,0,-252,-239,230
-13,-614,0,-69,-59,70
-130,-568,0,138,-353,-188
-162,-522,0,-79,123,190
-135,-676,0,-156,-208,-50
-162,-557,0,-113,-74,53
-152,-638,0,265,-79,39
-130,-515,0,-85,201,-222
-100,-487,0,113,186,101
-181,-589,0,57,-190,25
-126,-509,0,-208,37,81
-144,-577,0,-64,60,-134
-122,-430,0,124,166,30
-91,-429,0,285,-57,-1
-73,-430,0,-377,55,290
-109,-354,0,-149,-185,-119
-82,-312,0,190,58,-134
-43,-360,0,72,-55,144
-53,-288,0,162,-407,121
-53,-316,0,107,-37,-96
57,-244,0,-89,27,523
82,-245,0,162,202,63
-62,-248,0,-225,178,223
30,-222,0,-221,30,189
108,-151,0,-163,-224,-215
138,-50,0,-420,55,105
36,-111,0,104,155,-21
147,47,0,-3,-77,-42
171,-50,0,14,91,-58
145,57,0,382,-216,-9
175,-64,0,-262,66,-418
199,28,0,-400,198,70
197,17,0,466,1,-150
218,42,0,31,62,-172
164,25,0,-80,-67,-167
184,52,0,287,237,141
162,114,0,134,76,30
186,44,0,-233,-109,239
113,26,0,16,-51,58
169,36,0,-23,310,228
115,60,0,-32,36,-81
174,-63,0,14,-101,-70
154,24,0,-55,121,449
139,-19,0,26,-77,-306
68,-113,0,-333,-70,80
145,-48,0,-668,184,416
100,-154,0,-276,79,-219
91,-107,0,-230,140,137
53,-186,0,360,105,-131
-18,-190,0,57,-81,-110
-47,-222,0,119,-219,-269
-45,-261,0,-155,-83,387
63,-322,0,71,40,-265
16,-303,0,116,-308,-6
-29,-279,0,-253,-130,31
-27,-458,0,-259,222,7
-84,-329,0,30,-43,12
-21,-426,0,-78,223,-39
-67,-432,0,-92,-222,-104
-180,-447,0,89,-239,-56
-156,-483,0,79,-156,109
-118,-543,0,182,168,76
-135,-569,0,114,111,93
-135,-490,0,104,-142,32
-93,-580,0,-128,-179,-52
-130,-480,0,-34,46,102
-154,-587,0,-64,-50,-272
-146,-488,0,335,-157,26
-121,-601,0,-43,217,-178
-201,-544,0,161,51,-152
-141,-643,0,-117,-28,87
-134,-597,0,-157,-67,-207
-171,-445,0,42,-102,102
-87,-430,0,-0,179,126
-129,-478,0,-102,309,-10
-49,-407,0,58,-322,-184
-157,-429,0,269,-131,145
-85,-370,0,353,-26,-175
-106,-407,0,-86,-58,-96
38,-395,0,13,314,228
58,-382,0,-111,-161,-99
-85,-328,0,193,-28,257
-7,-171,0,-49,206,-45
55,-255,0,-223,12,-158
12,-119,0,-245,-65,-32
111,-233,0,-262,20,193
96,-45,0,-158,145,124
-10,-10,0,-301,69,327
98,-151,0,-73,149,238
87,-56,0,-101,-56,303
169,-38,0,11,-83,160
189,-85,0,-30,174,-44
106,-22,0,183,173,209
160,58,0,245,153,-386
154,53,0,-148,46,132
159,64,0,82,-284,36
179,103,0,-243,-266,128
130,74,0,247,69,21
222,42,0,-24,-140,5
157,7,0,414,-115,-199
223,-25,0,303,-301,-60
192,-13,0,-347,316,12
203,-42,0,177,51,-6
74,-26,0,-113,-135,261
101,-1,0,-388,-13,281
48,-167,0,-115,-114,-79
107,-29,0,298,339,37
-9,-96,0,-235,60,262
181,-233,0,-47,-197,101
52,-177,0,102,-154,-119
7,-161,0,76,91,269
-2,-139,0,135,-202,-198
4,-174,0,4,136,-78
-13,-286,0,137,-130,80
-86,-344,0,165,204,196
1,-384,0,102,-44,-224
-57,-385,0,42,-34,121
-62,-397,0,146,118,45
-28,-435,0,207,168,45
-182,-470,0,-90,133,38
-62,-429,0,208,-468,206
-89,-493,0,-226,516,-116
-61,-417,0,227,-9,218
-117,-500,0,-128,453,91
-159,-583,0,-39,108,-522
-144,-566,0,88,398,228
-144,-554,0,-51,-149,294
-47,-521,0,-45,-301,-89
-100,-622,0,-79,288,-93
-98,-581,0,309,-36,-108
-159,-503,0,-67,-156,-381
-117,-560,0,37,-152,44
-180,-531,0,204,-87,95
-199,-544,0,192,219,36
-154,-283,0,241,-66,196
-146,-451,0,-45,279,-286
-141,-363,0,63,-290,-226
-152,-436,0,161,-11,51
3,-380,0,-423,248,-65
-101,-445,0,88,-139,98
-101,-365,0,23,-52,153
-53,-294,0,-151,-24,-18
-27,-214,0,-47,124,61
27,-300,0,81,-175,14
-47,-167,0,228,-99,-272
96,-189,0,-120,-58,22
22,-133,0,-435,117,68
-16,-138,0,120,44,426
55,-85,0,84,-108,265
78,25,0,-164,164,-334
104,-65,0,558,-419,40
175,58,0,136,-151,211
98,-28,0,216,280,-351
197,-25,0,-132,171,290
159,120,0,11,215,-124
36,-44,0,349,151,283
199,-77,0,-122,231,48
177,24,0,221,-65,48
29,104,0,230,-269,-134
148,76,0,-120,-22,106
68,-29,0,120,70,122
167,-6,0,-16,128,-41
92,2,0,-68,-280,-212
61,12,0,115,-34,22
82,40,0,55,64,-209
111,-39,0,-390,153,26
30,-23,0,-263,248,100
-8,-70,0,-172,-34,381
135,-77,0,-45,142,197
-6,-17,0,-65,-16,-132
67,-181,0,297,-337,-133
-1,-165,0,-33,-41,226
72,-164,0,-303,-179,192
70,-154,0,74,473,112
124,-272,0,262,-245,79
-5,-323,0,-305,-52,188
-142,-266,0,72,-69,74
-82,-286,0,-160,334,-536
24,-413,0,-141,-174,59
-60,-442,0,-5,-224,326
-120,-423,0,343,223,162
-55,-496,0,-26,-256,161
-22,-566,0,349,-94,53
-116,-485,0,-192,181,362
-186,-504,0,-77,-104,260
-96,-562,0,-68,101,-162
-130,-486,0,-189,409,45
-91,-622,0,-265,-79,-302
-125,-569,0,-184,98,-189
-150,-526,0,-81,-68,23
-218,-512,0,-208,153,-74
-142,-573,0,192,126,329
-274,-550,0,142,14,-470
-144,-502,0,-63,15,-220
-175,-470,0,244,-210,35
-84,-538,0,-226,113,74
-96,-499,0,-162,7,-250
-69,-451,0,-225,280,150
-109,-465,0,-253,230,-120
-17,-320,0,-196,-115,76
-23,-471,0,-235,184,166
-51,-331,0,89,-112,-211
-15,-278,0,-13,174,103
7,-352,0,273,-198,-4
43,-231,0,-260,-463,48
42,-242,0,34,-40,117
-11,-196,0,171,-31,-378
29,-178,0,-2,-283,21
-14,-155,0,57,244,72
81,-84,0,-2,420,179
89,-38,0,-108,-89,-132
96,-33,0,147,-257,-300
131,-75,0,-384,-109,93
92,54,0,-150,209,56
103,-9,0,156,-207,32
97,70,0,-165,-6,27
154,58,0,75,-227,255
170,77,0,-157,416,-184
154,71,0,72,-18,105
146,36,0,-51,66,146
118,77,0,112,146,72
223,49,0,-174,347,131
43,12,0,379,138,33
186,115,0,-71,-104,274
178,46,0,-409,-165,38
77,98,0,146,-143,9
1,0,0,123,118,152
96,-49,0,172,389,-211
164,-85,0,-120,547,-311
170,-64,0,225,102,124
109,-62,0,81,-36,47
133,-106,0,-103,-218,-68
155,-115,0,352,-28,-131
37,-256,0,-16,-34,-60
10,-234,0,-555,299,-174
43,-205,0,36,152,300
5,-255,0,263,436,63
28,-279,0,-224,77,-206
6,-225,0,13,6,64
18,-345,0,-36,-471,34
-130,-390,0,120,143,-290
-71,-494,0,171,32,-39
-90,-411,0,-87,-288,46
-45,-512,0,-239,-92,127
-70,-449,0,238,509,-80
-101,-474,0,-16,75,-109
-87,-512,0,-385,64,270
-52,-558,0,-28,-63,74
-176,-506,0,39,235,-15
-175,-626,0,79,20,286
-215,-509,0,295,332,57
-282,-583,0,326,32,-257
-159,-511,0,8,-129,76
-190,-679,0,-132,-177,-38
-67,-548,0,391,-160,-65
-180,-338,0,-94,40,-217
-118,-437,0,73,-76,105
-125,-473,0,83,-170,34
-104,-437,0,153,-93,356
-39,-459,0,46,155,-2
-150,-456,0,30,-227,287
-20,-403,0,-200,-254,-62
-146,-317,0,-167,-123,177
-74,-346,0,22,239,104
6,-287,0,260,25,-115
33,-266,0,-12,-104,-32
22,-257,0,-298,82,-121
102,-233,0,95,-46,-60
42,-179,0,-197,-112,-196
44,-101,0,120,-25,-202
21,-168,0,15,147,261
83,-157,0,-293,-85,-9
50,-190,0,250,175,2
81,-29,0,-76,28,-100
80,-47,0,209,-13,-262
66,-99,0,207,65,-106
61,137,0,8,-37,-170
177,-44,0,-40,24,-74
152,78,0,29,-16,-35
129,-7,0,-168,36,28
201,-46,0,-141,-98,103
121,87,0,35,288,31
17,33,0,66,-54,182
72,63,0,239,125,26
134,-7,0,62,-28,28
205,100,0,130,-130,-26
171,21,0,-316,-44,-60
162,-92,0,245,102,130
76,-77,0,-2,7,206
43,42,0,-173,-292,-273
101,-42,0,-34,-149,105
62,-160,0,37,242,-357
38,-162,0,204,7,-137
116,-84,0,-105,-125,267
33,-234,0,-25,266,-144
-20,-228,0,64,-16,-112
-1,-170,0,-202,150,495
-14,-331,0,-144,36,-360
-21,-302,0,53,95,49
-164,-406,0,71,-80,-179
46,-315,0,-74,-42,41
-90,-422,0,-111,44,126
-83,-475,0,-179,-33,171
-49,-411,0,-44,-20,-144
-28,-464,0,260,-12,-149
-85,-420,0,-304,-21,163
-130,-426,0,-113,9,-345
-209,-540,0,-460,105,-73
-134,-574,0,-160,-30,-96
-99,-574,0,249,119,-75
-128,-495,0,-200,293,-389
-93,-520,0,128,281,98
-184,-562,0,-216,140,-21
-92,-482,0,248,-237,218
-109,-581,0,33,547,-142
-84,-570,0,-13,-209,-78
-181,-530,0,270,-155,-79
-95,-574,0,-352,-0,298
-98,-481,0,77,-219,-97
-142,-453,0,-401,136,579
-19,-431,0,-168,-615,201
-8,-469,0,-121,-70,74
-94,-499,0,-123,116,-90
-58,-405,0,472,263,-65
-73,-380,0,-150,-236,-201
-14,-313,0,-418,198,57
-1,-344,0,80,-186,329
3,-274,0,-10,75,-160
-55,-253,0,225,318,-175
-13,-151,0,128,182,-3
87,-252,0,-135,33,-4
16,-128,0,175,257,162
-30,-80,0,204,473,-64
31,-126,0,154,-34,79
118,-96,0,278,-420,-88
224,-28,0,-84,-196,-122
173,28,0,153,319,82
149,61,0,183,-35,-429
129,64,0,-197,-260,265
172,-72,0,-90,186,40
215,63,0,80,143,-71
152,20,0,-483,161,301
166,86,0,-214,-85,397
119,132,0,30,-183,282
39,28,0,-200,-118,15
185,77,0,64,182,-46
210,17,0,-48,262,-127
105,-7,0,-350,33,-470
98,49,0,-250,-341,-4
182,-78,0,-79,47,-24
119,-26,0,5,12,-46
127,-31,0,-51,-18,129
82,-157,0,157,222,505
30,-97,0,121,74,-45
117,-127,0,-9,-114,259
94,-240,0,8,-125,-86
0,-222,0,-63,139,-18
36,-221,0,-168,199,198
20,-256,0,53,246,-21
-3,-309,0,7,496,-353
-28,-218,0,55,55,105
-61,-388,0,103,4,-67
-59,-369,0,83,206,290
-33,-384,0,-201,46,-157
-40,-496,0,198,-223,142
-151,-391,0,101,351,-189
-184,-469,0,-125,155,43
-94,-533,0,-222,-20,291
-146,-548,0,136,175,143
-126,-461,0,256,-409,348
-128,-597,0,626,8,-157
-208,-524,0,-217,-280,-250
-238,-614,0,348,81,-165
-146,-504,0,42,-29,-383
-156,-544,0,-45,189,-21
-128,-526,0,328,-411,72
-153,-528,0,-102,-427,131
-209,-469,0,-22,-286,-171
-103,-569,0,-149,-235,227
-126,-566,0,-485,505,12
-140,-449,0,-44,156,291
-130,-503,0,309,-132,-72
-113,-334,0,-389,-218,160
-64,-469,0,288,-231,281
-136,-430,0,240,156,175
-115,-378,0,179,261,39
-41,-368,0,-148,113,-78
-49,-357,0,59,468,207
20,-286,0,-146,-25,-66
80,-275,0,164,250,-95
-25,-278,0,93,139,60
68,-206,0,186,324,-70
-66,-103,0,164,42,113
22,-137,0,48,-54,182
143,-132,0,61,113,-301
48,-113,0,273,-131,-309
106,-61,0,-166,-182,234
106,23,0,-238,-47,358
119,54,0,91,58,106
123,-4,0,229,328,-49
53,28,0,-98,288,274
108,-69,0,-24,-186,66
129,4,0,-315,-33,136
117,27,0,7,93,-36
109,23,0,-117,-249,-585
109,126,0,-157,-133,-107
148,78,0,173,-175,203
153,22,0,-148,151,90
190,38,0,556,-70,-107
160,114,0,417,-121,-191
156,-30,0,-12,110,-276
82,-63,0,-120,383,155
126,-80,0,-113,58,-21
115,-17,0,-260,-64,-35
180,-119,0,187,21,82
34,-75,0,123,113,203
-34,-145,0,-20,401,163
106,-135,0,-53,-154,215
-60,-276,0,314,-258,-90
-3,-345,0,233,-246,-22
30,-323,0,43,-432,71
