-42,-327,0,238,-339,145
30,-222,0,-357,137,-103
56,-186,0,58,155,-37
68,-93,0,104,-15,65
122,-180,0,46,-54,80
68,-89,0,176,89,86
161,-135,0,-90,100,37
98,-81,0,243,-62,43
193,-68,0,-209,-228,-368
121,-34,0,-287,-165,328
148,48,0,-10,-33,-104
86,108,0,-33,-141,10
102,-8,0,-108,-277,-149
121,61,0,-71,-21,-141
131,38,0,77,-306,42
69,11,0,-156,387,126
158,18,0,-136,-52,-133
209,10,0,2,175,193
148,-18,0,-256,156,-4
138,77,0,-129,67,185
122,-13,0,22,113,-186
194,92,0,325,95,-249
54,-45,0,146,7,27
55,59,0,65,-257,-393
40,-54,0,160,-260,-213
79,-78,0,-72,-186,-94
22,-91,0,-4,283,3
89,-139,0,412,-137,128
30,-165,0,-198,15,101
73,-137,0,-184,81,-135
2,-296,0,49,111,149
16,-293,0,-22,50,-292
-15,-338,0,-279,115,-151
-51,-364,0,-35,-81,-257
27,-364,0,334,182,604
-69,-385,0,136,20,-85
-115,-372,0,285,115,121
-41,-484,0,-193,-223,-79
-107,-349,0,-57,44,-153
-32,-463,0,-270,-109,393
-119,-531,0,-291,73,28
-137,-511,0,158,143,-146
-30,-557,0,33,409,-199
-136,-546,0,203,183,-132
-76,-664,0,76,-20,404
-211,-624,0,43,124,202
-129,-591,0,-340,113,370
-70,-547,0,145,56,-184
-241,-491,0,167,118,312
-179,-557,0,-140,-44,245
-182,-577,0,169,-173,-221
-186,-533,0,235,220,65
-99,-531,0,30,-57,153
-100,-405,0,-111,-87,138
-166,-426,0,44,491,-2
-123,-439,0,391,-58,-364
-30,-381,0,59,299,139
-4,-370,0,171,291,54
-10,-359,0,217,80,-125
18,-359,0,2,-115,120
16,-254,0,-466,-284,142
-126,-231,0,-293,37,-185
-96,-135,0,40,-50,392
100,-270,0,54,-33,-143
17,-182,0,69,548,228
98,-62,0,-157,-6,58
-10,-135,0,57,-38,132
118,-59,0,-54,-66,-139
19,-99,0,-97,173,-199
42,-30,0,429,76,-42
86,7,0,-67,22,367
124,-45,0,-1,44,-122
222,-43,0,-158,-318,-157
159,49,0,-267,-45,-58
152,102,0,-8,34,62
217,-3,0,1,-72,21
195,96,0,40,60,25
281,-27,0,-23,-113,1
149,-14,0,-294,-314,-15
149,26,0,195,-15,38
117,94,0,356,41,39
169,14,0,117,222,294
89,-12,0,102,157,-227
101,-65,0,143,-100,158
168,-51,0,221,425,243
93,-100,0,-247,233,-124
31,-112,0,112,-304,86
114,-56,0,572,312,242
93,-89,0,158,244,118
29,-101,0,251,-280,-112
78,-194,0,-85,-80,106
26,-199,0,-73,92,-40
-26,-147,0,-347,356,124
-69,-268,0,-155,229,-262
-63,-226,0,-117,-227,-265
-66,-313,0,-79,64,84
-156,-334,0,-83,-317,-122
-154,-378,0,-5,339,411
-137,-416,0,130,-271,-451
-145,-401,0,-59,1,-129
-142,-439,0,213,130,-243
-61,-484,0,128,-125,-182
-129,-466,0,-89,-20,-5
-179,-512,0,-183,390,166
-202,-453,0,37,203,-143
-161,-500,0,146,-10,-305
-217,-555,0,12,-137,-180
-130,-494,0,-210,-59,-46
-204,-503,0,443,-79,48
-151,-539,0,165,189,267
-240,-552,0,-71,149,202
-131,-496,0,-74,124,-240
-246,-593,0,96,-162,-5
-141,-516,0,258,146,-479
-185,-538,0,156,-69,-461
-122,-551,0,215,224,37
-79,-470,0,6,-19,-137
-127,-448,0,39,142,175
-71,-405,0,-173,-208,292
-114,-430,0,209,408,-20
-107,-368,0,-41,-28,167
-33,-278,0,77,30,-49
-74,-369,0,344,-8,186
94,-268,0,157,212,-131
-72,-170,0,-32,-296,497
-14,-247,0,-421,14,-400
-58,-190,0,-81,342,-430
130,-177,0,-235,-35,-5
86,-118,0,352,302,109
-27,-180,0,229,-238,239
217,1,0,-42,277,160
146,-104,0,8,-76,148
75,-68,0,60,-81,-374
62,-53,0,180,-118,-270
119,93,0,93,141,-238
123,6,0,140,236,-109
132,59,0,64,-81,-186
113,-6,0,297,-171,226
81,-4,0,49,-147,495
72,43,0,260,-273,258
163,10,0,331,186,-33
112,23,0,-344,-34,250
171,-29,0,271,244,168
166,111,0,285,14,35
183,40,0,-265,20,-29
81,21,0,-29,57,27
199,32,0,34,-43,-142
118,35,0,325,143,-269
127,-83,0,-321,40,-31
8,14,0,-12,-337,154
136,-78,0,124,-251,496
61,-212,0,-144,-70,146
39,-89,0,-256,-62,271
-16,-227,0,-272,237,35
151,-187,0,-46,-39,331
-42,-188,0,-30,329,-171
-66,-301,0,-101,-109,-179
-12,-237,0,-40,-313,-244
-43,-301,0,-277,-71,-167
-121,-358,0,-85,-33,-226
-126,-523,0,-159,194,202
-84,-386,0,-83,3,302
-149,-465,0,210,210,4
-67,-525,0,237,61,-73
-37,-512,0,59,134,-279
-127,-471,0,132,-175,-284
-61,-521,0,-26,-23,-235
-174,-493,0,358,195,169
-142,-462,0,75,-129,388
-237,-530,0,183,2,401
-75,-592,0,154,-224,360
-93,-566,0,129,-160,22
-87,-581,0,5,23,-272
-242,-549,0,-291,91,181
-114,-540,0,219,35,270
-122,-443,0,-12,277,229
-98,-598,0,-71,216,-95
-64,-518,0,-125,-235,-23
-106,-554,0,-133,-173,269
-113,-460,0,-27,32,-157
-149,-418,0,-273,-77,203
-13,-403,0,30,-284,46
-14,-445,0,95,232,162
-74,-389,0,44,-69,-99
1,-387,0,98,-197,-88
5,-308,0,-374,128,105
-7,-320,0,-184,180,141
89,-201,0,-217,-86,149
10,-212,0,97,-111,98
115,-189,0,-125,-167,52
30,-195,0,-314,81,-139
41,3,0,-171,133,-108
144,-49,0,148,51,275
44,-141,0,-9,71,551
51,27,0,-8,35,-67
154,-33,0,137,-368,16
146,-23,0,-292,11,-433
98,78,0,-138,193,-94
30,32,0,-167,473,145
198,-18,0,147,204,-83
123,53,0,-41,224,107
119,78,0,-334,246,-29
199,22,0,-101,-290,-262
170,-6,0,44,293,-322
297,80,0,-152,118,279
118,-31,0,83,56,29
125,-47,0,114,140,-229
160,51,0,-161,230,74
76,-2,0,-67,336,-161
22,-104,0,111,102,-16
136,-41,0,-235,191,177
61,-180,0,-39,221,28
82,-108,0,-33,-447,-6
-13,-117,0,2,-159,-7
29,-117,0,131,-80,363
119,-173,0,-35,-40,-10
10,-191,0,41,-3,-122
-147,-257,0,45,85,-396
29,-263,0,197,-132,184
-70,-248,0,-51,32,115
-50,-300,0,78,110,-22
-123,-375,0,34,175,15
-60,-392,0,103,198,-591
-112,-480,0,-356,184,-372
-79,-392,0,22,-41,-16
-68,-446,0,-46,-329,-154
-86,-391,0,167,99,57
-54,-461,0,127,-195,11
-185,-589,0,47,149,142
-124,-667,0,-176,-47,-4
-119,-548,0,10,5,97
-138,-465,0,-69,-13,-76
-240,-514,0,53,-277,-519
-145,-625,0,-176,-38,3
-120,-615,0,-144,-9,-4
-164,-587,0,-215,-14,-188
-78,-529,0,-16,91,39
-157,-584,0,-180,-56,-278
-193,-540,0,-44,-112,-72
-60,-466,0,-82,295,-174
-40,-508,0,-84,27,-122
-127,-416,0,-120,-28,96
-77,-346,0,-131,-140,133
-33,-373,0,-193,-41,-187
25,-364,0,67,82,379
-98,-396,0,179,34,138
-13,-345,0,251,-88,-138
-92,-243,0,32,-64,65
5,-199,0,53,-67,232
34,-187,0,-376,78,237
-15,-254,0,-185,51,-391
104,-175,0,-263,156,-77
64,-210,0,64,-366,444
-27,-126,0,4,-347,47
68,-160,0,39,-35,-200
39,-56,0,143,76,93
68,-98,0,229,30,-47
106,24,0,20,352,-77
166,-43,0,330,299,-113
143,-52,0,72,-333,-225
181,2,0,282,-77,152
84,158,0,132,155,-245
97,93,0,175,304,194
233,37,0,-70,43,181
118,-4,0,-266,-274,285
37,40,0,-225,-104,-2
127,68,0,-66,-177,-25
112,13,0,64,-79,1
175,-7,0,-231,-73,237
181,-70,0,-411,-141,-309
79,-2,0,-63,-130,-21
182,16,0,-236,109,119
171,-61,0,-21,128,-201
63,-160,0,99,12,-225
75,-123,0,1,-178,389
166,-151,0,41,-185,297
53,-115,0,153,-89,-58
36,-209,0,120,246,110
-4,-170,0,307,225,7
-48,-141,0,-423,-100,203
-52,-305,0,-14,20,36
-56,-354,0,84,241,-7
-84,-325,0,138,-242,91
-56,-339,0,-193,-297,65
-41,-345,0,119,167,-340
-55,-400,0,305,-301,358
-122,-444,0,16,-11,597
-73,-452,0,174,-579,284
-122,-538,0,159,-257,46
-141,-485,0,-20,146,89
-123,-566,0,-92,323,38
-187,-530,0,-447,154,9
-104,-606,0,-178,151,-159
-257,-558,0,-309,-43,-299
-144,-551,0,-226,108,214
-199,-590,0,43,46,-340
-123,-526,0,241,164,-308
-269,-608,0,-297,-148,-33
-125,-476,0,-351,370,37
-202,-545,0,30,-12,70
-185,-455,0,-8,-219,-155
-207,-529,0,190,9,152
-216,-469,0,-76,-41,11
-118,-501,0,96,147,-38
-45,-338,0,181,96,428
-94,-373,0,-39,-113,191
-66,-315,0,-293,182,282
-42,-393,0,-13,204,-121
-58,-260,0,70,43,-313
-36,-308,0,-281,-111,260
-54,-217,0,28,191,7
-31,-248,0,26,562,-153
-1,-205,0,-71,23,-51
66,-203,0,36,189,-314
4,-120,0,-191,177,326
48,-180,0,-292,-128,-99
52,-57,0,131,71,-211
65,-68,0,-261,-11,55
24,-51,0,-53,91,225
129,-6,0,189,-163,76
55,75,0,117,-176,-168
116,49,0,-9,40,-147
204,-20,0,131,-80,-291
177,-69,0,198,-362,-259
119,-51,0,-25,112,197
122,96,0,-170,6,-51
113,26,0,-109,-16,-177
88,49,0,90,-38,154
84,47,0,-515,-73,118
62,35,0,-203,-33,-291
66,1,0,83,-492,115
112,-19,0,7,285,-121
80,-35,0,-694,-42,-171
140,-51,0,-1,28,-183
153,-93,0,138,27,-45
51,-107,0,337,221,279
-44,-104,0,-37,276,174
85,-126,0,190,-252,-59
85,-144,0,-9,-115,-236
-75,-179,0,53,390,54
72,-222,0,-127,-358,-109
60,-227,0,205,-252,163
31,-213,0,20,42,-53
-20,-309,0,152,-96,-8
-32,-353,0,10,-496,-332
-58,-336,0,-441,47,-94
26,-409,0,300,-219,-274
-55,-439,0,260,177,-37
-33,-585,0,-219,-86,55
-114,-439,0,19,88,184
-147,-503,0,302,-53,-423
-113,-482,0,-280,301,140
-161,-465,0,-32,289,-121
-42,-486,0,-109,156,-60
-133,-614,0,-248,-182,-264
-173,-480,0,122,64,-138
-172,-507,0,57,-187,-56
-168,-673,0,-29,66,-211
-195,-487,0,-44,376,-45
-178,-536,0,-166,205,202
-134,-552,0,-474,118,77
-150,-480,0,49,-110,38
-100,-560,0,-62,243,140
-74,-518,0,-121,7,-176
-92,-465,0,-60,-182,-133
-2,-581,0,103,-338,19
-87,-412,0,168,-153,-223
-20,-446,0,-120,-2,202
-63,-358,0,32,267,100
-11,-366,0,-136,41,-107
4,-304,0,175,222,107
-16,-288,0,-115,134,33
-91,-252,0,372,-196,460
43,-193,0,-98,314,-23
-36,-210,0,63,375,-237
80,-117,0,29,-91,75
137,-139,0,-72,-14,-139
-31,-83,0,9,128,25
91,-47,0,426,177,-27
115,-39,0,-104,-83,-228
131,-28,0,89,-57,-145
83,80,0,126,-280,124
97,-76,0,-81,103,-128
159,18,0,68,-118,175
157,23,0,169,79,-5
166,-35,0,-263,-267,-143
184,-8,0,28,-120,-127
28,-22,0,-158,-56,-12
88,52,0,91,411,-265
130,-22,0,-92,-232,-156
149,25,0,205,166,-156
108,-23,0,124,129,-78
254,51,0,191,-14,265
165,17,0,126,-38,12
88,-61,0,-106,63,-31
75,-80,0,-136,-172,111
63,-29,0,-74,217,-36
55,-89,0,93,-260,234
114,-130,0,62,104,-439
58,-111,0,31,77,141
35,-180,0,-52,-43,-43
82,-188,0,33,-174,-32
70,-175,0,-24,-81,-192
-52,-293,0,-209,-442,228
-61,-330,0,150,83,-88
-28,-373,0,83,-159,-292
-25,-363,0,-171,108,48
-148,-397,0,75,137,163
-93,-408,0,133,169,-153
-130,-407,0,70,-177,-263
-102,-427,0,5,176,245
-129,-412,0,-98,-103,183
-124,-501,0,-335,-672,-45
-53,-433,0,-183,3,-69
-149,-470,0,101,-235,158
-117,-590,0,-155,-243,-154
-106,-510,0,143,-74,-177
-171,-601,0,-9,-8,-15
-160,-553,0,-180,-303,125
-251,-565,0,-68,-142,-171
-49,-521,0,-24,-26,23
-188,-585,0,57,-127,135
-181,-532,0,84,36,-36
-124,-470,0,202,-31,160
-170,-416,0,321,163,-59
-44,-498,0,356,-189,-161
-118,-492,0,-232,418,209
-155,-435,0,-112,23,23
-90,-410,0,-39,294,182
-116,-425,0,-41,-205,420
-19,-318,0,53,331,67
56,-303,0,51,48,-148
-30,-253,0,-195,-172,-179
-19,-287,0,-191,76,30
2,-309,0,106,5,-115
-73,-180,0,-153,152,-156
62,-204,0,430,68,-42
-21,-88,0,7,155,107
55,-152,0,122,-186,-407
2,-193,0,61,-64,-326
39,-74,0,10,250,293
111,-68,0,65,-89,-125
129,-44,0,10,-176,6
110,-13,0,46,-162,241
207,-18,0,-39,117,96
138,21,0,-135,-252,271
198,-53,0,-302,126,72
162,33,0,180,-448,-168
87,14,0,-208,-146,96
235,30,0,-354,-90,-69
150,49,0,-610,-306,181
134,99,0,-41,274,-40
127,36,0,-98,131,-103
146,98,0,-124,134,468
210,94,0,47,-405,-258
102,-6,0,51,-119,265
99,-86,0,-406,233,-8
55,11,0,139,-20,-411
108,14,0,-40,251,-101
71,-46,0,9,-131,321
18,-80,0,272,88,144
112,-90,0,-40,237,218
122,-151,0,-18,110,422
1,-219,0,398,-50,204
15,-133,0,-408,107,470
-117,-220,0,-270,-104,-29
-47,-337,0,36,6,-42
-45,-256,0,353,37,-320
-180,-312,0,-113,131,147
-14,-360,0,167,-228,94
-124,-367,0,-12,24,-285
-6,-344,0,-112,31,-16
-149,-384,0,-107,-51,279
-65,-495,0,-197,119,-135
-155,-447,0,179,336,-173
-45,-429,0,-152,93,47
-118,-548,0,-226,-55,-65
-132,-549,0,336,-149,-90
-115,-584,0,129,402,15
-244,-632,0,54,15,-59
-241,-493,0,206,181,-116
-131,-488,0,-209,111,-157
-78,-599,0,58,37,169
-79,-554,0,-208,88,-2
-144,-514,0,271,-127,93
-181,-427,0,-78,184,187
-117,-538,0,146,-4,180
-118,-503,0,236,-130,167
-167,-487,0,145,-2,-236
-143,-454,0,172,-90,100
-138,-487,0,-34,-440,-43
-216,-411,0,224,12,262
-66,-445,0,-109,-228,-224
-99,-359,0,-134,-131,71
-14,-375,0,-33,-525,81
-17,-284,0,-34,45,391
-105,-290,0,-141,-40,-80
-43,-237,0,24,239,43
-25,-205,0,128,458,233
22,-114,0,230,-13,-35
1,-159,0,244,30,184
19,-68,0,23,-116,-128
83,7,0,-349,23,-215
4,-94,0,14,164,-129
149,-45,0,209,-181,-59
-5,-68,0,180,-157,-194
57,29,0,189,86,-313
109,140,0,-84,235,-242
199,46,0,-51,251,245
230,25,0,-68,378,96
199,19,0,115,-264,87
94,-43,0,428,116,119
108,-5,0,254,227,-413
123,67,0,-298,322,61
170,63,0,123,2,453
155,5,0,-43,-176,-133
162,49,0,209,-78,274
125,32,0,-259,10,-72
64,-68,0,317,-276,-15
148,-47,0,216,67,-403
129,14,0,-232,251,-135
52,-141,0,-312,73,-185
95,-89,0,-32,21,372
76,-180,0,113,39,161
1,-178,0,-293,144,-108
49,-211,0,-41,53,43
6,-160,0,81,-1,-123
-47,-211,0,-286,37,-149
58,-264,0,-70,149,-133
-1,-304,0,25,252,377
74,-337,0,-191,236,-169
-57,-384,0,102,-78,115
-48,-375,0,-25,-139,221
-49,-400,0,-86,-183,-152
-74,-447,0,468,-30,-82
-161,-463,0,-249,-98,-121
-117,-444,0,-94,169,216
-169,-479,0,95,-61,-29
-176,-573,0,190,-157,514
-111,-521,0,296,-16,-24
-174,-678,0,54,-94,-43
-296,-598,0,-28,-197,-95
-242,-559,0,265,197,104
-155,-543,0,-20,-73,-272
-135,-638,0,127,-328,77
-90,-544,0,-58,-216,482
-112,-544,0,192,68,28
-151,-534,0,-101,107,-402
-149,-583,0,90,-116,-110
-41,-495,0,-351,-13,-325
-109,-549,0,-3,-48,-186
-60,-485,0,74,113,12
-188,-468,0,-49,-246,76
-101,-538,0,247,243,193
-97,-404,0,-14,121,-115
-77,-337,0,256,-458,163
-52,-351,0,194,-162,44
-29,-319,0,-78,-301,-277
-27,-297,0,-165,-68,-66
-60,-217,0,69,-200,19
-5,-189,0,69,-262,-61
-53,-151,0,38,203,-118
-6,-157,0,226,-104,157
156,-143,0,574,172,-237
67,-142,0,-160,-35,79
102,-149,0,-411,27,-171
77,-48,0,169,-26,-294
121,45,0,-79,556,-64
163,39,0,-243,-81,-146
224,15,0,27,-326,121
125,-30,0,7,164,-381
108,6,0,348,-67,116
77,47,0,-54,260,-145
197,36,0,-23,135,626
243,4,0,-59,-366,-322
218,66,0,-195,-252,329
104,53,0,-303,241,94
136,78,0,-258,186,125
140,35,0,16,222,-244
66,18,0,-85,-80,-179
112,45,0,-10,107,65
147,-40,0,256,-290,-69
125,-54,0,-109,143,425
95,3,0,30,-195,-34
155,-49,0,-70,18,-91
-65,-95,0,-12,-86,76
84,-183,0,-315,67,358
-18,-67,0,67,-194,443
21,-257,0,116,-178,-40
-109,-295,0,242,-55,-254
37,-240,0,-75,50,-68
-15,-344,0,216,236,101
-111,-389,0,112,120,292
-86,-264,0,-99,73,643
-38,-395,0,22,-102,62
-13,-386,0,345,50,39
-206,-471,0,34,-131,74
-56,-521,0,-86,-333,35
-138,-485,0,13,82,257
-106,-407,0,105,-16,56
-126,-518,0,-29,-186,-175
-189,-448,0,47,-191,-214
-180,-541,0,-47,41,31
-171,-542,0,248,-124,334
-71,-613,0,10,24,-78
-235,-600,0,119,67,223
-146,-607,0,-6,197,-53
-95,-573,0,-216,-362,-285
-81,-562,0,-111,491,140
-156,-505,0,86,-236,-233
-150,-555,0,7,130,-134
-131,-460,0,-122,133,-101
-159,-517,0,-52,172,-72
-96,-468,0,-99,9,-163
-83,-418,0,10,-41,-29
-106,-463,0,267,90,358
-81,-412,0,190,431,178
-75,-432,0,-55,107,9
-112,-207,0,-53,344,-182
-37,-283,0,-216,75,-5
-38,-317,0,218,-153,250
83,-223,0,-186,-51,-67
9,-255,0,-38,4,144
-61,-250,0,-5,-190,306
-40,-162,0,346,-205,-136
80,-141,0,-522,-148,21
96,-62,0,57,0,-49
1,-90,0,70,88,342
154,-26,0,59,-27,-139
11,-38,0,60,306,-241
212,-68,0,213,98,-96
65,-39,0,251,250,-154
118,50,0,-256,74,98
117,-27,0,-251,158,-38
132,18,0,-29,-7,-206
238,63,0,-54,317,-79
158,108,0,-282,-140,-127
257,-36,0,-249,-220,315
130,112,0,-18,124,642
66,-42,0,-224,80,-109
122,65,0,342,-205,39
252,29,0,116,120,156
218,6,0,-11,41,149
158,-5,0,24,257,375
119,-11,0,-356,267,116
106,-111,0,-134,-195,-91
107,6,0,-241,375,139
48,-123,0,-199,11,-79
103,-210,0,5,34,-145
2,-193,0,-185,10,-258
52,-264,0,130,313,-356
59,-258,0,-320,184,163
13,-303,0,-121,-13,75
7,-341,0,175,51,144
-51,-284,0,-131,303,-10
-100,-328,0,25,321,268
-78,-382,0,91,-12,-384
-139,-414,0,-88,-93,-264
-19,-417,0,-244,-296,-166
-71,-420,0,156,4,232
-108,-528,0,56,17,201
-78,-451,0,245,-12,202
-150,-512,0,-55,79,84
-54,-531,0,197,456,123
-58,-492,0,66,-91,161
-23,-568,0,-88,142,279
-24,-607,0,-44,72,163
-130,-580,0,49,-228,67
-156,-570,0,464,247,78
-158,-658,0,156,308,198
-132,-618,0,183,306,-36
-129,-511,0,-70,-245,-325
-94,-613,0,130,-52,-384
-150,-508,0,-76,-550,-396
-97,-487,0,171,359,-376
-162,-481,0,315,-17,17
-181,-459,0,-2,-69,-273
-51,-471,0,75,332,-66
-17,-358,0,-285,-115,325
22,-382,0,60,-127,-206
-79,-381,0,80,-158,136
-123,-258,0,17,171,-32
-135,-229,0,-272,442,175
43,-294,0,-283,116,-210
109,-171,0,124,-51,13
0,-155,0,-298,-58,60
-5,-154,0,-382,-162,-147
177,-182,0,52,98,-31
63,-150,0,518,-353,-41
140,15,0,46,37,470
203,-2,0,-14,232,-145
115,-28,0,-111,-146,-250
138,-12,0,111,367,164
97,-69,0,300,-168,154
202,-24,0,-210,42,-141
219,72,0,251,256,-373
156,-8,0,-20,197,315
243,62,0,124,-161,316
137,99,0,155,-174,-57
71,27,0,-140,424,106
110,70,0,261,385,-60
99,66,0,-0,-6,-45
154,90,0,-251,-193,-57
192,-14,0,6,23,185
165,-72,0,113,-195,-129
112,-56,0,97,-72,90
104,-38,0,257,-113,76
114,45,0,-351,-108,-88
62,-31,0,-341,229,41
2,-57,0,-269,-86,-76
93,-171,0,309,28,-310
53,-149,0,296,-74,234
37,-207,0,25,-300,-146
-41,-263,0,126,0,-120
26,-282,0,-198,-97,175
-86,-308,0,-68,155,-0
-129,-319,0,0,249,-25
-13,-403,0,-122,57,-72
-164,-318,0,-327,263,-325
-107,-462,0,5,61,80
-19,-448,0,-91,29,69
-110,-436,0,172,102,178
-61,-456,0,201,-48,-438
-160,-493,0,372,18,173
-113,-565,0,-94,-302,134
-138,-547,0,110,-90,-181
-211,-441,0,117,-129,11
-105,-552,0,106,206,-281
-127,-523,0,-176,52,-116
-155,-537,0,-71,-34,158
-185,-612,0,-353,59,-244
-137,-535,0,120,236,-105
-151,-564,0,199,-45,219
-193,-583,0,487,116,-134
-142,-685,0,361,28,188
-186,-526,0,223,-175,73
-177,-543,0,-45,1,3
-66,-370,0,-421,-131,122
-102,-367,0,63,-190,-149
-28,-395,0,-322,-193,245
-53,-358,0,80,-385,116
26,-311,0,-282,95,-197
37,-376,0,155,-31,-325
-29,-347,0,85,97,-183
25,-297,0,220,261,-39
125,-241,0,-131,-188,-77
30,-220,0,-167,-134,-34
-8,-170,0,-72,307,-65
224,-146,0,-56,240,133
160,-87,0,-178,-36,-139
95,5,0,43,-4,89
126,-29,0,-30,-45,166
26,-109,0,362,325,-49
124,-95,0,-154,251,115
9,22,0,-280,235,-213
180,41,0,195,262,-303
111,123,0,-165,-28,-497
170,39,0,36,29,-229
47,110,0,236,-325,92
74,-102,0,-476,-16,-142
153,-11,0,-195,-109,-36
108,-35,0,-276,-77,-113
80,56,0,-382,-90,281
182,18,0,144,435,-195
151,30,0,-55,52,133
207,46,0,-139,126,10
154,70,0,-60,94,-71
138,-56,0,56,70,-117
126,-58,0,-94,-353,-16
-2,-116,0,66,99,432
90,5,0,-145,-226,-25
44,-41,0,130,-38,76
94,-214,0,387,138,107
31,-155,0,-236,-227,-52
66,-146,0,98,-139,197
43,-238,0,177,-202,54
-48,-220,0,-179,28,-148
-40,-234,0,-314,239,-225
48,-318,0,61,336,-61
-139,-399,0,-42,175,-25
-37,-387,0,-118,-140,-81
-103,-462,0,183,-108,-489
-96,-491,0,-278,-260,-430
-119,-495,0,281,-246,151
-212,-367,0,49,-62,76
-144,-526,0,201,-221,64
-125,-506,0,-168,-27,58
-107,-612,0,-133,2,-181
-165,-529,0,-267,-158,-68
-125,-519,0,28,5,231
-161,-552,0,137,-120,-117
-134,-503,0,183,9,-76
-39,-585,0,-212,95,56
-208,-535,0,-174,-132,-99
-162,-456,0,-41,-140,562
-90,-458,0,139,110,74
-221,-456,0,-94,-238,219
-154,-484,0,336,-132,50
-71,-475,0,-32,-243,-282
-172,-412,0,-8,27,52
-119,-398,0,184,-43,-91
-110,-492,0,114,306,-357
-115,-421,0,-71,106,-31
-132,-425,0,-33,65,-240
-122,-405,0,170,-261,-163
-86,-278,0,-62,-302,146
-91,-301,0,-69,203,119
117,-221,0,160,-16,46
-21,-181,0,-199,107,29
26,-211,0,-3,253,-152
166,-142,0,237,-288,47
72,-157,0,33,-257,151
63,-152,0,-351,56,397
78,-15,0,-60,-36,247
54,-54,0,284,-171,-76
118,-69,0,20,-297,-175
27,40,0,-123,53,-296
74,31,0,42,182,16
208,52,0,273,118,151
180,79,0,221,43,-39
161,157,0,256,-117,-29
140,3,0,329,122,-40
217,77,0,112,163,131
123,-22,0,-79,335,151
86,87,0,27,-85,260
122,84,0,181,-170,-126
150,35,0,-58,-29,-150
117,44,0,337,133,347
129,-22,0,-61,-105,243
172,-58,0,-250,-206,-63
51,-49,0,-8,-42,639
29,-31,0,139,392,250
39,-72,0,-26,-412,-13
23,-56,0,103,36,336
61,-62,0,-150,-234,-100
85,-110,0,-158,-117,-147
17,-282,0,-292,87,-232
48,-235,0,142,-153,-228
50,-337,0,-266,285,60
-49,-415,0,-75,64,-288
-138,-342,0,-155,261,107
-38,-395,0,260,154,3
-75,-354,0,-139,397,-201
-28,-393,0,-162,-288,-68
-81,-373,0,-64,-89,89
-40,-483,0,-44,154,-278
-76,-464,0,215,379,-144
-75,-547,0,-80,150,190
-168,-488,0,97,-196,178
-49,-526,0,-287,-233,-177
-222,-409,0,187,100,84
-122,-564,0,-151,-302,-229
-181,-593,0,8,-317,201
-141,-707,0,-36,406,428
-162,-544,0,-186,-382,-69
-197,-570,0,48,-168,74
-186,-556,0,-21,-92,205
-98,-544,0,131,-221,-404
-91,-496,0,6,330,214
-121,-540,0,136,-11,144
-143,-567,0,-12,266,-452
-93,-404,0,-90,26,-200
-131,-468,0,-248,66,31
-40,-451,0,144,304,190
-60,-427,0,84,326,-10
-80,-329,0,57,-232,48
23,-383,0,4,-71,43
-6,-276,0,141,34,-27
8,-243,0,29,22,-215
20,-314,0,16,-88,-106
54,-239,0,121,-63,370
-132,-161,0,66,-175,250
42,-254,0,-95,-17,171
53,-130,0,478,-322,224
-4,-153,0,204,-138,-124
110,-123,0,-271,-183,50
53,17,0,24,-73,-140
187,35,0,-219,-69,-43
86,-35,0,-238,-77,-204
210,-127,0,-280,-132,-112
64,1,0,158,-36,-92
137,-44,0,77,476,-117
96,-3,0,120,-103,-151
154,69,0,-460,-185,49
213,14,0,87,374,-31
183,10,0,-203,-9,82
186,66,0,264,28,307
218,26,0,277,287,-108
109,-26,0,-351,-0,159
84,-48,0,454,155,96
84,-1,0,221,218,78
34,1,0,-153,-172,-412
183,8,0,247,118,145
165,8,0,-314,-173,255
89,-62,0,15,-14,116
84,-246,0,-18,97,47
127,-71,0,16,-336,198
60,-151,0,183,295,-180
92,-198,0,52,-76,-189
8,-246,0,-302,-54,-205
4,-304,0,94,-157,-6
-33,-372,0,-196,-147,76
-39,-289,0,-76,-244,-24
-23,-317,0,100,-155,152
-61,-290,0,8,177,86
-70,-345,0,-32,211,-207
-133,-518,0,172,-135,23
-80,-505,0,-81,284,-477
-88,-551,0,-175,47,332
-115,-484,0,-84,47,362
-40,-470,0,178,8,-101
-98,-492,0,397,112,298
-153,-566,0,68,-68,-144
-157,-522,0,-105,-46,-444
-65,-550,0,-128,-62,285
-83,-505,0,2,80,138
-213,-623,0,-4,-12,-21
-124,-556,0,-85,-220,-280
-108,-614,0,98,-191,114
-176,-570,0,-329,-358,-101
-221,-589,0,188,256,78
-75,-516,0,115,154,467
-108,-533,0,135,213,-229
-90,-466,0,-268,-42,-97
-132,-432,0,22,-386,-260
-25,-466,0,184,-254,78
-109,-403,0,33,193,133
-87,-369,0,456,364,140
-63,-388,0,265,82,-161
-106,-269,0,-60,43,258
-64,-195,0,358,-151,-28
11,-237,0,63,-399,111
-25,-257,0,459,-77,-43
44,-189,0,95,130,100
79,-130,0,46,-95,-160
139,-164,0,-306,187,95
121,-79,0,-26,-71,286
85,-88,0,224,-188,32
123,-79,0,160,130,-268
116,13,0,244,-147,-68
201,-49,0,-201,88,234
184,36,0,-175,60,-102
130,41,0,-73,-114,-124
147,-24,0,-484,-423,156
122,34,0,3,-241,333
206,41,0,-4,225,-336
292,23,0,103,-58,-112
55,13,0,-171,-364,-164
126,-72,0,-56,430,195
156,20,0,-388,-34,165
89,-59,0,-367,15,-94
159,20,0,271,193,489
120,-27,0,-200,-51,81
130,4,0,-257,-46,-97
152,-9,0,78,-14,-396
122,-51,0,11,-35,159
92,-84,0,-7,402,303
73,-148,0,29,233,401
65,-83,0,206,-71,138
13,-225,0,-228,-48,-30
105,-270,0,-385,33,220
-4,-291,0,-57,-510,-33
-93,-185,0,-395,-26,17
21,-333,0,-5,53,-63
17,-335,0,-296,-44,-432
4,-279,0,-330,-10,-144
-7,-267,0,-287,-279,-470
-1,-399,0,-7,-18,128
-80,-319,0,45,-106,-160
-79,-377,0,131,-26,-69
-109,-472,0,185,423,92
-35,-498,0,-41,-235,100
-139,-432,0,368,50,-453
-58,-661,0,-118,100,-66
-145,-522,0,5,207,106
-168,-494,0,25,-19,236
-46,-551,0,-473,-173,271
-157,-554,0,239,-51,-326
-244,-590,0,-178,-448,-20
-188,-544,0,-132,-34,-118
-145,-557,0,180,7,-388
-180,-679,0,113,-131,-578
-130,-523,0,142,-156,74
-173,-383,0,128,-400,193
-66,-500,0,-60,-77,-185
-215,-434,0,-286,-26,-230
-103,-466,0,-356,248,-367
-91,-471,0,56,-298,41
-60,-418,0,-200,152,122
-46,-453,0,101,-177,396
-60,-361,0,-411,242,-196
-10,-441,0,-94,-48,28
-26,-292,0,-116,257,-120
-54,-268,0,60,-112,-265
59,-287,0,-138,-135,-59
-42,-195,0,-3,449,-393
-9,-185,0,71,-186,-186
25,-185,0,243,-150,153
7,-145,0,-89,283,468
33,-102,0,371,126,97
96,-106,0,189,146,53
150,17,0,-46,127,-167
112,-11,0,3,-39,-61
119,40,0,-386,-166,51
183,-26,0,-18,211,136
266,44,0,-415,280,-107
120,89,0,-98,20,378
121,-2,0,2,-256,106
136,148,0,115,-41,3
275,96,0,62,-103,-327
107,5,0,67,42,53
118,59,0,-343,-21,-299
172,35,0,324,69,168
166,8,0,-104,-135,117
156,-23,0,-102,-9,62
164,-13,0,-78,-10,-118
90,120,0,-337,114,267
36,1,0,-606,178,-124
89,-99,0,-51,66,-109
61,-132,0,-25,-833,321
88,-110,0,49,-417,-439
-33,-249,0,-310,121,88
-16,-144,0,-43,-201,-83
-23,-250,0,72,-300,41
113,-269,0,177,-188,58
-20,-301,0,-54,135,110
68,-256,0,-73,-224,-116
-25,-285,0,-5,-18,166
-37,-380,0,426,191,274
-150,-431,0,85,27,198
-93,-465,0,-69,-179,-145
-92,-433,0,-31,-331,-209
-212,-476,0,163,23,179
-177,-443,0,-103,-59,-20
-124,-407,0,26,216,-6
-134,-534,0,154,-57,255
-179,-559,0,103,-139,229
-157,-600,0,186,-303,-98
-141,-566,0,-306,-276,185
-115,-530,0,-154,65,15
-254,-607,0,-98,-37,-52
-188,-487,0,-197,26,5
-69,-506,0,184,4,86
-141,-584,0,218,-36,-73
-117,-568,0,-99,63,134
-137,-427,0,-60,-37,-182
-101,-438,0,-212,-387,345
-133,-478,0,288,339,-156
-207,-468,0,-87,-135,218
-64,-436,0,28,106,317
-87,-415,0,-226,-283,-62
111,-457,0,-569,80,-137
-21,-338,0,93,-377,-192
-96,-384,0,-116,-288,-75
-24,-302,0,-377,-55,-112
9,-233,0,122,-9,-159
-71,-284,0,-96,102,-151
-5,-99,0,-177,-16,-314
6,-188,0,67,-87,75
23,-112,0,-281,144,316
173,-16,0,-133,278,-345
108,-129,0,391,-399,38
56,-36,0,227,-108,118
185,-86,0,369,135,73
171,-97,0,135,-91,-70
142,85,0,69,-215,-100
129,22,0,71,81,-160
75,78,0,-35,409,-113
90,138,0,-245,195,71
243,1,0,-171,155,-108
71,92,0,-29,-172,156
228,-30,0,-315,257,-11
126,70,0,65,81,-96
154,32,0,382,-149,10
188,-28,0,307,-153,54
164,42,0,75,291,-1
149,-34,0,-268,-54,142
144,-13,0,-59,100,-578
261,-62,0,136,51,-57
120,-17,0,-82,53,36
67,-70,0,-39,23,69
96,-182,0,68,-81,376
25,-161,0,-264,-107,-45
75,-182,0,-301,11,-10
-32,-190,0,78,135,300
16,-236,0,8,-453,113
104,-211,0,-129,-74,-13
62,-289,0,-162,-245,-413
-144,-276,0,-43,186,-156
-70,-327,0,-67,-220,331
13,-418,0,-232,-8,-112
-86,-367,0,13,132,237
-158,-430,0,306,-2,53
-96,-356,0,-214,-38,198
-182,-487,0,149,-206,228
-148,-398,0,182,-84,257
-151,-527,0,-152,405,397
-142,-518,0,220,-109,-195
-129,-470,0,186,51,12
-147,-559,0,79,-272,65
-152,-521,0,66,-310,308
-113,-626,0,-431,258,286
-146,-506,0,268,76,-180
-136,-547,0,411,-26,164
-114,-568,0,271,40,-17
-106,-513,0,187,-383,-111
-132,-533,0,-307,-98,56
-50,-439,0,202,-182,-416
-145,-533,0,77,381,51
-164,-464,0,96,166,10
-64,-422,0,12,-337,148
51,-427,0,39,-5,77
-52,-372,0,-3,69,139
-43,-348,0,332,-39,202
-30,-354,0,-253,112,-223
-44,-390,0,-164,-333,531
-13,-313,0,-179,-43,195
78,-291,0,95,-68,-40
11,-270,0,-38,220,64
23,-262,0,163,207,306
6,-199,0,132,409,-223
76,-153,0,41,96,-84
60,-119,0,41,-82,3
160,-186,0,78,281,23
38,60,0,-204,-18,-204
120,-118,0,399,139,52
158,5,0,-54,32,-213
31,47,0,6,303,-11
229,-65,0,-30,-113,-283
179,14,0,168,-276,132
137,13,0,-31,186,-74
138,52,0,-66,-19,-263
219,94,0,151,153,87
210,81,0,-22,-366,-47
26,-32,0,-355,-1,207
185,72,0,163,-31,179
219,-39,0,-13,287,41
192,70,0,-330,-152,58
130,-3,0,-168,-391,259
121,98,0,175,25,-37
227,10,0,-278,-51,156
48,-17,0,-312,-118,-449
118,-47,0,137,338,56
53,-67,0,-326,64,-66
108,-122,0,-221,545,-160
6,-96,0,-153,-15,3
63,-249,0,41,225,-108
40,-191,0,-50,259,19
7,-268,0,260,269,275
23,-236,0,-154,45,-127
-54,-385,0,41,306,-402
15,-329,0,103,-167,70
-139,-384,0,145,-183,-152
-20,-310,0,-39,-95,-240
-65,-350,0,266,233,-93
-71,-457,0,230,-69,-304
28,-472,0,-207,-300,-48
-152,-389,0,59,167,-231
-150,-463,0,-132,-67,-26
-135,-458,0,119,2,-121
-163,-498,0,-32,192,-167
-132,-535,0,-336,-295,91
-161,-510,0,-178,-160,-12
-175,-575,0,40,208,94
-166,-594,0,126,114,92
-134,-601,0,-51,126,-133
-175,-489,0,92,-241,183
-238,-562,0,223,12,-174
-183,-427,0,69,-170,-238
-173,-550,0,89,-232,84
-28,-535,0,-274,-72,-246
-129,-463,0,-124,-321,-181
-109,-420,0,252,-50,-127
-110,-475,0,196,-65,-446
-8,-301,0,20,203,175
-79,-309,0,269,502,241
-64,-391,0,-166,-59,131
-82,-295,0,-220,-20,-40
72,-407,0,-156,6,-14
-3,-254,0,-285,-106,-58
44,-257,0,305,-214,533
57,-206,0,364,304,430
42,-170,0,183,-58,64
84,-146,0,-29,-254,-399
88,-76,0,-427,-174,44
50,-84,0,-22,-176,174
186,-153,0,-83,33,-19
125,35,0,14,-12,-15
159,6,0,279,65,18
142,-25,0,78,-30,-79
107,-138,0,272,-172,99
109,-35,0,-397,-13,54
225,37,0,116,24,105
145,54,0,-9,-73,30
133,-7,0,-353,261,-235
90,51,0,153,125,46
113,41,0,-319,354,-22
215,89,0,119,-131,-91
106,78,0,340,179,-151
176,14,0,-169,-277,283
182,65,0,200,-127,-21
93,-56,0,204,-62,17
20,-63,0,-109,361,188
211,-46,0,103,-130,419
146,-94,0,-64,-41,325
12,-128,0,-33,241,-125
57,-77,0,-139,-21,-84
52,-63,0,56,244,-44
-1,-160,0,155,117,-160
19,-171,0,93,-175,-116
-4,-213,0,-118,-327,128
-12,-204,0,-237,51,-368
-38,-311,0,97,178,104
-64,-341,0,-143,-194,28
-24,-326,0,-292,212,-98
-88,-312,0,197,-253,350
-154,-343,0,195,-195,-180
-42,-490,0,-361,162,83
-63,-440,0,14,237,-2
-116,-533,0,92,11,-153
-116,-548,0,6,222,-204
-141,-431,0,-207,-273,246
-65,-562,0,-179,-6,36
-142,-555,0,-14,-266,462
-158,-588,0,-11,72,-112
-170,-649,0,-259,-103,279
-222,-529,0,465,-251,-205
-163,-545,0,253,117,22
-123,-472,0,-103,-110,122
-135,-457,0,228,302,-32
-41,-546,0,41,173,-281
-111,-582,0,200,413,82
-67,-451,0,86,183,-303
-170,-391,0,-102,230,177
-94,-450,0,-241,127,65
-90,-440,0,-97,-47,-317
-61,-386,0,-6,-296,181
-70,-334,0,-25,96,133
-13,-308,0,313,-85,-282
8,-370,0,-304,-316,-92
-7,-316,0,20,42,-176
33,-337,0,36,158,326
-44,-226,0,-12,-160,165
11,-162,0,-261,-249,-352
81,-209,0,113,-133,-153
30,-251,0,-100,-134,-17
103,-93,0,-18,48,106
103,-50,0,12,-63,54
100,-60,0,112,153,-68
32,10,0,-155,-44,328
102,-28,0,-1,-338,-26
68,9,0,-351,-85,-389
183,-4,0,-159,-88,-116
86,51,0,86,118,190
131,61,0,369,-24,-82
183,48,0,96,118,-202
155,18,0,-227,19,-178
24,39,0,-277,-122,-173
258,-49,0,-10,-6,-116
148,39,0,-2,-13,-56
151,15,0,-257,-144,-277
107,24,0,211,257,133
98,-91,0,-159,-192,71
121,20,0,-365,-234,-71
124,-75,0,-55,162,122
103,-47,0,94,-104,-94
127,-58,0,-104,-162,15
51,-117,0,-33,-80,370
1,-141,0,-197,-220,-442
-26,-176,0,125,205,305
78,-225,0,56,-197,314
-43,-150,0,26,265,-209
-37,-246,0,23,58,-37
34,-267,0,71,21,87
-44,-311,0,-115,266,238
-77,-374,0,-46,261,253
57,-300,0,288,-408,-267
-147,-375,0,395,2,15
-133,-340,0,-312,-79,-251
-90,-392,0,-227,42,3
-92,-430,0,-197,-42,-251
-53,-415,0,24,30,63
-187,-512,0,237,-28,-195
-176,-454,0,129,283,-73
-43,-500,0,86,-185,-15
-102,-581,0,-104,-262,169
-152,-577,0,-130,61,244
-148,-593,0,264,63,-276
-147,-569,0,-177,78,106
-108,-559,0,-378,-22,264
-124,-547,0,28,280,79
-171,-572,0,235,-364,161
-259,-535,0,91,-161,-564
-161,-441,0,-59,15,-76
-114,-477,0,226,58,329
-122,-470,0,7,-277,66
-167,-404,0,121,-10,-25
-169,-450,0,314,-275,-122
-26,-385,0,-182,-255,-48
-106,-368,0,78,-260,-75
-25,-423,0,-4,-49,43
-1,-308,0,292,-24,-101
-87,-289,0,-139,235,31
26,-280,0,-97,48,-106
86,-252,0,136,159,58
67,-149,0,91,-77,-122
32,-147,0,52,36,124
25,-170,0,85,95,347
92,-136,0,-114,128,4
106,-84,0,-82,-231,270
65,-42,0,300,220,369
49,37,0,-175,331,-53
170,-53,0,-4,311,-19
186,-35,0,-223,-224,-519
172,5,0,148,-199,331
158,95,0,-73,183,-265
163,-5,0,65,-38,52
94,71,0,247,-58,-170
142,83,0,90,89,-96
135,51,0,131,-187,12
160,-1,0,50,182,-253
125,30,0,77,-62,-365
252,26,0,-258,87,-159
104,48,0,-168,72,-123
80,17,0,110,273,-200
51,32,0,19,-242,93
86,-12,0,-128,-56,159
75,-55,0,-49,108,-231
77,-54,0,-169,-191,-192
63,-168,0,371,-151,61
35,-127,0,-49,83,272
133,-156,0,103,84,71
15,-115,0,-357,-183,25
-30,-241,0,-103,198,104
89,-212,0,-227,-2,4
25,-332,0,245,-194,-68
53,-335,0,64,-296,84
7,-240,0,-80,54,83
-74,-304,0,-70,-117,515
-72,-388,0,-618,112,-428
-95,-409,0,107,3,194
-66,-474,0,-25,91,21
-58,-434,0,-254,289,-546
-130,-420,0,-316,81,205
-129,-467,0,21,-213,118
-139,-526,0,-338,-388,-98
-163,-482,0,-247,-315,-175
-170,-605,0,-75,156,-504
-111,-538,0,-23,-156,-216
-126,-526,0,-40,418,229
-142,-532,0,222,7,114
-157,-549,0,48,50,-253
-139,-541,0,285,-33,54
-150,-471,0,-107,-91,172
-63,-535,0,-262,128,210
-164,-535,0,166,-53,94
-195,-556,0,322,247,-120
-162,-504,0,89,-70,-54
-128,-537,0,-171,131,294
-97,-396,0,-310,-31,368
-185,-506,0,46,97,26
-103,-420,0,-344,173,-390
16,-387,0,333,-304,255
-2,-311,0,-228,229,230
-19,-354,0,253,781,185
-2,-345,0,313,-17,68
1,-243,0,-102,336,-36
29,-212,0,102,-24,-179
22,-248,0,141,-49,-96
-69,-138,0,-282,63,-48
107,-108,0,128,155,-18
68,-106,0,-236,333,222
151,-21,0,-166,456,377
57,-92,0,-62,114,27
67,-31,0,502,94,54
135,-30,0,-223,18,-68
140,3,0,-341,428,149
110,-75,0,131,-113,35
156,11,0,58,8,349
85,19,0,-25,118,-58
117,23,0,-83,-187,319
205,22,0,-334,-43,-315
202,-14,0,343,-22,-153
88,35,0,304,122,-271
247,-12,0,-224,-312,331
179,134,0,220,-141,81
193,43,0,203,192,27
96,-23,0,-42,-116,52
1,-36,0,-503,-18,-64
129,-1,0,-110,121,-208
70,-128,0,-127,46,234
40,-72,0,279,-358,-99
-35,-150,0,218,-220,298
93,-172,0,94,323,149
47,-132,0,-174,102,3
-8,-154,0,-113,143,89
-44,-310,0,262,-64,444
-17,-337,0,290,-484,-18
-75,-244,0,133,213,-347
-14,-307,0,-204,150,201
-59,-431,0,27,-74,144
-113,-544,0,170,177,91
-153,-367,0,246,268,-169
-180,-341,0,1,274,-358
-135,-494,0,-169,-37,-50
-142,-486,0,194,-510,-63
-140,-459,0,-255,-337,-385
-110,-532,0,-87,317,-403
-132,-423,0,-12,-70,-22
-150,-554,0,-113,57,64
-149,-495,0,91,-261,-11
-157,-582,0,113,-64,341
-182,-544,0,-75,-126,-477
-124,-526,0,50,-3,94
-126,-536,0,-90,-264,-189
-230,-644,0,-160,-166,26
-71,-546,0,-47,282,-202
-215,-503,0,20,19,81
-115,-527,0,-413,-190,-250
-98,-546,0,-204,-133,-15
-87,-432,0,55,-84,346
-120,-488,0,-257,141,-191
-175,-377,0,-90,117,323
-57,-451,0,278,104,-75
-159,-376,0,-104,217,293
5,-348,0,-336,98,-457
-33,-341,0,-256,14,74
-31,-396,0,4,-62,-363
-59,-241,0,5,122,-38
39,-255,0,-39,-273,-8
40,-147,0,-8,-96,45
16,-142,0,-155,-194,-219
88,-83,0,-147,-103,45
141,-135,0,-300,-70,-188
13,-79,0,-118,63,-133
21,44,0,5,-18,-189
105,-29,0,-227,211,38
94,-49,0,43,133,109
11,-66,0,-46,197,-89
169,-3,0,167,-87,155
165,-35,0,-385,485,-78
81,65,0,-326,-13,185
98,126,0,316,-191,-13
136,62,0,88,-318,1
181,59,0,-195,198,-152
125,-52,0,198,-111,175
151,53,0,-228,156,-47
133,51,0,219,-23,160
68,-68,0,-192,-123,45
78,0,0,-300,-84,249
1,-86,0,277,-242,18
130,13,0,-110,255,3
69,40,0,253,121,-181
1,-135,0,316,328,185
48,-42,0,137,17,-35
69,-161,0,-371,363,381
18,-251,0,-167,-168,23
80,-194,0,-54,51,29
46,-260,0,111,269,-323
-47,-341,0,-194,-307,-66
23,-256,0,222,-115,-42
-42,-406,0,-171,27,246
-60,-394,0,174,-252,-31
-151,-387,0,-104,245,-43
-53,-381,0,-232,-3,73
-7,-480,0,-207,103,-333
-110,-527,0,-61,-428,189
14,-414,0,-111,-205,-109
-136,-425,0,597,-143,-68
-138,-527,0,97,383,-115
-116,-475,0,-213,-192,7
-146,-508,0,90,-289,-177
-142,-597,0,-59,24,-163
-157,-532,0,255,-21,-99
-174,-520,0,80,133,-151
-259,-531,0,-169,-102,-236
-151,-605,0,-117,-120,177
-154,-586,0,-9,-124,139
-89,-490,0,123,-250,-260
-183,-561,0,169,115,47
-106,-509,0,104,69,-81
-94,-498,0,-30,35,-11
-152,-400,0,-48,-360,-116
-102,-459,0,-241,320,-39
-54,-430,0,144,212,-349
-110,-389,0,97,-151,-351
19,-346,0,176,66,42
-61,-271,0,-197,161,224
-38,-234,0,-45,303,-214
111,-219,0,67,147,-308
68,-249,0,-52,197,37
-23,-267,0,-284,119,312
95,-160,0,203,-326,-29
21,-196,0,38,302,-291
39,-247,0,285,321,-19
90,-156,0,-76,-260,-14
107,-202,0,-125,44,107
128,-207,0,-130,-239,-303
-49,-126,0,-124,-125,69
87,-26,0,-180,145,-247
130,-124,0,-118,-304,-107
171,65,0,58,-291,215
181,-18,0,-380,-338,-52
210,36,0,-219,150,-10
117,-22,0,36,-14,-117
175,56,0,-173,195,304
148,-9,0,94,141,-85
107,20,0,519,48,310
91,-18,0,175,-95,-229
96,2,0,-24,-43,298
76,27,0,240,-121,83
117,-87,0,-239,210,305
262,-124,0,298,-287,243
197,-119,0,-65,139,228
163,-78,0,214,134,101
54,-159,0,70,57,127
29,-70,0,-7,269,-134
-54,-125,0,167,119,-260
33,-214,0,271,38,-4
50,-184,0,173,-103,25
33,-243,0,-80,-112,33
-32,-261,0,-87,-118,-408
58,-251,0,208,195,-225
-16,-329,0,83,182,309
-66,-285,0,124,553,-70
-32,-370,0,273,207,-150
-100,-359,0,-161,-257,-138
-48,-456,0,-384,162,-153
-141,-431,0,-235,-118,218
-143,-403,0,83,198,-127
-64,-537,0,101,72,-0
-198,-549,0,-106,41,198
-170,-572,0,-176,-157,267
-82,-522,0,243,-136,15
-96,-606,0,-11,-30,-257
-243,-575,0,-118,-56,58
-181,-553,0,-529,529,-187
-158,-570,0,158,-390,-34
-84,-650,0,293,-75,107
-118,-524,0,-85,12,248
-254,-515,0,-278,-28,-183
-132,-486,0,289,-119,-320
-149,-508,0,-48,-182,-322
-68,-477,0,-408,37,-42
-167,-510,0,262,-79,189
-127,-441,0,-274,8,307
-88,-453,0,-66,-158,-210
-25,-378,0,224,347,-171
-34,-357,0,-88,-185,-195
-25,-382,0,-198,161,-423
-124,-384,0,28,231,-106
-25,-348,0,-87,339,256
72,-247,0,-50,258,-391
72,-172,0,104,85,57
-29,-191,0,255,233,-4
41,-167,0,-53,-133,109
-10,-158,0,-19,-79,-201
-5,-151,0,398,-1,-161
35,-91,0,279,80,217
130,-59,0,259,-262,165
108,-21,0,-33,-77,13
180,13,0,339,-254,5
169,23,0,-44,45,191
119,23,0,-452,-289,-146
166,10,0,298,-314,-106
63,-32,0,56,245,239
166,26,0,-202,-189,68
158,-45,0,225,-70,-50
187,-11,0,-278,119,121
135,83,0,-267,-360,-4
122,178,0,-69,166,13
113,88,0,193,273,92
177,96,0,-30,74,-350
186,19,0,307,-80,-241
142,-24,0,30,-58,74
130,22,0,-317,94,-158
38,-61,0,29,-264,402
84,-71,0,218,-95,82
50,-130,0,-135,-142,-146
55,-144,0,-324,230,-221
-58,-188,0,353,532,-211
97,-227,0,-116,46,-59
-41,-235,0,-123,-25,188
4,-356,0,-175,79,74
-46,-302,0,199,-167,12
-20,-303,0,-119,-152,-307
-96,-374,0,89,-507,-463
-26,-271,0,-273,-332,97
-157,-399,0,109,-76,-102
-54,-438,0,57,-87,2
-72,-395,0,97,-56,36
-140,-473,0,-412,-335,169
-189,-473,0,-443,-22,-116
-62,-601,0,29,488,-106
-76,-538,0,-29,-262,-447
-126,-593,0,275,366,31
-214,-566,0,-27,21,26
-157,-563,0,60,-40,268
-221,-532,0,33,119,-440
-115,-602,0,74,11,-38
-151,-620,0,263,91,336
-93,-434,0,-208,96,-268
-104,-547,0,164,300,-69
-174,-508,0,144,23,474
-162,-489,0,73,171,125
-151,-498,0,249,-102,-130
-137,-471,0,-41,-257,-59
-184,-449,0,64,-123,192
-126,-356,0,-118,-98,-384
-51,-353,0,119,-163,573
-63,-371,0,-404,192,-238
-3,-462,0,-382,-250,176
-78,-298,0,196,78,-197
-30,-351,0,-305,426,-72
41,-323,0,205,71,-68
53,-215,0,-23,-37,-56
-4,-171,0,-45,-63,341
55,-261,0,-272,-45,162
61,-79,0,82,-329,-183
93,-149,0,-270,-140,-57
97,-143,0,110,-198,97
53,-108,0,-2,378,-146
-15,16,0,-110,-15,308
62,-77,0,-233,-136,-31
76,12,0,404,-507,198
84,-39,0,268,-230,197
101,-20,0,-263,-296,-138
167,55,0,-402,152,-238
47,179,0,-3,-27,-272
98,62,0,-73,183,-56
197,-55,0,-159,-1,-248
76,-6,0,-217,297,-13
204,-0,0,-494,-86,-155
159,33,0,383,210,137
141,23,0,404,27,-249
182,67,0,-339,-143,-159
175,-81,0,-15,157,-130
89,49,0,-220,-292,-57
102,-19,0,-20,-35,82
137,-177,0,435,185,-103
141,-123,0,-207,5,141
6,-200,0,-142,202,47
19,-176,0,85,40,56
-1,-146,0,158,72,-227
-6,-208,0,226,342,76
1,-230,0,-231,-128,95
-21,-257,0,-42,-148,-30
-56,-379,0,155,-111,345
-65,-295,0,16,-184,-14
-102,-440,0,106,76,-187
-105,-365,0,-256,-250,-348
-129,-332,0,-140,-235,-27
-91,-396,0,-79,28,-84
-75,-497,0,348,-154,66
-64,-482,0,43,-47,69
-105,-504,0,-103,153,-25
-112,-581,0,74,38,-170
-70,-609,0,-27,57,86
-97,-627,0,32,185,-203
-147,-543,0,218,5,372
-70,-609,0,162,66,452
-249,-656,0,383,37,105
-264,-574,0,-47,-361,-122
-123,-543,0,256,-94,-134
-162,-537,0,-65,-49,-221
-140,-466,0,9,344,-193
-199,-542,0,-94,307,-157
-153,-579,0,62,269,211
-150,-419,0,233,165,-217
-22,-431,0,39,124,115
-45,-370,0,221,-130,-129
10,-403,0,224,0,-154
-39,-358,0,432,-105,106
-86,-346,0,-41,-123,183
45,-219,0,-44,49,-442
-15,-244,0,-173,-71,-98
46,-276,0,59,145,-11
11,-312,0,-105,-345,-28
-80,-121,0,-110,-128,250
134,-150,0,12,197,257
26,-74,0,5,21,-109
108,-36,0,-262,-142,-467
103,-152,0,130,122,-463
216,-51,0,-55,86,233
38,-6,0,205,201,-17
153,-79,0,83,75,57
37,-152,0,9,-183,-3
179,107,0,-27,-312,54
165,23,0,272,102,-106
147,-8,0,247,129,-295
176,120,0,-422,21,-11
174,82,0,-253,122,-195
258,55,0,-202,-142,101
181,61,0,48,12,230
206,68,0,12,10,-15
88,24,0,214,-76,-404
123,45,0,-515,-83,-185
131,-15,0,43,136,-189
119,-24,0,-59,24,203
76,-58,0,-120,368,-291
103,-107,0,57,343,-436
99,-61,0,130,-3,-112
113,-88,0,-22,127,42
132,-70,0,130,271,51
60,-168,0,-347,311,86
87,-171,0,195,106,211
36,-164,0,52,-37,165
-48,-142,0,-144,-47,-64
-21,-274,0,134,12,-236
-45,-251,0,242,243,36
17,-326,0,133,-158,276
-79,-376,0,232,-42,-287
-120,-469,0,36,-437,123
-84,-350,0,82,-268,-61
-50,-392,0,30,-220,97
-67,-461,0,159,173,269
-102,-416,0,-38,-339,-207
-222,-516,0,59,319,-292
-116,-491,0,80,-43,-339
-251,-531,0,-173,75,281
-134,-529,0,-14,82,-227
-150,-458,0,39,52,128
-227,-563,0,-81,-26,-485
-206,-568,0,-121,-288,88
-148,-582,0,-343,-64,3
-180,-543,0,-223,71,-4
-78,-512,0,-488,-36,-32
-113,-532,0,-334,-333,459
-82,-461,0,-138,-47,-11
-101,-464,0,68,-214,62
-73,-469,0,228,49,119
-123,-434,0,-249,-45,-174
-172,-417,0,-148,-279,77
-31,-416,0,129,-28,-59
-65,-363,0,123,-114,237
-118,-408,0,312,138,-248
-32,-252,0,31,538,-82
-51,-296,0,-11,-54,69
-5,-254,0,166,-377,67
-82,-166,0,264,-103,-162
7,-155,0,27,85,136
31,-169,0,-253,43,-284
4,-151,0,190,-146,-187
-14,-102,0,-94,153,-197
79,-53,0,133,250,175
153,-83,0,-243,-179,-194
159,-136,0,-151,90,275
82,62,0,-381,11,125
139,19,0,-370,22,-72
157,54,0,-207,-282,-116
46,40,0,216,-299,-129
151,11,0,-31,-370,52
124,-7,0,16,-28,-62
116,70,0,-153,44,432
214,48,0,246,-109,-326
191,-22,0,-116,99,-45
126,13,0,89,-175,-49
95,69,0,-74,168,152
67,-35,0,-274,58,76
67,82,0,-167,-224,-159
80,49,0,-141,19,82
90,18,0,37,228,121
25,-142,0,-307,105,-12
111,-176,0,-95,150,71
124,-136,0,-214,411,-18
74,-109,0,337,-88,242
72,-138,0,170,83,291
-56,-149,0,-68,-215,-12
-8,-179,0,-58,-441,104
50,-308,0,60,87,136
31,-244,0,-22,-55,56
9,-292,0,153,79,145
-27,-363,0,-408,-270,-264
18,-434,0,470,-34,-58
-41,-302,0,453,238,-315
-165,-559,0,-76,-217,-268
-64,-448,0,-146,124,27
-25,-551,0,-456,129,290
-118,-513,0,199,268,38
-116,-549,0,-123,-144,-50
-137,-512,0,-209,286,186
-153,-533,0,-14,-8,114
-94,-549,0,-10,-359,-127
-228,-545,0,-197,43,3
-200,-601,0,-0,-181,76
-138,-570,0,12,-548,122
-208,-616,0,89,444,163
-117,-521,0,80,58,54
-87,-582,0,-253,263,153
-154,-626,0,259,99,-236
-120,-488,0,-60,141,50
-99,-529,0,-150,-64,160
-147,-443,0,24,101,-70
-79,-371,0,-218,-50,331
-157,-388,0,-261,302,-158
-58,-371,0,139,-97,104
-57,-334,0,-95,-79,-47
-189,-423,0,60,-283,40
-41,-339,0,25,-166,-361
-37,-260,0,-82,91,206
-108,-301,0,-83,-163,66
-54,-221,0,95,-301,-88
1,-172,0,113,-31,-355
101,-218,0,255,246,-91
61,-136,0,22,52,82
47,-119,0,109,264,-362
61,-51,0,61,-49,-133
100,52,0,85,-12,-62
158,-54,0,-75,-23,179
210,-75,0,-268,16,-307
143,-36,0,-28,-97,-114
105,59,0,95,213,233
114,124,0,-4,85,167
188,3,0,-82,-162,148
127,93,0,-255,-44,-13
70,108,0,177,231,-161
140,26,0,-214,-118,-140
122,-3,0,256,-65,-47
200,111,0,101,53,-382
162,35,0,-152,4,-151
133,16,0,-110,19,-100
152,-14,0,-204,307,149
135,-48,0,21,-111,-220
103,28,0,351,-259,-218
118,-153,0,-67,110,-208
179,-87,0,164,-53,117
80,-112,0,-282,168,-12
41,-132,0,33,327,104
37,-231,0,58,-76,-39
-29,-162,0,241,-185,134
32,-168,0,-162,-44,-121
83,-292,0,48,-91,-20
41,-284,0,149,-7,107
10,-329,0,-306,-7,-143
-72,-381,0,145,-126,231
-2,-428,0,-156,42,-48
-106,-396,0,-193,-145,42
-111,-400,0,-190,-130,-325
-96,-573,0,247,-35,275
-150,-389,0,137,-102,-128
-58,-486,0,-61,-353,-218
-175,-453,0,-22,43,179
-129,-513,0,256,-121,56
-93,-620,0,120,740,-445
-176,-569,0,524,-60,347
-186,-548,0,-326,264,48
-103,-549,0,59,-18,397
-76,-542,0,172,-302,-197
-135,-474,0,28,36,112
-118,-597,0,-1,-116,-242
-166,-469,0,147,-135,204
-200,-526,0,-149,51,-238
-88,-529,0,-114,79,80
-149,-408,0,-214,19,65
-54,-472,0,-111,152,268
-47,-433,0,216,-343,54
-89,-397,0,-81,105,-289
-66,-466,0,140,340,-429
-58,-402,0,220,-59,350
-57,-361,0,-17,-125,-164
78,-348,0,-206,131,22
-27,-302,0,-53,24,227
-31,-246,0,-5,-202,-93
10,-238,0,-98,-89,182
-8,-242,0,-133,82,-37
-15,-223,0,-255,-214,126
6,-147,0,130,-75,231
-2,-159,0,-37,-117,-7
38,-50,0,162,-243,388
61,-100,0,71,-22,118
51,-83,0,145,-207,146
142,19,0,72,-30,136
90,38,0,270,-256,173
174,103,0,178,78,366
61,17,0,-151,40,186
127,-4,0,99,226,33
156,60,0,156,-275,45
190,36,0,92,-220,219
182,9,0,-199,-140,-236
165,-31,0,364,288,171
158,94,0,404,-0,30
117,-74,0,33,-226,-14
145,32,0,162,-322,130
153,87,0,99,71,-16
114,-122,0,-32,-202,68
183,-62,0,75,69,-489
139,-79,0,-263,-102,-54
92,-77,0,-2,132,43
58,-124,0,8,69,-3
119,-200,0,12,-23,-38
10,-258,0,-132,-70,-102
81,-48,0,-13,474,-179
122,-138,0,-56,98,-5
87,-202,0,-246,230,-213
-53,-322,0,-37,88,294
-67,-216,0,-53,244,-292
19,-237,0,98,9,-246
-92,-389,0,114,-181,134
-31,-307,0,203,-36,71
-133,-418,0,564,-82,273
-144,-440,0,145,37,-318
-68,-359,0,191,-297,-472
-143,-473,0,-112,269,433
-193,-555,0,64,-209,108
-121,-497,0,-147,258,-53
-201,-549,0,-129,146,-131
-202,-580,0,16,99,-147
-93,-581,0,101,-184,23
-281,-529,0,125,260,230
-112,-456,0,-62,-241,-198
-108,-528,0,38,-166,-50
-106,-522,0,-187,-11,58
-165,-536,0,356,418,24
-60,-458,0,-315,285,-238
-180,-535,0,21,-143,180
-75,-465,0,165,-113,-194
-149,-410,0,-273,-234,-224
-157,-468,0,-48,226,-36
-67,-347,0,-34,390,-227
-56,-432,0,266,-311,211
-115,-438,0,136,94,-271
-63,-352,0,-401,84,99
-116,-337,0,-120,75,-331
-38,-273,0,-148,-70,-20
63,-290,0,196,167,324
3,-225,0,255,159,198
0,-251,0,-6,18,-79
21,-154,0,22,90,203
43,-158,0,35,85,-108
65,1,0,-88,-175,-502
62,-144,0,-137,-21,62
44,-83,0,413,-111,74
63,-5,0,-109,-102,-70
141,-39,0,-18,256,-247
132,-2,0,82,110,83
213,-94,0,412,-275,347
210,26,0,-238,420,39
146,9,0,25,152,-87
150,74,0,97,74,-327
99,109,0,201,-95,-102
91,-79,0,60,-41,-244
142,116,0,116,-236,-125
224,11,0,8,-299,-103
136,98,0,-258,34,-185
154,-49,0,106,-2,-50
123,38,0,-235,114,-162
206,-46,0,-24,-45,-256
199,-47,0,164,154,198
138,-45,0,-274,12,11
144,-48,0,512,-166,119
129,-140,0,106,123,2
46,-2,0,-88,242,253
64,-141,0,286,65,-110
75,-233,0,-110,-51,239
-12,-229,0,-240,8,-265
-7,-179,0,378,27,-134
-47,-245,0,-119,-116,-73
8,-272,0,255,456,-327
-20,-351,0,-461,167,256
-31,-393,0,-391,93,-95
-119,-470,0,-180,-7,53
-102,-496,0,-165,108,323
-62,-466,0,83,189,212
-133,-421,0,275,97,231
-174,-461,0,-119,127,14
-128,-439,0,235,-219,45
-150,-557,0,167,46,-202
-119,-506,0,-20,137,344
-159,-575,0,-108,297,124
-135,-543,0,325,113,106
-191,-549,0,-42,-29,31
-61,-506,0,-101,297,133
-263,-451,0,277,-33,299
-157,-532,0,-289,-76,-78
-88,-530,0,168,-118,-16
-163,-592,0,-44,-124,-25
-92,-553,0,16,288,-183
-111,-443,0,7,313,86
-158,-594,0,590,69,-91
-161,-499,0,326,153,-70
-84,-354,0,-140,-45,-177
-72,-402,0,118,-203,-52
-87,-388,0,139,-198,-288
-21,-433,0,-159,295,214
-29,-319,0,272,-135,29
1,-296,0,-19,147,86
-14,-298,0,-27,-438,122
30,-168,0,50,68,-289
27,-195,0,-143,-211,-259
118,-146,0,151,-279,45
7,-155,0,-16,-210,107
9,-87,0,127,89,-195
108,-27,0,191,11,233
194,-115,0,-86,174,-397
54,-15,0,-425,-19,-39
108,-52,0,74,-83,-11
186,-40,0,-75,-217,265
61,-79,0,-110,44,-130
51,32,0,201,-287,74
160,-1,0,120,54,-49
