2,11,257,0,0,0
24,12,253,0,1,0
-24,11,283,0,3,0
-7,-4,264,0,4,0
10,-22,263,0,6,0
1,43,239,0,7,0
24,-20,286,0,8,0
55,6,274,0,10,0
32,-11,249,0,11,0
31,-36,281,0,13,0
55,-4,254,0,14,0
3,-17,277,0,15,0
27,55,269,0,17,0
35,-6,307,0,18,0
12,-18,320,0,19,0
49,-33,273,0,21,0
59,16,298,0,22,0
45,-3,260,0,23,0
62,-17,259,0,25,0
22,-21,254,0,26,0
43,-51,295,0,27,0
75,-7,308,0,28,0
92,8,275,0,29,0
96,8,272,0,30,0
66,-10,262,0,32,0
70,9,269,0,33,0
43,-6,279,0,34,0
111,-21,306,0,35,0
54,13,286,0,36,0
94,0,280,0,37,0
51,13,276,0,38,0
88,4,296,0,39,0
74,11,291,0,39,0
72,25,303,0,40,0
75,-41,291,0,41,0
70,-47,305,0,42,0
94,-23,302,0,43,0
71,6,298,0,43,0
75,-35,331,0,44,0
73,23,306,0,45,0
93,-35,299,0,45,0
85,29,270,0,46,0
117,4,326,0,47,0
105,14,312,0,47,0
129,-23,332,0,47,0
81,25,310,0,48,0
96,23,328,0,48,0
81,6,338,0,49,0
106,27,291,0,49,0
82,6,311,0,49,0
108,-34,317,0,49,0
101,-11,307,0,50,0
114,-3,311,0,50,0
93,6,292,0,50,0
99,-18,316,0,50,0
74,-6,307,0,50,0
117,-12,299,0,50,0
79,3,322,0,50,0
91,-23,298,0,50,0
101,-1,281,0,50,0
107,-13,311,0,50,0
99,-7,336,0,49,0
95,-29,337,0,49,0
95,-48,292,0,49,0
99,19,294,0,48,0
108,-12,317,0,48,0
71,34,314,0,48,0
89,-9,264,0,47,0
90,-32,306,0,47,0
117,14,304,0,46,0
92,43,285,0,46,0
61,-28,291,0,45,0
84,6,314,0,44,0
69,17,308,0,44,0
93,0,306,0,43,0
97,11,287,0,42,0
74,16,255,0,41,0
70,-13,309,0,41,0
89,3,316,0,40,0
116,-13,252,0,39,0
84,-35,277,0,38,0
52,-11,290,0,37,0
69,4,311,0,36,0
39,30,315,0,35,0
43,-37,307,0,34,0
62,5,293,0,33,0
55,12,259,0,32,0
40,5,302,0,31,0
72,31,256,0,30,0
14,-26,300,0,29,0
66,-25,311,0,27,0
37,23,275,0,26,0
2,17,306,0,25,0
46,-21,308,0,24,0
30,-42,294,0,22,0
62,-15,284,0,21,0
36,25,282,0,20,0
50,-15,249,0,19,0
38,9,250,0,17,0
78,8,267,0,16,0
14,27,243,0,15,0
5,12,262,0,13,0
71,0,259,0,12,0
-10,2,257,0,10,0
-0,-15,297,0,9,0
8,26,277,0,8,0
-1,3,247,0,6,0
33,23,253,0,5,0
-40,-4,210,0,3,0
-4,8,276,0,2,0
35,8,238,0,1,0
9,0,256,0,-1,0
-2,7,223,0,-2,0
-25,-26,221,0,-4,0
-6,-33,240,0,-5,0
-12,11,230,0,-7,0
-39,20,241,0,-8,0
-32,-19,268,0,-9,0
-57,18,250,0,-11,0
-59,24,183,0,-12,0
-13,7,274,0,-13,0
-3,-22,261,0,-15,0
-27,-37,260,0,-16,0
-48,-27,228,0,-18,0
-56,14,251,0,-19,0
-30,-5,259,0,-20,0
-31,-8,252,0,-21,0
-44,20,232,0,-23,0
-43,-2,224,0,-24,0
-57,23,234,0,-25,0
-51,37,228,0,-26,0
-49,-7,234,0,-28,0
-64,-18,201,0,-29,0
-48,-11,213,0,-30,0
-89,-36,261,0,-31,0
-49,5,259,0,-32,0
-36,-24,214,0,-33,0
-68,1,216,0,-34,0
-55,40,233,0,-35,0
-108,-30,226,0,-36,0
-94,30,231,0,-37,0
-98,2,189,0,-38,0
-92,-22,214,0,-39,0
-78,-14,202,0,-40,0
-71,-13,211,0,-41,0
-108,-7,190,0,-42,0
-94,34,195,0,-42,0
-54,-9,223,0,-43,0
-81,-22,202,0,-44,0
-98,14,222,0,-45,0
-107,-24,201,0,-45,0
-84,-20,237,0,-46,0
-123,-2,228,0,-46,0
-81,12,248,0,-47,0
-70,10,200,0,-47,0
-100,-28,183,0,-48,0
-147,-0,207,0,-48,0
-67,8,210,0,-49,0
-102,-13,228,0,-49,0
-99,11,204,0,-49,0
-108,18,226,0,-49,0
-100,-22,206,0,-50,0
-109,2,201,0,-50,0
-140,-11,203,0,-50,0
-95,17,194,0,-50,0
-91,-15,193,0,-50,0
-123,-6,212,0,-50,0
-110,-0,204,0,-50,0
-124,-61,194,0,-50,0
-87,-11,222,0,-50,0
-123,14,193,0,-50,0
-113,-8,201,0,-49,0
-100,-5,218,0,-49,0
-64,-7,218,0,-49,0
-84,-2,199,0,-49,0
-117,11,235,0,-48,0
-92,-8,210,0,-48,0
-59,27,209,0,-47,0
-113,4,218,0,-47,0
-77,14,192,0,-46,0
-130,-9,208,0,-46,0
-76,-35,235,0,-45,0
-99,-9,217,0,-45,0
-80,-14,194,0,-44,0
-46,27,180,0,-43,0
-115,5,180,0,-43,0
-122,9,223,0,-42,0
-77,5,229,0,-41,0
-72,13,214,0,-40,0
-46,-14,231,0,-39,0
-94,-2,166,0,-38,0
-66,-21,210,0,-38,0
-66,3,219,0,-37,0
-85,-8,200,0,-36,0
-69,-14,207,0,-35,0
-41,-41,231,0,-34,0
-83,-13,210,0,-32,0
-40,-27,250,0,-31,0
-68,-32,217,0,-30,0
-36,19,225,0,-29,0
-37,-9,204,0,-28,0
-58,-17,199,0,-27,0
-31,7,275,0,-25,0
-59,-6,207,0,-24,0
-57,20,225,0,-23,0
-57,26,223,0,-22,0
-86,15,230,0,-20,0
-52,-15,230,0,-19,0
-43,-4,234,0,-18,0
-14,12,264,0,-16,0
-45,11,256,0,-15,0
-41,20,260,0,-14,0
-23,-32,231,0,-12,0
-69,26,236,0,-11,0
-49,29,279,0,-10,0
4,27,238,0,-8,0
-41,7,266,0,-7,0
-45,-29,249,0,-5,0
-31,23,238,0,-4,0
-4,-2,255,0,-3,0
21,21,260,0,-1,0
-37,13,236,0,0,0
-15,23,250,0,2,0
9,9,269,0,3,0
31,-10,271,0,5,0
28,35,241,0,6,0
10,-1,262,0,7,0
46,27,282,0,9,0
26,-18,287,0,10,0
40,-13,275,0,12,0
11,-7,288,0,13,0
10,7,263,0,14,0
26,18,253,0,16,0
34,13,251,0,17,0
34,-16,256,0,18,0
52,18,240,0,20,0
63,36,263,0,21,0
82,18,291,0,22,0
72,-7,314,0,23,0
58,-7,278,0,25,0
43,55,311,0,26,0
25,-13,266,0,27,0
12,19,303,0,28,0
51,-11,282,0,30,0
51,-8,291,0,31,0
69,11,270,0,32,0
50,20,326,0,33,0
45,25,286,0,34,0
70,-3,295,0,35,0
57,48,313,0,36,0
67,-4,317,0,37,0
116,12,305,0,38,0
105,-6,291,0,39,0
96,-4,336,0,40,0
56,13,297,0,41,0
83,6,333,0,41,0
101,-6,306,0,42,0
101,-22,323,0,43,0
104,-37,278,0,44,0
114,-6,293,0,44,0
68,-21,301,0,45,0
113,34,297,0,46,0
98,-17,307,0,46,0
74,0,317,0,47,0
83,-0,309,0,47,0
109,-32,310,0,48,0
122,-23,293,0,48,0
120,-0,302,0,48,0
100,31,261,0,49,0
95,-16,311,0,49,0
92,-6,314,0,49,0
102,-10,309,0,49,0
100,7,356,0,50,0
68,-13,312,0,50,0
118,10,302,0,50,0
90,-3,305,0,50,0
88,0,316,0,50,0
104,6,300,0,50,0
90,-12,326,0,50,0
96,7,288,0,50,0
98,6,279,0,50,0
109,6,313,0,49,0
98,-36,321,0,49,0
116,-8,290,0,49,0
92,6,318,0,49,0
114,-3,350,0,48,0
125,-43,293,0,48,0
103,4,316,0,48,0
91,-3,277,0,47,0
94,18,298,0,47,0
68,-1,315,0,46,0
70,19,301,0,46,0
66,-26,292,0,45,0
62,20,290,0,44,0
107,-44,290,0,44,0
78,23,279,0,43,0
22,7,301,0,42,0
56,26,312,0,41,0
105,-7,261,0,41,0
62,15,296,0,40,0
76,-2,316,0,39,0
54,-1,286,0,38,0
81,8,323,0,37,0
73,6,305,0,36,0
78,33,276,0,35,0
47,-7,298,0,34,0
63,31,292,0,33,0
68,26,302,0,32,0
48,-26,302,0,31,0
82,-26,305,0,30,0
95,16,317,0,28,0
18,-8,308,0,27,0
79,30,267,0,26,0
46,29,302,0,25,0
21,29,276,0,24,0
52,-24,277,0,22,0
41,33,271,0,21,0
19,31,271,0,20,0
15,33,242,0,18,0
64,22,278,0,17,0
40,-14,274,0,16,0
61,1,239,0,14,0
33,31,277,0,13,0
4,13,290,0,12,0
69,22,301,0,10,0
29,-3,269,0,9,0
40,11,255,0,7,0
44,16,278,0,6,0
21,16,278,0,5,0
16,4,324,0,3,0
13,12,267,0,2,0
1,-18,252,0,0,0
26,-4,253,0,-1,0
-5,-3,213,0,-3,0
-16,-18,279,0,-4,0
-10,-15,291,0,-5,0
-5,-12,234,0,-7,0
-19,-8,239,0,-8,0
-37,-16,281,0,-10,0
7,-32,239,0,-11,0
-70,11,258,0,-12,0
-10,4,245,0,-14,0
-63,-24,189,0,-15,0
-8,-7,242,0,-16,0
-75,2,229,0,-18,0
-12,-2,229,0,-19,0
-60,14,238,0,-20,0
-45,-1,233,0,-22,0
-43,-16,249,0,-23,0
-24,3,206,0,-24,0
-62,14,243,0,-25,0
-73,21,248,0,-27,0
-88,-38,184,0,-28,0
-68,6,228,0,-29,0
-38,-10,224,0,-30,0
-75,1,251,0,-31,0
-45,41,250,0,-32,0
-109,14,185,0,-33,0
-31,43,230,0,-35,0
-73,29,233,0,-36,0
-72,-8,202,0,-37,0
-36,-17,236,0,-37,0
-62,-39,204,0,-38,0
-72,-6,183,0,-39,0
-43,-52,237,0,-40,0
-98,5,238,0,-41,0
-93,11,214,0,-42,0
-117,-24,188,0,-43,0
-65,-12,209,0,-43,0
-88,24,239,0,-44,0
-89,-9,208,0,-45,0
-92,-4,231,0,-45,0
-86,8,236,0,-46,0
-66,-10,246,0,-46,0
-108,22,223,0,-47,0
-106,-4,203,0,-47,0
-106,1,212,0,-48,0
-96,4,177,0,-48,0
-78,-16,211,0,-49,0
-115,-2,211,0,-49,0
-114,-26,244,0,-49,0
-124,31,210,0,-49,0
-73,-15,194,0,-50,0
-91,37,216,0,-50,0
-110,0,243,0,-50,0
-86,6,166,0,-50,0
-137,-2,212,0,-50,0
-82,3,234,0,-50,0
-96,-17,222,0,-50,0
-111,23,193,0,-50,0
-98,-13,203,0,-50,0
-116,2,250,0,-50,0
-80,29,212,0,-49,0
-104,10,177,0,-49,0
-143,20,221,0,-49,0
-151,-41,223,0,-49,0
-101,9,190,0,-48,0
-93,20,205,0,-48,0
-73,34,231,0,-47,0
-91,-15,244,0,-47,0
-87,-11,219,0,-46,0
-74,-2,181,0,-46,0
-82,-2,210,0,-45,0
-122,3,205,0,-45,0
-115,12,211,0,-44,0
-82,-20,202,0,-43,0
-97,-3,226,0,-42,0
-72,-42,226,0,-42,0
-26,-49,228,0,-41,0
-69,-25,230,0,-40,0
-109,-16,223,0,-39,0
-53,-17,267,0,-38,0
-66,-32,217,0,-37,0
-103,21,212,0,-36,0
-101,-11,233,0,-35,0
-52,12,234,0,-34,0
-84,1,245,0,-33,0
-76,-5,233,0,-32,0
-61,14,215,0,-31,0
-62,-30,203,0,-30,0
-67,-6,218,0,-29,0
-21,-4,219,0,-28,0
-67,10,205,0,-26,0
-50,20,223,0,-25,0
-61,-27,212,0,-24,0
-62,38,215,0,-23,0
-65,13,238,0,-21,0
-2,1,196,0,-20,0
-46,-8,242,0,-19,0
-11,-17,257,0,-18,0
-28,-9,215,0,-16,0
-26,-21,227,0,-15,0
-65,-32,219,0,-14,0
-22,-6,230,0,-12,0
-35,-3,223,0,-11,0
3,9,246,0,-9,0
-30,-23,235,0,-8,0
3,-34,243,0,-7,0
-20,0,273,0,-5,0
21,22,298,0,-4,0
-46,-3,238,0,-2,0
-3,22,246,0,-1,0
36,-17,265,0,1,0
10,-13,228,0,2,0
7,42,269,0,3,0
18,25,293,0,5,0
15,9,277,0,6,0
-2,6,243,0,8,0
36,-18,216,0,9,0
23,3,300,0,10,0
-3,-30,291,0,12,0
13,-8,263,0,13,0
36,47,252,0,15,0
33,-36,285,0,16,0
37,5,318,0,17,0
13,21,255,0,19,0
86,40,281,0,20,0
21,-25,273,0,21,0
63,-25,295,0,22,0
85,9,260,0,24,0
46,24,280,0,25,0
71,-12,278,0,26,0
61,6,270,0,27,0
21,-3,290,0,29,0
46,-13,292,0,30,0
39,-0,296,0,31,0
37,-55,293,0,32,0
63,-25,288,0,33,0
39,-27,267,0,34,0
72,11,315,0,35,0
50,-1,252,0,36,0
90,10,306,0,37,0
82,-19,304,0,38,0
54,-19,286,0,39,0
88,32,259,0,40,0
107,12,227,0,41,0
69,-1,301,0,41,0
71,-50,307,0,42,0
66,-2,310,0,43,0
90,15,314,0,44,0
85,-16,271,0,44,0
77,25,324,0,45,0
68,22,322,0,46,0
88,-12,335,0,46,0
85,-18,309,0,47,0
69,12,305,0,47,0
77,-23,292,0,48,0
103,13,296,0,48,0
87,4,289,0,48,0
83,-2,355,0,49,0
103,-39,267,0,49,0
99,-33,322,0,49,0
109,12,308,0,50,0
92,6,279,0,50,0
56,4,322,0,50,0
74,-2,297,0,50,0
136,19,304,0,50,0
57,1,300,0,50,0
127,7,307,0,50,0
116,2,301,0,50,0
127,10,292,0,50,0
102,-4,266,0,50,0
155,-7,335,0,49,0
117,-60,287,0,49,0
113,49,298,0,49,0
71,-6,309,0,49,0
90,4,309,0,48,0
123,2,291,0,48,0
83,25,279,0,47,0
159,11,339,0,47,0
104,31,279,0,47,0
78,-16,321,0,46,0
94,21,313,0,45,0
75,61,282,0,45,0
59,9,305,0,44,0
76,2,340,0,43,0
112,27,274,0,43,0
95,-24,302,0,42,0
71,-50,303,0,41,0
115,22,315,0,40,0
79,-43,311,0,40,0
87,19,297,0,39,0
88,3,257,0,38,0
94,14,283,0,37,0
60,16,297,0,36,0
65,2,306,0,35,0
45,11,343,0,34,0
68,-8,323,0,33,0
43,13,304,0,32,0
31,-8,258,0,30,0
93,12,286,0,29,0
50,6,288,0,28,0
33,-11,280,0,27,0
55,-15,277,0,26,0
27,15,275,0,25,0
55,25,296,0,23,0
55,26,282,0,22,0
41,-5,264,0,21,0
42,20,268,0,19,0
24,-3,288,0,18,0
42,-40,290,0,17,0
73,-34,256,0,15,0
12,-3,316,0,14,0
1,-16,247,0,13,0
-16,-24,273,0,11,0
-7,-41,282,0,10,0
9,18,235,0,9,0
42,5,296,0,7,0
13,-16,263,0,6,0
-20,-40,230,0,4,0
17,7,253,0,3,0
45,6,245,0,1,0
-4,2,283,0,0,0
-35,5,246,0,-1,0
13,26,271,0,-3,0
-18,-19,278,0,-4,0
21,7,274,0,-6,0
-44,21,246,0,-7,0
-20,-12,245,0,-8,0
-26,4,233,0,-10,0
-25,10,286,0,-11,0
-23,3,255,0,-13,0
-54,1,238,0,-14,0
-1,-17,219,0,-15,0
-58,13,198,0,-17,0
3,-12,238,0,-18,0
-30,19,224,0,-19,0
-16,-6,262,0,-21,0
-56,4,260,0,-22,0
-55,-6,269,0,-23,0
-74,24,230,0,-24,0
-9,-18,229,0,-26,0
-89,2,231,0,-27,0
-88,-10,253,0,-28,0
-62,-16,223,0,-29,0
-79,-0,268,0,-30,0
-84,10,264,0,-32,0
-34,-10,217,0,-33,0
-89,41,228,0,-34,0
-36,1,217,0,-35,0
-63,-33,210,0,-36,0
-78,23,197,0,-37,0
-124,2,204,0,-38,0
-76,10,218,0,-39,0
-65,3,251,0,-39,0
-101,6,220,0,-40,0
-47,-3,208,0,-41,0
-133,-5,205,0,-42,0
-74,32,265,0,-43,0
-100,27,181,0,-43,0
-83,17,204,0,-44,0
-102,5,224,0,-45,0
-62,-2,196,0,-45,0
-95,16,222,0,-46,0
-66,-28,208,0,-47,0
-73,3,223,0,-47,0
-95,6,189,0,-47,0
-97,-26,232,0,-48,0
-112,-8,245,0,-48,0
-84,-44,224,0,-49,0
-89,21,222,0,-49,0
-55,-7,183,0,-49,0
-93,-3,228,0,-49,0
-84,-1,209,0,-50,0
-113,21,236,0,-50,0
-85,15,217,0,-50,0
-109,-9,204,0,-50,0
-117,-19,178,0,-50,0
-97,12,210,0,-50,0
-115,5,200,0,-50,0
-135,-20,210,0,-50,0
-100,-38,194,0,-50,0
-108,-5,237,0,-50,0
-126,11,199,0,-49,0
-117,-15,230,0,-49,0
-80,-26,186,0,-49,0
-113,-0,169,0,-48,0
-76,-2,199,0,-48,0
-105,-12,215,0,-48,0
-105,43,194,0,-47,0
-92,17,219,0,-47,0
-72,16,229,0,-46,0
-65,30,250,0,-46,0
-73,8,192,0,-45,0
-101,6,222,0,-44,0
-87,-4,224,0,-44,0
-87,28,189,0,-43,0
-69,-12,210,0,-42,0
-84,44,219,0,-42,0
-55,-19,271,0,-41,0
-61,-1,232,0,-40,0
-97,-11,223,0,-39,0
-70,-3,198,0,-38,0
-104,-12,218,0,-37,0
-106,5,233,0,-36,0
-92,9,233,0,-35,0
-35,10,177,0,-34,0
-69,2,238,0,-33,0
-58,0,216,0,-32,0
-49,-1,243,0,-31,0
-59,16,216,0,-30,0
-49,-14,257,0,-29,0
-65,-25,236,0,-27,0
-48,-8,246,0,-26,0
-58,-8,220,0,-25,0
-53,15,233,0,-24,0
5,3,223,0,-23,0
-58,-3,261,0,-21,0
-59,29,228,0,-20,0
-51,-5,253,0,-19,0
-39,4,227,0,-17,0
-55,-17,226,0,-16,0
-26,-10,215,0,-15,0
-26,-2,235,0,-13,0
-2,-40,256,0,-12,0
-49,-12,277,0,-10,0
-1,18,236,0,-9,0
-13,5,268,0,-8,0
-40,13,253,0,-6,0
-41,-2,278,0,-5,0
-18,-6,280,0,-3,0
17,-6,278,0,-2,0
12,20,255,0,-1,0
-2,-24,284,0,1,0
15,2,237,0,2,0
-4,22,269,0,4,0
13,6,272,0,5,0
24,-15,262,0,7,0
35,24,269,0,8,0
0,-4,244,0,9,0
31,-42,273,0,11,0
17,5,229,0,12,0
3,32,283,0,13,0
33,-4,296,0,15,0
60,1,251,0,16,0
48,4,256,0,18,0
36,-16,295,0,19,0
40,-8,276,0,20,0
68,14,236,0,21,0
69,10,257,0,23,0
52,5,313,0,24,0
77,-8,268,0,25,0
105,22,264,0,26,0
57,8,314,0,28,0
61,18,333,0,29,0
77,2,317,0,30,0
47,16,277,0,31,0
97,-11,271,0,32,0
53,-1,310,0,33,0
83,-17,284,0,34,0
57,-8,323,0,35,0
89,-6,275,0,36,0
70,38,302,0,37,0
61,-2,300,0,38,0
39,-12,254,0,39,0
97,27,306,0,40,0
92,28,273,0,41,0
55,4,304,0,42,0
139,-9,292,0,42,0
109,27,313,0,43,0
84,15,340,0,44,0
117,12,308,0,45,0
59,-23,316,0,45,0
70,6,291,0,46,0
83,6,297,0,46,0
112,-4,271,0,47,0
108,27,289,0,47,0
115,-13,326,0,48,0
113,15,326,0,48,0
125,-33,306,0,49,0
128,-38,295,0,49,0
101,7,333,0,49,0
119,-1,273,0,49,0
93,21,302,0,50,0
114,-43,300,0,50,0
148,-13,277,0,50,0
93,-31,301,0,50,0
99,1,303,0,50,0
77,21,271,0,50,0
130,-7,315,0,50,0
128,21,323,0,50,0
110,-4,331,0,50,0
112,-3,306,0,50,0
98,-10,293,0,49,0
132,-11,321,0,49,0
92,12,287,0,49,0
76,-11,292,0,49,0
95,-3,337,0,48,0
111,5,316,0,48,0
102,-36,271,0,47,0
112,1,313,0,47,0
89,7,327,0,46,0
86,28,260,0,46,0
78,-21,322,0,45,0
120,3,274,0,45,0
93,22,341,0,44,0
70,29,330,0,43,0
99,0,280,0,43,0
74,-24,272,0,42,0
73,3,293,0,41,0
73,-37,300,0,40,0
67,30,316,0,39,0
88,1,275,0,38,0
48,48,289,0,38,0
90,7,306,0,37,0
54,21,348,0,36,0
73,-19,279,0,35,0
43,-5,325,0,34,0
42,9,223,0,32,0
100,-12,261,0,31,0
34,-9,307,0,30,0
63,10,273,0,29,0
45,8,257,0,28,0
40,15,266,0,27,0
70,-5,285,0,26,0
20,13,268,0,24,0
21,-33,246,0,23,0
3,10,267,0,22,0
32,5,315,0,20,0
22,-11,274,0,19,0
24,13,274,0,18,0
-6,7,256,0,17,0
24,10,263,0,15,0
15,6,235,0,14,0
43,-43,275,0,12,0
25,21,255,0,11,0
44,23,274,0,10,0
-3,31,224,0,8,0
14,26,255,0,7,0
37,-44,262,0,5,0
-4,1,306,0,4,0
-20,-39,246,0,3,0
-5,-13,298,0,1,0
12,-18,229,0,-0,0
-6,-8,268,0,-2,0
-30,25,260,0,-3,0
-28,37,233,0,-5,0
-8,27,243,0,-6,0
-3,-17,239,0,-7,0
-14,-16,232,0,-9,0
-21,3,269,0,-10,0
-15,4,254,0,-12,0
-47,-10,260,0,-13,0
-26,5,248,0,-14,0
-35,8,221,0,-16,0
-14,17,220,0,-17,0
-44,41,243,0,-18,0
-30,-36,219,0,-20,0
-27,-13,254,0,-21,0
-62,-5,209,0,-22,0
-26,13,246,0,-23,0
-74,-52,231,0,-25,0
-42,13,260,0,-26,0
-32,-4,230,0,-27,0
-38,2,194,0,-28,0
-59,-13,222,0,-30,0
-46,12,213,0,-31,0
-85,-11,264,0,-32,0
-89,-14,199,0,-33,0
-62,-31,230,0,-34,0
-64,-18,232,0,-35,0
-88,15,230,0,-36,0
-66,-8,199,0,-37,0
-58,6,207,0,-38,0
-67,-16,241,0,-39,0
-78,15,201,0,-40,0
-73,-14,224,0,-41,0
-95,-17,241,0,-41,0
-87,5,187,0,-42,0
-110,-18,215,0,-43,0
-98,-42,228,0,-44,0
-90,21,216,0,-44,0
-115,-10,246,0,-45,0
-91,19,192,0,-46,0
-129,28,205,0,-46,0
-88,-7,211,0,-47,0
-119,8,219,0,-47,0
-63,24,215,0,-48,0
-74,7,222,0,-48,0
-100,23,217,0,-48,0
-86,-24,195,0,-49,0
-97,1,224,0,-49,0
-114,-29,215,0,-49,0
-69,25,202,0,-49,0
-114,-14,231,0,-50,0
-90,6,188,0,-50,0
-89,-17,211,0,-50,0
-106,-46,201,0,-50,0
-106,-53,201,0,-50,0
-105,10,172,0,-50,0
-112,2,231,0,-50,0
-65,-16,228,0,-50,0
-117,16,221,0,-50,0
-104,-5,192,0,-49,0
-81,-32,209,0,-49,0
-108,-16,220,0,-49,0
-119,32,214,0,-49,0
-96,-10,208,0,-48,0
-86,-31,222,0,-48,0
-126,-9,201,0,-48,0
-65,47,215,0,-47,0
-92,-4,235,0,-47,0
-84,-2,262,0,-46,0
-79,-35,212,0,-46,0
-108,21,192,0,-45,0
-61,25,215,0,-44,0
-81,-4,209,0,-44,0
-99,-6,221,0,-43,0
-81,18,216,0,-42,0
-93,-0,204,0,-41,0
-55,-41,197,0,-41,0
-65,-41,207,0,-40,0
-75,-19,195,0,-39,0
-78,8,247,0,-38,0
-119,35,192,0,-37,0
-90,16,245,0,-36,0
-46,-36,254,0,-35,0
-71,-15,227,0,-34,0
-100,-9,216,0,-33,0
-79,44,225,0,-32,0
-54,6,205,0,-31,0
-104,2,220,0,-30,0
-63,34,230,0,-28,0
-51,5,216,0,-27,0
-45,-8,240,0,-26,0
-23,-47,250,0,-25,0
-65,-14,226,0,-24,0
-60,50,253,0,-22,0
-62,-29,243,0,-21,0
-30,-12,217,0,-20,0
-54,-5,275,0,-18,0
-53,34,245,0,-17,0
-51,21,269,0,-16,0
-37,23,223,0,-14,0
-12,3,207,0,-13,0
-18,-2,255,0,-12,0
-30,46,234,0,-10,0
-4,20,272,0,-9,0
-11,3,236,0,-7,0
-33,-14,226,0,-6,0
3,-20,250,0,-5,0
-38,11,289,0,-3,0
4,-31,276,0,-2,0
9,20,222,0,-0,0
-13,4,253,0,1,0
-10,7,251,0,3,0
-7,-14,250,0,4,0
-13,-8,248,0,5,0
14,-5,225,0,7,0
20,-29,288,0,8,0
62,-21,251,0,10,0
21,16,280,0,11,0
21,40,289,0,12,0
44,-22,294,0,14,0
42,-22,272,0,15,0
37,-18,304,0,16,0
36,-10,297,0,18,0
56,43,260,0,19,0
16,33,244,0,20,0
29,1,257,0,22,0
81,-4,252,0,23,0
19,8,298,0,24,0
67,34,293,0,25,0
50,7,304,0,27,0
92,-13,277,0,28,0
51,15,289,0,29,0
27,-3,293,0,30,0
95,-14,283,0,31,0
58,4,293,0,32,0
85,-3,282,0,33,0
44,-2,293,0,35,0
43,-10,303,0,36,0
70,18,305,0,37,0
46,7,314,0,37,0
122,15,305,0,38,0
105,5,291,0,39,0
103,-46,312,0,40,0
60,-1,285,0,41,0
84,4,283,0,42,0
99,-15,279,0,43,0
88,16,310,0,43,0
127,14,285,0,44,0
96,7,288,0,45,0
69,4,306,0,45,0
80,8,265,0,46,0
92,-12,318,0,46,0
100,15,313,0,47,0
68,22,302,0,47,0
99,-12,318,0,48,0
100,16,295,0,48,0
95,-17,282,0,49,0
79,-11,301,0,49,0
88,-17,334,0,49,0
82,-45,289,0,49,0
106,10,331,0,50,0
127,-11,311,0,50,0
55,2,299,0,50,0
99,-28,295,0,50,0
106,-23,329,0,50,0
109,-2,308,0,50,0
86,16,304,0,50,0
84,12,321,0,50,0
106,-37,301,0,50,0
116,12,307,0,50,0
51,3,334,0,49,0
114,-13,299,0,49,0
109,-14,342,0,49,0
114,0,328,0,49,0
81,4,264,0,48,0
108,1,299,0,48,0
54,7,278,0,47,0
96,-25,276,0,47,0
66,16,265,0,46,0
59,-8,286,0,46,0
120,-28,296,0,45,0
86,-29,294,0,45,0
59,-36,286,0,44,0
77,7,290,0,43,0
80,20,317,0,42,0
76,5,269,0,42,0
89,26,268,0,41,0
104,-15,284,0,40,0
79,-22,277,0,39,0
59,-27,292,0,38,0
71,-1,268,0,37,0
78,1,265,0,36,0
34,5,302,0,35,0
73,13,291,0,34,0
85,-25,277,0,33,0
58,-33,271,0,32,0
65,-11,317,0,31,0
83,2,295,0,30,0
50,25,292,0,29,0
65,9,288,0,28,0
49,-7,248,0,26,0
51,-22,332,0,25,0
55,-24,284,0,24,0
37,0,251,0,23,0
63,-25,254,0,22,0
10,23,289,0,20,0
36,-8,263,0,19,0
41,-1,265,0,18,0
39,14,305,0,16,0
12,9,284,0,15,0
16,-10,302,0,14,0
18,1,259,0,12,0
20,5,251,0,11,0
-4,-11,287,0,9,0
-17,-11,309,0,8,0
-15,6,244,0,7,0
8,-10,249,0,5,0
51,17,262,0,4,0
-22,25,255,0,2,0
10,-8,240,0,1,0
6,12,282,0,-1,0
-37,18,224,0,-2,0
25,-24,265,0,-3,0
-2,-2,226,0,-5,0
-31,-19,227,0,-6,0
-1,9,276,0,-8,0
-19,-14,271,0,-9,0
-66,-1,235,0,-10,0
-10,47,218,0,-12,0
-18,5,247,0,-13,0
-8,-12,227,0,-15,0
-17,-25,236,0,-16,0
-71,43,235,0,-17,0
-28,15,237,0,-19,0
-24,-7,231,0,-20,0
-40,-22,238,0,-21,0
-51,-56,214,0,-22,0
-27,15,252,0,-24,0
-73,-9,267,0,-25,0
-41,-26,219,0,-26,0
-51,19,208,0,-27,0
-58,-4,232,0,-29,0
-79,14,229,0,-30,0
-70,14,190,0,-31,0
-60,-5,213,0,-32,0
-75,39,230,0,-33,0
-78,0,222,0,-34,0
-71,17,237,0,-35,0
-76,4,168,0,-36,0
-67,22,235,0,-37,0
-72,-7,206,0,-38,0
-93,2,204,0,-39,0
-75,-14,181,0,-40,0
-71,21,229,0,-41,0
-97,25,193,0,-41,0
-54,4,200,0,-42,0
-79,-10,187,0,-43,0
-114,4,178,0,-44,0
-76,-30,218,0,-44,0
-91,18,213,0,-45,0
-113,-12,213,0,-46,0
-97,29,200,0,-46,0
-93,19,202,0,-47,0
-139,11,219,0,-47,0
-95,4,220,0,-48,0
-94,46,198,0,-48,0
-90,8,205,0,-48,0
-104,5,232,0,-49,0
-83,14,157,0,-49,0
-111,5,190,0,-49,0
-75,-29,202,0,-50,0
-107,-2,151,0,-50,0
-93,-35,188,0,-50,0
-96,-17,212,0,-50,0
-120,-19,240,0,-50,0
-101,-9,196,0,-50,0
-133,2,211,0,-50,0
-94,-4,218,0,-50,0
-63,-9,192,0,-50,0
-97,9,178,0,-50,0
-87,5,208,0,-49,0
-99,22,251,0,-49,0
-102,8,182,0,-49,0
-74,-3,225,0,-49,0
-122,-4,163,0,-48,0
-103,-12,225,0,-48,0
-69,-43,188,0,-47,0
-74,-9,179,0,-47,0
-103,24,240,0,-47,0
-93,18,210,0,-46,0
-77,-18,195,0,-45,0
-83,-4,217,0,-45,0
-103,4,232,0,-44,0
-97,9,202,0,-43,0
-113,-17,228,0,-43,0
-107,-26,230,0,-42,0
-87,22,198,0,-41,0
-61,-27,199,0,-40,0
-94,23,219,0,-40,0
-77,52,230,0,-39,0
-65,-6,190,0,-38,0
-65,42,233,0,-37,0
-85,11,247,0,-36,0
-75,-23,211,0,-35,0
-64,-11,263,0,-34,0
-98,1,205,0,-33,0
-73,16,257,0,-32,0
-102,9,232,0,-30,0
-63,13,197,0,-29,0
-18,-31,219,0,-28,0
-102,-22,215,0,-27,0
-39,-3,240,0,-26,0
-65,7,226,0,-25,0
-85,-13,198,0,-23,0
-71,-26,270,0,-22,0
-36,32,252,0,-21,0
-25,-14,231,0,-19,0
-46,-9,187,0,-18,0
-51,8,188,0,-17,0
-19,-18,224,0,-15,0
-51,19,231,0,-14,0
-36,2,223,0,-13,0
-4,32,269,0,-11,0
-37,-13,266,0,-10,0
-30,10,263,0,-9,0
-3,30,261,0,-7,0
-3,34,245,0,-6,0
-0,-3,249,0,-4,0
1,-17,241,0,-3,0
-16,-0,247,0,-1,0
1,18,231,0,-0,0
11,-6,239,0,1,0
6,18,228,0,3,0
25,1,263,0,4,0
-5,-21,251,0,6,0
35,-33,268,0,7,0
36,10,316,0,8,0
62,-5,258,0,10,0
47,21,236,0,11,0
-13,-8,267,0,13,0
29,7,259,0,14,0
7,-15,326,0,15,0
57,-12,227,0,17,0
42,-0,287,0,18,0
71,-2,256,0,19,0
54,-15,262,0,21,0
53,9,245,0,22,0
20,-16,299,0,23,0
63,-7,296,0,24,0
73,-4,319,0,26,0
61,7,281,0,27,0
68,12,300,0,28,0
62,15,302,0,29,0
83,11,269,0,30,0
65,44,282,0,32,0
87,17,256,0,33,0
67,-44,272,0,34,0
26,-19,279,0,35,0
69,14,297,0,36,0
92,25,290,0,37,0
30,50,308,0,38,0
75,-1,290,0,39,0
75,9,285,0,39,0
88,-29,294,0,40,0
68,6,314,0,41,0
97,1,286,0,42,0
100,-16,284,0,43,0
65,-41,305,0,43,0
110,11,294,0,44,0
100,-16,299,0,45,0
90,23,326,0,45,0
88,-18,302,0,46,0
111,-14,308,0,46,0
102,51,295,0,47,0
86,11,312,0,47,0
104,8,308,0,48,0
80,20,280,0,48,0
62,-8,259,0,49,0
128,17,250,0,49,0
75,-36,290,0,49,0
112,-11,330,0,49,0
130,25,310,0,50,0
95,-10,316,0,50,0
85,27,311,0,50,0
139,2,298,0,50,0
92,-20,285,0,50,0
107,-21,298,0,50,0
109,-3,274,0,50,0
117,7,275,0,50,0
96,10,296,0,50,0
57,-3,305,0,50,0
80,40,307,0,49,0
104,0,317,0,49,0
54,21,302,0,49,0
136,-15,323,0,48,0
87,18,286,0,48,0
83,37,291,0,48,0
76,48,323,0,47,0
78,20,319,0,47,0
64,-1,291,0,46,0
66,24,318,0,46,0
50,-36,327,0,45,0
101,-29,291,0,44,0
74,6,318,0,44,0
99,-17,308,0,43,0
99,-41,315,0,42,0
73,13,278,0,42,0
108,15,310,0,41,0
89,17,244,0,40,0
53,-3,344,0,39,0
64,20,277,0,38,0
63,9,308,0,37,0
96,3,294,0,36,0
38,1,295,0,35,0
101,-27,278,0,34,0
79,-1,271,0,33,0
45,-7,317,0,32,0
55,12,297,0,31,0
58,8,279,0,30,0
85,-39,291,0,29,0
43,3,288,0,27,0
55,27,278,0,26,0
53,-30,265,0,25,0
58,6,302,0,24,0
31,-9,271,0,23,0
9,2,236,0,21,0
61,13,239,0,20,0
5,-1,240,0,19,0
32,16,294,0,17,0
16,3,299,0,16,0
36,23,292,0,15,0
10,-24,248,0,13,0
21,2,242,0,12,0
4,30,264,0,10,0
29,-8,253,0,9,0
-3,-21,258,0,8,0
24,-5,286,0,6,0
-31,14,244,0,5,0
14,31,287,0,3,0
-11,0,279,0,2,0
4,-47,273,0,1,0
-30,-3,261,0,-1,0
-9,2,246,0,-2,0
9,-13,235,0,-4,0
-22,-22,289,0,-5,0
-18,-6,225,0,-6,0
-42,29,237,0,-8,0
-25,-5,276,0,-9,0
-42,-3,238,0,-11,0
-10,-9,231,0,-12,0
-22,24,262,0,-13,0
-21,30,241,0,-15,0
-15,25,229,0,-16,0
-9,-18,198,0,-18,0
-49,-3,231,0,-19,0
-37,-6,232,0,-20,0
-39,-35,266,0,-21,0
-41,-7,225,0,-23,0
-39,-4,221,0,-24,0
-40,23,246,0,-25,0
-49,-3,192,0,-26,0
-81,-0,239,0,-28,0
-49,19,208,0,-29,0
-61,-24,222,0,-30,0
-76,-15,264,0,-31,0
-39,2,200,0,-32,0
-81,45,256,0,-33,0
-83,-14,158,0,-34,0
-53,25,206,0,-35,0
-68,7,244,0,-36,0
-76,-13,200,0,-37,0
-81,-12,191,0,-38,0
-108,2,238,0,-39,0
-90,13,227,0,-40,0
-78,-5,218,0,-41,0
-74,-33,241,0,-42,0
-102,21,236,0,-42,0
-81,30,220,0,-43,0
-111,-8,214,0,-44,0
-99,-14,217,0,-45,0
-81,1,218,0,-45,0
-78,-11,171,0,-46,0
-96,-3,184,0,-46,0
-108,15,190,0,-47,0
-92,-7,207,0,-47,0
-113,17,210,0,-48,0
-82,15,225,0,-48,0
-91,1,202,0,-48,0
-114,2,197,0,-49,0
-94,-1,201,0,-49,0
-121,-9,203,0,-49,0
-97,-1,227,0,-50,0
-98,-14,216,0,-50,0
-93,-21,182,0,-50,0
-101,16,208,0,-50,0
-156,17,176,0,-50,0
-98,52,182,0,-50,0
-83,-5,218,0,-50,0
-153,13,208,0,-50,0
-111,-24,210,0,-50,0
-131,2,195,0,-50,0
-98,-30,192,0,-49,0
-77,25,212,0,-49,0
-97,7,223,0,-49,0
-86,-27,168,0,-49,0
-118,-27,183,0,-48,0
-93,3,224,0,-48,0
-119,11,206,0,-47,0
-71,22,167,0,-47,0
-98,-18,207,0,-46,0
-80,-19,212,0,-46,0
-73,-8,168,0,-45,0
-104,-12,235,0,-45,0
-72,-10,213,0,-44,0
-91,9,184,0,-43,0
-92,9,194,0,-43,0
-83,-50,207,0,-42,0
-98,42,187,0,-41,0
-40,16,243,0,-40,0
-91,19,213,0,-39,0
-88,-9,204,0,-38,0
-43,12,200,0,-38,0
-44,-23,215,0,-37,0
-58,49,210,0,-36,0
-74,8,188,0,-35,0
-41,-8,218,0,-34,0
-97,9,181,0,-32,0
-61,1,257,0,-31,0
-38,-2,204,0,-30,0
-75,-5,227,0,-29,0
-27,23,236,0,-28,0
-36,-23,239,0,-27,0
-21,3,239,0,-26,0
-30,-27,222,0,-24,0
-40,14,284,0,-23,0
-27,-59,254,0,-22,0
-36,-10,272,0,-20,0
15,3,266,0,-19,0
-49,-13,258,0,-18,0
-49,-12,268,0,-17,0
-50,3,241,0,-15,0
-43,5,253,0,-14,0
-7,48,240,0,-12,0
-36,-17,247,0,-11,0
-32,6,231,0,-10,0
-27,25,245,0,-8,0
14,24,246,0,-7,0
-11,-6,240,0,-5,0
-48,35,247,0,-4,0
24,-13,248,0,-3,0
-17,-34,233,0,-1,0
-20,-4,236,0,0,0
3,-6,260,0,2,0
-20,24,254,0,3,0
-23,7,238,0,4,0
18,6,279,0,6,0
37,-3,228,0,7,0
16,29,240,0,9,0
0,21,234,0,10,0
19,30,264,0,12,0
21,-24,273,0,13,0
48,4,290,0,14,0
34,-9,274,0,16,0
45,22,268,0,17,0
70,17,275,0,18,0
45,1,251,0,20,0
54,-6,228,0,21,0
44,29,273,0,22,0
49,8,245,0,23,0
65,15,282,0,25,0
29,-1,275,0,26,0
43,-1,273,0,27,0
88,24,280,0,28,0
34,2,249,0,29,0
85,13,285,0,31,0
62,-6,278,0,32,0
62,-16,303,0,33,0
90,8,290,0,34,0
55,20,281,0,35,0
27,41,294,0,36,0
66,29,338,0,37,0
58,3,325,0,38,0
94,-10,293,0,39,0
86,-9,309,0,40,0
99,9,305,0,40,0
38,-4,283,0,41,0
107,7,311,0,42,0
98,2,339,0,43,0
58,-44,249,0,44,0
105,2,345,0,44,0
109,-21,294,0,45,0
99,-3,334,0,45,0
133,-9,281,0,46,0
63,23,323,0,47,0
121,-20,320,0,47,0
93,33,313,0,48,0
124,-14,295,0,48,0
101,19,330,0,48,0
96,-2,319,0,49,0
128,-37,341,0,49,0
108,36,308,0,49,0
68,27,300,0,49,0
79,4,281,0,50,0
105,21,272,0,50,0
108,6,340,0,50,0
48,15,278,0,50,0
101,6,310,0,50,0
104,-25,312,0,50,0
84,-6,312,0,50,0
87,-9,320,0,50,0
137,9,310,0,50,0
86,-29,328,0,50,0
90,10,286,0,49,0
92,-11,305,0,49,0
130,-18,347,0,49,0
119,-1,333,0,48,0
75,-29,302,0,48,0
93,-21,327,0,48,0
91,10,284,0,47,0
71,53,319,0,47,0
72,-19,284,0,46,0
77,14,326,0,46,0
102,9,306,0,45,0
86,-16,298,0,44,0
67,0,306,0,44,0
125,-28,279,0,43,0
68,-26,310,0,42,0
80,30,288,0,41,0
115,54,268,0,41,0
87,-13,285,0,40,0
64,-31,271,0,39,0
58,-6,299,0,38,0
103,-10,288,0,37,0
78,-1,318,0,36,0
89,-7,268,0,35,0
45,10,328,0,34,0
71,-26,320,0,33,0
74,-5,287,0,32,0
89,-2,284,0,31,0
52,23,269,0,30,0
58,20,272,0,28,0
74,-8,279,0,27,0
37,-26,262,0,26,0
23,7,261,0,25,0
59,-3,249,0,24,0
37,-35,269,0,22,0
53,20,263,0,21,0
45,36,280,0,20,0
0,5,287,0,18,0
48,25,246,0,17,0
49,8,285,0,16,0
20,27,297,0,14,0
14,16,282,0,13,0
52,12,289,0,12,0
4,33,275,0,10,0
15,-10,248,0,9,0
-5,-12,272,0,7,0
8,17,278,0,6,0
19,20,244,0,5,0
52,14,261,0,3,0
22,-9,237,0,2,0
11,26,253,0,0,0
30,0,222,0,-1,0
-38,-7,248,0,-3,0
-9,-6,282,0,-4,0
30,-16,247,0,-5,0
-14,-12,262,0,-7,0
-2,19,273,0,-8,0
17,5,272,0,-10,0
-61,-37,244,0,-11,0
-33,25,262,0,-12,0
-58,17,254,0,-14,0
-44,16,229,0,-15,0
-27,-31,220,0,-16,0
-38,-11,275,0,-18,0
-37,8,207,0,-19,0
-38,-16,211,0,-20,0
9,14,228,0,-22,0
-29,7,275,0,-23,0
-33,-22,240,0,-24,0
-56,21,237,0,-25,0
-83,-17,205,0,-27,0
-47,27,199,0,-28,0
-33,-7,216,0,-29,0
-19,-7,239,0,-30,0
-61,12,221,0,-31,0
-56,-13,235,0,-32,0
-48,-34,201,0,-33,0
-44,-7,211,0,-35,0
-92,5,264,0,-36,0
-74,-4,234,0,-37,0
-72,-8,221,0,-37,0
-109,6,255,0,-38,0
-52,-27,194,0,-39,0
-51,-5,231,0,-40,0
-98,-21,226,0,-41,0
-95,22,198,0,-42,0
-106,-9,203,0,-43,0
-72,-4,220,0,-43,0
-112,11,249,0,-44,0
-92,-36,209,0,-45,0
-114,3,202,0,-45,0
-83,-4,203,0,-46,0
-105,28,215,0,-46,0
-94,-42,208,0,-47,0
-120,23,169,0,-47,0
-120,12,176,0,-48,0
-94,-4,218,0,-48,0
-112,28,196,0,-49,0
-89,-0,246,0,-49,0
-89,10,205,0,-49,0
-70,-26,206,0,-49,0
-143,-29,204,0,-50,0
-113,10,211,0,-50,0
-98,-1,196,0,-50,0
-99,27,194,0,-50,0
-154,32,188,0,-50,0
-89,-6,185,0,-50,0
-107,6,182,0,-50,0
-130,8,230,0,-50,0
-100,50,193,0,-50,0
-99,15,183,0,-50,0
-108,19,219,0,-49,0
-92,-6,252,0,-49,0
-62,-21,204,0,-49,0
-109,16,192,0,-49,0
-69,0,221,0,-48,0
-48,9,215,0,-48,0
-89,19,207,0,-47,0
-103,-56,210,0,-47,0
-93,-5,217,0,-46,0
-97,3,197,0,-46,0
-96,0,267,0,-45,0
-61,-19,222,0,-45,0
-119,-13,210,0,-44,0
-109,-17,219,0,-43,0
-38,9,203,0,-42,0
-128,-6,241,0,-42,0
-91,6,208,0,-41,0
-108,-17,253,0,-40,0
-62,-26,205,0,-39,0
-97,-13,241,0,-38,0
-84,36,220,0,-37,0
-68,-18,199,0,-36,0
-78,-2,255,0,-35,0
-73,-23,199,0,-34,0
-62,-8,216,0,-33,0
-83,23,212,0,-32,0
-62,1,240,0,-31,0
-58,-24,202,0,-30,0
-78,-20,251,0,-29,0
-108,-5,200,0,-28,0
-68,4,224,0,-27,0
-65,-45,223,0,-25,0
-55,-10,241,0,-24,0
-56,13,250,0,-23,0
-50,17,233,0,-22,0
-21,-7,271,0,-20,0
-31,7,248,0,-19,0
-2,12,209,0,-18,0
-37,-10,242,0,-16,0
-22,-17,270,0,-15,0
-24,-7,249,0,-14,0
-16,12,242,0,-12,0
-49,3,236,0,-11,0
-6,8,269,0,-9,0
-15,-2,217,0,-8,0
-39,11,284,0,-7,0
17,1,243,0,-5,0
-38,-4,215,0,-4,0
2,-12,239,0,-2,0
-22,16,206,0,-1,0
-20,-26,265,0,1,0
-13,12,263,0,2,0
-24,-7,244,0,3,0
21,-28,280,0,5,0
34,19,279,0,6,0
1,-5,306,0,8,0
32,17,244,0,9,0
42,43,264,0,10,0
61,2,295,0,12,0
-1,8,271,0,13,0
15,29,275,0,15,0
73,46,274,0,16,0
33,20,268,0,17,0
31,11,272,0,19,0
70,26,264,0,20,0
38,52,260,0,21,0
17,-13,292,0,22,0
69,39,291,0,24,0
79,21,279,0,25,0
54,-9,275,0,26,0
42,-8,297,0,27,0
41,-22,300,0,29,0
87,-22,315,0,30,0
45,-14,299,0,31,0
85,3,294,0,32,0
46,-38,304,0,33,0
70,9,289,0,34,0
102,5,286,0,35,0
71,2,284,0,36,0
65,1,313,0,37,0
81,-3,300,0,38,0
87,1,277,0,39,0
68,1,269,0,40,0
91,11,305,0,41,0
89,-4,269,0,41,0
89,-4,288,0,42,0
101,17,212,0,43,0
99,-9,277,0,44,0
90,-2,323,0,44,0
110,5,325,0,45,0
92,4,314,0,46,0
71,13,307,0,46,0
99,-12,285,0,47,0
108,29,323,0,47,0
102,-28,315,0,48,0
61,-20,284,0,48,0
92,-8,336,0,48,0
57,-7,287,0,49,0
79,25,286,0,49,0
115,3,284,0,49,0
89,22,270,0,50,0
130,-27,300,0,50,0
92,-19,307,0,50,0
104,-11,306,0,50,0
89,-22,282,0,50,0
90,17,281,0,50,0
79,-12,303,0,50,0
110,-2,293,0,50,0
87,55,307,0,50,0
107,8,325,0,50,0
104,8,289,0,49,0
93,-4,320,0,49,0
67,-1,303,0,49,0
125,11,289,0,49,0
96,-17,300,0,48,0
71,15,312,0,48,0
114,-38,312,0,48,0
87,1,335,0,47,0
90,-35,260,0,47,0
82,-14,303,0,46,0
81,-2,259,0,45,0
106,13,313,0,45,0
99,-26,280,0,44,0
117,-28,285,0,43,0
95,1,315,0,43,0
71,20,292,0,42,0
92,8,282,0,41,0
54,16,235,0,40,0
96,-12,307,0,40,0
101,25,316,0,39,0
78,8,292,0,38,0
45,13,301,0,37,0
92,3,261,0,36,0
42,26,317,0,35,0
35,-7,275,0,34,0
57,3,320,0,33,0
39,20,300,0,32,0
54,-16,280,0,30,0
40,21,285,0,29,0
52,0,253,0,28,0
62,-28,282,0,27,0
54,-7,260,0,26,0
71,-8,308,0,25,0
44,-4,291,0,23,0
34,-26,265,0,22,0
33,-15,275,0,21,0
23,-0,289,0,19,0
16,-21,232,0,18,0
35,-2,282,0,17,0
24,-24,275,0,15,0
28,-5,264,0,14,0
4,-20,236,0,13,0
13,7,254,0,11,0
3,-3,235,0,10,0
11,-32,278,0,9,0
11,-8,255,0,7,0
-2,1,278,0,6,0
-16,26,240,0,4,0
-32,-8,289,0,3,0
-13,13,231,0,1,0
-6,-18,257,0,0,0
-2,-23,264,0,-1,0
-7,22,268,0,-3,0
-16,14,237,0,-4,0
-25,-12,248,0,-6,0
-18,-10,260,0,-7,0
-34,39,253,0,-8,0
-37,-12,258,0,-10,0
-12,-13,270,0,-11,0
-3,-17,251,0,-13,0
-14,15,254,0,-14,0
-30,12,219,0,-15,0
-25,10,245,0,-17,0
-29,-20,222,0,-18,0
-36,-12,263,0,-19,0
-28,-4,244,0,-21,0
-15,8,255,0,-22,0
-45,-9,223,0,-23,0
-35,-37,243,0,-24,0
-41,41,236,0,-26,0
-24,28,217,0,-27,0
-42,-5,255,0,-28,0
-57,-31,242,0,-29,0
-70,24,191,0,-30,0
-95,11,242,0,-32,0
-112,-29,194,0,-33,0
-62,-8,200,0,-34,0
-85,11,275,0,-35,0
-82,25,213,0,-36,0
-143,-44,226,0,-37,0
-67,-12,179,0,-38,0
-60,-10,218,0,-39,0
-64,17,194,0,-39,0
-92,-12,227,0,-40,0
-77,21,211,0,-41,0
-116,-17,244,0,-42,0
-85,6,221,0,-43,0
-128,21,194,0,-43,0
-73,-1,196,0,-44,0
-108,-49,180,0,-45,0
-115,23,203,0,-45,0
-106,22,171,0,-46,0
-96,4,232,0,-46,0
-98,-16,218,0,-47,0
-77,-11,189,0,-47,0
-84,14,190,0,-48,0
-148,8,187,0,-48,0
-131,3,227,0,-49,0
-79,-9,206,0,-49,0
-88,2,176,0,-49,0
-83,23,216,0,-49,0
-118,-37,194,0,-50,0
-120,19,213,0,-50,0
-93,5,196,0,-50,0
-85,-14,201,0,-50,0
-97,34,212,0,-50,0
-112,-10,186,0,-50,0
-88,-22,214,0,-50,0
-101,-4,234,0,-50,0
-106,-6,202,0,-50,0
-115,0,217,0,-50,0
-103,-32,250,0,-49,0
-73,-5,244,0,-49,0
-71,13,202,0,-49,0
-88,2,184,0,-48,0
-87,-18,222,0,-48,0
-96,-1,247,0,-48,0
-109,-1,236,0,-47,0
-85,-8,217,0,-47,0
-81,46,236,0,-46,0
-100,8,207,0,-46,0
-96,-1,242,0,-45,0
-74,5,207,0,-44,0
-122,1,203,0,-44,0
-80,-35,226,0,-43,0
-82,15,228,0,-42,0
-60,17,217,0,-42,0
-73,-19,238,0,-41,0
-110,26,246,0,-40,0
-74,3,224,0,-39,0
-49,-22,237,0,-38,0
-108,-53,241,0,-37,0
-72,18,220,0,-36,0
-61,28,248,0,-35,0
-83,14,244,0,-34,0
-81,26,217,0,-33,0
-62,-21,212,0,-32,0
-44,32,219,0,-31,0
-104,-29,198,0,-30,0
-74,-17,241,0,-29,0
-51,6,258,0,-27,0
-51,8,198,0,-26,0
-64,-31,279,0,-25,0
-20,-16,275,0,-24,0
-73,-8,213,0,-23,0
-33,-3,236,0,-21,0
-31,19,220,0,-20,0
-27,29,217,0,-19,0
-33,-34,226,0,-17,0
-46,-33,220,0,-16,0
-37,-4,234,0,-15,0
-49,4,228,0,-13,0
-13,-21,271,0,-12,0
-31,-15,236,0,-11,0
-19,11,217,0,-9,0
-22,9,212,0,-8,0
-5,13,243,0,-6,0
-39,6,297,0,-5,0
-30,-17,287,0,-3,0
-7,26,250,0,-2,0
-2,-26,283,0,-1,0
4,2,243,0,1,0
6,-2,262,0,2,0
-28,3,265,0,4,0
-15,4,271,0,5,0
-16,24,246,0,6,0
9,10,287,0,8,0
35,-11,272,0,9,0
3,-0,286,0,11,0
23,-16,251,0,12,0
50,-1,301,0,13,0
8,-28,277,0,15,0
61,11,256,0,16,0
24,7,276,0,17,0
39,10,305,0,19,0
22,-42,303,0,20,0
56,-31,272,0,21,0
82,-32,263,0,23,0
72,20,274,0,24,0
29,-3,270,0,25,0
19,-3,269,0,26,0
84,13,290,0,28,0
62,-7,295,0,29,0
67,2,289,0,30,0
65,-25,299,0,31,0
28,11,281,0,32,0
88,26,301,0,33,0
51,-2,288,0,34,0
63,-26,321,0,35,0
113,9,304,0,36,0
65,-7,277,0,37,0
69,6,305,0,38,0
65,5,298,0,39,0
103,-20,295,0,40,0
107,-26,308,0,41,0
68,-31,298,0,42,0
95,-6,294,0,42,0
73,16,283,0,43,0
84,29,291,0,44,0
103,-24,330,0,44,0
77,37,304,0,45,0
87,13,324,0,46,0
121,25,281,0,46,0
81,32,316,0,47,0
136,-5,325,0,47,0
70,5,308,0,48,0
79,-2,333,0,48,0
94,3,342,0,48,0
111,18,315,0,49,0
99,-17,323,0,49,0
75,-6,315,0,49,0
90,-7,329,0,50,0
115,-24,311,0,50,0
123,-31,311,0,50,0
104,-4,299,0,50,0
113,11,291,0,50,0
103,26,356,0,50,0
124,31,317,0,50,0
99,47,286,0,50,0
81,30,275,0,50,0
107,-28,309,0,50,0
93,8,309,0,49,0
100,-17,315,0,49,0
91,31,314,0,49,0
91,17,278,0,49,0
112,-17,273,0,48,0
99,6,312,0,48,0
74,-12,290,0,47,0
99,25,327,0,47,0
76,-3,292,0,46,0
114,3,301,0,46,0
105,-21,336,0,45,0
85,48,327,0,45,0
47,-30,292,0,44,0
74,21,302,0,43,0
55,-6,300,0,43,0
88,18,322,0,42,0
86,13,307,0,41,0
73,-22,283,0,40,0
50,9,307,0,39,0
36,17,294,0,38,0
20,27,290,0,38,0
70,-26,298,0,37,0
96,-40,304,0,36,0
21,12,301,0,35,0
74,-0,289,0,34,0
49,7,308,0,32,0
92,-16,263,0,31,0
40,14,268,0,30,0
44,-13,273,0,29,0
68,-28,252,0,28,0
67,13,280,0,27,0
60,-13,256,0,26,0
38,2,296,0,24,0
68,3,318,0,23,0
63,1,249,0,22,0
33,-20,283,0,21,0
21,-3,273,0,19,0
50,-13,251,0,18,0
27,-17,261,0,17,0
54,-46,286,0,15,0
50,16,236,0,14,0
62,-7,266,0,12,0
-2,-26,244,0,11,0
-30,-12,237,0,10,0
17,9,257,0,8,0
29,-26,276,0,7,0
-4,25,254,0,5,0
12,20,256,0,4,0
-29,24,294,0,3,0
-41,-2,254,0,1,0
7,-16,256,0,-0,0
-18,-14,243,0,-2,0
13,-29,250,0,-3,0
-14,-10,272,0,-4,0
-14,33,243,0,-6,0
2,3,241,0,-7,0
-34,18,265,0,-9,0
-29,-24,249,0,-10,0
-25,45,233,0,-11,0
-12,6,229,0,-13,0
4,32,232,0,-14,0
-40,21,229,0,-16,0
-48,-25,223,0,-17,0
-38,-24,266,0,-18,0
-7,-13,239,0,-20,0
-48,-23,281,0,-21,0
-64,5,209,0,-22,0
-25,-31,213,0,-23,0
-78,-6,210,0,-25,0
-59,0,239,0,-26,0
-75,-5,220,0,-27,0
-4,-43,205,0,-28,0
-120,8,250,0,-29,0
-52,33,221,0,-31,0
-67,1,226,0,-32,0
-86,-38,238,0,-33,0
-46,15,193,0,-34,0
-67,-29,202,0,-35,0
-79,-14,211,0,-36,0
-50,-24,245,0,-37,0
-96,-20,227,0,-38,0
-98,21,185,0,-39,0
-55,5,206,0,-40,0
-117,-34,198,0,-40,0
-100,20,237,0,-41,0
-77,-21,218,0,-42,0
-65,-0,223,0,-43,0
-68,17,202,0,-44,0
-61,-7,223,0,-44,0
-97,18,206,0,-45,0
-105,5,218,0,-45,0
-75,-6,210,0,-46,0
-64,-7,217,0,-47,0
-107,-20,210,0,-47,0
-95,-38,222,0,-48,0
-106,-8,209,0,-48,0
-86,-28,169,0,-48,0
-76,-27,216,0,-49,0
-139,7,186,0,-49,0
-121,17,212,0,-49,0
-71,24,217,0,-49,0
-81,-1,189,0,-50,0
-117,-16,180,0,-50,0
-122,-36,215,0,-50,0
-102,-0,207,0,-50,0
-100,14,223,0,-50,0
-96,-0,206,0,-50,0
-109,9,216,0,-50,0
-115,18,183,0,-50,0
-142,28,199,0,-50,0
-101,-21,218,0,-50,0
-91,-0,193,0,-49,0
-106,-25,196,0,-49,0
-100,0,185,0,-49,0
-127,-8,183,0,-48,0
-29,-22,222,0,-48,0
-78,-15,214,0,-48,0
-84,50,214,0,-47,0
-90,18,220,0,-47,0
-92,-6,173,0,-46,0
-82,19,269,0,-46,0
-110,42,240,0,-45,0
-111,19,251,0,-44,0
-99,28,192,0,-44,0
-105,13,185,0,-43,0
-86,-25,232,0,-42,0
-80,-38,200,0,-41,0
-113,29,223,0,-41,0
-39,-20,201,0,-40,0
-70,-22,267,0,-39,0
-72,-16,262,0,-38,0
-68,28,210,0,-37,0
-51,-35,207,0,-36,0
-104,8,240,0,-35,0
-89,-10,216,0,-34,0
-52,-9,227,0,-33,0
-44,17,233,0,-32,0
-98,15,193,0,-31,0
-74,-14,222,0,-30,0
-75,7,238,0,-28,0
-39,14,231,0,-27,0
-48,3,216,0,-26,0
-15,-1,192,0,-25,0
-69,24,260,0,-24,0
-31,-8,231,0,-22,0
-59,14,274,0,-21,0
-54,12,246,0,-20,0
-30,-7,222,0,-18,0
-47,17,214,0,-17,0
-44,31,233,0,-16,0
-3,-1,250,0,-14,0
-23,-8,227,0,-13,0
-30,38,271,0,-12,0
5,0,272,0,-10,0
9,-16,252,0,-9,0
-9,1,257,0,-7,0
0,5,281,0,-6,0
-4,2,233,0,-5,0
-15,9,253,0,-3,0
-10,-4,284,0,-2,0
-1,-15,248,0,-0,0
-15,-17,233,0,1,0
-17,-4,246,0,2,0
3,-31,254,0,4,0
-33,14,230,0,5,0
36,-8,270,0,7,0
-4,6,273,0,8,0
41,-11,257,0,10,0
5,34,250,0,11,0
-9,-38,300,0,12,0
13,19,319,0,14,0
54,-0,291,0,15,0
34,-2,300,0,16,0
36,0,277,0,18,0
51,-12,296,0,19,0
9,11,241,0,20,0
13,10,266,0,22,0
55,18,297,0,23,0
74,1,261,0,24,0
52,-1,296,0,25,0
77,-48,268,0,27,0
29,-0,303,0,28,0
53,37,305,0,29,0
51,-44,277,0,30,0
52,12,293,0,31,0
78,-36,255,0,32,0
61,-15,286,0,33,0
28,14,259,0,34,0
101,4,295,0,36,0
88,2,300,0,36,0
58,2,260,0,37,0
97,17,312,0,38,0
97,31,287,0,39,0
64,23,247,0,40,0
94,-58,304,0,41,0
89,21,291,0,42,0
108,-10,328,0,43,0
93,1,334,0,43,0
93,13,319,0,44,0
121,14,268,0,45,0
123,-13,297,0,45,0
65,-0,307,0,46,0
92,5,303,0,46,0
88,20,317,0,47,0
102,26,333,0,47,0
76,28,328,0,48,0
90,-11,273,0,48,0
115,25,322,0,49,0
89,-18,317,0,49,0
108,19,310,0,49,0
139,-7,296,0,49,0
86,25,296,0,50,0
130,-25,298,0,50,0
127,-4,294,0,50,0
117,-7,330,0,50,0
114,33,316,0,50,0
82,19,307,0,50,0
82,16,283,0,50,0
78,17,301,0,50,0
124,0,305,0,50,0
93,-22,288,0,50,0
101,29,285,0,49,0
91,-43,308,0,49,0
145,10,317,0,49,0
104,-21,292,0,49,0
69,30,295,0,48,0
91,17,336,0,48,0
84,-3,322,0,47,0
140,1,348,0,47,0
120,14,289,0,46,0
85,22,326,0,46,0
122,7,319,0,45,0
125,1,311,0,45,0
65,-3,302,0,44,0
65,14,277,0,43,0
120,17,285,0,42,0
96,-7,262,0,42,0
54,22,313,0,41,0
75,-31,292,0,40,0
87,25,292,0,39,0
95,7,303,0,38,0
70,23,290,0,37,0
58,6,301,0,36,0
94,-12,299,0,35,0
76,-4,283,0,34,0
50,-20,307,0,33,0
63,-10,319,0,32,0
75,16,327,0,31,0
44,-39,295,0,30,0
32,-10,281,0,29,0
52,-19,278,0,28,0
55,-25,252,0,27,0
75,-9,276,0,25,0
51,-3,308,0,24,0
50,21,327,0,23,0
39,34,262,0,22,0
18,-1,293,0,20,0
41,-10,286,0,19,0
30,3,282,0,18,0
80,-26,253,0,16,0
16,-20,268,0,15,0
21,-38,267,0,14,0
54,7,244,0,12,0
-15,6,289,0,11,0
-2,-1,295,0,9,0
15,10,267,0,8,0
17,31,236,0,7,0
11,-23,266,0,5,0
25,14,281,0,4,0
-20,4,263,0,2,0
-16,-13,256,0,1,0
-16,18,276,0,-0,0
-20,15,235,0,-2,0
-50,4,255,0,-3,0
-10,2,264,0,-5,0
9,13,240,0,-6,0
-30,3,244,0,-8,0
-44,16,253,0,-9,0
-11,4,249,0,-10,0
-6,19,244,0,-12,0
-6,-21,249,0,-13,0
-59,-27,211,0,-15,0
-53,-14,263,0,-16,0
-36,9,274,0,-17,0
-30,-17,210,0,-19,0
-21,-16,279,0,-20,0
-43,-5,250,0,-21,0
-51,-22,251,0,-22,0
-48,-21,220,0,-24,0
-45,31,227,0,-25,0
-23,-4,237,0,-26,0
-60,-3,216,0,-27,0
-56,7,228,0,-29,0
-52,17,187,0,-30,0
-71,8,243,0,-31,0
-55,11,248,0,-32,0
-78,-22,214,0,-33,0
-27,-3,217,0,-34,0
-88,-31,253,0,-35,0
-76,-23,281,0,-36,0
-72,-5,209,0,-37,0
-75,-32,201,0,-38,0
-99,-5,239,0,-39,0
-90,-4,207,0,-40,0
-96,5,196,0,-41,0
-91,24,231,0,-41,0
-93,-3,212,0,-42,0
-80,15,239,0,-43,0
-97,-16,218,0,-44,0
-82,4,216,0,-44,0
-57,-11,217,0,-45,0
-89,-14,225,0,-46,0
-70,-7,204,0,-46,0
-47,20,221,0,-47,0
-94,9,202,0,-47,0
-91,23,218,0,-48,0
-148,-9,185,0,-48,0
-113,-32,208,0,-48,0
-101,1,217,0,-49,0
-101,14,200,0,-49,0
-83,27,228,0,-49,0
-107,-16,241,0,-50,0
-97,-17,203,0,-50,0
-88,3,238,0,-50,0
-126,9,181,0,-50,0
-118,17,221,0,-50,0
-140,-15,193,0,-50,0
-121,5,230,0,-50,0
-118,-23,163,0,-50,0
-84,-39,192,0,-50,0
-47,-20,217,0,-50,0
-73,14,199,0,-49,0
-104,8,209,0,-49,0
-88,-34,212,0,-49,0
-101,-28,206,0,-49,0
-109,-22,218,0,-48,0
-133,20,219,0,-48,0
-94,-12,204,0,-48,0
-78,-9,201,0,-47,0
-130,5,223,0,-47,0
-86,-11,207,0,-46,0
-75,2,200,0,-45,0
-106,5,196,0,-45,0
-89,3,219,0,-44,0
-53,-1,226,0,-43,0
-81,-23,237,0,-43,0
-106,-18,204,0,-42,0
-111,-4,219,0,-41,0
-99,25,204,0,-40,0
-41,7,210,0,-40,0
-67,23,250,0,-39,0
-75,-6,231,0,-38,0
-71,-1,220,0,-37,0
-68,7,230,0,-36,0
-86,-16,245,0,-35,0
-49,-15,178,0,-34,0
-90,-0,218,0,-33,0
-38,4,235,0,-32,0
-73,19,200,0,-31,0
-36,27,233,0,-29,0
-33,13,224,0,-28,0
-75,-24,228,0,-27,0
-69,-25,233,0,-26,0
-83,-6,246,0,-25,0
-67,-1,230,0,-23,0
-40,-24,212,0,-22,0
-35,3,244,0,-21,0
-38,-17,259,0,-19,0
-75,-7,239,0,-18,0
-1,15,216,0,-17,0
-33,-7,235,0,-15,0
-33,-21,180,0,-14,0
-13,11,248,0,-13,0
-55,40,260,0,-11,0
-61,-16,250,0,-10,0
-72,-22,244,0,-9,0
11,13,270,0,-7,0
-5,-9,256,0,-6,0
22,8,249,0,-4,0
24,-14,206,0,-3,0
-29,-11,219,0,-2,0
31,-35,238,0,-0,0
20,17,244,0,1,0
12,30,268,0,3,0
-7,-11,275,0,4,0
13,-28,272,0,6,0
2,17,248,0,7,0
15,23,223,0,8,0
21,-22,282,0,10,0
5,16,278,0,11,0
0,7,280,0,13,0
31,-2,302,0,14,0
38,18,259,0,15,0
44,-5,220,0,17,0
30,-3,256,0,18,0
29,12,278,0,19,0
23,24,328,0,21,0
67,-24,279,0,22,0
68,44,284,0,23,0
71,-15,246,0,24,0
70,2,276,0,26,0
77,29,264,0,27,0
67,10,272,0,28,0
40,-1,299,0,29,0
94,5,293,0,30,0
122,6,312,0,31,0
29,3,270,0,33,0
104,9,312,0,34,0
53,37,261,0,35,0
50,24,281,0,36,0
107,31,281,0,37,0
99,-1,309,0,38,0
72,9,257,0,39,0
56,5,309,0,39,0
88,16,317,0,40,0
73,22,331,0,41,0
72,2,315,0,42,0
119,-4,278,0,43,0
88,31,304,0,43,0
93,19,297,0,44,0
109,42,292,0,45,0
62,13,291,0,45,0
97,-15,296,0,46,0
78,-29,283,0,46,0
120,19,315,0,47,0
80,24,278,0,47,0
115,-64,311,0,48,0
124,-0,315,0,48,0
112,7,287,0,49,0
85,-45,323,0,49,0
94,-8,307,0,49,0
114,-12,324,0,49,0
97,-9,266,0,50,0
98,-20,319,0,50,0
106,18,316,0,50,0
111,13,273,0,50,0
100,-0,327,0,50,0
80,3,344,0,50,0
62,29,270,0,50,0
99,38,327,0,50,0
98,-9,294,0,50,0
75,-15,317,0,50,0
110,-11,302,0,49,0
86,2,298,0,49,0
101,25,283,0,49,0
103,-19,316,0,48,0
110,-42,288,0,48,0
77,-1,289,0,48,0
102,6,324,0,47,0
91,-6,306,0,47,0
90,24,339,0,46,0
106,-6,314,0,46,0
65,5,296,0,45,0
89,8,317,0,44,0
120,-23,322,0,44,0
102,-30,301,0,43,0
82,20,317,0,42,0
98,14,293,0,42,0
74,14,304,0,41,0
76,-35,295,0,40,0
85,4,279,0,39,0
42,-38,283,0,38,0
89,11,294,0,37,0
60,13,279,0,36,0
39,-41,337,0,35,0
53,27,306,0,34,0
22,24,305,0,33,0
71,14,273,0,32,0
63,34,232,0,31,0
90,-12,323,0,30,0
47,-27,268,0,29,0
70,19,313,0,27,0
29,-39,271,0,26,0
32,30,292,0,25,0
88,-39,262,0,24,0
52,7,312,0,23,0
17,-22,287,0,21,0
12,33,233,0,20,0
82,-28,259,0,19,0
41,19,286,0,17,0
53,-8,275,0,16,0
29,2,249,0,15,0
29,-8,276,0,13,0
9,-10,283,0,12,0
14,-10,285,0,11,0
-21,-0,250,0,9,0
27,-37,249,0,8,0
-6,15,264,0,6,0
36,12,223,0,5,0
34,-30,298,0,3,0
-36,14,279,0,2,0
-25,34,270,0,1,0
16,-9,257,0,-1,0
-54,60,292,0,-2,0
9,8,235,0,-4,0
4,8,260,0,-5,0
-9,-7,265,0,-6,0
-15,33,252,0,-8,0
-30,-2,250,0,-9,0
-6,8,264,0,-11,0
-34,-11,271,0,-12,0
-17,-5,253,0,-13,0
-41,12,226,0,-15,0
-24,-23,264,0,-16,0
-50,10,196,0,-17,0
-30,-16,215,0,-19,0
-71,21,274,0,-20,0
-39,28,216,0,-21,0
-65,14,220,0,-23,0
-37,-3,240,0,-24,0
-51,-54,216,0,-25,0
-16,-2,247,0,-26,0
-68,-36,252,0,-28,0
-82,25,217,0,-29,0
-101,-28,193,0,-30,0
-83,25,212,0,-31,0
-82,-39,211,0,-32,0
-104,26,239,0,-33,0
-76,-16,214,0,-34,0
-101,27,256,0,-35,0
-96,37,233,0,-36,0
-65,8,206,0,-37,0
-60,-8,215,0,-38,0
-58,21,192,0,-39,0
-83,7,183,0,-40,0
-80,-1,178,0,-41,0
-64,36,196,0,-42,0
-74,34,219,0,-42,0
-108,-30,210,0,-43,0
-114,43,227,0,-44,0
-111,-8,176,0,-44,0
-75,31,207,0,-45,0
-99,32,184,0,-46,0
-69,13,199,0,-46,0
-126,12,147,0,-47,0
-63,-16,179,0,-47,0
-86,11,209,0,-48,0
-52,2,194,0,-48,0
-74,-1,224,0,-48,0
-85,4,199,0,-49,0
-121,3,196,0,-49,0
-116,17,225,0,-49,0
-125,12,218,0,-50,0
-125,-13,200,0,-50,0
-83,17,171,0,-50,0
-106,-17,223,0,-50,0
-59,2,183,0,-50,0
-124,8,206,0,-50,0
-80,3,185,0,-50,0
-129,5,215,0,-50,0
-85,-9,176,0,-50,0
-100,-20,200,0,-50,0
-127,-13,209,0,-49,0
-84,-39,165,0,-49,0
-70,10,224,0,-49,0
-83,-0,211,0,-49,0
-108,4,222,0,-48,0
-72,-24,226,0,-48,0
-92,-19,204,0,-47,0
-76,44,226,0,-47,0
-103,-17,211,0,-46,0
-65,9,193,0,-46,0
-92,7,222,0,-45,0
-90,-21,180,0,-45,0
-49,15,185,0,-44,0
-100,14,224,0,-43,0
-109,22,204,0,-43,0
-86,-3,187,0,-42,0
-83,22,216,0,-41,0
-81,-33,223,0,-40,0
-97,-19,232,0,-39,0
-90,16,246,0,-38,0
-67,-39,214,0,-38,0
-113,-3,212,0,-37,0
-90,-16,244,0,-36,0
-69,2,242,0,-35,0
-61,41,239,0,-34,0
-51,19,235,0,-32,0
-55,21,215,0,-31,0
-52,-14,220,0,-30,0
-49,-34,227,0,-29,0
-84,19,239,0,-28,0
-83,4,215,0,-27,0
-54,-27,235,0,-26,0
-49,-28,253,0,-24,0
-44,8,232,0,-23,0
-63,-3,253,0,-22,0
-66,-3,239,0,-21,0
-27,-10,253,0,-19,0
-30,19,222,0,-18,0
-25,-4,257,0,-17,0
-38,-10,229,0,-15,0
-12,29,226,0,-14,0
-44,9,240,0,-12,0
-24,22,280,0,-11,0
5,28,225,0,-10,0
-23,10,246,0,-8,0
-35,-12,263,0,-7,0
-15,11,258,0,-5,0
-43,-7,280,0,-4,0
21,-32,280,0,-3,0
25,-10,239,0,-1,0
11,-21,254,0,0,0
-6,16,242,0,2,0
-0,-31,274,0,3,0
11,-33,229,0,4,0
41,-19,302,0,6,0
32,-11,286,0,7,0
-23,-30,249,0,9,0
9,35,288,0,10,0
30,21,291,0,11,0
13,-30,293,0,13,0
21,-6,239,0,14,0
49,-23,293,0,16,0
48,21,305,0,17,0
73,13,252,0,18,0
23,-9,254,0,20,0
73,13,292,0,21,0
19,-42,276,0,22,0
45,6,291,0,23,0
35,7,285,0,25,0
89,44,293,0,26,0
41,56,252,0,27,0
55,4,261,0,28,0
93,-17,294,0,29,0
66,-28,285,0,31,0
10,22,287,0,32,0
25,-17,327,0,33,0
75,31,291,0,34,0
74,30,308,0,35,0
88,9,280,0,36,0
52,47,286,0,37,0
112,-18,305,0,38,0
89,0,310,0,39,0
91,-1,325,0,40,0
98,-9,278,0,40,0
99,-7,287,0,41,0
64,-38,309,0,42,0
104,-14,298,0,43,0
119,-6,309,0,44,0
48,-34,291,0,44,0
72,32,265,0,45,0
69,-33,313,0,45,0
62,-13,315,0,46,0
79,-16,311,0,47,0
96,5,324,0,47,0
113,3,335,0,48,0
115,-8,321,0,48,0
78,3,310,0,48,0
91,21,294,0,49,0
93,-18,309,0,49,0
99,-28,305,0,49,0
100,3,295,0,49,0
73,-23,355,0,50,0
100,6,288,0,50,0
79,8,335,0,50,0
112,20,298,0,50,0
103,12,317,0,50,0
107,16,322,0,50,0
113,-2,288,0,50,0
103,21,301,0,50,0
82,-9,344,0,50,0
84,-30,292,0,50,0
119,8,307,0,49,0
118,12,308,0,49,0
94,11,315,0,49,0
117,-17,338,0,48,0
94,-19,334,0,48,0
106,-2,292,0,48,0
69,-3,320,0,47,0
57,-8,312,0,47,0
96,-6,289,0,46,0
72,-14,304,0,46,0
61,-2,247,0,45,0
84,8,276,0,44,0
95,-43,305,0,44,0
103,0,307,0,43,0
114,-19,320,0,42,0
67,-12,281,0,41,0
52,8,287,0,41,0
53,-27,308,0,40,0
51,-8,298,0,39,0
91,5,322,0,38,0
102,18,283,0,37,0
76,-37,293,0,36,0
67,-11,283,0,35,0
104,20,285,0,34,0
60,-6,288,0,33,0
53,22,282,0,32,0
74,-7,291,0,31,0
85,-12,254,0,30,0
55,27,280,0,28,0
60,10,288,0,27,0
35,14,295,0,26,0
27,-3,294,0,25,0
12,-31,259,0,24,0
67,41,245,0,22,0
53,-33,309,0,21,0
61,8,281,0,20,0
20,-8,262,0,18,0
57,-11,276,0,17,0
-28,18,282,0,16,0
47,-3,275,0,14,0
4,33,278,0,13,0
8,2,268,0,12,0
56,32,276,0,10,0
33,-16,271,0,9,0
33,-39,225,0,7,0
38,10,240,0,6,0
4,18,303,0,5,0
-25,30,301,0,3,0
9,-14,215,0,2,0
-37,1,246,0,0,0
13,4,246,0,-1,0
38,19,243,0,-2,0
-19,-8,263,0,-4,0
-10,-31,239,0,-5,0
16,-4,237,0,-7,0
-10,10,259,0,-8,0
-41,4,257,0,-10,0
-9,-1,263,0,-11,0
-19,3,207,0,-12,0
-35,20,253,0,-14,0
-39,16,235,0,-15,0
-37,-13,222,0,-16,0
-30,18,253,0,-18,0
-58,-8,198,0,-19,0
-25,-1,251,0,-20,0
-38,24,259,0,-22,0
-42,-8,238,0,-23,0
-71,18,212,0,-24,0
-45,21,231,0,-25,0
-90,-27,231,0,-27,0
-29,-4,212,0,-28,0
-52,0,202,0,-29,0
-25,27,222,0,-30,0
-78,24,224,0,-31,0
-62,-20,223,0,-32,0
-50,25,235,0,-33,0
-54,-19,203,0,-34,0
-56,15,179,0,-35,0
-112,7,226,0,-36,0
-47,-37,201,0,-37,0
-82,-12,225,0,-38,0
-95,15,208,0,-39,0
-98,-20,182,0,-40,0
-89,3,202,0,-41,0
-66,53,214,0,-42,0
-82,8,211,0,-43,0
-86,12,251,0,-43,0
-86,5,199,0,-44,0
-37,-38,218,0,-45,0
-120,-5,246,0,-45,0
-113,-6,216,0,-46,0
-101,-5,202,0,-46,0
-109,2,216,0,-47,0
-99,27,210,0,-47,0
-82,-13,224,0,-48,0
-86,-12,190,0,-48,0
-98,16,240,0,-49,0
-81,-11,231,0,-49,0
-105,-39,182,0,-49,0
-98,10,174,0,-49,0
-113,10,197,0,-50,0
-72,-25,224,0,-50,0
-95,23,226,0,-50,0
-98,23,208,0,-50,0
-79,-46,224,0,-50,0
-110,25,161,0,-50,0
-67,67,213,0,-50,0
-100,-17,168,0,-50,0
-71,-49,180,0,-50,0
-108,-20,213,0,-50,0
-141,10,201,0,-49,0
-111,-9,193,0,-49,0
-112,-13,212,0,-49,0
-115,22,238,0,-49,0
-90,-33,216,0,-48,0
-100,-14,234,0,-48,0
-89,9,209,0,-47,0
-84,-22,228,0,-47,0
-68,3,221,0,-46,0
-86,-20,207,0,-46,0
-108,14,185,0,-45,0
-96,7,233,0,-45,0
-78,-3,223,0,-44,0
-47,10,205,0,-43,0
-76,19,202,0,-42,0
-99,2,173,0,-42,0
-64,15,237,0,-41,0
-76,2,209,0,-40,0
-87,24,177,0,-39,0
-69,14,175,0,-38,0
-35,-4,258,0,-37,0
-58,-22,201,0,-36,0
-50,27,220,0,-35,0
-44,13,212,0,-34,0
-53,3,262,0,-33,0
-97,-39,264,0,-32,0
-52,-1,219,0,-31,0
-76,-40,205,0,-30,0
-88,26,247,0,-29,0
-73,-9,232,0,-28,0
-37,-34,232,0,-27,0
-7,29,221,0,-25,0
-37,27,232,0,-24,0
-52,17,227,0,-23,0
-40,8,217,0,-22,0
-52,-5,259,0,-20,0
-20,-14,256,0,-19,0
-49,-7,231,0,-18,0
-34,1,275,0,-16,0
-58,-7,225,0,-15,0
-8,-18,259,0,-14,0
-4,10,247,0,-12,0
-5,31,221,0,-11,0
-12,-11,259,0,-9,0
-18,-29,251,0,-8,0
-7,-28,226,0,-7,0
-31,-21,250,0,-5,0
-35,-40,221,0,-4,0
2,-19,263,0,-2,0
-20,20,286,0,-1,0
11,16,222,0,0,0
-23,-14,274,0,2,0
8,27,298,0,3,0
-12,-13,237,0,5,0
-17,-34,257,0,6,0
50,-53,243,0,8,0
8,-14,247,0,9,0
38,5,283,0,10,0
42,36,259,0,12,0
36,-11,312,0,13,0
41,13,270,0,14,0
28,16,278,0,16,0
8,24,226,0,17,0
14,-34,251,0,19,0
32,-14,253,0,20,0
16,-21,277,0,21,0
72,-5,278,0,22,0
55,-4,304,0,24,0
65,-13,281,0,25,0
66,19,313,0,26,0
60,-46,253,0,27,0
22,0,261,0,29,0
53,24,288,0,30,0
58,33,267,0,31,0
64,4,326,0,32,0
58,36,320,0,33,0
66,-13,263,0,34,0
110,8,306,0,35,0
51,-11,327,0,36,0
51,-11,296,0,37,0
53,11,311,0,38,0
68,-1,306,0,39,0
82,20,313,0,40,0
93,-17,296,0,41,0
86,-28,289,0,41,0
112,-6,303,0,42,0
77,9,332,0,43,0
74,23,333,0,44,0
57,-20,293,0,44,0
97,-24,294,0,45,0
94,-11,321,0,46,0
100,11,289,0,46,0
135,3,286,0,47,0
110,-10,322,0,47,0
87,3,292,0,48,0
97,11,315,0,48,0
84,64,286,0,48,0
91,-34,282,0,49,0
89,15,308,0,49,0
105,9,310,0,49,0
90,-40,301,0,50,0
119,-4,307,0,50,0
81,9,309,0,50,0
110,5,308,0,50,0
82,-0,289,0,50,0
144,18,311,0,50,0
89,-2,311,0,50,0
95,6,302,0,50,0
135,-8,311,0,50,0
99,28,321,0,50,0
126,10,277,0,49,0
108,-5,320,0,49,0
124,-28,291,0,49,0
113,-42,322,0,49,0
101,-30,257,0,48,0
80,11,277,0,48,0
79,-0,355,0,48,0
85,10,307,0,47,0
114,24,327,0,47,0
57,-39,306,0,46,0
28,-8,273,0,45,0
135,-17,279,0,45,0
82,-17,288,0,44,0
104,6,307,0,43,0
77,1,316,0,43,0
78,7,334,0,42,0
96,25,282,0,41,0
92,28,294,0,40,0
73,-40,289,0,40,0
77,1,327,0,39,0
63,35,290,0,38,0
75,-15,322,0,37,0
55,13,297,0,36,0
76,14,295,0,35,0
40,3,293,0,34,0
90,-22,265,0,33,0
96,-3,252,0,32,0
23,-1,278,0,31,0
62,6,277,0,29,0
54,-2,341,0,28,0
18,-11,300,0,27,0
32,-13,287,0,26,0
53,-10,261,0,25,0
22,-19,279,0,23,0
68,38,313,0,22,0
74,-28,278,0,21,0
45,-5,274,0,19,0
38,-17,265,0,18,0
9,-29,274,0,17,0
45,2,310,0,15,0
86,20,309,0,14,0
9,9,261,0,13,0
7,9,252,0,11,0
15,37,290,0,10,0
12,5,233,0,9,0
62,-23,272,0,7,0
-16,27,237,0,6,0
13,-3,278,0,4,0
11,-17,269,0,3,0
47,7,249,0,2,0
-4,-5,251,0,0,0
-0,30,293,0,-1,0
0,39,252,0,-3,0
2,5,211,0,-4,0
-25,40,271,0,-6,0
-1,9,246,0,-7,0
-32,19,322,0,-8,0
6,5,243,0,-10,0
-8,-3,253,0,-11,0
-18,-22,247,0,-13,0
-46,16,238,0,-14,0
-43,-23,236,0,-15,0
-34,-23,237,0,-17,0
-39,18,239,0,-18,0
-51,-19,212,0,-19,0
-65,2,225,0,-21,0
-25,12,252,0,-22,0
-45,-36,202,0,-23,0
-83,-26,223,0,-24,0
-55,-9,248,0,-26,0
-57,-33,243,0,-27,0
-41,-4,219,0,-28,0
-83,-23,250,0,-29,0
-58,10,234,0,-30,0
-58,-3,224,0,-31,0
-77,6,233,0,-33,0
-84,-6,223,0,-34,0
-66,2,212,0,-35,0
-77,9,197,0,-36,0
-87,3,241,0,-37,0
-85,-6,226,0,-38,0
-70,-20,218,0,-39,0
-52,-4,265,0,-39,0
-63,-1,217,0,-40,0
-96,27,214,0,-41,0
-74,2,221,0,-42,0
-60,-5,188,0,-43,0
-116,40,223,0,-43,0
-98,32,214,0,-44,0
-108,-4,204,0,-45,0
-32,-3,224,0,-45,0
-101,1,215,0,-46,0
-77,4,187,0,-46,0
-53,-24,182,0,-47,0
-94,22,233,0,-47,0
-91,12,195,0,-48,0
-81,-21,193,0,-48,0
-95,45,224,0,-49,0
-122,22,203,0,-49,0
-107,-51,212,0,-49,0
-56,-10,216,0,-49,0
-145,5,208,0,-50,0
-80,-4,169,0,-50,0
-83,-11,212,0,-50,0
-114,15,175,0,-50,0
-100,-22,217,0,-50,0
-117,11,190,0,-50,0
-124,-13,198,0,-50,0
-111,26,168,0,-50,0
-51,-1,210,0,-50,0
-119,24,219,0,-50,0
-98,-15,207,0,-49,0
-81,11,217,0,-49,0
-108,-10,228,0,-49,0
-105,-31,225,0,-48,0
-78,60,230,0,-48,0
-131,7,200,0,-48,0
-65,1,204,0,-47,0
-99,21,236,0,-47,0
-104,20,229,0,-46,0
-86,-0,227,0,-46,0
-79,30,193,0,-45,0
-96,-8,236,0,-44,0
-89,38,193,0,-44,0
-104,-11,214,0,-43,0
-66,-34,243,0,-42,0
-54,-3,226,0,-42,0
-56,-21,219,0,-41,0
-37,12,253,0,-40,0
-81,15,193,0,-39,0
-74,33,209,0,-38,0
-85,5,206,0,-37,0
-67,28,221,0,-36,0
-60,0,248,0,-35,0
-100,-1,224,0,-34,0
-67,-13,255,0,-33,0
-63,-16,253,0,-32,0
-73,19,222,0,-31,0
-13,-36,203,0,-30,0
-54,-27,243,0,-29,0
-59,-23,213,0,-28,0
-57,20,203,0,-26,0
-55,22,229,0,-25,0
-79,-1,238,0,-24,0
-62,11,218,0,-23,0
-27,-3,276,0,-21,0
-50,-22,237,0,-20,0
-43,-26,192,0,-19,0
-10,3,246,0,-17,0
-33,2,250,0,-16,0
-25,33,232,0,-15,0
-27,-4,224,0,-13,0
-36,18,232,0,-12,0
-20,-9,235,0,-11,0
-51,-4,280,0,-9,0
-34,-15,266,0,-8,0
-17,-26,238,0,-6,0
-24,7,274,0,-5,0
-2,-0,248,0,-4,0
-7,4,236,0,-2,0
-17,12,254,0,-1,0
-25,-3,254,0,1,0
19,-14,258,0,2,0
28,29,235,0,4,0
8,13,240,0,5,0
22,-2,266,0,6,0
12,8,260,0,8,0
-4,-4,263,0,9,0
11,-40,236,0,11,0
24,-29,277,0,12,0
13,-18,255,0,13,0
32,-16,286,0,15,0
29,26,278,0,16,0
27,-1,292,0,17,0
50,-20,296,0,19,0
45,-4,287,0,20,0
46,0,314,0,21,0
50,5,290,0,23,0
42,8,301,0,24,0
52,-15,309,0,25,0
66,38,266,0,26,0
54,-21,266,0,28,0
51,13,300,0,29,0
70,-12,262,0,30,0
47,-18,239,0,31,0
99,-11,267,0,32,0
85,-9,267,0,33,0
49,-4,271,0,34,0
103,5,294,0,35,0
72,11,311,0,36,0
70,26,293,0,37,0
76,22,299,0,38,0
88,-4,304,0,39,0
97,-28,299,0,40,0
87,-19,317,0,41,0
78,-39,306,0,42,0
62,-13,304,0,42,0
70,29,297,0,43,0
102,-18,302,0,44,0
70,-6,307,0,44,0
104,-18,290,0,45,0
87,-21,285,0,46,0
86,15,299,0,46,0
102,20,310,0,47,0
106,-27,323,0,47,0
142,-1,275,0,48,0
82,20,286,0,48,0
81,6,303,0,48,0
117,-6,312,0,49,0
72,-20,303,0,49,0
74,13,326,0,49,0
61,4,287,0,50,0
103,-17,319,0,50,0
147,13,335,0,50,0
138,-9,299,0,50,0
102,-2,331,0,50,0
71,-11,277,0,50,0
90,-5,307,0,50,0
132,-23,279,0,50,0
105,-6,302,0,50,0
110,5,307,0,50,0
86,30,263,0,49,0
105,-18,296,0,49,0
78,9,298,0,49,0
90,6,287,0,49,0
86,-16,296,0,48,0
82,46,308,0,48,0
98,12,261,0,47,0
73,-13,303,0,47,0
106,1,259,0,46,0
104,-24,283,0,46,0
100,-3,294,0,45,0
62,-17,305,0,45,0
85,-14,302,0,44,0
93,-4,298,0,43,0
100,16,306,0,43,0
99,25,312,0,42,0
76,-34,298,0,41,0
33,48,298,0,40,0
133,11,302,0,39,0
99,-38,300,0,38,0
74,-21,283,0,38,0
90,-2,267,0,37,0
92,12,278,0,36,0
94,9,313,0,35,0
104,-16,292,0,34,0
39,-42,260,0,33,0
37,-32,264,0,31,0
34,-25,275,0,30,0
65,-4,267,0,29,0
32,-29,263,0,28,0
58,18,287,0,27,0
38,5,281,0,26,0
40,40,312,0,24,0
48,15,296,0,23,0
52,-15,310,0,22,0
42,0,274,0,21,0
39,-17,234,0,19,0
8,-19,257,0,18,0
4,-34,273,0,17,0
54,-1,277,0,15,0
18,10,291,0,14,0
27,29,254,0,12,0
26,-1,247,0,11,0
49,21,270,0,10,0
34,-18,268,0,8,0
10,-17,259,0,7,0
11,-22,242,0,6,0
11,-51,271,0,4,0
-18,-9,264,0,3,0
26,-13,230,0,1,0
15,23,244,0,-0,0
12,-35,234,0,-2,0
-14,13,231,0,-3,0
-2,-11,270,0,-4,0
0,35,261,0,-6,0
-10,10,258,0,-7,0
15,4,254,0,-9,0
-25,-6,243,0,-10,0
-13,3,276,0,-11,0
-5,2,260,0,-13,0
-25,-22,237,0,-14,0
-10,-15,243,0,-16,0
-37,3,270,0,-17,0
-31,13,265,0,-18,0
-61,-22,209,0,-20,0
-46,-16,248,0,-21,0
15,16,245,0,-22,0
-46,2,236,0,-23,0
-35,4,233,0,-25,0
