-71,-299,0,32,-146,-138
-15,-232,0,251,199,-109
20,-187,0,133,-178,22
124,-187,0,-125,34,-152
153,-197,0,100,-4,8
-9,-110,0,-101,-2,-470
168,-120,0,187,124,186
34,-93,0,12,-463,-95
173,23,0,-75,-156,-286
131,-1,0,218,96,-193
167,-9,0,58,226,105
142,-58,0,-8,195,247
96,-10,0,-41,301,-280
91,-116,0,-6,-148,-134
128,-87,0,-31,-33,-75
238,-27,0,150,32,270
73,-14,0,-9,219,244
121,70,0,206,94,-177
245,54,0,-90,104,-339
192,50,0,-336,146,167
93,109,0,-135,285,-34
107,55,0,-361,-96,-64
152,1,0,-73,-443,55
119,84,0,120,-320,1
155,73,0,-258,69,-29
169,28,0,33,348,314
19,-83,0,-107,114,-142
116,-74,0,282,267,10
90,23,0,-262,201,151
41,-20,0,-23,91,-287
88,-69,0,-321,-166,103
-62,-162,0,228,-397,317
67,-116,0,-172,235,36
32,-193,0,-20,268,-246
6,-76,0,-166,-9,232
42,-201,0,-180,-303,347
-19,-219,0,186,-336,190
-19,-277,0,90,118,142
30,-342,0,-204,361,-105
-53,-282,0,285,175,-118
-85,-385,0,265,-33,-40
-9,-386,0,-206,-377,-89
-36,-393,0,-72,313,-181
-53,-457,0,285,386,-357
-92,-373,0,-303,-94,192
-70,-490,0,105,-66,-361
-88,-452,0,-100,150,39
-100,-466,0,99,305,86
-117,-449,0,115,-96,140
-80,-529,0,-337,-89,240
-145,-542,0,-282,-644,250
-130,-489,0,-396,163,-353
-94,-539,0,-33,73,-95
-176,-518,0,23,-350,111
-161,-592,0,-358,102,172
-149,-561,0,-235,48,-454
-221,-668,0,-100,-151,-276
-184,-618,0,-226,46,-205
-114,-574,0,-57,19,176
-132,-509,0,310,-53,-41
-132,-492,0,-2,-188,-156
-78,-591,0,518,231,47
-114,-545,0,-183,210,237
-157,-455,0,-140,228,-58
-119,-382,0,51,23,-89
-147,-488,0,209,-141,-36
-16,-440,0,30,-31,327
-119,-368,0,-104,253,-288
-11,-308,0,275,-261,51
-33,-286,0,-5,-190,382
-122,-337,0,-330,-128,-162
-65,-282,0,-214,-321,-329
14,-259,0,-14,64,100
-74,-277,0,102,-221,-255
-25,-220,0,-14,-33,332
100,-239,0,-313,-191,105
-9,-102,0,339,-2,-205
102,-46,0,178,-293,-236
93,-175,0,-128,-35,-335
1,-63,0,-92,-89,89
35,-77,0,314,79,-168
145,-52,0,244,-43,-107
81,-38,0,-146,150,-171
50,45,0,-295,144,-344
228,-26,0,-112,348,-139
179,62,0,86,-195,-90
168,78,0,-98,-143,-297
111,-43,0,293,-28,205
6,-35,0,273,113,-333
168,-27,0,-2,-165,-178
289,-13,0,-34,-432,-7
120,-17,0,187,-462,-48
141,16,0,183,51,126
100,78,0,-41,56,69
205,-43,0,8,-260,81
82,-9,0,92,-101,142
152,-45,0,107,178,-121
57,1,0,-153,-271,-40
47,-40,0,8,302,314
93,-37,0,-255,-6,271
105,-189,0,-141,150,141
189,-28,0,-409,-183,246
66,-82,0,49,180,-105
98,-76,0,337,123,-345
-0,-103,0,148,391,282
31,-199,0,-149,44,212
43,-158,0,-155,-5,385
24,-226,0,-141,189,57
61,-287,0,207,-94,27
44,-286,0,48,285,69
-36,-303,0,-287,240,20
-16,-231,0,-37,-261,-152
-10,-475,0,154,17,212
48,-447,0,-111,301,20
-113,-447,0,-120,-356,-198
-70,-426,0,66,136,-302
-123,-418,0,214,437,279
-29,-509,0,55,142,-93
-13,-509,0,-147,77,-264
-132,-478,0,-145,-20,-135
-231,-499,0,280,332,61
-183,-438,0,-14,52,-100
-169,-495,0,-43,-292,-43
-147,-635,0,130,53,57
-160,-526,0,64,136,-347
-148,-546,0,241,-28,-203
-148,-555,0,7,141,254
-185,-567,0,40,-313,-54
-136,-516,0,142,-334,119
-132,-510,0,420,-340,60
-80,-585,0,-262,120,272
-124,-466,0,-290,53,134
-82,-597,0,-169,249,47
-133,-524,0,-118,101,280
-120,-553,0,414,243,-139
-89,-541,0,282,-134,370
-93,-452,0,-196,-83,-34
-71,-414,0,260,-122,17
-12,-456,0,361,-9,-192
-71,-350,0,237,364,147
-96,-429,0,21,167,-109
-39,-354,0,196,220,39
11,-273,0,141,-345,257
-53,-392,0,-49,-258,107
-3,-300,0,72,123,-302
22,-298,0,-221,-38,159
-9,-227,0,67,-146,-28
-2,-268,0,-61,-31,-291
-26,-219,0,-108,110,212
36,-173,0,47,308,-117
22,-95,0,268,255,-114
145,-174,0,-551,-492,-401
122,-138,0,114,-148,35
131,-18,0,59,-73,167
90,-83,0,24,408,-199
166,-17,0,-311,-228,167
92,24,0,258,101,-147
154,-26,0,236,-59,-287
145,93,0,182,-223,16
114,50,0,-263,216,77
141,-55,0,-117,-102,-82
125,3,0,7,-237,-489
137,34,0,178,-189,301
152,92,0,-195,259,15
158,-21,0,3,40,117
67,83,0,136,303,-229
136,-51,0,-134,-23,485
170,-19,0,-213,-298,242
138,-3,0,-38,-149,78
128,-29,0,44,-58,-55
167,47,0,-70,421,-39
207,-8,0,-114,-288,-91
139,25,0,108,-227,92
82,-149,0,-401,-127,96
123,-60,0,191,12,60
16,-24,0,-10,12,-37
43,-152,0,-86,316,-118
72,-155,0,-44,125,47
134,-207,0,125,108,-297
-13,-188,0,-123,-81,-165
50,-216,0,-271,18,-33
-59,-304,0,-110,155,-331
-40,-246,0,148,199,221
3,-313,0,-439,153,-126
-5,-382,0,-112,57,-116
-22,-304,0,50,41,-140
-119,-403,0,113,150,9
-98,-393,0,-202,571,-331
-23,-355,0,264,53,-3
-131,-479,0,-417,65,30
-55,-500,0,166,-136,307
-113,-367,0,-117,-336,24
-146,-477,0,-476,-163,-232
-151,-461,0,-457,-14,-52
-74,-493,0,307,-176,178
-210,-509,0,219,66,12
-100,-599,0,-243,217,-128
-135,-507,0,97,113,-551
-169,-565,0,468,54,-66
-211,-533,0,-245,-134,-31
-99,-535,0,-224,-78,-131
-118,-513,0,65,166,73
-49,-559,0,-259,379,-165
-154,-503,0,61,-201,24
-167,-588,0,-289,-92,-160
-221,-595,0,-27,116,-144
-148,-502,0,-101,-193,392
-111,-530,0,-39,37,185
-7,-530,0,106,-3,-19
-144,-540,0,-454,-273,10
-90,-501,0,239,205,-381
-78,-424,0,-141,160,-52
-56,-482,0,-112,-117,71
-48,-402,0,146,-223,157
-28,-349,0,149,243,87
-35,-307,0,72,111,-150
6,-363,0,-56,60,-190
-10,-298,0,67,67,224
-16,-136,0,-87,-108,-249
67,-196,0,-46,-48,126
-13,-180,0,-48,204,167
109,-191,0,106,-77,-243
73,-190,0,210,-24,3
131,-98,0,457,-349,172
133,42,0,155,-37,11
53,-129,0,-171,-379,140
38,-33,0,-26,-27,258
133,-89,0,-124,258,194
159,14,0,-289,15,122
134,58,0,-37,-30,-319
197,88,0,17,54,-34
159,54,0,-120,189,-184
154,73,0,-341,-41,333
126,43,0,-91,-130,475
185,10,0,209,-35,112
85,143,0,-42,-177,-129
186,69,0,190,-302,-256
166,32,0,165,-282,-154
219,156,0,-56,-168,70
121,-37,0,78,194,-230
99,51,0,-370,-301,69
119,-29,0,-39,-227,401
113,65,0,99,-13,176
84,18,0,-439,95,131
112,-74,0,270,-219,187
148,-33,0,194,172,-153
74,-83,0,-410,-406,-207
55,-120,0,125,-147,-381
75,-208,0,54,13,-156
54,-218,0,-27,-151,-28
4,-186,0,410,49,-45
-26,-220,0,68,-97,-29
-32,-268,0,-217,-57,-35
-45,-342,0,248,343,44
-4,-255,0,174,-204,322
49,-255,0,325,194,37
-165,-286,0,105,215,62
-33,-387,0,303,-139,-155
-51,-351,0,-125,-290,-113
-149,-449,0,-67,136,344
-87,-444,0,259,-114,-296
-93,-471,0,-71,-14,85
-91,-347,0,288,114,-81
-55,-465,0,-208,-267,-182
-65,-454,0,-241,447,-154
-125,-474,0,244,-210,-133
-152,-528,0,-352,315,-93
-129,-549,0,-60,-91,-173
-158,-509,0,0,151,-178
-136,-608,0,37,-115,26
-142,-543,0,402,-327,75
-75,-615,0,171,-88,-93
-130,-601,0,68,253,-141
-67,-621,0,157,-37,371
-196,-486,0,-101,162,34
-96,-526,0,85,162,214
-191,-609,0,-226,441,-21
-229,-484,0,-157,262,165
-133,-583,0,-107,203,7
-70,-422,0,154,-43,2
-7,-453,0,458,-231,51
-146,-396,0,139,33,-151
-90,-518,0,-137,59,191
-73,-435,0,76,-28,67
-188,-394,0,-268,30,146
-27,-405,0,-19,309,-281
-84,-376,0,-33,162,-128
-81,-470,0,3,-249,66
-140,-375,0,62,34,-22
26,-336,0,364,177,-342
93,-255,0,-292,-234,23
22,-240,0,118,151,-343
18,-184,0,123,227,68
-30,-130,0,-201,4,-86
79,-164,0,-69,115,280
108,-73,0,-246,-243,237
120,-112,0,-447,-137,-447
136,-84,0,-259,-182,-11
53,-97,0,125,-196,-123
93,-125,0,-4,275,310
132,-108,0,181,33,59
126,-28,0,-55,-44,-160
207,19,0,-86,84,182
140,-10,0,-505,-160,-244
56,-15,0,9,-231,349
84,141,0,35,-109,27
112,42,0,124,179,35
144,80,0,-450,-23,-68
84,18,0,-235,-35,54
145,90,0,227,27,32
116,57,0,-34,-144,-31
114,-96,0,-45,90,-326
108,31,0,96,321,-210
161,66,0,71,-199,183
70,-49,0,-176,76,-130
147,100,0,60,267,-115
16,-64,0,127,-163,77
147,-44,0,359,-254,-120
91,-35,0,-368,160,-27
181,-108,0,101,-244,260
47,-149,0,151,-64,87
-5,-127,0,38,418,30
50,-197,0,146,113,-83
40,-113,0,355,57,-195
27,-236,0,161,-50,-188
14,-262,0,40,-174,-136
62,-189,0,-19,-266,189
-12,-360,0,-106,157,-331
-45,-177,0,81,-35,104
-230,-299,0,109,81,215
-82,-341,0,-6,44,-212
-75,-418,0,141,-73,-386
-128,-270,0,-122,59,-168
-110,-393,0,133,-108,214
-137,-486,0,-312,109,-210
-23,-375,0,335,-255,66
-13,-422,0,257,-11,10
-142,-470,0,400,39,89
-105,-538,0,-651,105,-420
-121,-565,0,347,142,-104
-62,-469,0,-84,91,442
-80,-549,0,80,163,336
-189,-523,0,-9,-337,211
-161,-608,0,-428,16,59
-176,-537,0,-94,-60,-233
-177,-489,0,-4,182,147
-215,-545,0,198,64,27
-82,-505,0,-205,-318,-54
-123,-571,0,-52,-66,126
-100,-503,0,-375,-70,-266
-134,-483,0,-17,66,224
-77,-500,0,280,37,-0
-109,-526,0,68,22,-100
-104,-433,0,72,-93,-199
-26,-506,0,218,49,184
-74,-436,0,21,-36,-106
-72,-345,0,-59,148,-39
-41,-361,0,222,-311,-98
-70,-357,0,-161,130,266
-4,-337,0,-202,-186,519
-53,-353,0,217,-331,27
-41,-316,0,142,97,-140
62,-263,0,90,14,-30
21,-289,0,304,28,503
15,-192,0,-6,-158,-263
-5,-322,0,-241,43,-113
7,-162,0,-47,276,300
114,-125,0,-194,-226,-77
73,-44,0,-83,-216,-10
136,-191,0,-191,-59,-208
55,-101,0,441,-42,103
157,-18,0,296,-441,281
111,12,0,-71,93,58
210,17,0,-83,70,-59
103,46,0,-68,-21,-275
74,14,0,120,206,245
69,22,0,-17,-144,-506
143,15,0,49,-166,-29
124,-1,0,-109,147,-113
185,-69,0,-285,-162,386
88,50,0,-280,-58,-144
90,-12,0,-211,-137,36
134,-39,0,281,-398,-437
113,154,0,-88,-62,93
155,39,0,-445,-202,148
186,8,0,36,468,146
76,40,0,-88,-66,123
55,-1,0,-54,146,-133
109,18,0,193,181,-63
81,-17,0,-223,154,-224
36,-94,0,-75,146,-135
93,-24,0,-97,54,-323
19,-153,0,76,-252,144
120,-138,0,-24,235,-163
32,-86,0,-73,349,-365
52,-83,0,28,53,-178
-19,-140,0,217,139,-10
66,-209,0,104,-215,-12
8,-191,0,28,-100,-5
5,-140,0,-14,473,69
-37,-253,0,-83,-13,99
15,-335,0,352,151,132
-20,-302,0,-259,101,89
-26,-384,0,312,180,212
-102,-398,0,-148,-48,69
-12,-421,0,-5,181,-146
-49,-448,0,230,673,-129
-102,-516,0,255,-238,43
-129,-425,0,-57,40,82
-102,-490,0,-201,-269,576
-173,-517,0,222,137,-15
-220,-531,0,96,-330,-27
-127,-606,0,147,-151,5
-168,-490,0,374,-220,-245
-84,-594,0,-29,201,-34
-202,-484,0,90,-55,76
-157,-576,0,128,-192,404
-118,-573,0,50,121,94
-195,-552,0,-395,-39,1
-155,-574,0,266,291,-127
-199,-593,0,-193,-166,-280
-43,-521,0,365,-295,-63
-173,-479,0,211,97,-122
-106,-535,0,-42,-306,34
-92,-458,0,-61,183,-3
-190,-502,0,340,3,17
-53,-545,0,302,24,-318
-98,-541,0,254,-180,127
-128,-468,0,-431,68,-368
-121,-437,0,127,-114,-149
-93,-369,0,364,-72,-53
-61,-343,0,90,24,-74
15,-321,0,167,386,-119
-64,-366,0,-180,-394,-15
51,-263,0,50,97,316
14,-296,0,236,-43,263
60,-123,0,-53,266,-54
87,-212,0,6,-392,-131
20,-245,0,143,-201,-341
91,-125,0,131,154,182
68,-62,0,-199,126,-139
-4,-154,0,-398,443,-72
74,-103,0,4,22,-57
42,-37,0,-174,-160,-325
165,36,0,268,-158,-94
143,-93,0,-153,-30,-180
133,-107,0,-7,-143,-187
129,-15,0,-333,16,39
19,-6,0,135,49,-337
155,-16,0,-103,-276,-207
116,124,0,331,-10,-54
123,-56,0,49,-341,-255
153,59,0,-47,-138,71
119,87,0,97,43,366
126,-40,0,-168,286,84
181,13,0,-135,260,404
111,23,0,-83,167,207
122,41,0,-141,-34,-61
199,40,0,136,78,-356
164,-14,0,-244,130,146
173,46,0,-318,-103,155
45,-76,0,-132,-138,246
8,-78,0,-162,98,-363
107,-57,0,29,30,230
98,-45,0,224,19,200
49,-64,0,-130,144,-51
123,-216,0,301,92,-233
99,-140,0,-180,-250,182
49,-185,0,-90,562,-270
-9,-186,0,-166,54,-247
63,-214,0,-191,-379,-369
-107,-275,0,109,-9,282
-38,-302,0,-35,-157,63
98,-281,0,-7,153,212
37,-308,0,-97,158,-272
65,-291,0,-10,85,211
-22,-358,0,-32,125,159
-34,-432,0,-3,-274,313
-97,-424,0,120,-225,-221
-90,-420,0,213,280,-257
-74,-545,0,12,-183,122
-107,-579,0,-114,43,-236
-157,-668,0,-20,-79,65
-131,-555,0,128,168,-197
-223,-468,0,-172,-40,-307
-144,-545,0,168,-65,45
-213,-544,0,97,-100,56
-171,-661,0,16,-85,383
-133,-599,0,98,34,284
-149,-598,0,130,-221,-41
-103,-481,0,-18,179,184
-203,-555,0,-257,238,74
-175,-560,0,126,-62,-57
-196,-539,0,30,-264,226
-122,-516,0,9,156,6
-144,-523,0,52,-201,-111
-100,-436,0,-30,-172,-158
-139,-422,0,45,-227,-208
-179,-450,0,-121,-87,38
-138,-454,0,374,225,108
-47,-422,0,111,-403,76
-53,-369,0,-7,-57,-61
-95,-361,0,-376,14,-3
-120,-398,0,-550,-196,293
-62,-314,0,-232,321,159
-13,-281,0,27,-167,-115
-62,-283,0,49,-153,-255
-21,-400,0,229,212,128
39,-189,0,238,293,131
3,-135,0,184,-35,-206
-8,-139,0,24,258,-10
11,-67,0,102,-361,-317
169,-235,0,-183,-119,-474
19,-118,0,-69,-94,-37
191,-154,0,104,137,-208
114,-98,0,-20,74,-110
100,-173,0,44,35,158
70,1,0,-21,164,-330
120,-32,0,312,172,14
79,-26,0,8,440,218
143,88,0,-166,-309,199
45,-14,0,348,-334,76
152,-7,0,29,22,100
169,-2,0,144,-218,568
171,58,0,29,116,-241
187,44,0,-281,46,109
177,32,0,-405,-19,-275
119,57,0,176,239,237
252,-24,0,-17,-33,59
196,-37,0,86,-90,-547
108,-12,0,-21,-20,267
139,18,0,-68,148,-530
66,-110,0,119,363,156
117,-37,0,399,-137,28
52,-4,0,-28,-134,-106
78,-162,0,180,-299,-39
147,-32,0,-3,97,-178
68,-133,0,155,-96,40
51,-55,0,-332,-63,-203
22,-141,0,-31,-110,508
8,-209,0,-414,220,2
36,-134,0,-279,-79,-113
64,-190,0,132,-184,-265
-69,-195,0,-173,-15,5
60,-321,0,-127,-180,101
45,-282,0,-27,-155,148
-5,-327,0,73,-120,-92
-44,-376,0,-219,33,-50
18,-366,0,-114,-171,-142
-55,-434,0,276,200,322
-108,-430,0,390,438,-46
-94,-405,0,-512,-130,-163
-195,-416,0,137,51,11
-95,-543,0,-42,22,-139
-83,-500,0,375,-59,129
-125,-539,0,-218,214,235
-156,-533,0,587,28,34
-62,-432,0,243,227,-267
-176,-551,0,65,7,61
-245,-507,0,-72,37,-178
-106,-562,0,57,33,280
-156,-518,0,-190,75,-149
-197,-571,0,-731,134,97
-257,-542,0,-96,-274,-265
-71,-497,0,113,-496,264
-156,-520,0,93,-233,66
-298,-512,0,382,-159,50
-120,-534,0,26,38,-288
-117,-509,0,-64,-111,76
-123,-451,0,-321,205,70
-87,-477,0,-497,-4,96
-156,-340,0,-276,265,54
-164,-506,0,-203,109,-3
-127,-427,0,97,266,-110
-18,-495,0,119,212,9
-50,-312,0,82,114,35
-93,-311,0,-112,111,221
-96,-244,0,195,-172,143
-28,-248,0,-173,14,-34
19,-289,0,122,-166,-318
-26,-269,0,-13,-126,10
34,-256,0,96,-0,-186
-13,-232,0,-113,-140,3
-18,-228,0,322,-81,24
127,-171,0,279,-209,53
75,-127,0,-57,-210,61
48,-122,0,-279,158,-100
114,-75,0,-113,-31,281
128,-15,0,-48,-372,-243
130,-63,0,229,-212,332
178,-136,0,-221,87,-163
163,46,0,-2,55,308
147,-2,0,116,83,247
91,11,0,-47,74,20
98,13,0,-500,-186,-209
87,113,0,-89,96,130
107,12,0,326,-29,1
178,22,0,-128,-62,-513
152,-11,0,344,263,-11
159,9,0,-41,-161,359
177,61,0,219,23,160
159,9,0,372,-204,93
143,110,0,215,-216,90
187,62,0,60,-168,-109
94,81,0,-127,-406,38
189,-52,0,485,150,-82
88,10,0,281,106,410
60,-36,0,67,186,-306
82,-21,0,139,-295,-110
32,-64,0,181,61,170
113,-34,0,172,57,-274
4,-119,0,304,242,-12
87,-43,0,262,180,-235
54,-177,0,-136,-272,124
24,-256,0,-25,-212,-43
39,-177,0,81,-137,81
-51,-311,0,128,31,14
48,-317,0,-175,-141,-69
-68,-352,0,60,57,-94
48,-352,0,80,-347,189
-178,-393,0,-40,-169,-51
-50,-421,0,91,251,133
-50,-401,0,66,67,189
-117,-328,0,-140,144,-27
-96,-498,0,15,-8,46
-58,-431,0,146,-310,-229
-52,-522,0,86,78,-37
-161,-428,0,-113,97,-6
-67,-468,0,-387,222,-38
-7,-504,0,279,107,95
-135,-506,0,102,-26,-6
-106,-528,0,-352,-232,-216
-8,-637,0,-6,44,-5
-110,-500,0,-151,225,80
-177,-695,0,-178,104,117
-128,-528,0,-197,225,-90
-104,-498,0,-119,181,-147
-259,-572,0,-230,78,198
-28,-505,0,485,256,290
-205,-480,0,180,217,-146
-193,-535,0,-66,71,-101
-176,-521,0,-185,-98,-284
-184,-508,0,-12,-232,-34
-149,-404,0,-28,84,65
-70,-459,0,-410,32,17
-104,-457,0,172,264,-298
-15,-430,0,-145,71,-36
-55,-418,0,437,-347,-136
27,-332,0,53,-63,-66
-52,-300,0,82,-94,-163
18,-327,0,-270,216,143
-44,-209,0,157,235,199
58,-351,0,-104,-222,-228
4,-230,0,266,-78,17
-16,-200,0,-527,209,17
14,-181,0,6,-184,-30
89,-158,0,-441,-113,-2
156,-170,0,-13,203,37
147,-155,0,-46,185,-113
15,-139,0,124,237,-178
70,-25,0,414,-200,213
152,-32,0,257,-336,-4
168,-63,0,-3,365,-38
35,-31,0,-111,-71,35
53,-2,0,-539,-89,-62
211,25,0,-73,-10,24
143,146,0,209,-234,64
256,74,0,-7,-158,-98
155,47,0,-83,-354,226
172,38,0,-14,-213,235
133,117,0,72,-156,103
82,76,0,-97,147,-124
168,45,0,-153,-117,-139
121,44,0,121,113,-26
188,7,0,105,295,111
151,80,0,-259,-169,-100
131,4,0,-147,87,225
99,36,0,-92,-19,-186
85,-77,0,-195,-117,56
110,-91,0,-59,-272,152
28,-81,0,-79,118,81
152,-100,0,-469,-263,98
75,-29,0,-206,-92,294
22,-101,0,-169,28,67
125,-145,0,19,-113,-119
62,-131,0,433,383,336
112,-174,0,177,-425,-44
43,-294,0,-89,-394,39
56,-185,0,320,100,-199
2,-244,0,-76,-50,-155
-39,-336,0,162,-344,325
-180,-343,0,-36,-142,446
-129,-356,0,-159,-91,-324
-23,-301,0,207,-291,82
-9,-449,0,166,287,-73
-101,-499,0,120,-160,16
-100,-375,0,255,325,-144
-116,-390,0,406,-23,200
-158,-431,0,-152,-313,-209
-91,-433,0,-215,140,257
-79,-480,0,146,107,-80
-118,-484,0,28,46,-35
-118,-576,0,12,248,-414
-130,-514,0,268,-350,-145
-148,-515,0,-261,2,-74
-151,-495,0,-179,-34,-275
-217,-538,0,185,343,214
-97,-528,0,309,78,-26
-146,-523,0,200,223,-5
-132,-534,0,83,-62,356
-86,-506,0,-137,-220,69
-194,-487,0,-66,176,-214
-110,-507,0,82,474,82
-98,-446,0,261,-305,-217
-172,-468,0,206,275,39
-109,-500,0,112,-197,-442
-137,-417,0,-420,-272,-178
-58,-446,0,-35,171,-74
-72,-433,0,-203,-102,244
41,-383,0,152,12,-46
-54,-388,0,-49,139,-96
-53,-250,0,262,75,181
20,-250,0,35,358,-20
-49,-313,0,194,-98,301
49,-323,0,-69,-518,-279
20,-197,0,-22,217,181
-28,-149,0,-75,-25,328
31,-118,0,-31,-369,-8
107,-190,0,31,-34,339
86,-110,0,-99,115,211
-37,-125,0,149,-189,214
114,-17,0,205,51,-127
-35,-43,0,36,1,-30
126,-55,0,-39,-142,-13
157,-31,0,241,136,240
116,1,0,211,-144,212
99,-58,0,-32,127,-282
22,-81,0,292,-79,-223
157,85,0,332,147,88
52,-1,0,22,-8,38
199,5,0,-106,-123,304
135,20,0,212,-249,-236
171,57,0,169,197,218
111,108,0,123,26,140
142,63,0,341,24,440
231,99,0,327,385,-315
73,36,0,15,-6,84
146,-5,0,-64,65,-280
245,47,0,64,21,-387
85,120,0,-99,-445,-63
43,38,0,122,-24,-208
109,-66,0,-53,61,37
110,-68,0,-115,215,42
148,-26,0,407,-156,80
78,-74,0,-265,339,16
94,-139,0,-87,-394,-12
85,-111,0,-113,151,170
64,-206,0,175,19,-31
21,-169,0,-168,-449,41
-49,-155,0,30,41,158
63,-263,0,-137,46,23
38,-178,0,51,-37,64
-73,-320,0,-122,-221,274
-32,-311,0,70,-93,135
-34,-334,0,136,11,93
-90,-330,0,-210,95,493
-62,-344,0,-260,30,-114
-3,-455,0,-267,75,171
-158,-448,0,42,-71,384
-219,-465,0,-458,-44,194
-105,-527,0,201,304,-341
-61,-523,0,224,246,-225
-78,-432,0,292,-214,-112
-153,-522,0,-97,-26,14
-106,-518,0,-17,237,299
-154,-577,0,194,116,194
-163,-535,0,-50,559,-14
-194,-551,0,-51,-135,358
-126,-505,0,75,205,-305
-162,-548,0,-121,21,49
-164,-545,0,57,-366,-215
-174,-478,0,250,-232,126
-127,-508,0,-170,314,176
-53,-531,0,67,-118,-332
-112,-426,0,-208,216,274
-123,-442,0,-76,58,169
-114,-497,0,-36,123,-40
-122,-495,0,-38,-13,59
-84,-440,0,-230,198,154
-74,-418,0,-7,-154,-90
-134,-394,0,65,183,480
-63,-328,0,267,87,229
-98,-431,0,-268,-268,51
-104,-335,0,-242,240,-301
-45,-333,0,-174,-168,80
-90,-328,0,-177,19,-105
31,-271,0,-286,229,-86
42,-278,0,-270,-295,171
-4,-225,0,112,-29,215
92,-268,0,253,110,-493
-70,-163,0,-101,150,41
57,-183,0,-198,-188,119
27,-118,0,591,90,295
45,-138,0,451,-279,299
93,-130,0,69,6,219
51,-57,0,223,60,16
41,11,0,-122,-23,257
132,-118,0,107,1,-297
168,9,0,93,88,5
61,125,0,114,-39,74
115,-17,0,121,-165,281
109,39,0,10,108,-106
195,68,0,404,-113,251
217,85,0,-161,142,25
134,71,0,149,183,-232
195,104,0,-300,252,-445
181,34,0,-59,19,186
200,-76,0,-52,-217,-51
168,97,0,-67,256,305
72,36,0,30,345,204
27,-34,0,-8,-22,167
207,40,0,-181,237,100
60,55,0,366,114,107
94,-96,0,-348,-336,-213
54,0,0,-125,-104,-379
41,-9,0,353,-157,23
78,-18,0,-304,-49,-17
52,-151,0,11,-377,130
100,-128,0,133,-101,-48
53,-150,0,-15,-42,-212
38,-158,0,-45,216,407
39,-162,0,-136,-73,117
-7,-210,0,365,48,160
2,-302,0,78,-185,292
5,-294,0,272,209,-173
-81,-291,0,-301,267,79
61,-313,0,-133,-80,-38
-30,-369,0,-61,529,108
-85,-428,0,77,195,83
-87,-387,0,176,70,-60
-21,-378,0,-85,24,-160
-47,-401,0,-107,333,-104
-79,-508,0,-19,113,97
-212,-455,0,-108,-393,-293
-108,-423,0,462,-583,-4
-65,-448,0,86,-323,179
-114,-486,0,-14,-171,114
-131,-527,0,42,312,46
-68,-530,0,-94,-267,62
-107,-567,0,-150,-51,10
-137,-601,0,-204,61,141
-154,-483,0,48,-42,-114
-158,-582,0,-331,-213,-187
-200,-503,0,43,-409,244
-117,-575,0,22,2,-101
-152,-661,0,184,-39,236
-141,-544,0,75,159,49
-134,-460,0,-407,189,107
-158,-520,0,420,-44,188
-109,-436,0,-42,-17,-97
-94,-496,0,112,35,-53
-151,-460,0,298,182,-120
-152,-412,0,-21,238,234
-88,-398,0,1,-228,-313
-57,-324,0,-363,28,250
-116,-315,0,173,140,171
-71,-370,0,-137,285,103
-56,-345,0,-87,27,223
-25,-248,0,251,24,-213
-23,-288,0,-84,-103,128
-45,-249,0,-181,-82,96
-57,-176,0,281,171,89
54,-257,0,75,-124,-190
40,-334,0,141,248,3
183,-110,0,-269,-57,-61
-0,-111,0,84,-245,285
133,-130,0,249,478,109
79,-174,0,-320,206,326
132,-83,0,107,-88,244
25,-59,0,-63,169,-127
117,21,0,124,-197,-176
144,-46,0,-104,52,252
110,88,0,-179,190,-45
191,16,0,232,118,174
97,97,0,-58,-120,-146
158,42,0,312,-42,-52
115,28,0,-209,71,409
221,40,0,103,50,160
183,99,0,185,70,-49
171,107,0,148,-506,264
153,13,0,325,203,58
97,46,0,-185,-62,-31
137,-22,0,17,94,-318
162,-27,0,11,-58,162
177,-65,0,-4,-68,-133
139,-29,0,-144,-278,-33
175,116,0,-144,-75,118
37,1,0,-116,130,49
114,-77,0,-73,-153,-228
64,9,0,69,-62,-363
48,-148,0,153,-427,167
-42,-90,0,-52,247,-385
47,-164,0,-52,284,36
48,-105,0,-123,-100,-304
15,-153,0,-137,-108,-220
-0,-243,0,-20,3,-262
-35,-184,0,-128,115,-3
-24,-260,0,-23,240,-273
-15,-230,0,257,45,454
35,-359,0,156,-303,81
57,-305,0,171,423,-127
-23,-398,0,-151,150,-711
-114,-441,0,50,172,-41
-106,-363,0,-178,-295,118
-93,-455,0,-135,240,123
-184,-557,0,58,-239,-280
-51,-552,0,-330,50,165
-140,-442,0,46,-106,-82
-67,-487,0,-70,308,-240
-136,-503,0,-45,376,-79
-63,-585,0,379,253,99
-78,-469,0,-159,411,-235
-91,-495,0,-117,139,-368
-246,-577,0,90,-152,362
-241,-573,0,250,182,-120
-205,-574,0,277,-63,-248
-174,-502,0,246,4,239
-265,-567,0,-107,208,-262
-32,-494,0,-55,-89,245
-180,-564,0,-164,240,-229
-169,-504,0,-50,-13,-108
-119,-442,0,-209,-551,-166
-179,-396,0,-40,67,-105
-71,-544,0,150,182,-113
-181,-488,0,362,-260,-170
-81,-442,0,-28,54,-24
-88,-376,0,287,-256,30
-71,-461,0,119,215,-328
-26,-249,0,-299,74,36
-96,-375,0,-132,-56,113
-33,-275,0,-144,250,-7
6,-291,0,-42,-68,86
48,-313,0,-329,106,338
22,-187,0,214,134,-229
74,-100,0,76,-56,2
90,-248,0,-422,-44,-289
17,-178,0,-144,-148,149
150,-92,0,206,-48,-184
-0,-42,0,119,-181,-49
-4,-54,0,186,160,-110
61,-94,0,-86,288,458
80,-86,0,103,163,-71
170,-12,0,-17,-275,154
139,56,0,-61,148,-120
109,-34,0,-300,191,-355
102,51,0,140,-196,102
153,-22,0,-119,-274,262
169,-30,0,-191,317,-544
58,25,0,-75,46,5
216,91,0,103,113,-112
180,57,0,110,-125,145
115,171,0,90,62,-229
124,60,0,79,-75,-21
135,40,0,150,-172,249
96,-40,0,-324,-11,26
30,89,0,-141,94,3
112,-21,0,-22,-437,-55
132,66,0,-76,3,-98
144,17,0,-289,-282,145
161,29,0,168,-313,-384
114,-33,0,-107,39,72
39,-51,0,75,-185,154
30,-78,0,-293,-500,158
127,-144,0,106,-292,289
127,-172,0,-265,-21,-114
122,-182,0,-346,190,-251
86,-268,0,152,-236,50
5,-144,0,248,-102,-143
-56,-286,0,-268,86,-377
-15,-300,0,-406,78,-400
23,-342,0,373,-37,189
3,-320,0,-205,-115,-240
-31,-260,0,-270,-137,-157
-75,-413,0,-188,-251,-95
-171,-364,0,182,197,176
-4,-464,0,97,-274,-18
-52,-366,0,220,-64,-42
-64,-409,0,-112,-18,-31
-161,-410,0,-51,85,-116
-96,-528,0,-60,-95,158
-41,-572,0,169,-313,-124
-26,-538,0,-199,460,-67
-170,-578,0,-240,260,-91
-182,-582,0,-94,-127,-25
-147,-585,0,-69,-37,-103
-192,-650,0,11,147,-166
-186,-523,0,-138,64,-154
-140,-557,0,215,49,245
-109,-492,0,-566,-307,125
-111,-597,0,119,-247,72
-49,-590,0,137,-104,253
-153,-379,0,109,-138,-235
-164,-507,0,42,-161,-93
-82,-408,0,124,284,99
-68,-505,0,82,439,48
-138,-493,0,-140,-294,-153
-107,-438,0,-26,-221,77
-154,-427,0,165,150,-243
-55,-358,0,92,-17,40
-129,-440,0,322,248,122
-145,-259,0,-5,-7,29
12,-334,0,21,11,-299
-187,-333,0,180,-144,20
-110,-258,0,35,33,83
-10,-341,0,94,-266,-149
44,-257,0,-32,-151,-267
-6,-240,0,21,149,485
13,-89,0,-277,-7,17
64,-203,0,129,41,-131
2,-165,0,-127,-237,-142
37,-33,0,-207,-288,385
134,-145,0,52,125,-147
69,-111,0,-99,90,14
84,107,0,62,-281,-601
165,-77,0,-107,-118,238
8,36,0,166,-249,45
105,87,0,-370,78,284
141,-54,0,-215,-256,-158
222,-40,0,171,103,103
226,103,0,-249,65,-15
121,55,0,-79,-138,-64
159,111,0,266,-184,-279
110,46,0,61,-25,-89
84,37,0,-8,-138,-202
206,31,0,96,129,-22
132,12,0,-412,-5,165
188,20,0,66,98,-31
211,-12,0,578,196,-69
61,-7,0,-82,117,79
77,36,0,1,379,9
102,-107,0,-51,107,-192
132,26,0,148,160,66
144,-88,0,33,183,148
88,-58,0,87,-310,-59
83,-84,0,84,288,-303
57,-65,0,-201,58,-289
93,-141,0,7,-449,-50
15,-118,0,24,325,-284
49,-195,0,424,173,18
101,-101,0,-148,19,-72
49,-189,0,-296,-335,43
16,-194,0,-341,219,40
-65,-280,0,-74,-134,-106
-38,-341,0,-43,271,106
2,-269,0,-51,-101,37
-23,-405,0,92,99,-23
-10,-292,0,337,253,476
-159,-433,0,53,-43,-68
-72,-371,0,-161,-191,111
-186,-443,0,-12,15,111
-39,-494,0,-24,164,-552
-134,-546,0,390,-271,-142
-79,-447,0,76,-8,198
-117,-487,0,180,-230,58
-179,-547,0,156,195,-21
-158,-529,0,513,148,-63
-148,-503,0,125,-238,60
-132,-546,0,-244,84,224
-168,-569,0,11,203,-27
-154,-557,0,-50,205,149
-118,-554,0,-98,65,107
-104,-485,0,-349,-43,-53
-47,-523,0,52,271,-2
-114,-560,0,149,159,201
-116,-564,0,-2,255,41
-87,-504,0,157,-234,10
-97,-446,0,118,-135,275
-85,-521,0,-159,-106,287
-66,-353,0,-197,295,211
-105,-423,0,2,368,319
-73,-438,0,-152,41,-97
-45,-457,0,-243,-114,-59
-90,-382,0,-56,301,-424
-23,-413,0,359,-71,-65
-9,-429,0,26,-56,79
-87,-387,0,-172,-229,205
-33,-224,0,121,-165,80
45,-307,0,190,-62,70
16,-265,0,326,4,157
58,-162,0,-125,101,269
34,-133,0,-103,-571,143
26,-150,0,78,7,71
33,-79,0,-160,259,-170
101,-74,0,-495,65,-256
72,-129,0,-76,-93,-177
187,-126,0,331,137,359
101,-82,0,92,-382,284
73,-47,0,128,179,142
137,23,0,313,126,-492
235,-65,0,292,39,161
112,16,0,106,-147,43
88,45,0,-184,-261,240
72,65,0,-56,-126,141
194,0,0,-212,-8,-384
172,81,0,220,220,-96
54,66,0,283,-1,-166
143,66,0,50,-13,-265
123,-13,0,-91,-261,-7
224,74,0,200,224,-132
177,70,0,-222,-268,-64
164,62,0,-82,73,-169
137,11,0,269,-284,-172
240,8,0,0,-213,-33
112,19,0,83,243,174
84,6,0,96,25,-173
106,-60,0,-184,352,619
110,-76,0,252,142,203
130,-45,0,-118,-115,123
-22,-108,0,106,223,152
130,-111,0,76,-313,399
2,-169,0,111,-21,-186
51,-159,0,-69,58,-80
59,-266,0,-26,-276,102
-74,-241,0,-18,-33,-168
-119,-316,0,450,204,-135
-25,-335,0,235,-196,-4
-24,-262,0,-4,355,-71
-82,-385,0,-231,-45,143
-134,-379,0,-116,62,5
-28,-435,0,174,1,-133
-140,-369,0,126,-130,62
-120,-459,0,180,-88,-176
-62,-465,0,-127,-220,-237
-96,-524,0,-206,252,130
-68,-497,0,28,-10,-212
-131,-514,0,225,-362,-301
-67,-568,0,12,466,169
-149,-483,0,105,-15,12
-164,-506,0,58,232,-198
-148,-575,0,196,-169,-187
-110,-529,0,-432,80,417
-173,-581,0,137,377,-401
-87,-606,0,-126,-187,139
-155,-617,0,-199,418,83
-107,-550,0,290,65,-6
-246,-523,0,146,-159,-14
-198,-633,0,-280,-536,265
-144,-588,0,-118,3,85
-136,-541,0,-348,-105,312
-153,-505,0,196,190,269
-53,-523,0,-50,419,155
-101,-506,0,96,119,412
-115,-404,0,-22,78,-337
-21,-394,0,320,68,348
-115,-292,0,36,157,110
-89,-376,0,-215,93,98
-25,-319,0,495,-270,29
-74,-318,0,-243,-22,-3
91,-346,0,115,-234,-61
-14,-356,0,-57,95,144
-6,-176,0,-329,-91,-128
49,-217,0,-198,-15,-233
33,-173,0,-32,68,-312
-0,-178,0,-198,267,88
-19,-144,0,-232,-271,-421
81,-147,0,-193,-52,-157
-5,-54,0,60,-310,-252
79,-63,0,17,136,11
64,-91,0,151,-49,-334
167,-63,0,-66,33,103
123,-21,0,355,413,-204
61,49,0,-255,-85,-26
180,-32,0,-28,145,-57
101,17,0,-35,38,-7
165,58,0,342,-142,-30
10,-14,0,-48,-40,-44
207,60,0,-181,-24,359
145,108,0,-230,-210,0
201,124,0,183,288,-117
204,80,0,57,-65,58
246,38,0,401,4,92
174,30,0,-44,48,-132
217,-13,0,-171,48,-139
149,-79,0,-325,541,97
232,40,0,-71,338,261
82,-9,0,-171,-28,-445
163,-17,0,-381,14,-194
89,-179,0,101,190,-132
89,8,0,166,11,89
80,-9,0,311,-194,-52
61,-139,0,-275,157,-130
95,-138,0,26,-46,139
11,-148,0,-62,-194,-31
25,-80,0,-145,-44,-359
30,-244,0,-306,-53,374
48,-173,0,-110,6,146
-1,-289,0,-140,-142,-26
-43,-279,0,-52,10,-28
-62,-279,0,-33,-75,229
-39,-315,0,5,126,229
-45,-299,0,233,188,-129
-59,-343,0,30,-56,-115
11,-489,0,-186,-30,432
-131,-443,0,249,-77,171
-111,-441,0,272,184,212
-149,-492,0,91,129,-29
-93,-524,0,-209,-52,117
-138,-591,0,224,-33,-20
-117,-477,0,7,-212,116
-91,-523,0,512,-123,-29
-134,-495,0,-401,62,-74
-221,-510,0,-103,111,208
-128,-597,0,-18,-304,181
-248,-582,0,-186,125,42
-132,-571,0,-126,15,232
-35,-567,0,219,74,319
-121,-445,0,-21,-356,-224
-184,-590,0,-187,-192,-134
-78,-529,0,320,1,-206
-61,-560,0,-165,-51,-90
-244,-586,0,34,-262,38
-123,-533,0,-40,317,371
-180,-468,0,-159,149,5
-27,-490,0,-86,-199,85
-121,-490,0,115,105,-73
-169,-443,0,-92,-159,486
9,-398,0,238,-213,-128
-39,-262,0,-57,-170,-159
-86,-386,0,-380,-138,-0
-8,-307,0,-79,-55,295
-79,-364,0,66,82,-286
66,-226,0,89,248,-72
-16,-274,0,116,-97,137
-36,-161,0,-281,133,-63
70,-231,0,-337,155,-195
-6,-198,0,-200,52,-73
90,-154,0,80,147,89
67,-94,0,-256,86,-293
148,-123,0,-304,203,-32
134,16,0,-343,-25,-84
57,47,0,-30,361,-302
24,-35,0,-194,-129,87
156,-87,0,-170,-91,169
108,2,0,209,-51,-531
152,-33,0,-52,131,-78
106,47,0,-108,-5,103
133,-11,0,-154,-182,-247
277,110,0,289,69,153
174,68,0,28,275,-99
151,-18,0,9,-346,236
205,16,0,184,70,90
245,98,0,-108,36,-95
191,77,0,-149,65,95
207,70,0,-29,-44,-281
137,57,0,60,258,-316
126,-50,0,-14,-439,200
124,0,0,-209,191,-250
142,-10,0,-74,-331,158
119,4,0,-248,-32,-98
240,-94,0,-167,225,179
18,-14,0,43,-208,369
2,-73,0,-122,-54,-164
79,-176,0,-173,136,242
119,-66,0,-57,-70,83
-37,-97,0,33,-22,-136
67,-101,0,402,326,3
-20,-318,0,-289,-29,-182
45,-268,0,370,-185,-232
-16,-192,0,-305,50,21
-102,-256,0,232,36,150
27,-353,0,-150,276,89
9,-355,0,65,35,98
-23,-338,0,48,244,-265
-2,-424,0,-244,-156,-54
-144,-425,0,40,58,-117
-52,-418,0,31,-73,321
-169,-479,0,-89,-552,-613
-167,-388,0,335,125,73
-28,-460,0,9,-37,322
-109,-478,0,-345,-63,58
-69,-408,0,-331,183,553
-86,-580,0,409,-3,126
-158,-549,0,86,-167,-268
-236,-539,0,272,-58,10
-178,-485,0,-298,460,204
-163,-570,0,-28,219,-141
-82,-540,0,-163,-215,-140
-231,-488,0,-66,-18,101
-186,-485,0,80,213,124
-216,-534,0,24,-203,70
-130,-557,0,148,324,-14
-120,-593,0,-150,263,226
-185,-505,0,35,67,1
-166,-499,0,198,-95,-42
-211,-505,0,10,160,25
-49,-526,0,-134,-404,-137
-21,-550,0,276,-331,228
-0,-438,0,550,48,143
-201,-436,0,8,-29,34
-61,-332,0,156,-105,-137
-23,-345,0,94,-348,-236
-48,-260,0,38,92,56
19,-329,0,184,342,188
-42,-334,0,-538,79,220
1,-321,0,-14,-425,86
-35,-245,0,184,215,280
4,-147,0,-25,-255,-36
74,-248,0,182,154,139
117,-167,0,-115,-95,214
-5,-185,0,-163,-220,-27
48,-97,0,-192,10,-276
80,-133,0,185,263,298
94,-42,0,432,154,1
146,-135,0,-5,3,113
66,-9,0,65,-132,-146
208,-60,0,-65,-201,-384
120,94,0,209,-341,-33
158,93,0,86,13,-25
99,28,0,-64,-252,130
105,70,0,-201,-18,-180
187,6,0,36,-286,225
77,-12,0,107,-232,-151
75,37,0,177,100,261
144,80,0,71,120,-145
165,-4,0,117,391,-169
209,124,0,-41,84,-332
224,-35,0,147,3,80
48,16,0,34,267,311
186,104,0,-74,-160,188
72,48,0,-22,-125,-254
9,-5,0,286,-136,98
151,-39,0,50,-138,192
185,56,0,-105,99,-523
55,-138,0,355,8,73
14,-40,0,-97,-88,36
144,-127,0,-191,-35,296
70,-229,0,58,-26,-287
138,-36,0,77,255,-146
129,-265,0,-57,194,110
4,-226,0,-125,198,-61
33,-232,0,56,-108,-49
24,-200,0,84,-12,-84
-77,-342,0,227,-52,17
-63,-268,0,-221,-198,-286
28,-230,0,-17,223,-126
-55,-367,0,146,-229,-368
-75,-494,0,72,32,27
-48,-334,0,-107,2,-21
-157,-444,0,197,-138,-60
-100,-444,0,-59,-26,-202
-219,-437,0,-192,-178,190
-224,-448,0,-51,386,28
-171,-606,0,9,-19,545
-119,-454,0,133,-210,3
-190,-472,0,-301,-72,-425
-231,-509,0,25,-22,-141
-83,-590,0,-108,-418,-129
-213,-516,0,106,26,-21
-143,-540,0,-109,208,-360
-137,-576,0,-296,69,30
-141,-491,0,-276,187,349
-166,-538,0,-400,204,-208
-162,-546,0,113,-74,-75
-201,-493,0,-100,186,193
-128,-485,0,-177,4,155
-126,-433,0,-85,-98,50
-74,-430,0,344,85,-173
-179,-441,0,33,-337,-1
-93,-427,0,-259,-144,145
-109,-483,0,-97,342,-4
-82,-413,0,15,-140,-142
-101,-328,0,14,-35,132
-95,-335,0,-112,-154,-234
-72,-283,0,-77,210,-172
-80,-413,0,-153,-249,-618
51,-251,0,-131,461,-290
-37,-282,0,-52,-74,241
-45,-266,0,179,-139,351
-41,-226,0,361,13,-78
44,-197,0,-122,46,409
124,-202,0,-35,-208,-40
50,-171,0,301,5,95
54,-170,0,66,41,13
77,-96,0,-169,-212,277
104,-123,0,195,-174,-364
81,-105,0,238,-250,178
103,-199,0,227,-228,3
60,-57,0,325,143,56
59,85,0,-42,217,285
186,-26,0,-206,91,-359
102,-16,0,141,-164,189
145,4,0,-235,-14,14
117,-9,0,-143,211,123
208,91,0,-255,86,182
231,56,0,202,97,-71
145,63,0,-98,-177,7
147,92,0,383,152,-144
168,37,0,-60,-160,-190
155,-80,0,275,498,-408
85,-19,0,85,211,-175
145,-12,0,249,-76,-103
189,85,0,-68,0,-53
67,6,0,76,-178,80
126,-72,0,297,62,51
42,12,0,-128,-26,24
48,-52,0,156,-374,-432
122,-114,0,-138,-77,388
100,-56,0,286,7,110
118,-109,0,-158,238,302
-24,-250,0,251,-80,112
38,-241,0,231,3,-34
72,-107,0,-91,373,-229
32,-261,0,-90,-236,181
-5,-239,0,-147,187,249
-41,-321,0,1,94,101
-29,-346,0,-13,-188,5
-86,-332,0,218,-94,154
-99,-387,0,-130,19,-13
15,-396,0,-176,-19,84
-11,-392,0,19,-234,-36
-141,-482,0,-35,43,134
-192,-503,0,-444,-34,194
-113,-417,0,181,-143,243
-145,-490,0,298,44,93
-30,-533,0,-241,161,-57
-199,-576,0,-131,301,2
-122,-480,0,293,104,-78
-118,-497,0,-141,-195,-56
-105,-524,0,242,-204,-6
-157,-569,0,85,141,3
-145,-577,0,109,-451,-102
-123,-580,0,61,-145,308
-114,-551,0,36,-120,-45
-286,-516,0,-66,-76,150
-189,-510,0,-156,22,-250
-200,-595,0,-19,242,-67
-100,-564,0,290,-38,-1
-154,-527,0,311,-143,81
-143,-514,0,42,-46,-5
-169,-517,0,130,263,22
-111,-459,0,-283,325,-330
-102,-464,0,109,170,64
20,-408,0,-262,-220,-375
-70,-428,0,524,81,-7
-56,-390,0,-213,-80,-238
-42,-423,0,-144,-16,87
46,-351,0,-68,-53,-265
-77,-332,0,270,-211,-321
17,-306,0,-213,-129,-198
-82,-279,0,-163,-41,201
18,-230,0,292,166,-429
12,-248,0,-178,158,260
72,-209,0,320,-124,19
25,-147,0,-143,-94,158
18,-114,0,-114,-177,177
9,-88,0,-240,74,-211
97,-73,0,-303,-125,163
141,-32,0,-195,-165,-214
93,-78,0,-329,-29,-475
182,-100,0,29,161,-204
149,-55,0,73,408,-298
183,19,0,-431,131,674
184,61,0,-155,26,357
189,28,0,-373,189,-182
161,66,0,652,145,-531
128,-1,0,214,-76,-363
206,32,0,-241,412,-11
173,-3,0,221,-278,65
98,-23,0,98,-80,228
97,-31,0,-151,-102,-172
127,62,0,-66,-17,514
163,40,0,129,-58,-283
261,-13,0,-336,-65,36
174,64,0,-523,352,5
139,-1,0,-178,-61,49
146,16,0,55,-154,88
171,-67,0,233,-269,-167
16,-121,0,-284,-36,77
105,-125,0,301,-105,94
106,-87,0,-55,23,-265
77,-128,0,226,243,-330
67,-170,0,435,166,219
123,-109,0,21,-243,-156
108,-51,0,171,-506,15
1,-183,0,-7,108,-8
-78,-159,0,63,-64,-66
-45,-255,0,132,-143,165
-36,-400,0,180,18,68
-58,-310,0,-247,201,46
-100,-341,0,149,-104,-242
26,-331,0,65,189,-158
-122,-320,0,-13,-38,16
-81,-379,0,309,-316,72
-66,-308,0,25,-294,-16
-96,-486,0,-134,-86,-92
-75,-514,0,-98,-173,169
-169,-527,0,188,289,-212
-184,-466,0,188,190,89
-43,-625,0,211,242,54
-199,-627,0,-508,-249,67
-68,-533,0,32,-40,-131
-24,-487,0,-307,-68,-227
-245,-516,0,32,-95,-50
-253,-511,0,-68,466,296
-101,-525,0,-106,150,128
-159,-527,0,71,21,-209
-116,-638,0,12,77,-4
-79,-480,0,327,-84,-298
-99,-573,0,5,-73,-1
-196,-497,0,-59,-60,83
-144,-503,0,-67,-152,227
-186,-462,0,206,185,-114
-126,-448,0,259,87,-306
-130,-460,0,-119,96,-3
-122,-437,0,47,326,-57
-72,-484,0,-164,-374,-91
-20,-401,0,78,107,-111
-23,-423,0,-211,196,22
-119,-302,0,-22,42,365
81,-353,0,489,-150,34
57,-288,0,-353,-403,63
-79,-223,0,-375,-19,250
-60,-244,0,27,260,-141
20,-285,0,-92,-111,86
4,-225,0,-137,-207,167
43,-165,0,-149,-53,-202
70,-112,0,-136,-86,-109
36,-115,0,366,64,-335
92,-76,0,-99,201,-242
33,-71,0,-126,404,60
77,-38,0,-432,-25,320
100,-95,0,-28,-242,-79
92,-21,0,-48,52,18
57,1,0,-155,78,639
100,-72,0,-192,222,44
215,18,0,3,-55,204
143,5,0,-267,-475,-253
109,23,0,112,159,-109
92,140,0,-91,-195,-173
165,35,0,-167,193,-171
193,54,0,-63,-190,42
202,37,0,127,-49,17
160,156,0,207,-18,312
138,-45,0,43,63,-190
77,18,0,-51,266,9
95,40,0,39,247,-117
106,-81,0,-172,-171,218
161,-120,0,-265,-29,298
142,30,0,-103,-366,129
140,34,0,-160,450,15
54,49,0,-169,167,-93
133,-136,0,-257,-211,-18
153,-100,0,-52,98,166
81,-151,0,-298,-171,146
156,-114,0,-178,-196,99
9,-134,0,189,-23,217
-28,-139,0,234,-194,-162
51,-223,0,206,-111,-44
-31,-277,0,96,179,-150
-21,-139,0,-154,305,212
-8,-343,0,-93,406,-63
-82,-329,0,-220,334,-123
-78,-370,0,228,282,-239
-25,-369,0,105,220,-55
-9,-446,0,-3,107,357
-97,-398,0,-375,36,-365
-111,-409,0,238,-113,-213
-13,-438,0,-20,55,-430
-128,-467,0,-63,-257,228
-131,-531,0,-153,-183,-243
-95,-546,0,178,83,-26
-128,-535,0,38,3,-65
-157,-452,0,-85,172,352
-149,-562,0,-88,23,-283
-229,-550,0,-450,127,196
-156,-552,0,-17,-267,-296
-65,-544,0,-238,157,187
-117,-606,0,-87,-101,49
-155,-519,0,-244,75,-14
-219,-497,0,-60,17,-122
-127,-455,0,-7,197,-141
-139,-560,0,101,8,-26
-219,-509,0,431,82,-24
-101,-542,0,5,-9,-5
-94,-515,0,3,405,-190
-182,-534,0,156,-310,212
41,-421,0,-314,302,131
-167,-435,0,-135,62,36
-101,-478,0,-38,-159,-239
-91,-408,0,99,206,-329
-63,-324,0,182,31,-362
-59,-465,0,-165,-167,7
-71,-209,0,-91,-150,-25
18,-296,0,116,-54,175
129,-280,0,153,274,-137
-75,-322,0,97,-84,24
42,-281,0,85,131,101
-0,-186,0,483,27,-154
31,-156,0,78,118,399
31,-102,0,130,-205,-75
64,-131,0,-51,-229,-184
105,-25,0,119,312,111
63,-104,0,335,-24,125
115,-123,0,-56,-66,110
125,-46,0,-108,99,340
170,51,0,-181,-14,77
103,30,0,113,105,124
121,51,0,-38,186,42
64,13,0,-164,-59,532
136,69,0,207,-331,-5
144,113,0,-93,20,-405
140,122,0,89,164,-109
218,102,0,129,296,-71
100,10,0,109,53,66
171,-2,0,117,106,-394
231,43,0,-149,-47,103
72,86,0,-14,-521,-163
128,51,0,222,60,6
245,-6,0,64,-53,-139
236,-45,0,-497,-34,241
97,85,0,27,183,-94
166,83,0,52,187,-164
102,9,0,-35,-138,349
60,-79,0,-18,-72,-78
18,-78,0,90,87,66
42,-109,0,-66,-162,-153
41,-144,0,20,344,241
35,-219,0,86,-328,-77
0,-105,0,90,338,30
-39,-252,0,-103,192,230
-21,-230,0,-42,-16,-49
-25,-186,0,305,369,328
-57,-233,0,116,-37,61
-70,-403,0,-258,-205,89
-58,-328,0,248,400,23
-121,-302,0,328,-355,177
-19,-368,0,-188,-387,-403
-196,-469,0,261,140,-140
-71,-353,0,103,-15,-75
-146,-434,0,305,14,-192
-122,-516,0,48,-246,174
-40,-414,0,-14,21,-99
-143,-526,0,-40,-263,-20
-97,-500,0,-222,-112,114
-123,-500,0,65,86,-18
-25,-424,0,8,350,-241
-136,-630,0,458,-70,-46
-196,-506,0,-192,152,156
-140,-547,0,124,2,18
-227,-457,0,-20,144,161
-181,-579,0,-206,188,-47
-161,-500,0,-102,65,-62
-156,-531,0,-5,293,-100
-108,-512,0,84,89,-45
-160,-516,0,60,-187,231
-74,-466,0,119,-117,-78
-147,-614,0,-76,-64,-37
-91,-480,0,107,313,123
-133,-416,0,-308,316,185
-47,-443,0,-169,-159,268
-22,-404,0,-131,157,-14
-46,-410,0,198,120,-91
-136,-416,0,-38,-34,-93
-63,-403,0,-234,-253,33
-63,-300,0,222,-163,66
-54,-337,0,60,13,203
-25,-360,0,-38,22,-449
48,-193,0,242,-288,98
-107,-190,0,-104,-147,-25
-10,-280,0,-151,-442,-248
79,-195,0,-116,205,-67
45,-120,0,211,-181,-82
55,-153,0,54,-200,105
68,-172,0,-52,-243,292
48,-84,0,42,100,-55
144,-56,0,-287,34,198
124,-21,0,-75,106,-192
163,-68,0,458,-123,-375
195,28,0,229,314,-164
67,23,0,-243,10,-222
150,95,0,15,147,178
120,42,0,-318,-167,-228
231,-86,0,209,-468,339
114,92,0,-3,100,-233
176,1,0,55,55,-244
145,56,0,-318,-426,-332
107,-31,0,-122,-415,39
137,139,0,-181,188,83
187,-11,0,-180,122,-54
85,-32,0,155,-54,61
122,35,0,301,-434,-53
129,21,0,182,259,33
171,-7,0,-86,-161,-63
199,-40,0,-330,31,74
83,1,0,93,-337,251
204,-99,0,11,-207,-110
1,-157,0,162,204,-178
89,-91,0,37,-88,-339
84,-95,0,183,93,188
72,-157,0,195,58,-45
52,-85,0,-14,-231,273
-85,-156,0,100,316,267
-6,-252,0,-128,-302,17
32,-174,0,-119,40,25
11,-286,0,-95,13,292
-89,-346,0,77,-21,-622
-40,-242,0,210,-167,-9
-113,-430,0,-103,124,-234
84,-306,0,80,125,74
-104,-375,0,24,402,-185
-80,-457,0,210,-94,159
-104,-511,0,27,-26,330
-80,-474,0,6,305,72
-53,-491,0,29,-69,-152
-21,-513,0,259,-62,253
-166,-425,0,-284,153,155
-141,-521,0,59,-21,86
-216,-546,0,18,-144,530
-195,-587,0,61,243,188
-150,-506,0,146,226,259
-157,-543,0,-177,259,46
-108,-582,0,41,37,129
-203,-559,0,372,105,-69
-99,-478,0,-68,161,360
-126,-461,0,281,152,192
-122,-526,0,72,303,-51
-142,-549,0,437,-7,72
-136,-574,0,297,267,56
-83,-468,0,-73,-124,-127
-133,-539,0,181,-63,-17
-72,-479,0,-364,285,341
-158,-456,0,300,213,194
-34,-361,0,-331,72,78
-36,-378,0,126,-155,16
19,-411,0,-81,348,241
-23,-411,0,67,-94,164
-103,-406,0,268,155,44
-60,-270,0,-189,133,122
-52,-306,0,-569,-127,-96
12,-272,0,118,188,-60
-31,-222,0,57,-37,-145
55,-245,0,49,-24,-159
-25,-199,0,89,298,93
12,-192,0,-141,-59,-117
-9,-100,0,-133,112,-71
87,-210,0,5,-160,143
56,-108,0,42,-181,-81
139,-191,0,-323,-279,391
130,-59,0,-412,-199,73
9,-3,0,292,-361,-176
104,30,0,373,158,-82
67,-55,0,36,26,42
160,-23,0,-126,367,-149
181,81,0,-161,-19,-148
169,28,0,-473,-259,259
146,-7,0,-110,-279,-96
97,-37,0,-171,-15,-152
114,56,0,60,33,-104
110,102,0,343,89,111
159,79,0,37,-293,264
219,3,0,311,43,-40
97,110,0,8,21,7
214,97,0,147,75,-273
32,-17,0,30,520,-19
158,-53,0,163,53,130
177,70,0,73,-196,270
102,-94,0,-40,-113,-100
144,-89,0,-342,-12,63
-1,-134,0,-32,166,-379
15,-75,0,273,7,-77
54,-214,0,86,272,-31
3,-97,0,257,73,-289
37,-146,0,-26,-232,164
20,-142,0,126,47,34
17,-210,0,88,-94,-2
-18,-316,0,-44,-107,-398
78,-232,0,35,70,-74
33,-295,0,257,18,-255
-46,-292,0,276,-115,85
-0,-455,0,74,-199,165
18,-414,0,1,232,-370
-139,-299,0,-296,-219,162
-84,-388,0,-32,191,-237
-137,-340,0,104,314,-149
-38,-515,0,66,348,110
-108,-500,0,-101,-315,-333
-72,-552,0,71,309,365
-170,-421,0,-85,132,249
-249,-533,0,108,-107,-219
-98,-566,0,-163,-225,287
-153,-473,0,34,-91,177
-237,-582,0,-7,177,-44
-139,-594,0,402,-17,-135
-129,-630,0,-561,59,10
-141,-456,0,-217,80,90
-139,-593,0,-415,-329,47
-108,-591,0,191,-28,-204
-186,-465,0,309,-114,-224
-131,-525,0,241,-256,-31
-275,-547,0,-337,-176,22
-109,-553,0,115,-159,44
-85,-536,0,-39,358,63
-134,-438,0,-238,-144,-61
-182,-489,0,-391,175,-298
-143,-514,0,232,41,59
-43,-552,0,-244,-471,-164
-18,-431,0,-275,-303,387
-90,-383,0,137,206,9
32,-348,0,-251,-80,185
-26,-352,0,298,117,-44
-3,-255,0,301,124,403
38,-307,0,-127,90,-11
18,-197,0,391,268,332
19,-245,0,22,-95,-296
29,-185,0,46,433,-145
11,-171,0,50,464,-106
33,-250,0,280,-264,-178
38,-192,0,-69,176,129
157,-154,0,-295,156,-293
69,-24,0,211,34,-35
123,-47,0,-266,86,2
139,-134,0,32,73,245
140,44,0,-46,-303,-270
57,15,0,229,-185,-120
137,33,0,209,-227,-85
20,-51,0,347,-320,69
137,23,0,-320,68,69
198,19,0,355,297,64
226,68,0,92,-103,-38
172,79,0,-304,-150,-178
213,22,0,261,-27,131
143,34,0,52,-68,210
90,-2,0,-41,-24,-154
209,105,0,253,290,-112
92,-71,0,-204,221,-41
117,18,0,444,-21,90
198,16,0,-7,66,177
51,-34,0,-30,-89,392
136,-49,0,-40,-112,124
127,-9,0,-151,-57,263
63,-64,0,-156,-120,282
106,-17,0,-19,-21,262
25,-65,0,-68,-85,-317
49,-99,0,70,-23,-47
1,-119,0,-118,347,63
130,-148,0,-10,-155,-67
66,-160,0,-16,65,12
-2,-261,0,231,-0,-141
-15,-389,0,-329,232,4
-132,-328,0,-333,235,143
-23,-272,0,10,17,-26
-80,-301,0,-57,-36,138
54,-501,0,140,274,-6
-126,-368,0,-94,132,326
-16,-366,0,-107,24,-24
-128,-431,0,68,-166,5
-52,-426,0,47,299,-181
-89,-416,0,-144,-69,1
-194,-471,0,233,127,-229
-163,-509,0,385,181,-145
-92,-475,0,-171,14,-59
-99,-641,0,-431,-211,-149
-124,-544,0,345,-49,146
-140,-511,0,353,-41,-25
-251,-529,0,-128,163,-67
-229,-532,0,-28,107,-127
-267,-507,0,-115,217,-227
-68,-580,0,63,-132,291
-215,-451,0,57,-167,-164
-194,-551,0,-221,68,100
-166,-518,0,-164,101,148
-119,-483,0,-39,-195,51
-75,-493,0,33,-193,348
-129,-479,0,120,42,-41
-141,-521,0,199,62,167
-12,-406,0,-4,-56,54
28,-445,0,90,-302,-84
-162,-523,0,28,-99,-44
-143,-368,0,-179,-275,96
-53,-366,0,166,-146,77
12,-438,0,56,-279,367
-144,-319,0,216,-366,-20
-23,-360,0,128,-206,167
34,-316,0,132,-160,-1
20,-306,0,-0,-291,128
-60,-207,0,-101,-414,42
-36,-232,0,-91,-241,-296
-53,-193,0,68,-74,-156
41,-237,0,-27,-180,-507
33,-173,0,30,7,-153
103,-132,0,-55,-381,55
39,-150,0,-41,104,294
100,8,0,44,-56,-114
131,-88,0,85,-107,409
-0,-60,0,106,-247,-183
175,-42,0,-70,-297,156
158,21,0,6,135,161
171,-45,0,183,60,227
185,-61,0,257,-172,-292
148,78,0,69,86,-150
187,9,0,-191,19,88
135,87,0,279,201,-6
114,52,0,-197,-344,151
206,61,0,354,-447,-371
219,9,0,-117,-23,42
129,144,0,233,-74,-248
147,-74,0,492,61,-70
140,70,0,-45,-213,387
169,24,0,170,-33,322
51,15,0,20,-249,84
164,-32,0,-132,132,184
121,4,0,-316,-397,-388
137,-47,0,-109,-31,-142
51,-140,0,-2,210,-234
125,-89,0,-170,44,272
48,-81,0,-20,-442,33
21,-157,0,88,161,171
170,-158,0,406,48,318
52,-223,0,4,199,209
12,-187,0,-120,368,-76
-84,-106,0,484,-48,-29
12,-270,0,181,-260,-93
-24,-273,0,231,49,88
-4,-327,0,131,31,56
-108,-389,0,-176,-446,143
-80,-417,0,-14,-164,276
-129,-346,0,-403,-443,-130
-56,-480,0,-236,26,-175
-145,-476,0,94,199,-330
-133,-460,0,-5,-27,-146
-71,-471,0,200,75,427
-46,-514,0,-118,272,-150
-157,-535,0,126,-557,-328
-56,-392,0,226,-13,255
-118,-446,0,40,-293,145
-125,-533,0,-322,173,349
-125,-610,0,0,-7,98
-164,-543,0,120,263,-226
-137,-562,0,89,222,-21
-153,-626,0,-130,-101,136
-191,-494,0,-187,149,-49
-130,-608,0,-135,-320,145
-139,-568,0,169,-148,180
-177,-538,0,-33,378,16
-157,-444,0,78,217,53
-93,-539,0,-396,185,60
-113,-455,0,47,-70,-406
-210,-415,0,-268,-104,77
-193,-450,0,-34,206,268
14,-443,0,251,142,45
-142,-398,0,-520,15,-399
-24,-365,0,65,-266,153
-68,-404,0,-62,108,108
-31,-334,0,-199,-20,-46
-28,-309,0,5,97,-126
-107,-368,0,-139,-216,-41
-15,-224,0,-146,275,83
77,-264,0,198,-491,-140
-13,-221,0,134,-28,17
-76,-146,0,98,85,129
36,-187,0,-261,45,63
55,-140,0,-69,-361,-107
30,-61,0,-95,-153,50
111,-77,0,133,235,277
164,-57,0,348,386,331
206,-11,0,22,255,-174
5,-34,0,-354,-138,-384
175,-26,0,302,-185,-158
153,31,0,239,-151,27
174,11,0,-16,-90,-11
68,-13,0,-60,-101,-112
128,58,0,-139,-353,70
148,19,0,111,-188,-16
162,65,0,-39,251,95
91,47,0,-39,-72,-108
117,72,0,44,113,-227
167,63,0,-204,-102,-144
137,25,0,-105,101,-142
185,41,0,-335,-292,-259
184,29,0,-87,292,-85
36,47,0,95,110,-122
31,36,0,117,50,-206
121,-6,0,50,259,-46
112,-40,0,-55,-99,320
37,-61,0,202,120,185
96,-65,0,-67,-29,-0
-19,-99,0,5,10,-240
95,-134,0,-133,146,286
72,-132,0,190,-169,-180
24,-58,0,-261,-140,-84
18,-95,0,111,-460,-6
16,-214,0,-169,347,-129
-42,-229,0,-200,-361,11
-32,-304,0,-120,200,-217
0,-313,0,430,-14,14
-117,-345,0,18,-66,-33
-60,-342,0,-39,-120,308
-23,-384,0,0,191,179
-118,-392,0,-352,-25,503
-132,-455,0,196,173,151
