-1,-263,-7,-13,-23,-16
56,-216,40,6,-12,-31
-1,-261,16,20,-11,14
-39,-303,-52,-15,8,22
-9,-276,-22,-4,-6,-15
47,-200,48,-29,0,-5
28,-234,28,-4,-31,-12
-49,-299,-26,-1,-21,30
-54,-280,-41,-16,-4,-8
43,-207,42,-12,-11,-19
76,-193,32,-19,-6,12
-35,-289,-18,23,-1,-53
-52,-321,-49,-33,3,-1
3,-239,23,36,12,26
40,-195,77,1,16,-10
-11,-260,-20,37,-0,-17
-67,-304,-56,-4,-18,3
-21,-257,-12,-12,11,25
56,-223,52,-0,-10,-7
48,-254,10,-19,23,31
-53,-305,-38,-16,2,6
-25,-293,-22,35,-8,22
54,-214,58,-21,6,-31
38,-222,28,3,17,34
-52,-276,-17,-37,7,-46
-46,-301,-37,-7,-12,19
17,-235,19,16,-19,5
40,-228,37,8,-4,10
-24,-273,-17,-28,64,-21
-42,-294,-51,-9,20,5
17,-260,1,-17,-10,-16
54,-223,53,-5,-2,-10
11,-265,-7,18,-3,9
-42,-296,-53,-5,-43,-10
-5,-274,-5,-33,-0,-19
48,-213,39,-1,-0,-21
14,-236,36,-31,4,21
-36,-304,-32,-12,-30,-0
-29,-286,-23,-25,-12,-14
35,-228,37,24,-25,-3
19,-211,39,10,28,15
-21,-294,-15,-9,8,-18
-51,-318,-53,-7,17,-26
15,-241,13,18,-20,25
42,-210,43,-11,13,40
2,-281,13,-35,-23,42
-48,-299,-71,21,3,63
-7,-260,-16,-29,10,-14
50,-201,42,-1,-17,-19
12,-242,-3,-18,-0,28
-47,-307,-52,-34,-4,-21
-44,-261,-29,13,-7,8
41,-207,53,1,-36,-29
44,-217,38,19,-35,-20
-33,-292,-36,-5,-37,-50
-46,-285,-45,15,-17,-24
49,-232,36,-1,5,16
44,-192,51,12,4,-6
-31,-289,-6,-17,17,38
-66,-294,-46,24,-39,1
11,-250,-9,-1,15,1
42,-205,33,-14,-42,20
-11,-256,-4,16,6,4
-49,-290,-35,-2,-16,28
-11,-295,2,4,-11,-17
45,-199,54,-40,2,33
-4,-254,31,-30,48,-0
-29,-319,-58,-20,19,6
-25,-292,-15,-38,-44,2
23,-214,39,-12,18,-9
53,-217,35,11,11,-20
-28,-294,-13,-4,27,3
-41,-285,-39,-49,-12,-6
30,-224,24,-13,17,-14
51,-210,60,15,10,-26
-18,-271,-12,-19,-13,-11
-56,-300,-34,-28,11,-1
-3,-234,17,26,-16,-18
43,-204,45,-18,23,-16
-5,-246,29,1,-9,5
-52,-286,-52,7,-32,13
-19,-270,-4,-61,9,30
58,-199,24,0,7,33
14,-213,24,-76,-17,-10
-31,-275,-37,13,7,4
-24,-301,-37,11,11,-21
39,-202,23,-27,-8,-7
42,-224,39,-15,-7,-44
-30,-275,-30,-0,8,28
-56,-313,-41,-12,8,-4
18,-250,25,-3,11,-22
46,-207,43,29,4,-18
-2,-252,3,-22,3,31
-49,-304,-49,7,-23,-19
-3,-267,-4,-12,7,14
47,-211,45,10,-21,2
21,-264,11,1,10,-0
-68,-300,-42,14,21,8
-34,-270,-26,-14,7,-9
29,-218,44,-5,-0,14
22,-218,34,-20,5,14
-33,-281,-37,50,12,-2
-34,-287,-30,-21,-1,26
32,-221,42,-9,32,-8
46,-206,51,21,11,-16
2,-274,-20,44,11,35
-48,-293,-21,28,-21,4
23,-250,10,-31,-22,5
50,-192,32,-42,12,-1
19,-253,-0,17,-13,0
-47,-314,-67,32,-4,-3
-12,-266,-32,-32,17,12
64,-213,51,1,-13,33
-5,-230,18,14,-35,22
-35,-301,-58,3,30,40
-25,-277,-35,-19,-20,-34
42,-225,48,-17,8,37
46,-223,38,11,15,-1
-22,-296,-32,-24,-10,15
-38,-296,-48,-1,4,16
2,-222,10,11,-11,-45
41,-204,64,15,13,5
2,-273,-6,12,-18,10
-53,-309,-48,-3,26,6
-6,-256,1,11,29,27
56,-222,47,10,-4,2
17,-253,12,-19,19,17
-37,-300,-58,-17,-13,7
-21,-270,-31,-5,-2,1
55,-216,50,6,-4,7
36,-217,34,-1,6,-3
-56,-286,-55,-10,-23,-22
-57,-294,-38,-22,-21,4
34,-219,21,11,2,-9
47,-203,31,-5,-4,-9
-39,-281,-13,31,-8,9
-49,-291,-35,-26,-9,-5
0,-242,14,-54,-11,-61
50,-209,59,7,18,-14
9,-272,6,-4,-31,-4
-55,-297,-48,11,-9,11
-3,-258,0,7,-19,16
64,-219,55,-22,9,-39
17,-261,18,-21,-19,12
-43,-301,-52,-0,12,8
-21,-286,-27,-24,16,9
36,-227,50,1,0,-21
57,-227,19,-14,-2,4
-32,-301,-24,6,-14,4
-44,-317,-43,7,8,-20
16,-225,12,-35,-17,28
48,-204,43,-16,-15,18
-25,-277,-7,27,4,14
-75,-295,-65,-26,-1,4
-6,-250,13,19,1,8
47,-212,32,9,44,-9
8,-242,-2,10,-23,-12
-59,-314,-42,-4,17,40
-19,-275,-11,-12,-24,-8
31,-208,26,31,45,19
31,-249,22,-38,1,32
-24,-291,-31,5,-5,35
-34,-277,-39,-19,3,-7
15,-219,41,24,-10,28
37,-190,34,-1,9,-9
-31,-296,-33,12,6,-47
-47,-310,-58,-12,-22,-0
22,-242,20,10,38,-24
45,-219,50,18,24,25
-13,-255,-17,0,0,1
-37,-296,-38,28,-24,-17
-3,-260,-13,-42,-7,1
49,-203,52,-7,-13,4
12,-267,4,19,9,-11
-36,-291,-55,-24,32,14
-13,-294,-24,21,27,-17
30,-210,26,8,10,-28
29,-236,25,-4,22,22
-37,-284,-47,-22,-39,44
-52,-287,-36,9,9,-15
36,-227,19,13,-4,-10
38,-212,46,-26,10,4
-22,-271,-17,-0,-3,-14
-42,-300,-36,-14,3,-19
13,-243,19,-31,34,1
56,-229,48,24,1,-4
9,-240,4,3,-25,14
-47,-292,-34,20,28,9
-19,-265,-12,-8,4,-26
44,-204,39,-27,20,1
12,-228,10,2,-4,-16
-47,-295,-40,-16,7,-14
-27,-286,-25,-9,18,-12
48,-225,41,-17,-35,-46
30,-216,39,-9,48,-9
-32,-279,-26,-34,9,21
-48,-293,-40,8,5,8
33,-214,18,-22,13,-11
51,-206,54,-11,15,12
-1,-277,-24,-17,27,12
-53,-303,-53,-19,16,-18
-1,-241,12,-26,20,-9
48,-216,66,19,17,47
19,-256,7,-12,51,24
-52,-306,-41,19,-33,-49
-38,-289,-21,3,-2,2
38,-226,56,26,-6,-11
9,-217,28,6,20,3
-56,-282,-38,-17,41,4
-35,-271,-26,1,-22,-44
30,-210,29,19,-11,-3
43,-206,55,11,6,9
-18,-271,-21,-6,10,19
-39,-315,-42,-27,45,2
19,-235,16,31,11,30
48,-205,49,10,11,-9
15,-251,-8,-19,16,-30
-40,-303,-66,-44,-0,19
-5,-251,-12,-32,27,-34
59,-208,34,23,-12,20
7,-243,3,-5,0,12
-30,-288,-54,-3,-3,7
-22,-274,-23,-10,-13,5
49,-218,58,17,-29,-13
35,-228,25,-26,-39,-14
-27,-286,-43,-27,-9,44
-40,-283,-51,0,-28,29
3,-224,27,6,17,19
53,-205,33,13,-15,36
-12,-287,-33,25,-3,-19
-40,-302,-41,26,-28,-35
-5,-251,7,-9,-36,-4
40,-207,48,7,-6,-15
-9,-272,-12,-1,-6,-11
-57,-296,-24,3,-18,13
-20,-262,0,-22,6,8
29,-206,64,20,-20,-7
19,-228,20,7,35,19
-41,-283,-38,22,-13,30
-34,-286,-48,-8,22,22
39,-218,39,3,6,-6
47,-226,59,13,-18,-19
-30,-264,-46,12,-31,5
-43,-284,-49,-13,7,7
28,-247,17,-13,17,-10
27,-191,41,17,-32,3
-19,-250,-14,-13,-13,-34
-35,-287,-46,-0,11,21
23,-265,-0,21,16,-12
56,-203,61,-1,-27,12
15,-251,2,1,35,6
-61,-307,-39,11,-14,-17
-7,-262,-19,-20,-13,3
51,-236,56,3,-20,27
31,-206,15,-2,25,-10
-44,-309,-33,6,0,1
-28,-277,-35,17,-30,27
8,-229,40,13,8,-10
17,-220,34,1,12,-7
-24,-298,-37,-38,1,-13
-52,-314,-38,-3,2,1
6,-239,7,-2,-15,-18
54,-211,41,25,-26,-3
7,-263,4,10,-6,1
-52,-303,-58,26,-22,-55
-19,-266,-21,-16,46,16
38,-196,42,-12,-10,28
30,-227,21,15,39,10
-34,-299,-64,12,-12,3
-17,-278,-19,8,-7,-16
42,-217,38,30,-4,-14
37,-212,47,31,10,-28
-35,-292,-30,3,9,-6
-36,-291,-35,46,14,0
31,-250,10,16,4,28
37,-226,38,-17,-4,19
-15,-276,-39,23,17,-14
-32,-316,-38,30,29,-7
6,-268,-4,-1,16,20
64,-207,62,15,8,41
18,-238,5,-7,-37,-4
-50,-313,-47,21,-1,-9
-2,-254,-8,6,-8,27
39,-213,31,3,-26,-7
5,-235,29,-17,-42,-1
-22,-296,-32,13,18,8
-17,-289,-36,-4,12,3
43,-217,31,11,-8,35
50,-210,11,-14,47,-36
-35,-284,-41,-28,12,23
-59,-299,-55,-20,40,-4
9,-244,16,46,-18,9
65,-203,46,31,3,-8
-20,-268,-2,7,-16,6
-52,-321,-59,6,11,17
-15,-265,12,-20,-6,-23
57,-222,45,27,3,46
18,-252,19,19,6,-19
-56,-313,-40,8,26,-17
-23,-276,-30,3,46,-0
40,-227,49,-5,-17,46
29,-222,23,-3,30,-17
-53,-294,-25,-19,-13,-2
-52,-305,-27,-2,-36,-23
28,-249,33,-29,17,40
39,-203,42,-8,20,23
-9,-280,11,-28,3,1
-53,-300,-37,3,4,2
6,-250,3,-2,6,21
65,-214,47,-15,1,32
-7,-244,-6,5,8,-5
-55,-314,-45,-11,-21,-44
-2,-267,-10,1,-4,19
35,-209,44,7,-14,-11
21,-258,25,38,-1,3
-44,-303,-48,45,7,-15
-45,-277,-37,2,10,14
38,-214,28,-4,-12,-8
48,-213,40,-3,26,5
-27,-291,-31,-2,-0,11
-41,-295,-37,-11,-11,-4
37,-250,22,18,6,7
34,-204,57,-41,-39,22
-26,-257,-11,28,-27,-7
-36,-307,-49,24,16,50
-8,-264,5,-16,2,-44
44,-204,35,12,36,12
5,-245,9,8,-10,5
-45,-321,-24,-5,-7,-8
-2,-279,-31,21,-44,14
38,-227,32,-1,16,37
24,-216,28,1,22,-19
-37,-268,-46,-13,26,10
-22,-289,-38,26,5,25
43,-222,30,-16,-22,8
51,-220,37,-2,29,-29
-26,-268,-16,11,-6,-12
-49,-310,-45,18,14,-43
-2,-249,20,-15,-5,-2
58,-189,43,-20,-30,24
19,-269,6,34,-25,7
-48,-298,-44,-43,1,-18
-22,-255,-10,-2,3,2
64,-215,57,-5,-2,14
11,-241,-3,-16,3,11
-56,-313,-22,-3,11,21
-25,-276,-21,-27,-16,-13
38,-228,28,29,-16,53
33,-217,30,-10,6,29
-23,-297,-14,-28,11,5
-55,-299,-49,20,10,21
21,-236,35,13,20,24
53,-213,52,11,8,-37
-16,-272,-16,7,22,1
-52,-327,-60,6,30,14
3,-247,-2,-1,-13,30
40,-213,38,-10,3,-7
6,-244,-22,8,-11,-9
-46,-305,-68,-34,38,7
-19,-255,-0,-15,9,-13
54,-206,66,28,20,4
17,-217,25,27,14,17
-38,-306,-46,-38,0,-18
-35,-292,-27,-15,3,18
15,-218,27,-1,20,1
38,-215,28,4,-12,17
-29,-277,-29,24,-16,-14
-19,-295,-43,16,-13,-5
26,-227,23,-19,-11,6
26,-218,49,20,35,2
-6,-275,9,45,-22,-0
-58,-301,-50,-29,-23,-27
-17,-265,1,26,1,-9
32,-212,55,-9,-24,15
13,-251,20,-23,1,14
-55,-304,-64,-15,-15,-11
-35,-278,-30,-8,-8,0
40,-224,34,23,-8,-18
32,-204,26,12,-17,5
-47,-289,-37,19,14,4
-64,-289,-37,-3,-24,23
24,-235,24,14,10,25
41,-206,49,4,21,-11
-18,-300,-4,13,6,20
-64,-295,-44,-2,4,-26
18,-242,14,3,-24,61
74,-195,52,-11,-3,9
0,-254,-11,1,0,-19
-69,-314,-38,-22,-1,-30
4,-256,-7,56,-6,-16
54,-207,45,-2,-65,4
16,-239,18,-10,20,-37
-46,-306,-40,-14,3,25
-35,-293,-23,13,-56,-30
36,-216,38,-18,-10,19
37,-225,32,-10,27,-9
-25,-281,-21,-16,8,4
-33,-299,-61,26,-1,43
17,-235,-3,-6,22,32
52,-192,36,9,32,-11
-22,-275,-16,18,31,23
-40,-310,-58,12,-11,-10
13,-248,12,12,22,24
55,-198,36,-14,-1,21
15,-257,-3,18,-5,36
-54,-319,-63,-36,-32,6
-15,-272,-11,-28,-32,-27
42,-208,44,-16,1,15
31,-254,12,-22,-4,16
-27,-300,-52,-10,-0,42
-46,-271,-48,32,19,39
22,-226,44,2,9,18
33,-208,39,21,-3,-13
-25,-298,-31,-21,-3,-11
-30,-294,-36,20,32,-48
16,-222,37,-6,-4,-30
58,-199,42,15,-3,13
-9,-238,-3,-17,-16,-27
-44,-296,-54,-21,-24,-1
0,-233,-1,1,8,-1
39,-189,38,12,-21,-8
10,-237,24,5,-4,-0
-47,-293,-46,-1,-22,-24
-27,-279,-41,-15,33,-13
35,-197,50,-28,-5,-45
40,-239,38,-8,-13,0
-39,-302,-37,0,31,-13
-55,-286,-30,12,3,-0
34,-218,40,-5,19,31
70,-219,51,-5,16,-7
-14,-272,-26,2,12,2
-57,-305,-36,9,-17,-40
26,-256,27,-52,5,-3
42,-204,66,-10,-2,6
-5,-251,-2,16,2,20
-62,-327,-48,-8,13,-9
-12,-252,-5,6,17,-10
50,-192,54,-1,14,8
25,-210,29,-2,20,-5
-55,-296,-51,7,-13,7
-12,-297,-24,15,-19,-27
46,-197,39,-26,-33,6
25,-207,47,13,-27,10
-27,-284,-12,-12,38,8
-60,-295,-45,-6,1,-12
30,-238,29,38,-19,-11
29,-212,52,7,-8,-4
6,-271,1,-14,-47,-24
-39,-303,-37,-11,0,8
7,-259,4,7,19,8
65,-218,35,3,-2,-29
-9,-263,20,-13,38,30
-46,-298,-45,8,8,19
-26,-288,-27,40,-17,45
36,-219,37,18,-18,56
31,-236,35,24,5,-42
-31,-290,-26,2,2,4
-36,-305,-37,-45,-38,-23
31,-238,13,-38,-15,13
40,-214,28,-9,-13,-8
-9,-273,-34,-9,27,17
-45,-322,-69,-9,31,28
13,-246,6,-3,17,-18
42,-202,57,13,-15,25
7,-256,16,3,9,0
-36,-306,-43,-8,36,26
1,-255,5,-23,-9,6
35,-184,57,-3,-9,-17
13,-223,11,-11,-14,7
-45,-301,-47,-2,-7,32
-38,-276,-9,31,36,10
37,-211,40,-27,16,11
33,-227,34,3,2,49
-38,-297,-32,-6,-10,-3
-45,-296,-59,-10,13,27
15,-246,37,-7,-25,-19
54,-213,49,2,20,-15
-20,-268,-4,13,-7,25
-49,-319,-57,-0,25,33
9,-253,-7,-28,-47,10
70,-206,48,-1,-7,-10
14,-260,-5,17,-13,-6
-48,-312,-39,11,13,-51
-26,-279,-24,45,5,-8
41,-208,33,9,-6,-13
35,-218,32,-6,-7,-2
-41,-289,-33,40,-10,5
-32,-277,-32,-6,-27,35
33,-218,41,-2,-24,18
64,-216,51,-13,33,-6
-35,-285,-41,1,-3,20
-41,-305,-61,22,-33,3
37,-254,27,-10,29,21
36,-210,41,-3,2,-3
-14,-267,-6,-3,-6,-27
-53,-300,-56,-1,-18,1
-1,-267,-2,5,-8,23
36,-207,60,-2,11,14
23,-232,29,6,24,-16
-32,-329,-38,-2,25,45
-18,-282,-19,6,52,-4
34,-197,45,7,17,-56
23,-229,27,-7,13,6
-42,-295,-27,15,15,-2
-30,-265,-23,21,-20,16
6,-237,28,33,26,-21
35,-207,67,-0,20,-21
-19,-275,-28,-23,10,11
-40,-286,-45,-6,-10,4
17,-254,5,-12,-4,-25
56,-215,54,-2,29,-13
12,-250,-5,53,23,7
-44,-305,-52,-11,14,-5
-9,-248,-19,7,-14,11
43,-201,53,14,-9,24
6,-237,14,-16,-15,-5
-23,-286,-55,-7,17,-10
-34,-290,-25,-7,-14,-23
53,-201,33,10,-29,15
37,-236,29,-19,24,-37
-28,-276,-40,47,-8,-8
-35,-306,-43,-24,-31,32
13,-241,36,6,11,-3
62,-205,46,-21,23,6
-9,-275,-23,41,26,-5
-49,-302,-50,-23,-18,-0
-8,-251,3,-3,-9,-17
49,-200,58,17,-11,-33
8,-245,3,-12,-1,-15
-56,-292,-50,-1,-20,-4
-24,-276,-7,-19,14,15
35,-216,36,21,-4,-8
29,-241,24,12,-16,2
-39,-300,-41,-27,4,-0
-32,-285,-54,-54,11,-5
27,-221,33,-8,1,15
43,-220,32,32,4,-35
-30,-311,-47,22,21,-15
-36,-300,-39,-1,14,-10
-2,-224,10,-27,10,25
47,-213,42,17,-33,-10
-13,-266,1,-8,-2,8
-61,-302,-42,5,18,11
-19,-268,1,-5,29,-4
81,-205,47,13,-7,-38
24,-241,14,-5,27,-37
-51,-314,-67,12,3,-11
-40,-272,-16,-26,-1,25
47,-211,38,22,1,-19
49,-209,15,-13,22,-16
-20,-273,-21,-11,-29,-3
-39,-303,-25,-34,-5,13
30,-230,44,0,-4,13
51,-203,46,7,31,6
-16,-264,-14,-26,16,11
-37,-303,-38,13,-21,-33
14,-257,2,4,21,-12
56,-209,58,-4,-18,-19
16,-266,2,30,-21,22
-46,-317,-28,5,-30,-5
2,-298,-10,-1,53,-2
56,-218,46,15,-32,14
21,-230,-2,-22,-5,-6
-38,-297,-49,-13,23,27
-37,-274,-33,4,-31,-0
32,-235,26,-34,23,8
55,-202,40,45,2,11
-25,-274,-33,-5,-6,-20
-47,-304,-37,-1,7,-10
28,-226,18,-25,-37,-7
49,-215,32,-13,-14,46
-3,-264,-19,-16,-8,-15
-47,-297,-44,-6,-23,-6
0,-260,2,-16,11,-28
63,-217,54,29,-2,2
2,-226,10,-18,-2,-14
-40,-285,-33,4,-4,32
0,-282,-12,-10,-45,12
42,-224,33,-26,6,-1
30,-232,38,12,2,5
-30,-295,-31,-10,-20,7
-24,-278,-31,-43,-10,-35
14,-243,37,9,-5,-21
62,-211,42,55,-7,-17
-36,-296,-3,-7,-8,6
-49,-314,-64,-19,-47,-29
5,-245,20,-30,-11,38
42,-191,33,-21,44,-1
6,-262,-13,17,-10,-25
-58,-315,-42,21,24,25
2,-243,5,-7,9,-20
39,-196,58,13,3,-1
21,-242,23,5,10,-7
-39,-291,-56,-14,-1,10
-8,-294,-29,23,16,-12
39,-231,27,-8,46,-15
60,-213,14,-16,-15,29
-24,-300,-38,-26,15,33
-43,-299,-49,-62,-38,6
27,-218,22,3,25,6
35,-211,39,-19,-12,-17
-16,-282,-12,-8,8,-17
-51,-317,-45,24,-19,9
1,-257,11,-2,27,4
43,-205,37,24,-25,32
17,-246,5,-16,48,6
-53,-312,-60,-24,-7,-12
-8,-262,-18,-0,-42,4
52,-206,34,-17,3,-25
25,-230,35,22,-1,-2
-42,-291,-27,21,9,-7
-51,-276,-31,-2,-11,2
44,-232,25,-7,12,9
43,-224,35,9,2,28
-8,-266,-29,28,16,-3
-56,-293,-34,-3,-0,18
9,-236,23,10,-8,-7
48,-217,50,1,-10,-1
-13,-270,5,3,-1,-1
-43,-307,-66,-10,4,7
-5,-257,16,19,-3,-28
60,-222,44,5,24,18
1,-231,13,0,55,10
-54,-306,-37,7,7,4
-29,-284,-48,-34,5,-9
50,-214,51,15,-3,-10
46,-216,30,-26,-31,3
-48,-277,-26,5,-4,-12
-50,-293,-39,-10,35,-20
24,-213,43,-24,-19,-2
46,-219,41,0,-12,-14
-35,-268,-32,-17,-11,-13
-50,-311,-60,14,-2,-12
17,-249,9,-9,-34,-12
60,-192,65,-1,-48,56
-7,-260,6,32,-5,-21
-53,-301,-71,11,-9,23
-22,-281,-20,-4,-19,-14
53,-196,42,-14,-9,-4
16,-222,19,5,4,-12
-40,-299,-54,0,-12,-8
-20,-290,-38,28,6,3
34,-222,35,5,15,-21
27,-237,42,-7,16,-4
-34,-272,-42,-18,-61,20
-35,-291,-35,-5,-0,-31
14,-242,1,-6,-15,-8
44,-207,73,-10,-15,5
-23,-271,-41,-19,-30,-13
-44,-314,-40,13,-27,-12
16,-257,12,8,7,-39
48,-201,46,-22,-24,-6
-10,-260,25,-28,-7,-49
-51,-296,-44,-21,40,14
-30,-281,-24,7,-12,-33
52,-199,39,-6,6,-16
47,-232,12,-8,-39,-5
-56,-286,-27,-27,23,-12
-43,-299,-30,0,-18,9
39,-241,33,-8,-1,-0
41,-219,49,1,17,-22
-4,-282,-34,0,-8,26
-53,-299,-59,1,31,-7
22,-228,23,-46,1,-19
37,-208,51,-3,8,6
-11,-270,-16,-1,11,23
-38,-306,-47,-5,16,21
-10,-276,-4,-20,-19,9
39,-213,45,-12,16,-25
-4,-241,16,16,-4,-37
-32,-305,-53,24,-29,18
-18,-281,-20,34,3,-8
47,-212,40,-2,-26,-13
31,-225,47,33,-60,-7
-33,-290,-46,-6,-5,-23
-39,-294,-37,10,-18,-9
10,-207,35,4,2,-14
39,-212,33,20,-5,-2
-21,-285,-20,-22,35,-6
-36,-315,-39,-15,-6,-38
-13,-245,13,26,-33,-4
41,-212,60,2,12,-23
-3,-263,-6,41,-23,-19
-54,-308,-56,-28,-30,4
-12,-267,-3,-4,4,4
40,-226,48,21,9,32
23,-234,16,-2,14,19
-45,-308,-58,12,-8,31
-0,-281,-43,7,-20,-3
28,-229,40,-2,-8,9
41,-213,25,-37,-29,8
-27,-281,-39,7,-24,-54
-41,-312,-49,-7,6,-27
12,-236,0,4,-17,-11
42,-195,51,9,11,5
-21,-258,-10,15,-6,10
-43,-310,-42,15,15,8
12,-259,5,2,13,-28
55,-215,27,1,15,-11
-4,-229,16,25,13,-10
-47,-305,-61,8,22,-1
-21,-268,-21,9,24,-19
39,-230,57,-22,22,-45
23,-216,26,-28,4,-22
-43,-308,-40,-14,39,-7
-27,-279,-43,-18,-21,14
18,-234,27,4,-22,-34
39,-210,28,-32,17,-7
-14,-271,-23,8,-8,-18
-52,-308,-40,-3,8,-0
12,-255,31,11,24,20
26,-211,52,-18,-23,48
-20,-268,5,-15,16,6
-42,-288,-66,-19,22,3
-9,-273,-17,-2,-6,29
48,-212,56,48,-16,13
28,-237,34,47,22,11
-29,-302,-34,-19,-11,18
-46,-286,-5,15,11,26
49,-182,41,13,-26,8
35,-223,39,-5,32,29
-29,-282,-35,-25,-12,-2
-36,-296,-25,5,-8,-9
27,-233,18,-22,-29,-36
51,-220,45,-27,27,-22
-1,-265,-11,15,15,-12
-44,-302,-44,12,10,9
14,-239,-1,-7,10,-19
47,-206,56,-19,-25,8
1,-234,6,1,13,20
-66,-309,-49,-12,13,9
-20,-273,-6,0,-25,-18
49,-195,68,-7,-14,-14
3,-232,21,-15,8,-8
-50,-305,-61,36,-0,7
-21,-289,-41,27,-12,-14
23,-214,19,13,-26,43
43,-223,31,-36,25,-23
-26,-280,-26,-21,10,18
-49,-304,-33,-44,-2,-8
23,-242,12,-1,-13,-43
42,-203,50,-17,-28,22
-30,-276,-6,-23,23,19
-29,-314,-26,13,-17,20
-9,-267,-8,1,40,-14
52,-195,51,-24,-32,-48
-4,-233,6,-25,13,33
-35,-311,-58,7,-28,-12
-25,-264,-25,18,21,32
40,-201,35,21,32,-3
44,-214,36,-27,22,9
-52,-295,-19,23,-7,5
-38,-298,-46,-21,24,-17
21,-222,23,-44,-17,6
50,-227,45,7,19,-12
-10,-278,-23,-14,-4,-11
-49,-304,-44,12,1,5
13,-249,12,-2,-8,4
33,-187,77,-18,-26,-4
-1,-267,5,34,5,-6
-51,-311,-52,10,7,-8
-20,-259,6,21,9,-12
53,-193,48,1,-21,10
21,-223,28,13,-38,-47
-43,-298,-43,1,9,-0
-21,-285,-37,-15,-13,5
25,-240,39,-5,77,29
35,-221,38,-0,53,29
-21,-269,-31,27,-9,-10
-20,-297,-59,2,-21,-7
25,-228,28,7,-26,-17
54,-206,37,33,20,10
-7,-275,-16,12,5,-4
-56,-314,-47,2,-19,2
10,-256,15,18,-25,-18
63,-210,47,-10,27,30
16,-237,8,11,-8,0
-56,-279,-61,-6,30,-22
-14,-270,-24,13,41,-5
57,-190,26,23,-10,15
25,-246,36,-13,-4,30
-42,-309,-29,0,-30,-25
-54,-280,-41,17,2,-16
31,-217,37,-6,0,10
27,-210,33,-13,-43,0
-37,-279,-23,8,-1,-1
-37,-311,-39,-16,-33,14
20,-254,25,21,18,-6
54,-208,49,38,-32,24
-1,-254,-3,-2,-2,-14
-55,-310,-34,-56,8,-21
-16,-248,-30,-45,3,5
57,-206,57,5,16,-4
11,-247,18,-7,6,17
-52,-295,-45,32,-11,2
-16,-279,-33,22,-1,-6
54,-213,40,-30,-13,-37
23,-233,37,-16,7,-3
-19,-286,-35,1,-7,33
-43,-275,-37,-16,29,2
33,-224,20,12,-28,-4
49,-216,37,8,-13,-7
-25,-265,-9,33,-11,0
-68,-302,-63,-9,-10,-23
7,-249,7,16,26,39
42,-190,37,24,-23,21
-5,-251,15,-12,24,6
-61,-297,-45,-26,39,-6
8,-283,-5,16,5,-46
66,-223,57,-2,-26,-11
31,-237,14,-17,-20,-0
-52,-302,-35,25,-35,22
-21,-274,-14,-13,17,-20
35,-230,25,-1,-10,-23
32,-231,36,-18,-12,-0
-37,-292,-20,-17,-16,-16
-52,-284,-29,13,40,8
20,-234,12,-19,-26,0
59,-222,55,-21,10,9
-16,-263,-11,-20,-30,-10
-48,-295,-42,14,-27,-30
7,-250,-4,-3,9,-28
41,-210,68,12,12,-13
13,-234,20,-24,-42,5
-59,-302,-35,9,27,41
-20,-268,-34,-41,-33,-28
49,-212,43,-12,4,-33
39,-226,17,1,-0,18
-55,-318,-60,-4,14,-10
-44,-301,-56,4,-20,5
29,-233,31,-18,31,27
44,-218,28,21,8,-2
-6,-300,1,-33,-5,-8
-39,-288,-31,2,-9,-8
28,-239,21,-31,-6,-46
66,-196,45,-41,26,12
19,-267,-9,-3,-33,-1
-57,-310,-45,-11,14,-16
3,-254,-2,-0,-17,-1
47,-208,51,-27,17,-8
12,-258,1,-43,-25,17
-50,-295,-46,11,-20,-7
-3,-287,-28,-6,-4,-4
62,-216,39,13,-14,8
23,-220,49,25,-34,-28
-19,-288,-16,9,-34,-1
-25,-279,-54,-24,-44,-17
34,-250,28,10,0,-50
37,-206,36,-19,12,25
-18,-271,-28,40,14,10
-51,-299,-46,-14,-8,-11
9,-235,-2,21,6,2
44,-208,52,37,-12,-11
5,-250,6,-30,37,15
-55,-299,-45,7,1,-28
8,-273,-22,14,13,-43
67,-209,50,18,-3,-19
20,-233,40,3,24,-29
-42,-295,-15,19,28,17
-21,-304,-23,27,16,45
18,-231,35,1,11,23
48,-207,27,-4,13,6
-22,-286,1,27,-9,-39
-33,-309,-38,-7,-36,28
23,-209,31,-7,18,9
35,-207,48,24,-34,17
-7,-273,-9,-10,-1,2
-55,-326,-54,-2,-8,-19
5,-260,3,-28,37,-20
40,-191,59,5,-9,22
15,-228,18,-29,-12,-18
-48,-293,-45,-24,7,-9
-37,-263,-35,-15,-19,-17
31,-210,34,-11,10,-16
20,-217,29,-13,-29,13
-36,-303,-45,6,-15,-10
-54,-287,-35,-32,32,23
25,-217,32,-22,18,-9
41,-204,44,13,-1,-14
-17,-295,-16,-0,-7,10
-59,-305,-32,10,-24,18
8,-256,-29,-1,12,32
63,-215,65,-3,30,31
6,-243,9,-9,25,14
-59,-306,-37,-6,-25,23
-14,-261,-6,4,-1,17
61,-217,30,-13,-27,23
12,-232,23,-33,-8,9
-45,-289,-38,34,-8,-12
-41,-280,-24,-17,-4,7
39,-221,27,16,8,33
59,-231,29,-13,16,10
-12,-282,-37,-21,-5,-13
-40,-301,-53,17,-13,1
40,-238,38,9,22,-52
55,-194,51,23,-9,18
-16,-277,-14,-7,15,-9
-56,-300,-52,3,-20,33
-1,-264,2,-0,25,9
61,-197,41,47,23,51
-3,-239,0,-36,-26,3
-53,-301,-42,-27,13,-17
-19,-265,-13,-16,-13,9
45,-199,33,-39,2,13
32,-223,29,-37,-1,27
-47,-300,-42,-6,-12,-4
-30,-297,-36,-20,-0,45
38,-196,55,-1,21,-6
58,-210,37,-17,2,17
-33,-271,-12,-5,-12,5
-71,-301,-39,6,-3,-6
23,-252,3,11,5,22
61,-213,69,7,-38,5
2,-263,2,-2,12,-3
-32,-316,-36,-6,-41,-33
-10,-254,0,7,21,-17
51,-200,49,14,13,-11
10,-229,18,-31,-27,-17
-53,-319,-57,11,-2,23
-14,-277,-19,-21,3,-4
60,-212,43,28,8,24
39,-220,34,10,-23,-1
-37,-271,-31,13,38,11
-33,-304,-34,0,7,7
19,-223,29,-71,33,7
62,-212,33,23,10,9
-3,-291,-17,3,3,-8
-38,-312,-50,7,-21,13
14,-244,7,-8,15,8
59,-216,60,-17,23,-4
-5,-240,-4,9,-11,-3
-44,-293,-65,-34,16,-20
-22,-260,-27,6,11,45
49,-200,42,-4,10,3
5,-247,40,22,6,7
-32,-290,-38,-11,-3,40
-40,-295,-27,36,12,41
34,-211,34,-42,-39,-3
38,-213,33,5,-2,11
-15,-275,-22,12,1,20
-43,-295,-49,-1,18,4
30,-229,56,9,5,-5
49,-202,34,2,-4,5
-20,-254,3,4,-6,-5
-55,-317,-39,-16,-28,-25
12,-238,-2,-13,13,-2
55,-216,47,5,52,20
24,-247,15,3,-36,-18
-52,-314,-37,-16,-16,2
-26,-259,-13,-4,-17,5
20,-212,47,-28,19,-20
17,-223,21,11,54,28
-48,-303,-17,34,-26,11
-43,-284,-36,-8,52,12
12,-231,18,-12,-1,-43
25,-230,38,-5,11,-14
-42,-286,-19,-22,26,-32
-42,-309,-52,21,24,7
5,-244,1,2,-19,-7
34,-200,37,-2,-42,-20
-2,-251,-5,21,1,-12
-56,-303,-48,30,3,-8
-9,-279,-8,-22,-27,-19
50,-207,47,-18,48,11
6,-244,20,11,30,-38
-39,-293,-52,-22,-20,-18
-33,-290,-37,-17,-43,-9
22,-215,56,-22,7,-4
35,-218,54,35,-2,-20
-31,-304,-34,47,16,-7
-45,-299,-37,30,15,5
17,-242,14,17,-26,-10
37,-204,43,17,4,-19
-9,-267,-18,-25,25,21
-49,-297,-59,-19,-8,11
-0,-253,15,-17,19,-17
40,-206,47,-7,0,-4
1,-251,14,7,50,-2
-53,-308,-53,7,-21,3
6,-288,4,-5,-14,-9
65,-232,41,30,9,4
33,-242,18,5,-12,-25
-43,-295,-52,25,-10,-8
-27,-278,-31,4,13,11
38,-213,44,21,-10,-5
37,-195,48,-31,9,-2
-16,-277,-34,15,-1,31
-53,-299,-33,16,-8,-16
6,-223,19,17,-11,-18
45,-202,39,-20,7,-26
9,-272,-30,12,0,-6
-54,-326,-49,-4,38,13
6,-254,-6,2,-26,30
57,-219,32,-9,-6,4
12,-278,6,-9,19,-13
-60,-301,-44,12,-11,-35
-43,-265,-39,1,-8,-1
65,-206,42,0,25,-21
25,-203,31,-11,-26,-2
-43,-280,-37,34,2,-52
-44,-297,-33,18,-1,6
31,-230,52,1,57,-5
52,-219,52,-27,-7,-5
-33,-275,-12,-23,-2,29
-47,-312,-64,-21,16,-14
13,-240,4,8,-17,-3
49,-195,55,-0,17,17
9,-248,1,2,32,2
-49,-321,-47,-9,8,-9
-10,-266,-20,-14,-28,-26
55,-204,54,16,34,-22
17,-217,14,0,-4,-5
-34,-311,-38,26,-30,-21
-33,-292,-37,-10,-4,-8
66,-223,31,-24,-20,25
36,-216,60,35,10,14
-43,-276,-46,13,-19,9
-45,-315,-44,19,17,-6
25,-229,23,-14,3,-2
46,-222,56,-10,-14,16
-12,-278,10,19,-7,1
-42,-299,-34,29,11,-1
6,-259,5,8,4,-5
51,-201,46,-13,-18,-4
-0,-265,6,23,27,-16
-52,-310,-49,33,23,-14
-25,-280,-12,-3,17,-16
16,-199,44,-4,13,-1
17,-214,8,9,10,34
-41,-295,-43,24,19,-11
-29,-288,-38,-1,-5,-4
39,-221,31,-9,-1,2
59,-236,37,20,70,24
-13,-285,-25,-0,20,-8
-37,-299,-56,6,9,2
2,-243,10,39,2,32
41,-207,46,7,8,31
-6,-266,-6,20,-31,11
-45,-289,-56,22,4,-31
-7,-259,-16,2,34,8
36,-214,56,-21,51,-5
21,-244,35,-19,1,-24
-34,-294,-51,18,-36,-14
-36,-288,-8,-5,-30,35
32,-201,38,-11,11,-14
40,-231,52,37,-15,-5
-38,-287,-27,4,41,34
-53,-282,-40,32,11,-19
15,-234,25,-1,32,-2
33,-203,36,6,-31,-24
-10,-281,-20,10,10,51
-47,-307,-55,-32,24,-17
20,-246,14,-19,-16,-7
44,-215,37,15,16,31
-4,-242,0,17,2,-36
-62,-312,-40,-5,10,-22
-5,-272,-7,-14,16,-2
49,-206,56,-17,-12,-11
24,-241,10,25,17,-5
-21,-299,-49,7,-20,8
-22,-290,-36,20,-22,11
45,-230,34,3,-20,-13
37,-245,65,19,40,-14
-39,-280,-30,35,-26,-23
-54,-299,-33,-11,8,4
14,-238,15,5,26,-16
37,-214,57,8,13,-15
11,-273,-19,-13,-8,30
-75,-314,-37,32,-2,-13
-11,-263,1,15,10,16
37,-206,71,1,32,-6
8,-261,18,-1,-10,-46
-36,-290,-54,-6,25,-15
-19,-291,-34,23,-11,-8
35,-204,39,-3,-6,17
22,-241,25,1,18,17
-36,-306,-18,26,14,20
-44,-297,-12,4,-7,21
18,-222,35,11,13,20
62,-212,49,-17,7,22
-11,-276,-30,11,17,-7
-58,-286,-47,-28,-10,-0
3,-248,14,-7,-1,1
29,-215,39,19,24,-19
-4,-273,-14,7,-21,-13
-43,-308,-44,-15,29,-17
-10,-289,-9,9,-13,-14
43,-221,56,-19,-1,17
25,-267,13,-4,-5,-23
-70,-310,-48,7,-30,19
-29,-294,-26,19,-9,-0
32,-224,48,-10,48,-14
31,-216,24,-15,7,-4
-26,-281,-35,1,-32,-9
-32,-305,-61,5,43,-10
28,-244,8,-12,-22,20
35,-220,43,-23,-19,23
-10,-258,-18,1,-6,7
-35,-303,-60,37,4,-1
-3,-247,13,-43,-2,25
35,-205,76,-20,-5,-33
-8,-238,13,-19,35,14
-54,-297,-47,15,-49,16
-16,-282,-13,-16,-11,7
37,-210,45,23,-2,-18
19,-218,30,8,-17,-21
-28,-297,-45,-19,3,-13
-49,-290,-36,12,-21,-2
39,-226,38,-16,25,17
28,-221,49,12,-7,-9
-22,-277,-27,-41,30,-3
-44,-295,-35,-23,-2,15
20,-236,21,-17,39,-16
53,-203,58,-15,-4,26
-0,-270,-26,1,13,-25
-45,-309,-47,-19,-48,5
-13,-260,18,-10,-28,19
25,-214,48,-13,4,4
2,-253,-4,-27,3,1
-24,-311,-40,-26,-12,22
-18,-266,-22,19,8,36
41,-221,53,-16,19,20
17,-243,27,30,-11,-36
-40,-277,-39,2,-2,30
-51,-304,-33,-20,-10,5
33,-232,23,-1,-7,4
55,-211,35,-14,-15,4
-18,-285,-3,-17,-33,2
-48,-309,-57,-3,-39,3
13,-236,8,23,23,-15
52,-212,44,-5,-44,-12
12,-262,3,-21,15,-18
-28,-311,-56,-1,59,6
-12,-268,-5,16,15,2
53,-193,38,-20,-29,-2
16,-252,31,39,-4,7
-41,-315,-30,10,17,-7
-38,-288,-18,-31,3,-12
56,-211,23,0,4,-15
47,-226,31,9,-2,18
-30,-294,-41,-7,-47,-36
-52,-299,-43,-3,6,-10
28,-231,25,20,2,-5
51,-205,53,-6,10,12
-9,-265,-7,2,-47,35
-48,-302,-67,-14,-5,12
-19,-237,-7,4,-14,-22
41,-197,46,30,21,-13
19,-256,4,17,-22,-10
-39,-294,-43,-21,2,-1
-10,-286,-7,23,4,35
43,-218,54,-4,-56,-10
37,-231,16,-34,6,-41
-28,-306,-37,39,-14,8
-34,-308,-35,34,37,-31
32,-223,28,-28,-30,7
44,-224,43,-2,8,-9
-26,-319,-18,-17,-3,1
-56,-296,-31,32,-15,44
17,-247,-1,15,-31,-0
39,-218,56,-5,-26,-12
-21,-274,8,-8,9,-27
-58,-309,-51,29,-30,25
5,-268,-30,11,8,10
59,-211,52,-12,13,-6
6,-216,7,38,15,21
-44,-300,-58,-13,2,22
-33,-278,-6,-7,-11,-7
52,-213,41,12,-28,30
51,-233,22,-21,-15,-6
-57,-300,-34,-22,-27,-17
-32,-296,-26,25,12,-3
26,-246,25,-45,9,5
73,-225,49,20,-1,6
-29,-271,-22,12,19,50
-54,-315,-50,-23,-17,-3
1,-219,2,-14,36,47
44,-209,56,-36,0,14
2,-264,3,12,-1,33
-54,-308,-56,22,10,16
6,-253,-18,26,-17,2
42,-219,29,-26,6,-27
13,-226,45,15,25,3
-24,-285,-47,11,20,31
-45,-293,-34,4,-20,-6
39,-227,34,1,10,-29
46,-228,27,15,-9,4
-11,-307,-43,-2,-32,23
-41,-305,-39,31,36,4
14,-239,-1,12,9,20
42,-206,40,-4,3,15
-10,-265,-22,-8,10,-36
-40,-316,-35,-23,9,28
16,-244,13,-30,-24,6
61,-222,57,-11,8,8
17,-239,8,-0,-19,9
-35,-285,-53,-9,10,5
-36,-278,-20,16,-12,28
15,-213,36,-22,-31,14
14,-228,39,-17,-18,22
-20,-287,-28,23,-13,29
-26,-281,-46,-5,-17,-33
48,-207,31,-12,-15,26
42,-214,61,13,17,-19
-26,-286,-19,-48,-11,12
-43,-320,-43,3,-22,24
16,-251,10,31,18,4
26,-215,61,-15,33,-20
-6,-261,-8,5,-0,-5
-56,-314,-72,13,-0,-36
-11,-269,2,-1,10,35
64,-212,39,24,-23,5
21,-256,5,47,-25,17
-44,-314,-48,33,-7,19
-8,-279,-32,10,9,19
39,-201,40,-13,16,-19
37,-218,27,-4,37,-5
-44,-299,-39,11,11,6
-43,-289,-50,-9,57,-29
24,-235,4,-8,6,5
51,-205,52,5,-6,-4
-25,-274,-13,21,-42,25
-50,-311,-44,33,17,-29
-28,-255,-12,-9,-19,18
46,-210,42,4,-9,25
7,-264,1,-48,-6,-11
-48,-293,-39,-18,9,9
-19,-269,-10,-13,11,-23
51,-201,37,-12,14,-22
31,-218,5,2,23,-3
-29,-296,-33,18,14,-4
-32,-283,-34,19,15,-10
36,-233,30,-19,27,13
41,-199,31,15,10,-3
-35,-266,-16,-9,-12,-20
-53,-295,-42,6,11,7
25,-234,17,-11,-17,-13
43,-215,42,-10,3,-6
-7,-268,-9,-37,25,-22
-60,-312,-50,15,0,-11
-12,-252,1,30,31,10
54,-196,59,-3,-25,13
10,-243,5,-3,-18,-5
-50,-310,-54,13,10,-31
-11,-287,-27,12,2,7
34,-215,51,-15,3,-33
35,-210,44,-31,-12,-8
-15,-287,-55,9,1,-6
-29,-304,-21,-3,8,-55
41,-226,35,16,8,17
32,-219,30,-0,-35,-4
-9,-267,-14,18,-14,-30
-36,-301,-48,-6,-32,3
13,-244,19,-2,6,34
47,-204,43,15,-10,33
-1,-275,9,13,15,6
-38,-307,-48,-33,-2,0
-12,-297,3,-17,-0,28
57,-185,45,-17,22,-19
24,-242,11,5,-19,-5
-52,-295,-49,42,-1,21
-31,-284,-15,-15,5,28
24,-229,49,3,13,4
54,-193,43,45,-39,8
-42,-300,-57,-16,-1,-39
-44,-305,-48,2,-3,17
16,-237,14,-11,2,29
54,-213,52,-32,1,-30
1,-269,-21,-37,16,12
-29,-307,-56,1,42,-14
13,-246,10,56,29,17
41,-198,49,-11,24,-19
-9,-258,0,10,-10,-8
-61,-319,-53,29,28,2
-23,-268,-31,24,5,23
33,-219,19,-47,32,25
44,-225,28,-12,-7,-1
-42,-284,-35,-8,-17,-5
-35,-279,-21,1,-3,-10
23,-226,36,36,0,-4
53,-232,37,13,14,-6
-25,-288,-38,-14,-20,-5
-64,-304,-56,8,10,-11
8,-240,14,-1,-1,-2
55,-214,48,17,1,0
-4,-264,11,-6,36,-9
-33,-313,-38,-9,4,40
-20,-262,16,-5,-4,5
42,-211,38,4,7,21
19,-236,6,-9,-8,-16
-36,-313,-37,-15,11,-22
-45,-293,-34,-18,-48,36
41,-216,53,11,9,9
38,-216,27,43,-16,-12
-41,-281,-42,-12,16,27
-24,-295,-38,30,-11,27
19,-225,21,6,-13,7
41,-221,42,-3,43,-5
-32,-266,13,-6,-13,-11
-51,-287,-58,39,-19,19
11,-261,2,33,33,-3
45,-223,56,11,-10,51
-5,-242,9,8,-7,21
-69,-304,-33,14,25,-6
5,-255,-11,6,-10,-1
37,-215,39,-30,31,7
19,-231,24,12,9,19
-47,-299,-32,-20,-4,22
-30,-294,-36,12,-2,-5
40,-207,36,38,-3,12
32,-208,29,38,-15,7
-16,-302,-21,46,11,10
-52,-289,-46,15,19,-4
8,-231,9,47,-12,0
58,-198,36,26,7,-20
-23,-271,7,4,-23,-17
-57,-303,-56,6,16,-46
8,-270,3,-10,-6,20
58,-205,40,-9,-24,-2
3,-239,17,8,43,40
-44,-304,-35,12,1,7
-13,-265,-22,-8,-19,3
52,-205,52,21,38,-14
22,-241,25,2,9,29
-40,-309,-36,-20,60,30
-46,-298,-39,-14,-24,-18
17,-218,15,20,0,18
32,-207,52,30,-6,-6
-25,-277,-38,25,-9,-6
-36,-302,-39,12,-3,-10
-2,-243,11,33,21,5
50,-206,34,-10,15,-17
-2,-238,-8,2,-29,-20
-61,-308,-46,-7,0,-7
-24,-268,-3,-11,-25,9
40,-240,48,12,19,2
26,-224,-4,-5,16,-16
-37,-312,-40,8,13,-36
-31,-298,-49,38,8,1
39,-208,41,-12,21,17
46,-221,48,-5,10,21
-35,-287,-12,18,25,8
-54,-292,-42,24,10,2
28,-233,26,-30,-13,5
57,-221,54,5,-12,0
-11,-270,-10,-3,-15,15
-63,-302,-44,3,-6,-25
2,-266,-9,-24,20,-1
49,-211,49,19,-17,-2
23,-260,-9,6,-6,8
-46,-295,-31,-4,-9,-15
-21,-268,-14,5,6,-24
33,-191,59,10,-15,11
24,-227,27,-15,-5,13
-44,-295,-44,-23,12,-10
-30,-285,-19,-25,34,9
36,-224,22,23,15,-25
43,-209,38,-45,-20,4
-23,-289,-10,-1,12,-0
-52,-307,-37,-10,27,2
14,-245,-4,-21,9,-37
35,-210,43,-18,15,0
-6,-248,9,-23,19,20
-42,-315,-76,-23,40,-10
-14,-245,-14,-12,8,-25
50,-194,60,12,3,23
31,-247,18,-5,-12,7
-55,-295,-34,38,-23,-15
-20,-284,-35,8,35,35
45,-206,53,-1,7,-26
28,-230,23,-11,1,-28
-36,-281,-37,-7,4,19
-49,-291,-34,1,11,-6
24,-228,18,-8,7,-16
53,-208,52,16,-17,-10
-15,-279,-16,-2,38,13
-76,-306,-50,-15,-36,-6
6,-260,14,-3,20,36
49,-205,47,-14,-27,-14
-16,-245,30,6,1,3
-40,-316,-38,18,-8,6
-1,-273,-24,-8,11,-32
52,-211,46,11,7,14
15,-246,13,17,19,-1
-49,-312,-44,-33,-33,23
-35,-292,-33,-47,16,-32
33,-232,38,-6,6,13
42,-204,34,26,-5,-1
-38,-281,-34,-20,9,18
-52,-300,-64,-19,-28,8
12,-252,22,-2,-22,-1
44,-203,47,8,-24,-29
-32,-270,-12,-22,-13,7
-44,-294,-41,4,-0,44
7,-252,-6,12,-13,17
57,-202,53,-12,-31,19
2,-253,5,3,-30,-24
-49,-305,-45,-8,10,2
3,-261,-23,-0,-45,-13
52,-209,38,10,29,37
36,-241,29,-8,-17,12
-34,-290,-26,8,-39,-27
-48,-280,-32,2,-4,-7
33,-214,39,23,26,2
28,-211,49,-5,4,-7
-14,-294,-37,-1,-5,-13
-61,-301,-51,6,34,7
15,-225,7,20,-33,-1
51,-197,56,-2,32,13
-4,-258,2,12,-2,11
-43,-300,-54,14,43,-1
-19,-262,0,-14,-32,-47
55,-207,47,-1,1,-1
24,-233,17,22,-42,-10
-28,-300,-55,4,-4,-23
-18,-276,-18,-6,-12,26
60,-208,37,-25,29,13
35,-233,43,5,-37,1
-31,-287,-33,-16,12,11
-43,-293,-46,2,11,11
14,-222,30,-45,-6,-18
50,-216,63,17,33,71
-14,-268,-19,7,33,14
-54,-296,-79,-11,-8,-5
25,-247,-8,0,10,45
43,-212,41,3,32,25
-2,-221,5,-1,41,19
-45,-302,-60,-14,-20,-6
-24,-271,6,-30,-7,-0
35,-218,49,30,-17,-1
10,-221,24,13,-14,-9
-14,-290,-49,18,-14,1
-17,-287,-41,-18,-41,19
26,-215,41,-1,-0,-7
43,-217,35,3,3,-11
-24,-291,-17,-5,4,26
-48,-295,-52,24,-13,21
12,-237,13,-31,29,-23
44,-196,48,13,25,-11
-6,-269,-10,3,5,9
-44,-304,-45,15,28,1
-5,-244,0,30,-20,-10
65,-191,39,-12,12,2
18,-251,34,6,-20,-12
-54,-298,-42,15,2,8
-15,-266,-17,16,6,31
52,-225,41,9,30,41
18,-240,19,13,2,17
-28,-287,-40,-11,14,33
-38,-289,-43,-2,5,18
15,-229,23,12,-47,5
46,-208,33,-15,0,-7
-15,-294,-20,0,22,-12
-55,-297,-54,6,-10,55
2,-261,-8,-20,25,13
60,-189,52,-18,4,-9
-22,-272,7,13,28,23
-52,-309,-54,-27,15,-25
-6,-281,-11,-9,-49,-0
60,-214,53,6,-2,19
30,-239,7,4,23,20
-45,-306,-50,13,-19,11
-29,-269,-27,13,6,4
36,-223,36,31,51,12
27,-214,12,-12,-10,20
-35,-286,-43,19,22,7
-37,-287,-58,-38,1,33
28,-228,45,6,-68,-11
60,-204,37,-10,-13,-23
-16,-276,-9,-2,-5,-3
-39,-305,-52,37,11,-7
13,-271,-7,-2,25,-16
57,-207,67,-6,-9,-9
7,-249,13,-3,22,-1
-44,-302,-51,-20,-1,13
-11,-265,-8,15,-6,9
60,-222,55,-7,-24,0
28,-222,-2,-21,26,-0
-41,-305,-43,-31,20,11
-34,-294,-32,-4,-28,18
24,-235,42,-29,1,0
30,-221,29,26,23,-26
-26,-301,-31,-8,-11,-18
-33,-298,-68,-9,16,-6
24,-249,13,16,20,10
41,-205,42,-6,3,6
-14,-244,2,-21,24,-7
-43,-318,-51,12,23,18
0,-269,13,8,-6,-27
51,-199,60,-39,5,11
7,-242,11,24,-8,-13
-63,-304,-48,9,-1,-9
-29,-274,-19,-10,15,-22
42,-238,45,34,5,-11
28,-234,22,-24,17,28
-38,-271,-35,12,20,-23
-46,-296,-48,-22,1,13
34,-219,15,9,19,11
35,-227,30,4,-9,-33
-16,-289,-30,1,-3,9
-63,-305,-30,-5,9,6
28,-246,24,-19,-8,-26
47,-205,48,2,9,24
2,-258,-12,35,-8,29
-41,-302,-48,-30,-9,-15
-21,-274,3,16,45,-57
66,-209,51,3,-4,-9
25,-238,8,-31,-15,16
-41,-293,-28,9,22,-19
-36,-285,-21,6,18,5
37,-217,46,37,9,-11
42,-226,40,-0,9,1
-36,-285,-26,-29,12,-4
-39,-294,-54,45,-16,4
13,-234,23,20,-12,-3
48,-219,48,-23,10,15
-22,-267,-16,-11,-13,-7
-42,-300,-39,-40,8,-12
9,-248,-12,-12,5,11
49,-197,63,-25,-11,-8
9,-260,19,-41,-1,-54
-46,-308,-46,-17,4,-2
-21,-275,3,2,15,5
40,-230,58,-7,-31,-24
50,-233,31,15,-23,-26
-42,-301,-40,27,-18,8
-32,-293,-11,0,-11,3
15,-212,36,-10,-2,-13
45,-221,49,-36,23,16
-34,-288,-30,-34,30,37
-43,-293,-43,55,3,-20
8,-241,13,-11,-10,1
51,-196,47,-19,-10,-45
-2,-273,-2,7,7,-12
-43,-313,-35,-40,11,-3
-15,-271,-15,-22,-9,20
62,-215,43,30,-3,-20
18,-244,-2,-1,-17,-9
-40,-301,-37,1,-26,23
-19,-271,-31,-23,13,-49
34,-207,49,-5,-10,-6
47,-205,32,37,24,-49
-37,-298,-19,22,-17,-6
-7,-294,-29,22,11,-11
20,-236,39,-26,-2,17
53,-196,55,28,-0,-11
-22,-266,-11,-10,-1,-29
-33,-327,-41,18,-10,-12
10,-241,10,-4,33,-6
54,-217,47,-39,-8,-21
15,-232,11,10,13,-37
-53,-297,-50,-6,-16,-29
-14,-271,-1,6,3,-39
49,-188,56,-13,-4,-27
38,-219,29,-15,-32,-14
-44,-287,-46,-29,-23,-16
-32,-291,-36,18,-29,-4
54,-205,32,-17,-41,-5
43,-225,34,8,1,-8
-26,-283,-30,3,-16,-20
-40,-297,-43,5,-28,-7
31,-245,26,-22,-33,21
59,-213,58,15,-6,19
-9,-267,-16,30,11,-38
-53,-287,-51,-1,8,2
3,-253,-8,-22,15,-14
47,-221,44,-5,-53,1
23,-246,16,-1,23,-32
-19,-323,-35,-3,-7,9
-30,-286,-7,-33,-27,-22
47,-198,35,20,48,0
28,-212,30,10,-10,22
-37,-290,-30,7,-17,28
-38,-295,-30,-11,-0,32
55,-231,37,-21,7,4
36,-205,37,-10,27,15
9,-282,-18,-6,-2,32
-60,-319,-35,-41,1,20
13,-245,10,-12,-16,-22
39,-201,53,-25,2,13
2,-266,-2,11,12,9
-43,-313,-61,-19,20,45
5,-268,1,-12,2,3
57,-206,27,29,-19,4
21,-231,-11,-10,4,-20
-31,-315,-54,-5,-27,-4
-25,-280,-28,30,32,-25
40,-231,40,8,4,7
23,-213,30,-10,-3,4
-41,-284,-20,-9,7,32
-40,-324,-37,-0,3,-31
39,-209,26,-18,-36,4
44,-208,49,-1,8,14
-21,-258,-20,-42,-13,33
-41,-312,-38,12,-5,31
6,-242,4,-9,3,31
43,-199,52,58,-14,-14
19,-245,10,-9,-30,31
-52,-274,-51,-4,19,-29
-7,-276,-36,-3,-6,15
53,-195,35,3,24,-21
39,-195,43,-4,5,14
-60,-297,-42,7,5,20
-30,-297,-44,23,34,-39
12,-233,46,-10,26,-8
48,-209,50,21,-7,7
-48,-286,-23,-18,-15,-3
-50,-305,-35,35,-5,17
25,-234,17,12,25,11
41,-214,58,1,-11,-26
17,-254,-1,-18,-34,9
-28,-315,-52,38,17,-26
1,-274,-13,4,35,-4
41,-214,48,-14,12,2
20,-220,-4,-8,-19,16
-38,-306,-41,-14,2,41
-6,-293,-20,-35,10,14
55,-216,34,17,19,-27
26,-217,28,-19,-14,-17
-48,-290,-31,-21,-19,-4
-36,-288,-61,-12,-30,-1
12,-241,33,-22,-21,9
54,-239,22,-29,24,-28
-21,-275,-16,34,-44,22
-60,-307,-51,12,14,-20
15,-240,29,-9,-4,8
45,-197,59,14,-19,-27
2,-262,-20,6,-3,-0
-47,-304,-50,21,6,1
-6,-264,-44,-17,9,10
46,-218,47,10,-10,-13
21,-231,24,12,4,-5
-27,-284,-39,-4,-10,3
-45,-303,-28,52,5,16
24,-210,57,-5,-34,-21
24,-214,42,-10,19,5
-25,-286,-21,9,15,-4
-56,-276,-40,-20,8,16
25,-227,28,-48,-16,0
49,-216,53,9,13,14
-17,-254,-22,19,5,-10
-42,-312,-55,-28,-6,-17
-15,-247,13,7,-27,13
57,-208,46,-4,9,-5
8,-256,5,36,6,6
-36,-323,-58,-0,-16,5
-27,-264,-22,-3,-34,-24
48,-203,37,16,24,-8
12,-239,15,11,-32,-5
-34,-301,-30,-22,-11,9
-32,-313,-42,44,-1,17
33,-222,14,15,-14,12
31,-203,49,31,-39,1
-21,-267,-19,-0,6,25
-41,-295,-46,-17,-20,30
15,-245,-2,-5,-24,-6
54,-202,48,12,-21,12
-18,-281,-3,-25,5,-0
-53,-304,-61,-10,-2,-37
-9,-271,-12,11,-4,15
53,-222,49,7,8,6
35,-236,28,-1,-20,-0
-36,-302,-31,-28,10,-5
-17,-283,-24,6,12,-27
29,-222,47,17,-9,-20
40,-203,54,38,-7,-9
-36,-298,-24,20,8,0
-39,-283,-43,-7,15,10
42,-237,28,24,-11,7
43,-216,37,-15,-32,17
-14,-274,-37,-29,39,-2
-52,-303,-53,8,10,10
-10,-269,19,14,-4,18
51,-223,52,2,7,-10
20,-243,-17,14,-17,6
-36,-301,-61,-9,17,18
-1,-272,-20,6,22,-20
31,-217,56,20,-4,11
20,-244,15,-19,-27,-15
-17,-311,-37,-16,-20,-0
-23,-278,-22,15,-5,21
28,-216,43,26,2,7
32,-227,47,-28,8,21
-26,-287,-24,-1,4,14
-59,-317,-37,21,-33,1
2,-231,17,-6,-22,-6
64,-231,36,-34,-22,-31
-21,-262,-12,23,23,-20
-66,-310,-47,18,-17,-10
-20,-269,6,-5,48,3
54,-201,33,-18,-34,-18
17,-230,9,1,21,-13
-30,-310,-46,19,-3,-5
-19,-269,-37,-3,-2,42
34,-211,57,-2,26,22
28,-232,40,6,12,7
-39,-295,-38,-3,37,17
-43,-307,-34,-23,5,-13
20,-220,21,19,-12,12
40,-213,71,-31,20,8
-20,-258,-28,16,26,12
-52,-319,-46,-24,-9,-11
24,-243,-1,-14,-45,-32
62,-204,60,-14,-17,23
8,-262,-3,-5,-15,-13
-39,-317,-56,24,-32,-9
-38,-262,-10,-11,17,-37
35,-193,46,5,5,23
28,-255,32,-5,13,25
-32,-306,-41,-4,-14,-13
-16,-286,-25,14,10,0
35,-219,36,-4,-14,-3
31,-217,32,15,0,1
-33,-291,-29,-3,26,-21
-34,-313,-42,-16,-15,6
26,-234,28,-4,-13,-7
45,-211,43,-18,4,-6
-23,-236,-13,-5,-1,8
-61,-305,-44,-32,-5,25
4,-258,7,18,-12,23
67,-221,51,-1,6,1
-16,-239,6,-22,9,-8
-35,-300,-52,-22,-1,-14
-32,-270,-35,-7,10,-14
37,-195,38,-17,25,13
35,-247,35,-5,-15,26
-30,-304,-43,20,33,24
-54,-289,-8,1,-7,2
32,-223,24,2,26,-17
34,-213,63,-24,25,35
-19,-280,-25,6,16,18
-38,-285,-31,-4,-14,-12
37,-238,8,2,-1,-2
21,-194,63,-5,-30,-22
-5,-258,19,-19,-21,13
-52,-307,-42,7,-1,-38
-16,-240,-20,45,67,-7
36,-232,49,20,4,-5
35,-245,22,27,30,-46
-73,-304,-52,20,36,33
-7,-287,-38,11,10,30
44,-215,59,-19,9,-0
41,-220,21,-17,-34,-24
-27,-283,-45,16,-12,36
-51,-297,-19,-4,-14,-5
28,-250,25,19,-0,7
38,-216,50,1,-58,-15
-12,-246,-29,20,21,0
-39,-318,-65,-25,-6,-12
23,-255,27,-8,-32,-13
36,-202,66,-3,19,36
6,-258,2,-3,13,7
-34,-298,-62,-2,28,-20
-2,-253,-3,-9,19,16
41,-205,55,-5,31,21
23,-252,32,-16,9,26
-47,-300,-36,-41,-5,2
-4,-289,-19,-11,21,0
33,-243,26,-1,-4,3
25,-225,35,-23,6,25
-34,-283,-25,-20,-15,11
-34,-312,-40,2,-43,12
37,-241,19,5,-17,-31
35,-217,63,37,-3,22
-23,-281,-12,19,3,16
-35,-297,-42,30,-1,13
10,-241,8,-15,-41,2
40,-200,53,-54,-3,26
22,-253,-5,-22,24,26
-42,-298,-59,7,-20,0
-23,-263,-16,17,-1,-4
47,-196,35,-18,2,-30
24,-219,14,-15,13,-13
-51,-295,-38,-9,-33,-5
-32,-294,-58,23,-7,-0
36,-214,32,2,9,-7
39,-206,36,2,-9,30
4,-275,-19,22,-2,-40
-34,-313,-53,3,45,16
13,-243,31,10,18,3
56,-196,64,-10,2,2
-13,-264,10,30,16,6
-38,-312,-69,10,35,8
1,-256,-7,50,-18,-27
45,-199,47,20,21,14
20,-241,19,-1,-10,14
-39,-303,-31,9,-28,-2
-17,-269,-27,-10,-13,-9
28,-202,50,12,-4,7
23,-221,25,13,-8,-7
-31,-274,-28,69,-20,-25
-41,-307,-50,-8,14,26
41,-222,31,-5,-16,-2
57,-209,81,42,-4,9
-10,-278,-4,15,-16,9
-56,-307,-36,-22,17,-21
-3,-253,-7,13,-35,-20
64,-228,48,3,31,-13
7,-264,-7,22,3,-18
-34,-301,-55,15,6,16
-3,-266,-12,6,31,10
63,-207,36,-10,24,-7
30,-219,25,7,-7,-3
-29,-282,-33,-2,13,-16
-35,-287,-27,-17,23,6
46,-248,38,-27,-8,5
14,-207,44,11,-23,0
-23,-296,-35,-20,25,1
-52,-306,-30,-34,21,-12
45,-246,19,-9,15,-6
51,-217,38,-13,11,12
-5,-265,-9,-4,-16,17
-86,-305,-52,-5,22,-30
-24,-259,4,-23,-1,6
45,-213,54,-38,-5,5
-9,-263,26,-1,4,5
-55,-297,-50,-7,21,-28
-14,-286,-20,3,-26,-11
41,-231,35,3,-30,13
17,-225,30,0,5,-16
-15,-290,-21,25,4,27
-30,-308,-41,-29,-16,6
24,-234,19,-2,-21,1
24,-210,39,-10,5,-7
-34,-266,-30,-6,47,-4
-44,-320,-51,-18,-13,8
13,-233,12,-11,-9,-1
40,-203,52,8,-2,5
-1,-256,17,-23,-15,-13
-49,-300,-52,6,12,-5
-9,-260,-7,1,-32,25
50,-213,46,-8,30,1
35,-233,38,-4,11,3
-19,-272,-42,8,-24,-27
-29,-285,-22,-28,-3,20
57,-221,30,-18,-28,-4
37,-209,16,6,45,1
-7,-303,-23,13,-13,12
-42,-303,-64,-9,4,-0
9,-232,27,27,2,-23
53,-210,54,-4,14,-61
-13,-283,-4,28,70,-38
-57,-325,-46,-2,-11,-24
-8,-249,-2,38,1,-26
58,-198,69,-3,-14,-9
31,-247,-1,38,-8,-18
-49,-308,-66,-8,10,17
-17,-264,-38,15,-4,10
55,-213,52,-18,-10,19
24,-233,51,41,-12,-11
-43,-300,-40,-18,-27,9
-39,-294,-25,-8,-24,17
25,-222,23,22,27,-11
45,-222,26,16,24,13
-17,-277,-26,12,-23,-15
-60,-313,-47,-24,-2,22
27,-241,25,19,15,-16
48,-216,52,25,14,-10
11,-251,-12,-15,4,-34
-38,-326,-45,-0,-34,10
-7,-264,-15,-13,22,18
52,-206,47,3,6,1
24,-236,18,-9,25,-11
-54,-305,-49,15,6,13
-23,-266,-10,38,4,38
41,-226,27,11,-14,-5
40,-223,17,-6,2,-23
-27,-300,-17,58,-32,11
-30,-307,-35,-38,-3,11
26,-227,36,-2,-15,-36
46,-206,32,-9,18,-14
-22,-267,-9,32,2,-2
-52,-314,-51,-18,8,16
9,-236,18,-39,-14,29
46,-180,32,22,-2,-24
1,-262,-12,14,-19,16
-45,-307,-57,22,8,-29
-7,-271,-9,24,3,8
53,-212,45,16,25,43
39,-235,7,-42,-40,-5
-43,-301,-37,-6,0,-8
-40,-306,-15,1,5,18
25,-225,46,-10,-1,13
46,-232,19,27,-25,-3
-30,-272,-46,-1,13,12
-30,-309,-46,-7,12,16
28,-237,19,-38,-11,-46
32,-209,39,44,-12,29
-16,-259,-7,-8,23,-11
-48,-313,-49,13,-12,23
25,-257,13,53,6,-1
39,-205,59,9,-16,-0
23,-253,3,9,-21,-13
-45,-319,-51,-10,3,2
-20,-278,-17,-7,12,3
57,-206,47,32,8,19
34,-236,27,9,-27,23
-36,-299,-39,10,-15,-14
-46,-275,-26,8,-14,8
21,-235,37,-16,4,17
52,-210,44,15,13,20
-17,-285,-19,10,9,-40
-28,-304,-43,0,5,-3
13,-229,4,-16,-20,28
54,-213,71,8,-2,39
1,-259,-19,-43,-19,-6
-47,-298,-56,3,20,-22
1,-259,-9,-1,8,36
53,-216,40,-25,4,20
33,-242,1,-7,-12,16
-40,-309,-60,42,-28,11
-33,-266,-40,7,12,-18
49,-214,29,1,-20,-11
39,-203,43,-8,-7,33
-19,-299,-22,-16,-31,-19
-48,-285,-66,28,2,-7
33,-221,42,4,-1,-9
34,-197,51,2,16,-9
-6,-282,-21,-29,9,-19
-41,-298,-49,27,-44,-12
-16,-257,16,17,32,-29
72,-206,39,-1,-17,11
-7,-251,17,15,-6,-7
-54,-309,-31,-1,-17,5
-16,-264,6,5,-9,-33
58,-196,43,1,-15,17
24,-245,35,6,-23,9
-41,-275,-42,-14,-22,-22
-22,-290,-14,62,-1,35
33,-214,21,-6,-26,12
41,-231,44,-18,11,-4
-10,-291,-24,10,9,2
-42,-289,-44,17,-17,-5
11,-235,8,-22,-23,12
68,-193,35,-52,-5,32
-4,-265,-13,-12,28,39
-46,-305,-50,1,-36,13
-6,-262,-13,-11,8,3
63,-194,45,-0,17,1
-1,-251,19,17,-7,-27
-43,-312,-62,0,-9,-22
-40,-269,-18,-1,-53,15
64,-203,58,-4,12,-8
28,-218,36,-0,4,-33
-34,-278,-48,-12,-11,-30
-46,-287,-25,-22,-21,25
28,-221,32,27,-13,15
39,-212,59,18,12,-30
5,-270,-14,7,-27,29
-39,-303,-40,12,-29,-20
6,-251,16,-3,-2,11
62,-184,49,-20,-11,-6
-5,-240,-2,-3,20,5
-43,-290,-52,17,-13,2
-7,-265,-13,14,29,25
63,-232,46,-30,-13,14
13,-222,14,-10,34,-2
-29,-299,-58,19,30,-11
-29,-284,-11,5,36,-1
36,-231,32,-22,-13,-26
53,-222,44,5,29,-16
-38,-284,-31,-17,19,-20
-46,-287,-33,5,7,-37
20,-232,17,1,9,6
35,-193,57,6,-3,18
-14,-273,-8,16,-10,-27
-58,-300,-58,-7,6,22
-18,-253,-8,10,-19,-42
53,-200,42,-34,-16,13
2,-238,-3,8,35,-38
-57,-307,-45,10,-5,-3
-16,-262,-12,-3,-26,-10
70,-209,58,-15,-26,-4
16,-237,31,10,5,-14
-36,-300,-39,-16,10,5
-38,-280,-30,10,19,-29
37,-247,15,43,-28,16
25,-212,60,-16,-22,29
-36,-270,-31,-4,22,25
-51,-313,-55,23,8,-25
25,-258,-2,28,-39,19
47,-223,50,10,26,21
6,-252,-15,38,10,19
-43,-327,-63,15,-20,10
-12,-271,4,11,-8,2
66,-218,52,-13,-33,23
10,-234,26,-28,-3,-2
-34,-310,-25,-40,-20,7
-20,-278,-15,-19,24,-18
43,-217,41,-15,-42,13
35,-231,42,-11,-25,1
-40,-296,-25,14,1,-15
-25,-322,-32,-29,-13,-18
20,-225,42,11,11,-19
34,-200,44,-33,-18,-27
-35,-271,-2,-17,8,35
-51,-287,-31,-11,6,16
5,-249,0,9,3,-5
48,-209,58,-4,17,17
13,-242,10,37,7,-22
-52,-301,-44,-37,-15,15
-29,-262,9,-5,3,-14
54,-196,41,8,-1,1
20,-221,26,-4,36,12
-42,-314,-41,26,13,-22
-28,-279,-39,-24,-13,-31
48,-235,57,-8,29,39
42,-196,32,-14,30,-15
-30,-276,-20,8,5,-21
-32,-302,-43,17,36,1
16,-242,6,-13,11,39
40,-192,48,-18,-26,4
-31,-269,-6,-23,2,18
-31,-302,-55,2,-9,-22
-4,-284,-11,11,-11,25
59,-207,47,-6,-4,20
15,-246,15,-2,-34,-22
-34,-308,-43,-31,14,-10
-41,-278,-34,-16,43,-0
32,-221,59,-7,-8,5
37,-217,27,-19,-7,9
-37,-301,-51,14,-7,45
-42,-302,-30,-25,-29,3
29,-234,21,6,-15,2
47,-206,33,10,-13,-10
-21,-275,-31,-0,34,19
-49,-318,-44,-9,-13,2
19,-247,15,30,-3,-12
45,-213,49,-32,0,-22
27,-252,-8,-20,51,-13
-32,-302,-40,25,-1,11
-6,-255,-15,-34,4,-11
53,-196,46,32,8,-32
21,-246,15,-19,-5,-7
-34,-309,-59,0,-13,14
-34,-296,-30,57,38,1
31,-212,45,9,-21,10
28,-226,48,-42,4,-18
-38,-286,-36,-8,13,8
-60,-300,-45,20,-32,34
28,-224,35,22,-13,-0
42,-219,27,-4,-3,53
-21,-258,-21,-9,-32,-32
-65,-307,-35,12,-17,-23
18,-255,3,24,-2,46
48,-207,65,3,-0,-34
22,-254,-3,-20,-28,-33
-38,-298,-29,-37,-8,7
-29,-274,-3,5,8,-1
52,-207,51,17,-1,52
19,-220,-1,-47,7,15
-46,-301,-37,-20,11,-6
-42,-302,-41,-13,15,21
42,-223,34,-6,-20,28
34,-227,47,-15,2,40
-23,-292,-12,6,-12,43
-56,-311,-47,-1,4,21
20,-228,14,47,23,26
56,-222,32,8,-4,-1
-35,-273,-2,2,14,7
-58,-306,-63,-15,12,33
4,-256,-7,-6,5,-14
43,-202,62,-45,-8,-9
22,-234,13,-23,3,-4
-34,-299,-52,-36,-13,-6
-18,-259,-9,22,-5,3
55,-224,44,-37,15,2
28,-224,43,15,17,-12
-38,-278,-31,44,17,-20
-52,-300,-29,11,-6,6
10,-222,28,-5,-7,-14
57,-216,47,-14,7,-3
-33,-283,-27,29,73,-20
-52,-311,-37,-2,6,-24
8,-238,12,35,2,22
64,-204,45,-4,-1,20
-20,-250,17,-17,-16,-34
-39,-298,-75,10,-32,12
-9,-280,-13,8,20,-33
53,-198,43,23,-19,-24
7,-234,6,-16,-13,-31
-39,-310,-46,-6,-7,47
-40,-301,-36,-17,13,12
53,-205,43,10,40,-38
39,-221,45,-5,-14,17
-26,-282,-45,-27,-25,-4
-54,-301,-36,-4,41,15
44,-242,21,-6,-9,16
56,-213,66,-40,-14,6
-5,-273,-18,18,-27,-21
-30,-308,-59,-39,41,-10
-26,-250,18,-2,-9,-43
42,-204,43,8,-8,-3
11,-241,-10,-6,-11,-4
-57,-314,-42,-3,11,2
-16,-291,-11,44,21,-49
58,-220,35,20,-3,-17
49,-208,38,30,6,-15
-23,-298,-35,8,37,15
-30,-286,-36,-2,3,-2
62,-245,45,17,2,16
47,-215,42,-9,19,7
-33,-290,-30,5,-26,-13
-47,-300,-31,1,1,1
-1,-241,16,4,-3,19
55,-202,46,-23,28,-39
-13,-266,-7,-43,-2,18
-40,-295,-61,-23,-12,16
-12,-259,-6,20,-28,30
37,-214,45,-33,-5,-35
5,-239,17,-0,-15,17
-44,-302,-41,5,-8,3
-31,-297,-14,-11,-23,-19
49,-221,30,-50,-21,1
41,-209,32,11,-23,-16
-33,-285,-25,15,-4,3
-32,-304,-42,24,20,-12
22,-236,30,-16,1,6
39,-203,70,12,7,-17
-3,-282,-17,3,11,-14
-39,-313,-52,13,-5,-53
-7,-261,8,41,-31,-4
48,-212,63,-36,-2,4
-9,-244,9,-41,-2,-8
-53,-318,-40,16,-10,16
-6,-272,-9,-3,-26,-28
39,-205,54,31,7,7
17,-224,25,-21,9,4
-55,-289,-31,39,25,-26
-37,-292,-31,-12,6,-1
37,-224,16,21,20,23
50,-208,42,20,17,51
-48,-301,-55,11,-2,-12
-40,-307,-32,0,11,-20
10,-243,38,-31,-16,14
59,-223,41,-15,12,-37
-16,-260,-12,11,-10,7
-56,-310,-48,-20,2,22
-10,-260,7,28,25,-3
38,-224,41,-13,18,-38
20,-247,14,-11,-6,-8
-28,-285,-46,9,-20,-1
-21,-269,-21,19,-1,16
33,-203,35,19,-24,16
32,-200,28,10,2,-3
-45,-280,-44,17,-2,-8
-42,-304,-36,33,-3,20
21,-236,43,26,-13,5
32,-220,32,23,22,-9
-34,-279,-37,-31,-7,-14
-44,-296,-58,27,7,30
4,-254,7,-20,31,26
42,-209,54,17,-20,17
-9,-255,-8,-26,-17,5
-35,-310,-62,-45,13,-14
3,-271,8,49,17,4
23,-205,44,15,-11,14
11,-222,12,-35,-28,15
-52,-289,-22,-14,18,4
-29,-263,-31,-2,-10,-23
36,-228,43,-1,-1,30
49,-223,48,-40,2,-9
-22,-310,-45,-32,16,9
-34,-305,-29,-16,-3,-22
40,-237,28,6,28,-31
56,-207,64,26,18,-16
-18,-268,-14,-5,10,2
-38,-287,-62,10,18,-3
-10,-253,9,-1,12,1
50,-197,54,-11,-13,8
3,-255,17,-12,15,-31
-55,-296,-41,14,4,-3
-15,-276,-19,-6,-4,6
50,-201,29,-21,19,3
7,-250,37,-20,-4,-2
-25,-308,-53,-10,7,-24
-69,-266,-25,-5,-9,-16
15,-207,29,19,16,-10
35,-232,35,10,12,-13
-27,-270,-23,-6,50,1
-36,-299,-49,18,19,-12
33,-239,15,-7,3,-2
39,-193,43,4,27,-11
-3,-269,-6,-23,5,-41
-32,-291,-51,7,36,-13
10,-276,2,-20,-4,20
43,-197,42,-38,-3,10
31,-250,13,-2,-10,-15
-44,-318,-34,-53,9,9
-15,-266,-43,-5,38,-20
46,-214,42,-17,3,-5
25,-223,52,-6,-8,-14
-35,-303,-30,-4,-6,7
-35,-302,-22,22,-3,-11
24,-229,33,9,8,-23
64,-198,43,12,3,-6
-14,-272,-17,-5,-11,8
-50,-303,-37,0,-41,3
12,-247,19,13,-60,-19
55,-194,53,-11,14,-13
1,-243,0,3,2,-4
-50,-313,-43,-12,-30,-4
-12,-265,-13,18,-13,7
50,-207,22,-3,-15,3
5,-245,15,-15,11,41
-45,-316,-54,-7,-0,18
-32,-307,-24,17,-31,1
38,-194,40,-20,-1,14
53,-230,49,-11,-0,9
-28,-289,-40,12,46,-24
-35,-307,-51,-77,1,-19
19,-239,32,44,13,-21
32,-211,48,30,29,13
4,-265,2,-2,-3,-9
-40,-300,-42,2,33,-42
10,-256,-6,-32,-2,-14
56,-183,49,-1,0,-5
-7,-245,14,21,2,3
-50,-296,-34,8,1,-16
-44,-287,-18,-11,6,1
42,-222,48,-1,7,13
31,-231,14,39,-21,7
-36,-284,-25,23,-34,1
-27,-297,-50,13,4,-24
40,-234,50,-26,-19,4
57,-206,53,14,-25,-19
-12,-275,-27,16,-7,-18
-35,-296,-47,-11,-6,-22
10,-239,-1,-4,6,7
46,-207,69,-10,22,-23
-15,-261,-16,8,-26,-3
-65,-288,-45,15,4,-30
-3,-259,-1,8,-44,26
56,-208,31,-37,9,-9
24,-229,30,-3,-21,3
-43,-308,-49,11,-20,-14
-31,-282,-26,9,-13,-48
32,-221,43,-0,-4,3
26,-216,56,2,-45,37
-36,-297,-41,-1,17,-2
-51,-293,-38,-13,2,-13
19,-226,7,12,-1,8
37,-199,59,-4,-8,15
-19,-263,-32,7,6,-2
-51,-303,-50,14,6,-31
-6,-264,22,-5,26,2
44,-199,50,2,5,11
-6,-275,18,13,-7,-14
-49,-317,-37,-13,15,-12
-25,-265,-10,9,9,-11
51,-203,52,14,24,-9
29,-233,28,-17,3,-7
-51,-305,-42,-19,-20,-32
-40,-295,-21,14,-68,26
27,-238,42,-0,48,19
46,-209,41,9,16,4
-17,-279,-7,-4,7,10
-45,-302,-43,-1,3,-27
35,-228,1,-35,2,16
56,-192,59,47,3,-16
-8,-258,-15,-42,32,17
-51,-306,-58,22,9,26
-1,-265,3,22,-16,23
54,-208,61,19,-18,9
3,-249,-8,8,45,2
-38,-319,-61,17,14,-0
-18,-272,-22,-2,-39,13
41,-198,30,6,-11,-11
36,-228,20,-4,22,37
-53,-280,-46,-14,-12,-48
-36,-296,-39,-15,9,-12
18,-186,37,1,-23,27
71,-220,45,-27,6,-2
-25,-260,-21,13,-5,-1
-42,-306,-45,15,7,-16
9,-261,25,-10,-11,-11
31,-215,51,-16,25,-9
4,-269,-9,-55,-11,-21
-48,-316,-52,30,4,-9
-15,-257,-11,22,-2,6
57,-196,51,-52,33,5
9,-233,13,-21,11,-14
-46,-311,-40,-15,-16,-42
-34,-290,-37,18,4,-20
28,-218,34,-4,-26,42
37,-228,34,34,12,-3
-38,-314,-30,38,17,4
-42,-297,-33,26,20,20
21,-221,23,-4,-16,5
47,-213,50,8,-18,-8
-28,-273,10,8,-58,-7
-39,-301,-58,11,-5,-12
16,-240,8,-4,13,-34
56,-192,53,25,2,43
20,-259,1,5,5,19
-53,-309,-50,-33,13,4
-1,-259,-16,-12,-8,14
31,-202,44,18,-3,-0
21,-231,13,4,-20,36
-35,-297,-42,8,14,-22
-39,-298,-20,11,-19,19
22,-234,34,-28,6,20
39,-220,42,10,-20,-34
-45,-276,-30,-33,-7,-27
-34,-297,-43,-31,10,-9
14,-219,28,0,4,5
47,-208,50,-29,-42,16
-9,-270,-10,-10,-13,-14
-44,-314,-58,13,19,35
-5,-254,6,-13,-24,-12
45,-219,62,-1,-34,4
21,-253,4,-26,9,13
-46,-287,-48,20,-22,-2
-38,-291,-19,-22,-3,34
41,-226,50,14,28,-20
50,-213,37,-0,28,-12
-32,-293,-34,-11,7,-1
-60,-299,-32,44,-15,9
29,-218,44,33,18,6
47,-209,54,9,-19,9
-7,-275,-12,9,-47,9
-50,-302,-54,-3,25,22
-4,-255,16,12,18,-1
50,-197,36,-11,-29,-34
12,-253,-2,-1,-33,12
-33,-307,-50,7,-40,6
-15,-257,-16,3,4,21
36,-202,48,41,-52,8
30,-228,22,27,-25,-26
-52,-288,-37,12,9,38
-39,-295,-27,-44,13,1
27,-241,31,-16,9,2
50,-223,41,-12,-21,9
-35,-292,-25,-8,-19,-40
-36,-293,-51,-38,-11,10
21,-235,18,-45,-35,1
59,-212,48,38,15,12
-19,-256,-9,0,-16,33
-49,-317,-34,-38,10,19
-20,-266,4,15,-1,-23
38,-202,60,-32,12,-24
5,-245,21,-19,-4,26
-53,-292,-52,-21,1,-37
-20,-276,-41,-41,8,12
55,-199,47,-40,-27,44
27,-234,28,-2,-23,-7
-50,-291,-30,38,-34,2
-31,-292,-46,-9,-6,-7
21,-220,48,7,-38,14
39,-218,55,9,9,6
-24,-290,-28,-19,41,-2
-63,-314,-50,43,-14,25
15,-255,12,-8,-4,2
62,-217,47,34,10,1
5,-253,-7,-16,23,2
-56,-287,-64,0,24,25
-7,-261,-9,-1,40,17
47,-214,47,28,20,-13
14,-227,15,42,-13,8
-48,-302,-45,-6,28,8
-18,-295,-24,6,18,-24
36,-207,32,2,10,14
7,-228,20,-23,3,12
-41,-276,-42,12,-0,-11
-47,-301,-18,-5,11,5
45,-235,47,-32,5,-10
41,-202,59,-12,-2,-11
-23,-286,-39,15,25,37
-60,-287,-57,-35,1,16
8,-262,4,22,24,4
46,-200,30,29,-14,-26
3,-249,-5,19,16,10
-39,-313,-69,34,-9,-21
-16,-271,6,-35,24,10
33,-199,32,-3,24,26
36,-231,7,29,3,-23
-24,-289,-39,9,22,-21
-47,-296,-16,10,1,-8
36,-216,19,-9,22,9
38,-212,44,-14,-23,-20
-37,-279,-24,-1,1,2
-26,-294,-60,-22,27,-5
10,-231,25,-5,-10,3
53,-216,48,-3,5,-3
-3,-267,-3,-17,-9,-28
-53,-300,-47,8,26,-3
8,-246,-6,48,4,4
58,-212,50,5,-24,-14
20,-245,32,-29,32,-42
-36,-311,-42,3,22,20
-29,-265,-33,11,37,34
41,-191,42,13,32,-16
41,-218,21,-5,-5,21
-26,-293,-33,8,6,-31
-39,-297,-48,31,4,-5
33,-232,61,-15,22,-15
37,-230,36,-39,36,3
-13,-267,-30,-11,17,-32
-69,-299,-45,49,-13,-31
8,-241,17,-8,36,-31
70,-198,34,14,13,-8
-7,-262,-12,7,22,1
-56,-309,-61,2,-13,16
-35,-256,-11,26,9,24
51,-200,44,30,35,9
19,-231,20,-15,1,14
-37,-310,-40,-8,-1,-8
-54,-272,-8,-11,21,-19
41,-231,25,43,-9,-11
50,-227,32,1,35,-7
-36,-291,-22,2,-32,-8
-43,-304,-59,27,-23,48
14,-245,33,-0,-3,-22
47,-208,59,-16,1,-8
-13,-268,-10,5,-8,-60
-37,-306,-44,26,-2,4
-9,-266,15,2,19,4
51,-208,34,36,6,43
-2,-238,5,-8,-47,-2
-65,-282,-43,-17,-0,-7
-19,-266,-7,-31,-26,1
55,-212,64,-32,11,-24
22,-240,27,16,-38,-18
-28,-285,-44,11,-17,18
-31,-287,-21,19,-4,-5
24,-235,48,0,0,19
32,-216,24,26,-9,3
-13,-285,-22,11,20,-6
-51,-310,-55,25,-4,-13
10,-247,16,-9,20,-17
77,-213,45,4,-4,-29
-11,-260,4,-14,1,-23
-57,-307,-61,11,-17,5
-22,-249,3,6,16,-10
51,-201,55,14,6,17
13,-235,7,61,-1,-3
-31,-283,-47,-9,-26,8
-7,-269,-26,-10,6,-1
41,-211,30,22,13,-18
49,-216,25,23,15,6
-37,-297,-60,-10,11,-11
-43,-287,-32,-13,14,-4
15,-228,29,-17,-18,17
32,-217,57,-7,-34,-8
-16,-275,-7,-34,34,2
-47,-304,-38,4,-7,1
-14,-244,8,-29,-14,14
44,-186,48,9,10,-41
16,-267,15,-2,5,-31
-61,-307,-65,-2,25,-9
-6,-258,-17,5,-30,-30
52,-195,64,6,-31,27
16,-216,11,23,1,-27
-49,-322,-48,20,-0,16
-31,-290,-20,7,-5,-1
27,-222,38,-19,-2,48
36,-227,31,-1,24,-16
-37,-296,-34,-21,35,-25
-34,-283,-53,1,-5,4
19,-244,17,-2,-11,-12
41,-196,45,35,8,-19
-6,-258,-15,1,-24,0
-38,-302,-71,-35,-0,57
-4,-239,2,-7,-2,-7
43,-224,32,-9,-5,2
0,-243,0,4,4,-8
-50,-309,-43,-17,14,-49
-5,-273,-27,-32,33,4
41,-234,46,-44,25,-10
26,-227,32,-11,-19,11
-26,-305,-12,-4,5,-19
-43,-287,-27,7,19,-24
18,-244,37,4,-14,-35
44,-218,34,9,2,-17
-43,-285,-32,1,11,-22
-50,-319,-45,-15,1,-16
-6,-230,6,7,17,-29
61,-196,38,33,-13,6
-4,-255,7,-23,36,22
-76,-292,-52,10,-23,25
-16,-257,1,-8,17,-31
51,-211,66,-3,3,24
15,-236,14,16,3,-5
-41,-302,-43,17,12,19
-23,-286,-13,-7,4,21
45,-217,41,15,17,12
48,-224,31,31,-28,13
-30,-288,-28,-14,11,25
-43,-299,-45,-12,-5,41
16,-248,19,-13,10,8
59,-214,42,-4,-15,-17
5,-251,-30,-15,-1,9
-71,-305,-71,-15,-14,-7
-8,-250,8,-3,-17,-9
59,-221,55,-22,11,-2
20,-271,12,2,29,28
-61,-315,-39,15,15,12
-15,-272,-18,8,-3,-4
61,-200,50,-20,24,-35
17,-244,38,15,-25,5
-50,-303,-40,-17,-27,-24
-38,-274,-27,-29,-8,8
36,-233,32,12,-13,20
31,-222,42,11,6,-14
-9,-278,-31,8,-3,2
-44,-308,-31,-13,13,11
27,-256,20,-12,-32,7
34,-197,55,-1,-4,-6
-25,-270,6,13,-0,6
-46,-295,-38,9,1,-29
-24,-264,10,-15,-17,20
56,-214,35,-10,-27,-1
8,-252,19,-3,9,6
-59,-310,-36,-28,-25,23
-8,-258,-24,-9,13,13
38,-226,48,26,-2,15
33,-245,36,-25,11,7
-39,-291,-39,1,-6,-16
-38,-304,-52,25,23,26
18,-213,31,-24,-7,28
43,-207,44,-6,-15,21
-36,-272,-27,11,2,-2
-44,-307,-37,-35,20,-37
12,-263,15,28,-5,-17
39,-211,44,30,21,-17
3,-234,9,-12,-6,0
-51,-303,-42,4,30,-4
-12,-267,-29,-14,9,-14
56,-218,34,-12,6,49
7,-242,36,6,-14,4
-36,-288,-37,-8,-25,-21
-45,-288,-40,-4,-12,16
45,-227,39,-9,-8,-19
34,-217,24,28,14,-25
-28,-301,-40,-29,-11,-5
-47,-317,-54,6,-9,18
11,-243,23,-0,-14,-27
36,-239,56,-17,-1,18
-20,-258,-23,-7,-8,-25
-47,-313,-49,17,-36,22
14,-264,12,-1,6,-1
49,-213,58,-23,33,-9
44,-246,7,-11,11,-15
-54,-300,-39,14,-28,0
-25,-260,-16,-8,22,-2
49,-208,47,21,-33,6
22,-225,37,1,3,-22
-52,-307,-42,-4,7,24
-42,-293,-32,21,5,-8
34,-217,48,-9,5,-31
50,-221,39,-17,18,28
-41,-279,-30,1,0,-11
-49,-290,-49,-4,3,-11
8,-229,-1,-34,-13,14
53,-199,68,-28,-0,-2
-9,-246,-3,24,-6,-11
-60,-323,-42,-21,-33,-24
-2,-257,-7,4,-7,-28
58,-195,52,11,-9,10
23,-241,17,-23,34,24
-47,-304,-65,8,-20,-32
-42,-277,-10,14,3,42
27,-230,45,-9,38,0
26,-225,9,-6,-13,6
-35,-290,-37,-15,-16,-8
-51,-286,-31,-4,12,22
30,-219,14,-20,34,10
41,-219,56,-23,37,10
-12,-266,-20,-28,4,-0
-50,-299,-50,-31,-21,-20
15,-253,12,-1,-1,4
57,-201,56,17,-19,-3
-11,-238,-5,20,13,19
-46,-301,-54,-7,-6,34
-19,-256,-31,-0,-12,0
41,-200,37,2,-9,47
24,-243,25,1,14,-31
-44,-303,-37,19,0,-11
-34,-269,-28,-34,26,-31
48,-198,27,-6,28,-45
25,-204,43,-10,-20,-16
-42,-311,-38,-31,25,-34
-39,-308,-53,2,38,57
21,-248,21,-5,23,-21
39,-179,43,-16,-9,-35
-18,-263,-13,-18,24,-1
-57,-314,-53,45,15,15
14,-244,18,-8,29,-1
52,-206,58,-26,-29,-14
2,-266,14,18,-18,15
-43,-290,-53,31,0,-38
-13,-272,-22,-5,-11,-11
49,-219,27,18,55,19
22,-240,30,23,-6,6
-41,-290,-65,-11,-6,-1
-33,-280,-34,17,6,-12
43,-222,25,13,-17,7
49,-222,48,7,8,29
-25,-295,-26,22,37,8
-49,-300,-43,19,-19,-4
-6,-245,29,4,11,-33
47,-216,54,-36,-14,24
-7,-261,-9,28,15,-2
-53,-319,-60,25,-35,25
-16,-269,-5,2,13,-12
53,-200,53,6,-17,27
35,-227,14,-10,9,-24
-39,-302,-48,-52,32,37
-15,-290,-15,20,-9,29
39,-228,43,1,-2,-29
43,-223,61,50,21,15
-43,-281,-17,-5,-30,-14
-49,-316,-54,-18,-7,46
26,-232,24,26,-3,-19
24,-225,50,3,-29,2
-19,-265,-13,6,-12,-2
-60,-296,-48,2,22,29
13,-241,-5,-13,-35,16
50,-192,32,-4,-5,-19
-2,-259,10,-26,34,-8
-49,-304,-57,-7,-19,-1
-7,-282,-23,-15,15,26
37,-200,52,-26,-2,14
18,-235,31,6,-7,19
-45,-308,-54,-19,13,14
-53,-286,-43,3,17,-28
27,-227,37,-32,9,32
44,-206,43,-20,-26,-6
-24,-269,-19,13,13,-13
-42,-299,-41,21,34,-17
26,-213,31,-8,-11,28
55,-201,47,-18,5,-17
-19,-283,8,43,34,3
-35,-290,-45,19,21,13
-23,-244,-7,-17,13,-13
42,-238,38,-24,-6,3
1,-263,1,-6,-18,10
-48,-273,-52,39,-15,-8
-36,-286,-6,16,-14,7
37,-205,37,-38,7,-14
41,-241,46,-0,15,33
-40,-305,-50,-1,10,2
-40,-280,-43,-23,-25,-9
36,-229,15,10,-17,23
40,-209,29,-25,-22,-35
-27,-268,-24,-1,-7,-9
-33,-311,-57,-27,-18,8
17,-230,3,-3,31,23
43,-202,55,35,-17,-22
-11,-248,8,-3,-14,-9
-41,-295,-50,16,46,-1
-5,-269,-1,44,-28,3
56,-191,49,22,-0,-1
28,-219,35,16,3,-19
-39,-287,-60,-8,-31,24
-15,-287,-38,11,-3,15
44,-229,32,-6,-14,-9
53,-218,30,4,-8,-11
-17,-279,-27,1,20,21
-31,-301,-47,13,-6,24
14,-229,6,21,20,-1
26,-208,48,-7,4,35
-6,-288,-6,31,-20,-27
-50,-298,-53,3,29,-16
2,-243,6,21,13,-28
47,-201,45,2,18,2
17,-244,-1,8,12,3
-67,-293,-25,-29,7,28
-21,-277,-22,-34,15,13
49,-209,24,-6,5,30
27,-233,21,21,25,1
-50,-308,-45,-26,10,-25
-41,-295,-47,-0,6,-26
29,-212,23,6,24,42
50,-233,33,19,-9,8
-6,-280,-22,16,-2,-24
-43,-306,-55,-18,24,9
21,-225,6,-12,-2,-19
59,-205,64,53,-53,-19
-14,-252,-22,-16,10,-13
-46,-308,-35,3,-22,-15
-8,-270,-6,18,-18,27
59,-196,38,2,-28,-12
15,-236,-2,22,-2,-18
-42,-294,-53,11,-12,-46
-32,-287,-18,36,31,-18
49,-223,40,10,-25,4
56,-207,13,5,4,-32
-25,-275,-35,13,-1,-30
-43,-290,-48,4,-17,-44
21,-229,17,26,3,9
53,-206,65,7,-1,16
-31,-286,-18,-10,-24,-13
-45,-317,-69,-10,-5,-33
-1,-238,17,-13,25,17
15,-198,53,-3,15,0
22,-240,10,0,-10,42
-45,-308,-50,-7,27,-5
-13,-265,-6,-34,9,-6
56,-205,45,18,9,24
19,-238,36,-14,25,-5
-32,-296,-34,-1,-14,2
-14,-296,-28,33,-24,-9
28,-223,48,31,12,7
35,-208,35,14,12,-3
-44,-281,-41,-16,-14,9
-55,-300,-54,-9,30,-18
13,-241,17,-19,19,28
55,-216,30,-16,6,-5
-15,-276,-27,-14,-2,9
-62,-318,-40,-12,4,-3
2,-247,1,11,-9,-45
47,-218,28,-3,-13,-33
12,-245,13,10,22,-37
-54,-302,-38,-9,-10,-40
-26,-266,-30,-50,16,9
47,-232,24,-3,-2,-23
31,-237,12,4,21,22
-36,-292,-45,38,8,-4
-52,-293,-28,-38,-7,24
32,-232,42,-24,-43,-38
40,-223,36,-4,-2,-15
-10,-271,-13,-7,-1,-3
-44,-306,-51,31,-7,-7
9,-254,11,9,1,6
53,-206,39,-35,-2,35
7,-250,6,-36,-18,-6
-47,-308,-30,9,-16,23
2,-260,-3,10,-10,11
46,-197,53,8,-7,-2
8,-256,34,15,-22,-1
-30,-302,-48,3,28,-8
-14,-289,-45,-12,14,-4
42,-216,44,-30,-2,-19
46,-221,38,43,-12,-3
-29,-286,-33,-9,3,18
-57,-293,-47,29,25,-23
18,-235,47,-4,-2,52
24,-215,34,-11,-24,1
-8,-275,-34,-5,1,-5
-35,-293,-48,-1,20,27
1,-264,8,8,20,9
48,-206,53,9,2,-10
15,-254,-10,36,-6,-7
-50,-300,-45,17,60,22
-12,-253,-15,-39,-33,-14
41,-200,48,-4,16,-10
32,-238,38,-11,-25,-41
-33,-305,-25,0,27,-11
-37,-292,-21,10,-7,24
28,-236,33,31,-8,21
69,-211,43,-5,-19,-42
-34,-272,-8,14,-24,1
-32,-313,-65,-2,9,5
3,-234,17,18,4,11
49,-194,51,11,28,-33
0,-268,2,7,6,-6
-56,-305,-46,12,-3,30
1,-253,-19,4,-2,16
43,-216,57,9,-31,-15
10,-241,6,-9,29,2
-41,-302,-54,-4,24,23
-24,-272,-20,-6,-23,-18
44,-210,41,7,-4,2
44,-218,26,-35,-22,-16
-22,-311,-40,15,9,-0
-39,-290,-37,-18,-5,-4
25,-215,32,10,12,14
41,-216,33,14,-12,-35
-21,-277,-21,-36,44,-7
-55,-291,-66,34,10,1
-2,-229,12,-20,21,19
72,-220,60,26,19,-21
8,-270,6,-15,-8,-12
-46,-307,-53,-7,-19,-1
2,-267,-25,12,0,21
56,-206,48,33,14,4
10,-238,13,21,23,35
-40,-296,-54,-1,-10,-23
-38,-293,-23,-35,-8,11
38,-210,28,-20,-2,-8
54,-205,39,-18,-24,16
-24,-275,-25,-7,2,-3
-54,-309,-45,22,-10,19
27,-232,22,14,-4,33
40,-212,55,-22,-6,-21
-17,-275,-12,18,-11,-3
-55,-296,-48,-12,32,-0
-7,-241,-11,-11,-21,20
54,-215,52,21,-10,-9
-8,-245,6,7,0,-10
-64,-276,-59,-6,0,7
-14,-267,-22,12,-23,24
46,-207,56,-5,-16,2
31,-230,22,13,-15,-5
-46,-287,-50,15,-3,-14
-30,-297,-24,-11,-27,6
23,-231,25,-15,-34,-12
44,-215,61,5,17,-0
-28,-283,-9,-21,-13,27
-47,-309,-55,-14,-10,-22
10,-252,20,-13,23,-10
56,-214,35,-29,30,-26
-2,-258,-17,9,-2,40
-60,-302,-50,-19,9,27
-15,-256,-24,-42,19,-31
50,-201,27,-35,28,6
5,-251,17,-27,38,16
-51,-300,-29,-4,-6,-4
-17,-268,-20,8,-61,22
39,-212,39,4,33,8
46,-223,37,-24,2,-25
-41,-294,-44,-19,15,-6
-40,-303,-35,6,-32,-31
33,-216,4,29,14,-26
33,-209,29,3,-6,1
-4,-285,-14,-2,-6,11
-42,-293,-59,2,-15,0
14,-254,14,-9,6,4
46,-198,55,-32,-27,15
9,-248,-20,-7,-10,-31
-60,-324,-53,-24,-34,-29
-9,-262,-18,-31,-24,30
58,-193,58,13,28,-44
12,-247,15,3,-9,-45
-36,-288,-27,24,-6,13
-47,-262,-7,-19,-34,34
20,-233,21,5,3,7
15,-227,37,10,-9,11
-43,-279,-39,8,18,-15
-42,-275,-56,22,7,5
32,-232,-2,18,-6,-22
41,-217,42,22,-12,33
-16,-254,-18,4,-23,-13
-72,-308,-45,45,3,-7
-2,-252,-6,-30,-22,22
52,-203,44,-2,-3,-13
6,-242,-18,15,-2,-18
-44,-298,-35,-10,28,-10
-32,-266,-28,10,-6,-41
49,-213,31,13,4,23
19,-216,42,-10,-13,-28
-35,-308,-49,-4,-10,-31
-19,-293,-28,5,-37,-6
28,-227,5,-21,-19,-2
48,-205,54,-6,-18,2
-8,-253,-22,3,-27,-4
-45,-300,-44,-16,6,-1
8,-247,8,-0,-29,15
51,-204,36,7,-2,-0
-11,-269,-9,22,-2,16
-49,-293,-68,13,-6,-21
10,-266,-7,-18,-2,-1
61,-198,43,31,-10,-0
34,-240,23,-22,-8,-26
-20,-285,-61,-13,-5,-18
-51,-291,-30,-2,4,9
36,-224,44,7,5,-4
27,-219,29,-25,-1,-27
-35,-297,-28,4,2,5
-55,-290,-37,11,-6,5
25,-248,20,25,18,-28
46,-224,55,-13,56,-12
-2,-265,-11,5,-12,-8
-56,-311,-53,-8,12,-30
10,-260,-1,-3,19,-12
54,-214,55,-32,-14,-9
-2,-237,-4,1,-8,-10
-59,-294,-56,-20,-0,-6
-13,-264,-7,4,16,14
61,-204,44,5,-12,5
26,-238,26,-3,13,-4
-42,-296,-30,18,7,-16
-22,-277,-20,-33,1,7
16,-226,34,16,1,-3
60,-236,38,-23,-3,10
-30,-280,-24,-21,-14,-3
-41,-301,-36,-15,6,-8
9,-237,2,6,-9,-23
50,-186,49,-9,32,-22
-11,-278,-13,-19,2,49
-49,-324,-51,33,-21,14
-25,-248,-3,23,28,1
54,-214,42,14,-15,-6
4,-261,18,17,14,-2
-44,-309,-44,-18,6,-2
-29,-289,-46,14,-18,25
29,-222,38,26,-2,1
38,-246,14,-32,-5,3
-53,-285,-24,-21,20,-9
-44,-291,-39,-14,-10,-20
59,-231,31,-40,-7,30
47,-214,43,2,17,-5
-19,-270,-34,-22,1,-6
-32,-291,-48,-23,5,7
6,-256,1,32,-16,3
56,-214,57,-11,-9,19
7,-247,11,-16,16,-48
-57,-314,-42,-30,25,48
12,-282,-19,37,-10,6
70,-211,41,-24,-28,24
22,-254,10,4,19,-27
-40,-331,-63,-35,21,-21
-31,-288,-35,20,-0,-17
54,-219,24,-10,41,-26
34,-223,46,-17,31,-4
-25,-284,-36,46,-7,10
-37,-307,-56,36,-4,6
30,-244,17,-27,-13,3
49,-194,41,23,-10,19
-7,-263,-0,6,-34,-8
-44,-314,-59,-4,15,-3
10,-264,11,-2,8,9
46,-206,28,2,10,-49
4,-256,22,-2,-17,13
-41,-282,-44,-3,20,26
-15,-271,10,2,2,19
39,-214,54,-4,-38,-9
35,-225,26,-17,-11,-21
-22,-302,-37,13,-18,-10
-26,-291,-55,-11,16,-17
31,-232,39,-7,28,41
36,-197,49,-12,16,22
-37,-284,-21,-20,29,20
-34,-285,-36,-1,11,-17
4,-239,5,5,2,-2
56,-196,57,-6,24,3
-8,-244,-15,13,27,-1
-45,-303,-44,31,24,-25
-12,-262,-7,11,-31,13
47,-197,21,20,14,16
5,-230,9,9,11,-8
-67,-302,-43,46,-14,37
-35,-279,-15,7,-1,-26
46,-207,46,28,11,14
39,-216,35,11,-8,30
-40,-279,-29,9,1,-7
-46,-299,-36,8,-6,-56
32,-247,23,-9,-12,11
34,-221,59,35,8,18
-17,-286,-29,7,-21,34
-47,-316,-43,40,16,-19
-16,-251,-4,-13,13,-47
66,-208,56,-8,11,-27
-0,-229,-9,5,-8,-0
-45,-309,-53,-55,8,17
2,-250,-7,-28,15,-7
46,-213,61,-32,-23,-13
30,-237,20,7,6,13
-38,-308,-39,-47,21,-7
-40,-272,-29,-20,37,-34
45,-229,47,6,-4,-30
54,-211,39,14,10,3
-48,-292,-40,3,3,13
-49,-306,-36,26,27,18
42,-225,36,14,6,9
36,-198,28,-9,-20,-12
-18,-259,-17,8,5,-34
-49,-284,-58,23,12,-47
-9,-284,5,-12,1,-4
43,-194,39,-33,-22,-3
7,-253,10,2,6,-4
-57,-326,-51,-21,24,13
-24,-280,-9,-16,10,-45
61,-217,34,-9,15,2
30,-231,31,9,-15,-24
-59,-284,-37,25,-23,-13
-34,-298,-48,-12,-42,-8
18,-220,26,-8,-62,-7
35,-224,38,29,40,26
-20,-283,-20,52,-23,1
-52,-281,-47,-25,20,18
-1,-246,5,15,44,3
46,-221,47,19,14,-23
-8,-253,-6,-32,-18,-19
-59,-333,-61,16,3,-2
-18,-259,-15,5,13,-0
46,-191,33,2,33,-30
7,-234,33,-29,-20,20
-25,-279,-48,-16,44,36
-24,-284,-22,34,-9,-15
33,-215,41,-2,14,23
28,-208,32,-5,24,7
-20,-294,-29,-44,-4,-31
-30,-291,-34,-6,-34,12
33,-213,37,-3,-25,31
59,-214,37,-54,4,35
-20,-265,-5,13,-10,-6
-51,-323,-46,9,-38,-9
-4,-257,11,-5,13,-25
52,-211,47,-16,27,17
21,-254,12,25,-5,26
-43,-303,-45,-35,-20,-25
-31,-288,-23,-36,7,-14
24,-208,47,27,26,7
21,-232,15,-2,9,-5
-37,-292,-44,-7,2,-13
-38,-295,-24,17,20,9
30,-217,39,12,-12,17
33,-221,40,-44,10,-13
-33,-297,-42,-9,-32,-2
-42,-307,-33,22,25,1
7,-246,6,-25,-21,-9
62,-202,59,3,42,-6
-15,-253,-3,-11,12,-20
-40,-303,-51,-20,-3,-7
8,-273,-1,-4,-28,-45
52,-195,46,-13,42,29
-6,-238,5,-12,-19,-23
-49,-304,-53,12,28,-9
-11,-254,-19,13,2,45
31,-212,56,14,-0,15
27,-227,17,21,27,-4
-32,-305,-19,-43,-8,22
-48,-290,-49,-5,3,5
31,-235,38,-5,41,19
41,-215,40,25,8,9
-24,-279,-11,-1,21,30
-64,-309,-35,-11,-11,29
29,-236,21,-0,-12,10
53,-206,57,41,-1,19
-10,-262,-10,-37,17,-14
-62,-309,-29,-14,21,-17
-14,-275,-18,6,-31,-2
45,-222,55,17,16,4
37,-225,21,-23,-1,-0
-42,-300,-58,-5,15,14
-16,-286,-21,4,4,6
19,-201,56,4,-23,12
25,-221,34,22,1,-11
-21,-285,-18,29,-10,37
-40,-295,-37,-14,-39,8
21,-242,8,21,9,19
59,-188,62,-9,-5,-16
-21,-255,-12,25,-5,2
-60,-299,-58,-26,-11,-38
3,-263,-4,0,11,-7
43,-209,59,1,-2,-9
6,-223,5,29,-14,9
-57,-287,-49,-1,-7,24
-20,-259,-15,16,-15,-5
32,-189,66,1,-19,-11
19,-203,27,29,22,-17
-42,-285,-44,-22,12,26
-27,-299,-24,-29,-11,17
36,-231,4,31,2,-1
29,-209,34,-10,7,-10
-30,-271,-19,-8,-23,-10
-52,-314,-42,-1,-12,-28
9,-246,18,-3,-20,42
63,-195,30,24,15,13
-1,-265,-12,0,-0,7
-49,-301,-51,-8,56,1
-2,-258,-12,21,5,-32
54,-194,61,-38,-12,-7
26,-242,9,10,-47,-10
-50,-302,-52,-28,45,44
-17,-287,-32,-17,10,35
36,-210,26,-7,9,-14
36,-235,37,5,45,4
-40,-298,-36,20,28,-21
-20,-298,-41,-13,23,-17
15,-237,22,-14,-1,28
26,-221,38,-3,40,-44
-20,-291,-6,5,8,10
-38,-307,-47,-26,-14,-16
14,-258,-6,-62,-11,-23
49,-216,57,-13,11,-37
4,-263,14,29,43,13
-31,-302,-43,-0,17,5
-13,-266,-23,22,-12,42
39,-187,44,-9,2,13
24,-227,11,0,33,14
-41,-297,-27,-2,-28,16
-37,-287,-34,-24,7,-19
38,-226,40,21,-11,-11
33,-214,39,10,-26,34
-30,-284,-35,-28,-4,-19
-31,-317,-53,-22,-9,-13
9,-234,25,20,3,-11
52,-206,45,10,19,-12
10,-255,-7,12,12,13
-32,-302,-57,2,-3,33
14,-267,-15,12,5,-31
34,-206,50,23,6,-9
2,-233,17,-22,26,4
-59,-306,-47,-26,16,11
-15,-280,-18,-18,-13,8
48,-204,34,-2,43,-13
17,-235,34,-18,-5,4
-34,-292,-49,3,14,1
-37,-267,-29,-34,51,12
38,-227,33,-17,4,-9
52,-226,34,-27,20,-5
-7,-280,-23,-25,-25,19
-28,-286,-49,33,31,29
4,-238,16,21,6,-7
62,-201,31,21,-3,-11
4,-266,-5,17,-6,5
-57,-313,-56,-30,3,-0
-2,-283,4,-40,12,-13
72,-205,28,3,-10,-16
34,-237,14,-6,5,19
-28,-297,-59,-18,-10,-37
-35,-275,-29,-8,-0,11
19,-213,37,-33,-8,-3
16,-221,24,-29,-2,0
-38,-286,-28,-17,2,-7
-47,-308,-41,-32,-17,7
27,-222,30,7,21,-1
36,-209,53,32,6,-7
0,-272,-28,16,-24,-22
-60,-310,-46,-11,17,-5
16,-256,3,-23,9,-38
48,-202,60,-19,-15,-37
-4,-250,-2,38,9,-16
-71,-295,-36,-15,28,-23
-15,-263,-9,8,16,-16
38,-191,33,-8,8,6
22,-231,26,26,31,23
-25,-301,-51,26,-17,-1
-38,-296,-28,27,-11,17
38,-214,43,8,9,25
30,-220,42,-20,-17,2
-21,-259,-12,-10,33,12
-53,-310,-54,9,-2,-14
17,-235,13,-72,3,-38
42,-200,51,10,22,9
-6,-261,-1,54,-19,5
-42,-320,-55,2,-47,29
-6,-272,2,-18,7,36
39,-190,46,8,7,-12
18,-246,-1,-6,7,-34
-40,-315,-37,-19,9,-25
-26,-277,-24,7,2,-6
41,-213,54,47,-19,-14
34,-223,31,19,-2,19
-36,-308,-40,6,-6,-7
-45,-291,-44,-6,7,8
34,-235,24,10,17,9
39,-201,37,18,12,-4
-19,-271,-16,-7,-8,16
-45,-297,-42,19,-46,-31
5,-253,6,-15,-11,7
53,-214,59,32,28,6
14,-243,3,-16,-18,-25
-60,-290,-54,-24,10,-1
-14,-269,-14,-8,12,-18
31,-214,58,18,-45,-15
20,-225,3,-14,-6,4
-38,-289,-29,15,-12,-13
-31,-288,-32,-26,-2,-37
38,-229,26,29,14,-3
54,-231,29,-2,-42,18
-18,-283,-16,-3,9,42
-34,-304,-36,16,23,-3
15,-236,23,-7,-17,19
48,-211,38,18,28,-24
9,-270,-8,13,33,-8
-37,-299,-40,20,-56,-5
-17,-258,8,17,-3,-18
44,-221,44,19,-27,-22
9,-247,-1,-10,-36,-4
-61,-315,-38,9,-43,-0
-22,-286,-15,-34,13,3
52,-217,51,-11,4,12
23,-237,37,-1,-9,-23
-28,-301,-36,-20,11,-6
-45,-298,-41,9,-0,10
36,-215,24,-19,-11,-10
27,-214,47,0,-45,42
-10,-283,-15,16,-58,-10
-51,-310,-37,25,-1,17
23,-249,17,-1,-20,-26
47,-205,51,-36,-23,2
-9,-255,-16,-3,12,-55
-52,-315,-57,1,-5,15
-18,-262,-9,-24,-19,11
41,-216,69,-30,-21,-18
7,-270,25,-6,36,42
-56,-305,-37,-13,8,5
-35,-285,-19,-5,14,24
20,-208,39,-9,-3,-21
41,-206,22,-15,30,-56
-26,-287,-27,-13,-5,-16
-14,-290,-39,-16,3,-4
18,-220,17,9,-5,15
49,-211,45,-15,45,3
-11,-275,-18,-7,8,32
-52,-319,-53,35,-15,-15
4,-257,18,11,2,9
71,-232,33,-23,22,23
1,-264,17,-24,-11,-9
-50,-302,-45,7,-21,18
-8,-267,-22,-17,3,17
48,-220,56,30,-31,-41
27,-230,27,3,9,29
-44,-298,-40,0,33,-3
-25,-284,-47,11,3,-1
25,-229,29,-8,-22,-10
40,-225,34,5,-10,9
-25,-283,-33,14,1,-29
-22,-307,-54,-21,-3,67
5,-231,33,17,-12,-19
45,-200,51,-25,6,-25
3,-279,-9,-57,-30,18
-59,-294,-62,29,18,-5
3,-257,6,10,-20,-20
50,-203,38,-26,-10,-38
-5,-256,18,-25,4,-16
-44,-305,-51,-21,-53,-17
-34,-267,-23,-2,6,25
45,-203,44,7,-3,16
40,-231,10,-54,25,11
-36,-283,-47,-7,41,9
-49,-281,-47,-16,21,-28
22,-225,36,-16,13,9
40,-210,40,-2,5,20
-39,-264,-24,0,-17,10
-50,-290,-36,-23,-18,14
19,-263,17,3,15,2
40,-208,58,-12,-5,-18
-6,-254,3,-13,31,-35
-46,-301,-38,-13,5,8
-14,-262,-16,31,-20,-1
52,-204,24,6,-8,-9
11,-235,9,24,-37,-2
-28,-295,-46,-20,20,-8
-25,-286,4,2,-4,5
37,-218,42,-19,-15,18
53,-234,37,-5,21,8
-43,-281,-9,0,41,8
-44,-286,-57,-26,-9,-14
15,-243,12,8,-24,-9
59,-216,36,-1,-21,-14
-18,-275,-17,-8,1,23
-48,-308,-57,8,37,13
2,-253,7,-25,1,30
42,-205,57,-11,9,-19
10,-245,25,-48,-5,12
-37,-299,-46,-11,6,-21
-27,-246,-29,19,-33,-1
50,-213,53,-13,9,8
22,-224,16,-16,-10,-15
-44,-288,-44,7,6,-23
-25,-298,-38,-26,2,-10
47,-231,31,5,-22,-5
50,-214,44,-36,4,14
-19,-272,-17,-16,-36,1
-45,-307,-42,11,-6,-11
8,-246,6,1,18,-6
52,-198,79,17,17,13
-15,-258,-32,-7,-8,18
-48,-314,-47,5,-39,3
-4,-256,14,-0,-16,-23
50,-209,54,-35,-13,7
37,-264,-8,-7,-2,9
-49,-314,-48,14,-26,-23
-30,-279,-20,-35,3,11
34,-222,62,10,7,-28
14,-215,21,-22,-1,-4
-24,-300,-36,33,35,34
-30,-293,-51,1,15,0
25,-220,45,4,2,12
36,-204,50,19,-17,21
-29,-292,-5,16,-33,29
-73,-305,-39,-15,-18,-6
14,-243,12,1,-13,2
45,-217,51,3,15,24
10,-277,-3,-6,-22,-5
-50,-311,-40,28,9,-32
-11,-266,-13,-8,-5,15
60,-217,48,-7,4,-0
29,-226,39,34,-15,1
-62,-305,-43,-40,30,17
-31,-287,-49,-9,-0,25
40,-220,29,-2,29,-5
41,-211,18,-10,-14,8
-36,-266,-41,-3,-11,-23
-28,-292,-66,-4,-9,-6
16,-239,14,-5,19,26
28,-204,48,19,-29,-8
-25,-275,-25,10,50,-14
-36,-314,-54,-52,2,-14
-9,-248,15,-12,-38,-19
41,-198,53,-22,-7,2
0,-249,12,30,-1,-6
-33,-307,-47,-26,18,33
-27,-288,-26,32,5,18
36,-229,62,0,-6,-1
32,-232,27,36,-2,-4
-34,-289,-30,17,3,6
-30,-292,-37,-34,-28,12
36,-227,14,16,-8,13
65,-211,37,-28,-11,2
-29,-262,-4,-1,30,1
-34,-299,-38,-27,5,-28
37,-248,21,-51,26,29
27,-202,46,-9,3,-16
24,-243,1,15,11,23
-61,-296,-42,-30,-10,5
-11,-257,7,-3,-12,19
48,-198,56,8,23,-3
11,-232,13,-15,21,11
-25,-305,-24,-31,16,26
-34,-280,-26,12,-9,-6
33,-223,41,-14,22,-4
42,-219,39,14,15,-4
-24,-306,-19,28,-41,-25
-45,-296,-33,-21,12,-35
24,-238,18,-26,17,9
40,-201,52,-28,-2,-10
-17,-272,-25,-12,-3,8
-40,-289,-44,-4,-10,2
13,-245,7,-22,44,-27
56,-201,44,11,-5,20
2,-256,19,7,-14,-4
-36,-295,-51,-19,-11,9
-10,-275,-25,-8,25,-5
66,-197,57,-50,18,-38
24,-213,9,-11,-11,-23
-45,-299,-49,-9,15,-14
-25,-274,-42,12,-19,-21
24,-220,37,2,-7,-19
41,-221,53,5,-16,23
-17,-290,-24,-24,-18,-3
-45,-290,-51,17,4,-11
-1,-241,18,-14,18,24
45,-220,28,6,6,-25
4,-260,-13,2,-45,-8
-42,-302,-34,23,31,20
14,-265,0,4,-2,-27
24,-195,45,28,17,-8
17,-237,3,4,30,31
-44,-323,-28,-30,26,-0
-20,-284,-35,-9,7,38
43,-205,53,-27,-22,-1
20,-221,30,-7,28,14
-33,-277,-51,6,-2,-34
-38,-285,-44,-11,21,25
29,-220,33,5,-7,28
46,-236,62,-3,-9,1
-11,-279,-29,-17,-7,4
-62,-306,-46,-3,3,-27
10,-234,8,24,25,-11
48,-186,53,-15,-0,13
14,-255,-5,-28,-17,10
-53,-315,-42,13,2,4
-3,-268,-11,48,-20,-4
35,-215,42,28,5,-11
10,-228,12,-5,6,-1
-43,-312,-52,-38,-12,32
-17,-301,-39,18,-36,28
22,-223,36,5,-6,-4
44,-212,38,6,-19,-6
-36,-296,-29,21,14,14
-38,-275,-42,8,23,-20
18,-234,13,-47,12,-23
52,-215,41,3,-19,-20
-9,-284,-14,28,13,16
-46,-316,-41,-37,-19,26
-2,-254,-3,-8,-1,18
46,-194,40,6,-30,-36
-8,-243,4,-27,15,14
-57,-314,-55,11,11,18
-31,-260,-10,-40,-12,-13
35,-226,42,-18,31,-15
30,-228,39,28,-8,6
-52,-303,-33,-51,11,-30
-20,-294,-35,-19,-2,-8
39,-215,36,5,-41,-7
43,-186,30,-5,-19,-23
-19,-273,-21,-17,-8,-6
-39,-306,-44,9,2,26
19,-248,6,24,-20,19
33,-203,58,-23,-7,8
5,-275,10,-2,-22,21
-80,-302,-61,-7,-39,13
-8,-260,6,-34,-25,8
46,-207,54,11,-36,27
1,-252,25,-9,17,2
-45,-305,-36,10,15,-26
-32,-275,-29,-18,40,18
39,-215,32,3,-13,-10
39,-224,17,-42,-16,14
-41,-285,-46,12,2,25
-43,-274,-40,-17,-8,11
33,-232,35,14,7,-5
38,-206,57,-28,-6,-33
-3,-285,-15,9,-32,-30
-54,-303,-39,-5,11,-7
0,-244,5,-3,8,-23
42,-214,47,21,-26,8
14,-244,-0,-9,-3,-11
-56,-302,-46,7,-20,1
-32,-273,-7,5,9,-37
42,-212,44,-24,2,-8
11,-239,15,-18,-21,-9
-26,-293,-42,1,3,-13
-24,-287,-22,-7,13,-18
37,-223,46,-25,-17,24
31,-217,36,13,-13,-36
-12,-288,-33,-2,-5,-9
-53,-290,-51,13,-12,17
24,-230,24,5,-23,42
63,-196,42,11,-2,-32
-4,-282,-8,-20,1,7
-53,-305,-47,-11,-18,-20
8,-250,19,-15,-27,-27
57,-210,51,-19,-11,15
8,-230,-3,-6,-30,-28
-51,-296,-69,-4,-6,14
-8,-297,-36,31,-51,19
37,-227,55,10,-11,6
28,-221,33,15,13,7
-49,-314,-62,17,11,-42
-29,-280,-47,-6,15,20
24,-218,32,29,9,23
40,-209,44,-13,55,16
-13,-274,-22,-16,32,-8
-57,-289,-41,10,29,22
-7,-251,-2,9,38,-20
51,-211,51,-26,3,-21
6,-259,-2,-10,-11,-7
-66,-295,-45,-31,-20,-2
-20,-242,-14,21,-16,-40
60,-205,60,-18,3,11
0,-253,25,17,-8,42
-52,-307,-29,24,-2,9
-19,-289,-14,17,-10,22
33,-214,39,10,18,-17
27,-204,43,11,6,31
-34,-295,-47,11,2,26
-61,-299,-39,3,-11,6
24,-237,34,-1,-8,11
55,-221,40,-1,22,-4
-4,-259,-25,-10,-26,-6
-43,-306,-42,-2,-5,-26
-4,-244,-2,29,-14,16
43,-208,36,17,44,27
18,-254,7,19,4,39
-30,-287,-48,-3,-24,-2
-13,-264,8,-27,-25,-22
44,-198,48,-3,13,21
-3,-238,23,-13,25,9
-29,-282,-55,-16,-6,-13
-28,-293,-27,7,23,-14
60,-232,34,-46,-20,-11
42,-213,31,-6,-26,-2
-18,-269,-24,-28,-2,4
-35,-301,-26,30,-2,-10
22,-256,25,-5,46,-12
47,-203,49,13,-19,5
-5,-256,6,29,-37,-3
-67,-309,-65,11,-18,14
-18,-267,-5,-30,-23,12
45,-211,60,16,9,8
-3,-224,6,-3,5,18
-54,-302,-55,12,-5,10
-23,-281,-29,-30,-16,8
44,-211,43,19,-20,-7
29,-230,33,-28,2,-30
-36,-275,-20,-16,-1,-2
-46,-300,-24,-4,9,-27
22,-237,20,38,-22,-4
47,-201,44,4,-8,13
-31,-271,-18,-47,8,-25
-37,-308,-57,17,-22,-8
6,-249,-2,-37,3,3
42,-213,39,-2,-5,-28
-20,-243,-14,3,15,-14
-40,-297,-63,-4,-1,21
-15,-290,-24,-1,3,-17
46,-197,43,-13,22,-1
25,-251,17,-13,-2,41
-52,-302,-48,-14,5,-24
-20,-301,-17,20,-16,3
30,-208,50,-4,-21,10
42,-205,31,-24,5,-30
-41,-303,-23,17,-24,-6
-32,-294,-48,20,32,10
25,-229,17,2,13,12
68,-217,46,-9,-24,-30
0,-266,-23,6,-5,31
-51,-309,-68,6,-37,4
8,-242,-3,-23,-18,-15
41,-211,44,-12,5,-1
32,-234,23,4,-37,-14
-50,-310,-52,-0,-6,4
-13,-281,-3,16,25,19
36,-211,50,-26,20,18
8,-236,26,20,-16,12
-39,-289,-41,-6,28,11
-16,-304,-41,-30,3,-8
32,-207,35,5,10,-3
34,-233,31,-31,10,14
-26,-287,-16,15,-6,-40
-48,-306,-50,27,28,-13
15,-247,3,-4,12,-24
68,-214,55,-27,-36,-3
-1,-279,-19,15,10,-6
-37,-315,-50,-14,-3,-6
-8,-263,5,-10,-11,-10
58,-213,46,-10,-2,9
14,-246,21,-2,-11,7
-57,-330,-51,39,33,-12
-8,-277,-39,42,-27,-40
36,-211,28,25,-42,0
9,-222,35,19,-8,42
-29,-294,-20,6,-15,26
-53,-287,-18,3,2,-40
37,-230,21,8,-7,34
41,-224,49,-3,-9,-24
-17,-262,-23,-12,0,-7
-53,-312,-64,-1,-14,14
7,-231,-0,15,-20,30
27,-212,55,-16,12,-13
-8,-243,-14,32,-22,4
-55,-307,-63,-2,25,17
-3,-288,1,-3,-15,16
55,-226,47,-3,-8,10
27,-244,31,1,-38,5
-29,-297,-49,22,18,32
-22,-304,-43,-9,6,-10
40,-200,39,1,-5,2
43,-202,26,-38,21,-27
-37,-301,-26,5,-1,-31
-36,-294,-56,-9,-14,5
30,-236,29,10,-15,10
59,-209,52,29,-21,33
-3,-250,8,3,-24,0
-71,-303,-50,-17,-4,-16
-10,-253,14,32,-11,-8
54,-201,75,-7,-21,3
20,-252,10,-44,1,-5
-54,-296,-51,3,3,-18
-33,-275,-24,10,14,4
35,-218,45,12,-33,0
27,-251,29,37,43,29
-44,-291,-25,4,-8,40
-40,-310,-57,-22,-14,20
27,-230,39,-3,1,12
39,-223,39,-32,-33,-23
-33,-294,-28,-5,-12,22
-40,-302,-50,-4,6,-51
-5,-238,-9,4,13,21
42,-200,27,5,-36,-8
-3,-256,6,-14,7,-8
-53,-334,-50,23,2,22
-25,-256,-21,6,10,-8
32,-212,36,-11,-9,-8
14,-244,20,-27,-15,0
-50,-290,-39,39,-6,-24
-24,-263,-19,-29,-19,14
32,-201,39,-24,40,37
34,-223,29,-3,-28,0
-46,-276,-34,25,6,-15
-42,-309,-33,23,1,7
30,-230,34,6,22,55
51,-206,40,11,5,-2
-32,-258,-16,27,21,23
-48,-290,-42,-26,13,12
-9,-255,2,23,16,17
37,-210,29,-15,-22,-7
-4,-242,9,-2,1,-9
-43,-307,-48,27,25,-21
-17,-276,-33,0,-12,-15
37,-209,48,2,-5,7
30,-229,35,4,-12,22
-26,-296,-27,-20,3,-6
-25,-282,-32,3,-9,-6
21,-216,38,21,30,-11
46,-230,55,-13,-8,5
-27,-281,-19,5,-21,27
-22,-291,-55,9,16,30
36,-235,22,-19,22,25
47,-206,60,-19,-29,14
6,-271,-14,16,8,2
-60,-302,-57,47,5,-2
-4,-260,-3,-17,-13,-8
48,-200,52,36,-45,-12
6,-241,12,-27,23,-14
-34,-319,-52,-19,13,5
-18,-290,1,-29,-19,-5
14,-219,33,5,-28,3
30,-226,38,-2,-4,-10
-30,-308,-41,-11,3,16
-52,-296,-41,-11,12,7
9,-228,16,-24,7,2
40,-228,46,-38,-50,9
-11,-288,-2,-29,-30,-31
-43,-297,-62,-13,-5,-8
15,-235,8,28,-11,-21
45,-204,51,-5,8,5
-14,-263,-6,4,-25,13
-43,-298,-49,-18,9,-4
-7,-270,-7,-9,28,42
55,-216,34,-28,17,5
28,-255,21,29,14,-28
-35,-303,-44,-12,29,-24
-12,-284,-19,-13,20,23
45,-220,34,-55,32,-8
27,-219,37,-21,11,25
-27,-287,-16,31,-18,3
-58,-287,-29,9,17,26
22,-244,13,-13,16,-36
38,-212,64,-1,2,15
1,-263,-11,-5,16,23
-46,-304,-39,21,-11,-26
13,-265,-12,-11,-0,16
54,-202,54,23,-12,2
19,-253,8,4,-27,-23
-34,-311,-58,-36,2,16
-22,-278,-18,-10,16,-15
53,-213,40,3,-40,2
29,-226,30,-47,-37,-34
-55,-284,-40,-1,-17,-7
-43,-285,-30,-8,-25,-21
22,-249,33,-13,-7,-18
45,-222,25,44,-28,12
-21,-262,-29,-15,-2,-6
-64,-298,-40,9,39,-7
-4,-246,10,-24,27,-24
61,-222,59,-12,-8,10
4,-254,5,-14,19,-48
-60,-321,-54,-5,27,7
-4,-252,-13,-10,3,-22
58,-205,47,-1,6,46
10,-236,-6,10,21,16
-44,-296,-39,-24,45,3
-15,-288,-27,-7,-2,9
49,-224,47,-8,-12,26
22,-213,38,36,-11,-5
-37,-280,-35,-7,-7,-8
-33,-289,-27,-14,25,17
13,-248,36,-2,-7,-24
49,-221,18,-4,-14,5
-27,-276,-12,37,-9,-9
-41,-302,-40,-2,-14,-32
1,-248,7,6,-10,30
53,-221,43,-12,3,-25
14,-244,3,-33,-10,-45
-48,-300,-44,25,-25,5
-13,-274,-2,1,11,1
41,-227,45,11,-0,-47
29,-244,23,15,2,-22
-34,-306,-32,-5,2,-2
-17,-279,-25,8,-34,9
30,-233,28,-19,-1,29
41,-227,30,11,-17,7
-25,-287,-40,-1,-2,-34
-46,-307,-43,9,3,-22
11,-252,27,-14,-28,-13
40,-215,29,5,28,18
13,-274,-19,38,9,31
-37,-316,-48,-8,-9,-28
-9,-252,4,25,10,0
47,-208,62,25,-12,2
6,-241,-5,5,-24,-3
-35,-294,-47,42,-6,-31
-23,-256,-9,16,18,-41
32,-217,37,10,14,32
29,-245,19,-5,-28,-27
-39,-313,-36,33,24,-16
-30,-288,-37,2,-18,-34
25,-235,41,15,-12,31
58,-211,39,33,15,3
-13,-275,-24,-17,-1,-11
-46,-306,-39,-12,29,-22
-1,-237,6,-3,13,-10
42,-209,55,-20,2,-11
-5,-281,-13,30,-36,-31
-57,-309,-58,2,24,-26
4,-283,-26,-4,9,20
43,-211,38,-18,-17,-16
15,-229,7,-12,-15,1
-48,-302,-40,19,28,-19
-36,-299,-36,-11,28,17
44,-225,44,3,2,-47
49,-223,37,-7,-22,9
-46,-296,-51,12,3,-26
-45,-285,-41,-25,-19,-30
11,-232,6,13,4,28
53,-212,50,18,13,-4
-18,-278,-18,-15,-29,10
-49,-303,-51,14,38,3
9,-243,-4,-27,-14,-3
65,-208,36,-7,-1,17
-6,-253,-15,37,17,6
-40,-303,-53,-14,14,-27
-27,-291,-9,11,-9,-26
50,-214,45,27,24,1
36,-242,35,35,-32,4
-45,-297,-18,-55,-19,-1
-32,-267,-52,-15,47,19
41,-237,39,-5,23,12
40,-246,41,4,15,-10
-2,-291,-22,11,32,-9
-52,-302,-32,-32,25,5
8,-217,24,-35,-5,-19
50,-216,51,-0,16,9
-8,-260,-4,-4,23,-15
-65,-301,-58,6,30,2
-14,-265,15,-3,32,21
52,-191,56,31,-3,-18
6,-252,24,32,-34,-36
-37,-305,-37,-16,15,22
-34,-282,-30,-12,33,-6
56,-195,46,-15,-12,-15
30,-242,16,-15,2,1
-24,-286,-41,-3,-5,7
-40,-293,-41,6,12,-15
32,-220,27,-20,1,32
38,-206,37,-33,-15,-2
-46,-280,-26,1,-4,-19
-64,-315,-67,-31,-6,37
2,-258,8,-4,12,18
48,-197,38,1,-14,6
-17,-267,16,12,17,20
-54,-296,-30,-7,2,-22
-5,-280,-16,17,24,28
44,-200,58,1,-12,-17
17,-236,28,7,47,12
-34,-293,-45,26,-14,-18
-33,-280,-23,-1,-2,-4
24,-224,43,19,17,-15
31,-227,48,20,36,9
-36,-279,-25,44,-1,-12
-46,-317,-51,-3,14,-1
22,-247,8,12,16,-3
52,-206,39,-10,3,2
-20,-267,-2,-26,-14,-10
-56,-319,-60,29,-12,-19
3,-250,5,-41,-18,-21
46,-197,54,-1,-12,14
4,-246,14,25,52,38
-41,-319,-43,-3,31,37
-21,-258,-10,-5,-38,26
51,-212,34,-13,-11,-11
35,-213,26,-12,8,27
-51,-294,-17,-12,-25,-6
-36,-281,-28,15,22,-3
31,-225,39,-34,20,-2
30,-224,34,-12,-29,28
-18,-274,-22,18,16,47
-39,-315,-36,2,7,0
13,-258,29,26,46,17
51,-220,47,7,3,30
-16,-250,-3,10,-2,36
-37,-302,-53,18,20,2
-5,-265,-15,-11,39,-7
53,-195,74,-23,-17,5
22,-235,28,-15,21,-7
-56,-291,-55,-3,23,-36
-35,-269,-27,-4,-24,13
62,-212,29,-3,10,14
26,-229,35,-4,-9,-30
-38,-275,-18,20,-36,4
-43,-295,-35,-2,22,-30
34,-256,13,9,-11,-25
30,-218,57,-28,-12,-12
-9,-260,-21,50,-28,6
-26,-296,-42,29,0,34
6,-246,17,-19,-24,-21
43,-191,29,4,-15,5
-7,-244,2,-58,18,-22
-39,-314,-32,12,1,-24
-14,-276,-17,6,-5,-22
48,-225,50,39,10,7
28,-226,36,5,-40,-31
-38,-305,-31,29,42,16
-40,-283,-33,25,16,-27
40,-224,32,-25,-1,-3
41,-219,34,-34,6,-8
-30,-280,-22,-12,-10,1
-42,-313,-40,20,29,6
12,-250,-6,57,15,-65
48,-188,38,-34,8,19
-14,-258,-9,-18,-21,3
-60,-296,-69,36,0,20
-8,-273,3,13,-15,1
30,-210,57,10,-4,-2
14,-264,12,-7,-20,-0
-50,-306,-42,5,35,-4
-15,-283,-42,-32,4,-23
31,-204,40,4,8,6
37,-213,44,-21,9,4
-37,-309,-48,27,2,-45
-51,-295,-35,-19,-33,-23
38,-225,17,-16,13,5
50,-208,46,-32,-36,34
-20,-279,-2,-34,-22,-39
-49,-296,-54,47,-22,-19
-6,-252,2,-14,21,2
48,-212,39,-22,8,7
9,-256,1,-6,19,12
-73,-311,-54,-3,-27,-8
-3,-253,-2,-0,-23,23
39,-228,45,11,-24,-5
29,-239,27,7,-6,-6
-45,-314,-46,-8,0,16
-40,-278,-43,2,21,6
53,-219,36,10,61,-12
38,-204,46,10,-12,-33
-36,-281,-51,-25,-5,16
-42,-296,-42,-1,-47,-8
21,-210,11,-8,-4,-2
37,-194,41,5,17,0
12,-266,-28,25,13,-14
-66,-294,-42,19,-29,-12
3,-251,7,36,-19,5
35,-213,53,8,15,-2
4,-251,5,7,-19,1
-58,-315,-63,-10,27,16
-25,-273,-10,22,27,6
60,-231,45,-19,-10,6
10,-220,15,29,-8,3
-62,-301,-38,26,16,-6
-54,-289,-32,-8,-13,20
3,-221,35,-0,-27,-42
61,-213,48,40,15,2
-30,-277,-41,7,9,-22
-54,-301,-57,29,5,25
19,-239,23,-33,10,35
42,-206,47,7,19,-7
6,-265,-4,-23,-19,-2
-37,-308,-42,22,-3,1
-4,-260,-4,14,32,12
51,-213,68,8,-19,14
-11,-250,-3,-9,-0,28
-52,-303,-55,-23,-3,8
-18,-290,-34,20,1,-18
34,-211,58,-8,20,-16
31,-211,27,25,13,6
-30,-295,-55,-9,5,4
-26,-305,-33,-1,25,-13
25,-240,37,-1,-14,-2
48,-220,35,15,-11,-18
-29,-262,-20,-23,6,7
-42,-316,-44,-20,-8,-1
13,-246,0,-26,46,4
52,-201,55,4,3,-5
-3,-242,12,-21,-3,-22
-56,-312,-55,16,-27,24
-10,-289,-27,-16,-3,-23
47,-200,29,-7,8,33
12,-225,30,-23,-48,41
-24,-297,-39,2,-7,13
-32,-284,-28,0,1,-13
26,-226,23,-14,-20,6
43,-206,39,-48,0,-39
-25,-304,-44,-26,-12,-15
-45,-295,-28,-6,-1,-44
38,-250,30,14,23,15
56,-217,44,-24,32,-4
-4,-279,-13,22,1,14
-52,-302,-55,-32,-12,-34
2,-246,-0,-37,10,8
43,-197,68,-9,7,9
23,-248,-10,-6,-21,6
-47,-305,-51,29,10,-3
-6,-278,-15,10,1,-11
35,-212,43,-13,-19,-18
47,-221,27,7,14,-18
-44,-270,-41,-5,24,1
-32,-298,-44,-13,-27,24
22,-222,41,15,12,-17
45,-208,50,22,-6,38
-17,-265,-20,-52,40,16
-52,-300,-52,-16,22,39
9,-237,22,-16,10,-1
52,-207,21,3,-1,16
-5,-250,17,-5,22,18
-48,-305,-58,17,20,8
-18,-263,-11,-44,16,42
49,-223,57,18,1,-38
7,-234,9,-25,-35,-11
-41,-296,-40,-19,-8,10
-21,-273,-34,32,-35,24
53,-216,41,1,2,-6
48,-248,41,-2,-4,12
-34,-272,-30,12,12,41
-34,-303,-57,17,8,0
23,-234,29,30,-13,21
47,-211,50,-20,9,-8
-28,-267,-2,34,-20,-29
-48,-327,-37,21,18,10
7,-275,5,10,-39,37
40,-208,42,16,0,-9
8,-262,-6,-7,-9,-17
-48,-288,-50,27,31,-16
1,-263,-13,-9,-14,26
47,-179,38,26,-9,7
14,-219,21,-7,5,-5
-33,-306,-51,-16,-9,-34
-35,-294,-46,0,-27,7
25,-226,50,27,18,8
28,-223,38,35,-11,23
-30,-281,-4,3,8,-14
-56,-315,-36,-33,-8,-12
19,-230,10,-33,0,-2
42,-207,45,-4,-1,26
-6,-260,-22,-26,-16,-40
-56,-314,-38,15,7,6
1,-246,1,12,-12,-18
45,-214,59,32,5,20
31,-236,-0,2,21,-10
-47,-307,-59,23,-20,-11
-13,-264,-31,15,14,41
45,-202,45,-19,26,-23
31,-217,15,31,-20,-9
-41,-309,-37,-26,16,26
-43,-293,-28,4,6,-27
11,-223,6,30,18,11
50,-239,53,15,-5,-5
-15,-293,-36,-16,49,2
-38,-290,-38,-26,6,23
7,-253,6,18,32,-20
59,-210,56,-46,-1,-18
-1,-256,-21,-8,24,-11
-37,-309,-52,14,-13,3
-15,-260,-3,-10,-2,-28
52,-205,51,5,-0,-5
27,-248,30,-8,-2,32
-43,-298,-43,19,-42,-15
-14,-273,-30,30,-18,-1
56,-200,48,-12,-19,25
15,-224,40,40,9,-12
-24,-304,-28,-0,-36,14
-62,-311,-21,35,-12,5
17,-225,25,7,-34,-11
66,-203,41,-8,-8,-18
-25,-270,-22,-10,12,-19
-33,-308,-47,-24,27,14
-0,-244,14,-3,9,-9
61,-200,54,-20,-7,-0
-15,-239,-13,-16,-19,11
-52,-307,-46,-17,-1,33
-10,-261,-15,-3,15,-8
42,-204,50,-8,15,23
33,-226,24,-31,-7,-14
-43,-299,-21,24,35,-15
-28,-290,-25,18,-37,-28
46,-231,30,-13,-13,15
39,-212,42,-18,17,-10
-37,-286,-27,-5,3,17
-28,-293,-47,-2,13,-17
9,-251,7,-16,8,-14
55,-216,49,51,14,-12
0,-272,5,-4,-17,17
-50,-302,-59,24,-4,-15
-8,-255,-10,-35,47,-10
62,-203,48,-38,-15,21
5,-249,10,30,-26,22
-45,-306,-39,-13,2,-26
-20,-258,-32,21,-11,1
32,-220,32,26,6,-3
39,-228,34,13,-28,7
-29,-296,-42,-2,-7,-11
-31,-281,-38,-28,18,17
30,-237,31,25,21,-34
42,-224,50,23,-36,-1
-20,-266,-1,4,25,2
-43,-321,-57,-3,22,-14
-0,-247,16,7,24,30
36,-197,70,3,-25,5
3,-253,8,24,-2,-9
-47,-314,-47,-6,11,11
-16,-267,-12,2,33,6
54,-201,45,16,12,32
31,-233,10,5,13,12
-34,-289,-28,9,-27,-8
-24,-311,-28,3,-14,8
44,-211,50,-17,-13,-22
30,-223,47,6,13,-13
-38,-296,-31,-24,50,-27
-43,-306,-53,4,14,11
24,-251,8,-10,-15,15
51,-218,55,-23,8,-12
-9,-266,-14,3,2,-16
-52,-294,-64,25,-4,10
-8,-257,20,-45,10,21
41,-215,49,-5,-36,7
9,-246,14,12,12,-53
-47,-309,-52,3,15,-3
-25,-272,-21,-21,4,22
36,-208,52,-1,13,20
18,-220,17,17,-23,1
-34,-289,-40,25,51,7
-15,-290,-51,-26,-1,11
34,-226,45,-21,-30,14
56,-217,38,10,-7,10
-21,-274,-28,24,37,10
-56,-302,-47,24,-38,-23
15,-238,10,-7,2,31
45,-178,48,-3,-11,7
-4,-258,-16,4,13,10
-43,-310,-40,2,26,4
-9,-260,-17,1,12,31
43,-225,55,13,-44,-35
