22,-296,36,51,-10,75
-8,-254,24,5,-24,28
7,-262,-31,64,-65,-28
-3,-259,-22,62,17,-15
-1,-260,40,45,26,91
-15,-229,-11,-77,41,-20
6,-190,39,-11,-1,5
-3,-192,5,11,14,14
3,-233,-26,14,-50,-56
-13,-200,19,20,-43,-63
15,-197,39,8,-38,5
12,-187,12,36,23,-89
4,-184,44,-62,4,2
-26,-206,45,14,-20,-65
-12,-191,22,19,29,-13
1,-169,38,-29,-1,26
-20,-222,73,79,10,50
-19,-152,35,-72,10,24
-19,-180,27,29,4,-69
14,-160,20,-24,-27,77
-10,-164,51,-14,-30,66
12,-158,69,-11,34,-17
34,-155,70,71,-62,4
1,-183,45,23,90,75
0,-162,85,-66,-46,27
-2,-133,96,20,-32,37
25,-133,33,87,-3,-48
11,-170,66,-40,82,17
10,-164,60,10,-38,78
29,-145,70,-23,-53,5
11,-108,94,69,25,18
32,-121,77,42,37,-28
35,-102,57,48,-49,17
-72,-145,84,30,-98,-25
2,-161,90,37,30,-74
-6,-64,70,-8,19,-18
19,-99,82,7,46,-13
16,-135,49,62,22,73
-7,-116,35,-45,28,-15
-17,-95,65,-83,-63,-7
6,-126,78,52,48,-71
-10,-132,72,-16,93,-64
9,-129,63,-28,-21,36
-3,-143,58,8,32,39
6,-85,71,43,-16,22
-12,-116,73,-32,-9,55
50,-112,70,33,7,-69
3,-90,60,-4,27,31
-5,-111,92,-4,-33,-53
-24,-120,112,83,-69,-97
-22,-127,109,-16,-13,3
-10,-91,105,-50,-20,51
-43,-120,75,30,39,16
-51,-95,88,63,-7,31
-28,-97,77,31,68,-48
-7,-101,60,9,50,124
4,-96,93,-12,-11,7
16,-105,85,-32,37,-1
-12,-126,42,5,17,-77
-17,-142,63,-16,43,45
3,-108,74,-20,-52,-49
-16,-118,52,-30,15,-20
-12,-98,42,-15,70,-45
-19,-102,62,-71,12,-2
41,-118,54,51,-1,-32
13,-105,68,60,7,-9
-12,-122,59,-37,-24,-2
8,-103,55,-6,3,20
-10,-154,80,-82,-9,-18
-19,-124,72,-13,-4,-39
27,-138,45,7,-3,18
45,-121,57,10,48,-2
5,-136,70,4,-85,-49
17,-176,50,-21,3,-4
-9,-123,76,4,-7,37
-21,-150,48,-7,28,-34
7,-186,23,1,-33,-55
-22,-163,59,20,-23,53
-17,-141,43,-25,10,-5
-2,-159,61,-31,47,-40
5,-149,55,-24,10,39
13,-170,15,44,32,71
8,-188,53,16,-0,-28
-10,-209,61,-10,3,-9
-24,-186,17,-21,14,-22
11,-160,52,-28,10,-16
10,-193,59,-21,7,-17
41,-211,26,-15,-24,20
-5,-206,-1,26,-3,-39
-3,-200,5,45,72,52
24,-211,31,-13,-25,63
28,-206,35,8,61,-25
-6,-195,37,-52,27,-30
18,-254,5,-24,-53,-2
-19,-203,63,73,12,-16
24,-245,1,-11,-9,8
-3,-278,21,-1,16,32
-12,-225,4,26,6,-86
-8,-247,32,7,-31,2
26,-258,33,-16,53,57
0,-272,-13,25,14,-22
8,-264,24,-16,4,11
-19,-253,5,-6,-72,15
-37,-233,-2,75,-27,-4
-43,-259,34,46,-70,15
3,-302,-41,-36,68,-12
-5,-288,-17,-1,-25,57
7,-288,-22,42,7,-13
24,-308,-7,-8,-42,70
14,-308,-26,-3,10,9
20,-290,-35,-20,48,-38
-2,-320,-30,-69,-53,-41
7,-318,-39,23,-8,-13
16,-316,-3,2,-1,-21
-1,-303,-11,45,2,-33
-13,-332,-5,67,35,31
-11,-323,-20,71,-28,-11
-21,-312,-76,18,-8,-34
-8,-306,-35,150,-8,3
-4,-326,-13,39,53,55
-19,-329,-90,56,11,63
-13,-384,-83,26,-27,82
-1,-361,-71,24,-28,-6
-64,-365,-93,58,6,33
-15,-392,-37,-2,56,56
32,-371,-42,-4,9,-51
4,-401,-54,-12,16,-3
-17,-352,-61,2,62,-28
-27,-387,-52,-28,-47,20
-18,-378,-57,10,49,44
-7,-374,-71,-64,79,-39
-45,-372,-75,-120,35,-11
22,-361,-84,11,-9,19
4,-408,-61,-52,23,11
-15,-382,-65,-21,2,-61
-20,-404,-102,32,31,-25
-3,-407,-62,18,-26,-52
-35,-403,-77,50,86,24
0,-377,-70,69,-1,1
34,-371,-65,-36,-18,-41
28,-430,-88,23,-69,-43
2,-422,-83,-56,49,12
20,-412,-62,-1,-27,13
13,-404,-52,26,16,33
-22,-380,-75,-65,60,3
-13,-409,-97,50,11,-60
30,-384,-86,45,-6,47
-22,-383,-75,0,-61,-57
-19,-394,-74,47,-42,19
-17,-448,-46,28,0,34
-10,-454,-57,-1,15,-7
-22,-422,-75,98,-35,86
2,-406,-81,22,24,47
-27,-410,-86,8,20,30
2,-409,-68,3,2,-91
-52,-407,-88,37,-16,-44
8,-383,-93,2,-28,-20
-38,-403,-62,45,50,-19
12,-396,-60,9,-5,1
-3,-392,-88,51,6,-17
10,-402,-97,1,31,-96
-17,-394,-97,-5,68,-16
4,-377,-62,-13,-33,-14
-8,-407,-110,2,65,36
21,-419,-95,-17,59,-48
1,-374,-45,72,55,41
-19,-390,-69,-64,-24,-40
-26,-414,-73,36,-53,23
-12,-398,-40,9,-34,83
-27,-371,-67,89,20,11
-7,-365,-31,-22,36,-101
10,-383,-59,-20,-21,-31
-4,-377,-36,74,-17,-16
-12,-387,-75,13,-15,57
18,-392,-57,-92,-17,14
-24,-329,-90,62,32,21
21,-386,-40,-13,-15,-33
-22,-376,-51,-24,4,-35
-0,-366,-18,-9,-22,7
-9,-364,-55,30,54,67
-27,-338,-42,-38,53,-6
-0,-361,-39,-102,18,8
-32,-346,-87,-6,5,-5
-23,-354,-37,46,-15,27
-8,-334,-42,1,10,-5
29,-289,-37,-101,21,-18
-9,-353,-39,45,-9,-30
-56,-316,-29,18,-16,81
-4,-305,-58,28,-18,-2
-21,-320,-44,10,35,80
16,-360,-46,25,47,9
21,-296,-35,-17,-16,0
-5,-292,-26,-7,13,-0
10,-276,-33,13,36,28
-1,-311,9,27,40,-1
9,-275,22,42,-8,-22
-19,-271,-30,41,4,80
-38,-251,-4,-68,-3,3
22,-258,-12,-29,42,-60
14,-254,-19,-74,-45,24
-29,-260,-9,19,-25,24
-35,-256,-10,48,24,-28
-1,-259,-38,-42,5,6
4,-220,-0,12,46,26
-26,-226,27,-23,80,-31
-9,-210,0,-9,15,-54
-42,-269,-10,-13,5,-12
1,-209,-1,-10,-10,-30
-1,-237,11,-31,-12,41
-13,-229,23,-43,2,81
17,-228,37,-42,-6,-13
5,-185,42,6,83,15
-50,-212,32,-24,-52,-21
-26,-154,64,-84,-12,-19
1,-191,15,18,17,-34
-39,-176,16,42,37,-51
14,-177,24,1,47,10
-12,-210,33,11,44,-51
4,-174,52,-6,29,-103
-15,-190,63,-29,-20,11
-6,-172,57,47,-18,37
-30,-148,41,-34,-26,-8
35,-165,74,-1,-113,2
8,-186,58,-6,24,-92
28,-196,43,21,22,-61
-12,-129,62,102,-9,-44
7,-102,43,8,-61,-8
5,-129,53,1,-9,-28
32,-96,88,32,61,44
10,-134,46,34,-13,48
9,-102,46,55,37,6
41,-110,111,37,31,-24
36,-142,74,-96,-56,-13
4,-113,74,-10,62,43
20,-123,90,40,10,-11
29,-118,48,-9,24,-29
-3,-116,75,-19,29,38
20,-109,74,-49,-26,1
-35,-128,79,-31,-52,-48
-17,-103,72,26,22,61
-1,-125,59,-32,10,-24
-10,-90,96,-74,17,-51
-17,-136,104,8,-18,11
-7,-121,78,-71,-13,133
-5,-95,97,-31,96,23
45,-102,77,-42,34,20
4,-116,90,-7,28,50
-14,-100,57,-3,-3,17
-7,-94,110,-102,19,106
16,-153,91,-49,-10,-20
-10,-86,59,92,-75,-66
46,-109,75,-72,1,-25
29,-71,114,28,4,-6
26,-91,84,58,-39,39
-24,-93,89,-44,-33,-4
24,-104,61,-36,-17,-26
38,-114,118,-42,-2,-48
39,-127,49,2,10,8
-33,-99,85,36,-10,-47
-2,-117,49,71,-40,-54
1,-106,51,-3,30,90
33,-122,106,-76,30,-3
0,-109,42,-35,12,20
0,-137,63,117,56,-25
-30,-174,70,-25,32,68
24,-122,88,21,62,-27
8,-129,50,-31,48,-29
40,-133,64,-35,31,11
-27,-124,27,-17,88,31
29,-114,89,-46,26,-54
4,-110,59,16,30,80
7,-113,29,33,-10,40
-1,-137,112,16,34,28
-20,-150,103,-33,-41,-4
-3,-152,68,27,-11,28
-43,-138,39,58,-55,8
7,-134,42,38,29,8
-12,-137,12,1,34,-46
-15,-156,59,15,-20,-40
-11,-173,50,-35,46,65
-29,-169,35,30,-42,49
-11,-179,48,67,33,3
-61,-207,72,20,30,-27
-25,-151,24,0,36,37
3,-210,25,10,48,-9
24,-210,35,-24,2,-18
16,-149,29,47,1,-7
-7,-176,29,29,-23,-9
9,-241,50,-65,46,-78
13,-212,27,-16,4,7
-16,-217,27,-26,-37,24
-7,-203,2,6,-1,16
39,-212,-3,36,3,16
39,-256,40,-10,7,-6
-23,-221,-4,-40,-31,24
-16,-252,-6,15,52,-28
-19,-230,-13,-29,94,34
-14,-226,-24,49,-28,-39
-11,-220,7,-16,-3,36
-12,-241,24,5,2,-66
6,-239,3,35,50,-32
-19,-284,5,-46,-20,-19
26,-267,-28,25,-14,-39
13,-287,-20,-14,-23,21
-17,-291,-3,-90,38,-11
5,-312,-12,-1,23,10
-20,-287,-11,-5,-34,7
-2,-333,-56,-31,20,22
-6,-254,-4,-47,-10,69
-15,-320,0,-32,-27,60
-22,-263,-5,58,-31,-3
7,-315,-12,-4,65,1
4,-291,-13,24,35,49
45,-343,-56,-7,4,-49
-15,-331,-51,-16,21,49
-34,-326,-13,27,40,-33
-17,-296,-20,78,-15,-74
-14,-331,-38,11,-45,9
0,-319,-63,-12,-56,-19
-2,-351,-32,14,7,-59
22,-345,-56,-7,-54,8
-50,-325,-38,-29,-7,4
-11,-358,-9,9,12,-31
33,-376,-69,-53,-31,66
21,-362,-51,1,-55,-8
18,-372,-22,-39,6,57
-45,-347,-71,7,39,-66
24,-372,-26,-41,24,3
3,-367,-58,-15,-34,-10
11,-374,-53,33,-16,-45
27,-388,-66,9,-11,-1
18,-354,-62,-18,29,-32
-10,-370,-80,-23,14,-5
-23,-398,-87,-22,-43,61
9,-393,-25,6,35,-23
5,-362,-65,40,-35,44
37,-395,-85,-47,4,18
34,-376,-37,22,15,10
-10,-405,-65,109,-49,25
-3,-368,-65,7,18,-18
20,-446,-81,14,-67,-34
28,-414,-67,-22,-54,-53
9,-381,-64,39,106,5
-18,-401,-76,-37,-37,-32
40,-399,-72,-92,-70,-22
4,-362,-84,-71,-15,-11
5,-406,-62,32,-70,64
3,-398,-75,18,-23,-2
10,-392,-84,69,-9,18
-2,-421,-78,-10,104,41
-0,-415,-62,-11,17,28
2,-388,-66,-26,-37,4
-9,-442,-61,14,4,58
-20,-402,-61,-66,2,-16
4,-442,-103,-48,-29,-35
-6,-405,-68,-45,-21,47
37,-383,-74,-84,33,-0
24,-417,-83,-16,-104,-26
-19,-395,-100,60,42,3
5,-403,-104,-3,-26,35
-5,-427,-54,-26,3,30
-11,-363,-66,-11,6,-22
1,-417,-90,5,21,-59
-3,-369,-43,2,-63,-85
-2,-411,-28,-66,4,24
9,-354,-63,-6,-12,55
-41,-391,-65,-5,-45,97
19,-377,-86,-25,9,-35
1,-391,-48,-17,-21,30
7,-352,-111,-28,13,4
-11,-375,-57,53,28,29
-11,-364,-50,5,10,-63
19,-354,-37,13,59,75
-15,-354,-72,13,-25,2
10,-394,-55,-53,46,-95
-18,-377,-65,31,-53,-19
5,-362,-20,-1,18,-4
10,-358,-74,-38,16,14
-1,-331,-53,97,-43,7
-19,-319,-34,-45,39,26
19,-315,-69,19,13,12
9,-374,-20,-3,24,-35
-8,-328,-36,63,-10,-4
1,-340,-25,-13,-7,-36
-6,-287,-46,-3,66,-44
-20,-356,-25,39,-60,24
-18,-316,-36,17,-5,-59
21,-325,-29,-37,-13,-40
-3,-333,-27,19,63,-27
16,-320,-16,82,1,0
38,-335,-16,47,10,-61
-16,-282,9,53,76,8
-1,-273,-0,3,-19,12
3,-282,-29,10,26,-14
-21,-291,-9,48,36,40
-3,-253,-8,12,-18,-15
31,-281,-3,56,29,15
-7,-285,13,92,-3,-95
-21,-274,23,-27,15,-21
4,-293,35,13,43,-36
6,-246,-1,-40,-27,-23
2,-242,-14,14,8,10
13,-209,-5,86,37,-2
6,-244,3,-14,11,17
9,-240,19,53,-62,-49
6,-219,29,-67,29,2
-12,-224,9,22,-55,-53
14,-209,-6,81,-20,-36
-18,-217,9,18,20,23
16,-208,-12,-5,45,-21
6,-227,-17,41,20,-17
14,-219,-5,58,33,-41
31,-187,10,-12,27,-1
-11,-182,35,15,-6,57
24,-170,39,8,51,2
-9,-181,20,30,24,34
-11,-196,70,-137,-19,6
-3,-188,61,-13,-110,22
-16,-198,30,-21,14,5
-0,-148,88,20,39,43
3,-164,66,-32,-91,7
3,-153,81,1,118,-52
-22,-193,70,-20,-14,-110
-4,-178,59,56,1,-11
-26,-157,50,58,-13,32
13,-150,60,-12,-23,23
-5,-116,57,17,-22,35
38,-144,70,21,-21,-13
18,-149,55,-60,4,-15
-18,-135,74,32,2,70
-8,-115,103,12,-56,-35
-35,-140,36,-46,-42,-42
-5,-125,56,-49,34,16
-4,-108,53,78,12,13
3,-115,83,4,97,-23
-26,-126,94,-65,30,36
-21,-127,82,13,22,51
7,-117,68,6,20,-1
41,-109,70,-8,11,1
5,-143,112,-6,102,22
12,-106,86,53,27,-4
32,-119,102,-59,25,3
-17,-147,46,47,-38,-19
-2,-115,78,22,22,-6
-1,-71,82,-18,30,14
3,-99,73,17,39,26
-14,-103,76,81,-6,-40
3,-125,73,-24,-65,-50
22,-104,97,17,-7,14
22,-142,108,-31,-33,2
-3,-108,77,-14,81,23
18,-114,57,-31,-39,17
16,-102,86,13,-5,-47
-32,-95,86,15,1,40
-50,-122,84,42,-15,-53
-11,-109,90,-48,4,38
-22,-96,69,-25,73,-13
-48,-130,60,-84,39,8
-2,-104,46,-36,-1,-8
24,-96,76,-18,-19,-60
17,-104,88,70,29,13
20,-139,86,-16,-52,4
-1,-105,70,49,48,-12
-5,-94,82,53,12,85
43,-144,116,0,-61,32
-3,-130,68,6,-34,-43
-25,-104,68,-13,-32,-55
24,-86,63,3,16,29
43,-155,64,98,-51,-28
13,-87,53,44,-80,-8
-8,-157,64,5,10,-13
-17,-125,75,20,24,-39
5,-138,44,-21,93,-18
6,-146,59,43,-64,6
-13,-116,29,-155,-25,53
-7,-191,69,-13,-12,-1
3,-128,51,13,-1,5
56,-172,40,-34,2,-23
17,-135,24,8,-27,14
-40,-168,13,39,-40,-36
-19,-186,66,43,-21,51
36,-173,-2,57,-38,-2
13,-203,61,-12,12,15
-17,-203,15,79,-65,58
-18,-172,60,-36,83,-59
-24,-154,45,-5,37,16
-32,-193,58,-74,9,-52
-8,-198,8,-54,-56,-0
-17,-210,17,17,50,39
-3,-224,8,44,50,-15
25,-207,40,-35,-44,-22
8,-207,-14,31,21,-23
40,-208,-8,10,-46,-42
-22,-207,42,2,34,-9
28,-250,-4,1,37,-14
-2,-213,-25,16,32,50
-12,-221,10,-37,-31,-41
28,-227,14,30,-59,13
51,-231,0,-10,12,6
12,-260,26,41,5,64
-24,-267,-6,38,47,-39
-2,-285,52,-26,-21,26
21,-276,11,9,-7,-22
-18,-263,-0,10,-20,-55
36,-313,-34,-22,100,18
-1,-289,15,48,-28,-8
-6,-292,-57,-70,4,-43
-9,-283,3,54,13,-16
-13,-306,-3,-18,14,-1
14,-318,-32,-49,-27,2
5,-325,-22,6,12,-17
-24,-308,-44,-54,5,-34
-26,-341,-24,79,51,16
30,-297,-51,23,-21,20
14,-294,-23,-20,33,-8
-1,-337,-46,-36,-20,-95
-34,-298,-97,23,43,-60
22,-290,-31,11,-54,60
-37,-336,-46,-9,-48,-77
29,-355,-46,-7,73,44
10,-356,-25,-38,28,-40
-33,-333,-32,26,18,-20
23,-378,-65,-10,21,-39
9,-379,-68,-80,-41,41
11,-339,-42,71,95,-12
-26,-330,-9,-23,23,-0
-30,-351,-51,-8,-27,31
20,-372,-55,-32,2,12
-32,-388,-41,-13,34,22
14,-360,-72,-47,-37,53
21,-340,-65,-4,-59,10
-1,-340,-62,10,49,-41
-9,-369,-95,-37,-2,-5
4,-399,-83,-18,51,-42
-22,-363,-42,10,40,-15
1,-388,-81,-4,-23,-15
-10,-361,-61,1,-29,9
17,-385,-87,23,-63,33
0,-401,-67,33,-55,8
10,-390,-58,-25,-49,-73
-17,-378,-58,-26,36,20
-4,-418,-78,-54,27,-53
-19,-416,-108,-22,11,26
9,-387,-44,61,18,24
7,-409,-76,21,23,53
-31,-439,-66,24,43,-34
3,-388,-34,6,30,35
26,-420,-91,25,-47,13
9,-401,-123,-17,55,39
25,-425,-82,-31,-23,41
38,-415,-75,-27,94,-4
-21,-415,-67,4,28,47
39,-407,-93,9,-21,34
3,-432,-76,-8,9,-45
-3,-404,-86,-41,41,52
4,-432,-102,6,32,40
-11,-420,-34,84,36,15
-28,-411,-64,14,-10,26
-2,-434,-32,-33,34,-30
16,-389,-88,39,-33,42
0,-412,-78,6,-45,-9
-15,-401,-88,22,116,46
39,-392,-72,13,-85,32
8,-408,-100,35,-97,-7
11,-387,-91,50,60,-40
1,-375,-36,69,-76,14
-24,-362,-73,77,27,17
-22,-383,-77,-1,53,33
-14,-413,-100,-25,-41,-37
-2,-369,-72,34,25,-68
0,-367,-65,-7,-44,-19
-2,-349,-55,-22,39,-15
9,-354,-29,-12,19,-65
32,-362,-51,64,-19,40
-21,-344,-79,65,2,-25
-35,-373,-57,85,1,19
-6,-402,-44,-56,3,-10
-29,-380,-27,15,-6,-65
-4,-374,-52,4,-26,-45
-6,-335,-44,-11,-54,-65
-15,-348,0,-77,9,-72
-1,-340,-28,-49,-44,78
-5,-362,-31,-77,54,6
-25,-299,-61,-52,9,28
6,-360,-55,-19,4,24
13,-340,-25,-7,14,18
-2,-316,-77,18,-1,-9
-10,-278,-8,-48,-28,-18
5,-282,17,7,15,-30
15,-313,-34,48,10,16
-20,-282,-27,-50,-40,26
-11,-284,-7,51,81,5
0,-287,-21,19,-51,18
3,-286,-24,82,-92,5
11,-316,-29,38,-23,20
-11,-266,-19,-57,-32,-44
-8,-276,-5,-20,79,-4
20,-255,-14,30,47,23
19,-259,22,24,29,27
4,-283,16,-58,24,109
-29,-240,5,18,-33,-73
9,-235,20,42,26,14
-32,-243,10,40,-66,36
0,-218,33,14,24,10
11,-256,24,-29,-40,17
15,-233,34,-16,16,23
24,-248,-2,-8,-35,4
-14,-240,3,-7,44,-47
-22,-214,44,-82,-7,51
0,-237,19,53,-8,53
-19,-240,27,45,-67,-41
-32,-218,16,-45,-52,7
-19,-201,29,38,58,22
-29,-203,31,-8,-21,18
-13,-206,-0,39,-14,-46
-20,-177,55,-24,-63,20
-9,-179,25,-85,-87,22
10,-188,42,-10,-30,-19
22,-161,49,-24,33,-81
1,-169,64,12,29,-141
-23,-147,13,14,51,-27
25,-164,34,-10,50,-27
-7,-156,23,60,-13,30
-32,-161,60,57,-8,36
-4,-162,68,-28,-57,12
23,-133,5,22,1,17
21,-163,83,31,23,33
7,-156,43,-30,79,-7
6,-131,58,-60,-64,41
25,-173,27,-21,-19,-33
-18,-106,55,-59,0,67
16,-125,84,85,-10,-37
1,-124,52,-18,22,0
-1,-110,46,9,38,94
14,-103,54,67,10,32
49,-118,52,-38,3,31
-4,-108,76,-84,-18,-2
-24,-98,75,-23,95,3
27,-145,49,-42,0,-110
-23,-126,64,-82,46,28
-54,-123,74,27,70,-105
11,-140,89,4,-21,10
-1,-80,69,18,-48,-12
-11,-99,75,30,-43,34
-9,-99,79,-85,-7,6
34,-109,61,2,39,-82
-7,-89,90,-17,-51,-25
-13,-111,52,46,-3,-13
-9,-161,91,-14,11,-63
-14,-75,97,32,15,-43
1,-115,61,-38,75,33
22,-93,71,16,58,64
-15,-95,40,-27,-59,69
-26,-91,53,41,-10,-19
28,-142,67,17,11,-45
-6,-147,78,22,40,2
13,-125,65,-24,38,-3
17,-104,69,-29,-68,-12
-26,-148,57,-52,14,-60
-12,-81,20,-8,67,-56
-6,-114,86,21,38,46
-8,-96,77,40,20,-50
16,-127,46,-26,37,72
24,-146,74,0,27,-10
6,-121,89,-52,-16,-11
5,-105,82,24,25,12
-29,-116,61,2,49,-8
25,-143,95,27,-24,-34
22,-127,71,49,3,-75
15,-151,42,-12,15,21
21,-144,63,25,-9,43
-2,-123,51,-8,-40,12
28,-133,65,-17,24,39
-9,-126,47,-2,-18,-18
-8,-174,60,-28,59,-4
17,-173,67,57,67,-28
3,-171,17,-27,-63,-60
-0,-161,80,-51,52,30
4,-167,70,34,28,-69
14,-170,2,15,21,-39
18,-147,46,25,22,-45
-15,-204,93,66,-6,-7
15,-175,51,-12,65,49
-18,-166,72,-71,20,24
-6,-184,48,-3,-40,-24
-20,-188,13,41,-7,-77
3,-177,6,59,-33,12
8,-208,22,-14,1,23
3,-201,47,1,-70,2
-14,-221,28,24,4,-15
17,-212,28,6,-46,-0
-26,-213,23,-41,-44,12
16,-227,46,-38,73,30
11,-227,-3,-43,38,-27
-24,-211,20,-1,-16,11
-0,-207,24,32,-62,58
-1,-224,-16,-4,44,44
-32,-230,17,-14,59,-90
-31,-278,-12,-35,-42,-23
-1,-249,16,-59,-77,-39
-12,-239,-4,-18,24,-59
-33,-264,3,-22,-43,-1
-8,-245,18,-16,15,-54
24,-272,-4,12,-33,-64
14,-279,11,15,-61,9
27,-280,24,-15,-21,66
3,-311,-14,-37,13,1
-12,-316,-0,28,-29,85
10,-303,-16,-19,83,-23
-5,-290,-25,-9,-26,-74
-2,-283,-16,-51,65,5
3,-319,-25,67,96,4
-18,-301,-34,70,-29,17
-8,-304,1,77,-34,39
2,-326,-70,-5,-37,-10
2,-311,22,-69,28,32
-27,-326,-39,-55,19,-33
-24,-341,-45,-24,15,-17
-1,-342,-83,36,-18,16
-26,-347,-36,42,-32,-0
2,-366,-35,-31,13,-17
18,-327,-63,19,-15,-66
-16,-340,-46,41,41,14
16,-380,-43,-84,-45,-30
-14,-360,-37,65,63,-1
-7,-371,-90,-62,-25,-12
-44,-385,-51,16,-38,27
13,-365,-68,42,20,-26
-47,-349,-57,-43,26,-12
-17,-412,-45,68,15,-7
2,-377,-52,-2,40,54
-23,-410,-39,43,-37,-21
-2,-361,-76,37,36,-17
-17,-397,-79,96,-13,33
10,-365,-79,-2,-52,29
-23,-384,-94,41,73,13
19,-374,-64,83,20,38
-20,-389,-76,-61,-39,42
-30,-417,-62,37,-33,105
-14,-391,-64,-6,27,9
-3,-440,-46,58,56,22
5,-397,-60,34,40,-48
-22,-392,-60,-16,29,12
-21,-428,-94,38,-61,63
-3,-394,-78,-39,31,18
3,-440,-90,-29,41,-29
8,-444,-98,-21,-64,-36
10,-399,-92,35,-53,14
20,-413,-38,-14,-71,-23
-0,-429,-97,16,89,26
58,-396,-108,-23,31,-37
22,-395,-88,5,12,-25
2,-409,-72,36,15,50
22,-387,-99,29,56,16
15,-420,-33,-25,36,23
-29,-403,-41,-3,59,-11
-9,-399,-91,23,6,-57
-33,-410,-88,-2,-12,-1
24,-397,-42,-68,-66,31
-29,-361,-99,-35,-86,8
0,-427,-51,14,1,0
-8,-425,-53,22,-5,-6
6,-382,-84,-17,-43,15
9,-413,-52,-7,-12,-56
20,-398,-64,-3,-109,30
-28,-417,-29,-9,-10,-39
-43,-373,-68,26,7,2
32,-342,-63,-50,-35,55
-3,-371,-45,-73,-86,5
20,-391,-78,39,-27,-35
27,-326,-66,14,-36,28
-41,-396,-66,30,-22,-22
-19,-358,-62,-71,28,-52
-5,-360,-45,53,-17,-10
8,-368,-60,-36,66,-25
9,-320,-35,31,86,-23
7,-365,-72,-5,-4,-72
0,-347,-66,38,-68,60
-23,-375,-60,-43,72,-75
-16,-357,-79,-34,-33,-27
6,-392,-41,3,7,132
-10,-353,-115,-7,15,34
9,-336,-22,23,-104,44
5,-323,-53,27,-8,38
-4,-320,-60,-12,-25,-46
-26,-321,-76,-40,-43,66
-3,-306,-24,5,41,-47
7,-304,-39,-26,58,50
-47,-290,-31,-8,-15,61
-0,-291,-4,-2,1,-15
41,-324,-34,19,65,-7
14,-285,-60,-12,-34,-111
4,-254,-14,7,26,-71
14,-283,-15,91,-21,-3
5,-254,-4,10,-37,-10
36,-290,0,-31,-45,-18
9,-265,-15,5,-14,11
-12,-298,-14,27,-49,18
-4,-274,24,-3,30,24
43,-271,10,-34,69,20
15,-234,-4,-31,52,-18
15,-262,7,-4,45,17
-4,-188,24,37,-4,10
30,-226,11,18,22,-49
-9,-233,-17,-37,33,35
15,-197,-9,-33,-32,-23
-21,-214,41,-8,17,6
-14,-231,15,1,-12,84
-3,-205,25,-4,-45,12
-3,-227,17,27,107,22
-28,-237,7,12,3,30
3,-220,19,-62,-111,-25
2,-171,14,96,24,31
8,-185,43,7,-3,-24
-14,-175,80,-48,-46,32
16,-168,50,45,-16,4
31,-209,19,31,-21,-3
-7,-199,32,56,40,9
29,-216,27,2,18,6
42,-155,110,-12,33,-26
21,-201,37,36,3,32
-3,-169,68,-17,1,1
-10,-157,43,-77,21,-88
-15,-178,49,40,7,-22
-39,-156,58,22,36,-30
-24,-137,105,23,-2,46
18,-168,69,-12,-63,-84
-27,-112,43,-2,-3,68
11,-119,50,-9,3,-24
-53,-154,51,-15,-37,-59
-46,-100,59,0,6,2
-25,-160,74,12,63,-7
-1,-159,72,49,-23,-37
-42,-107,106,5,-20,-6
25,-126,40,20,53,38
-14,-156,65,-63,-44,53
-11,-126,54,49,-57,-1
16,-106,64,-78,39,-19
-21,-121,82,-33,-23,-30
22,-105,87,-14,-1,-14
-33,-87,44,-61,42,9
-17,-80,54,-11,-6,49
6,-104,68,53,-51,89
23,-125,123,-21,5,-8
-13,-118,62,31,-3,120
-12,-96,58,-6,0,28
46,-127,63,2,-0,41
-27,-102,101,44,-56,-6
-25,-94,90,-79,12,-63
-41,-124,84,7,27,-26
-13,-138,83,-4,25,-38
12,-99,63,-114,-21,46
-31,-124,64,89,54,31
23,-144,54,-64,-45,66
-7,-132,92,21,37,-1
-26,-89,96,-5,-102,-11
-6,-98,70,-51,-56,27
-3,-108,63,45,37,-28
20,-135,85,-32,5,11
-27,-110,63,58,-8,-11
18,-87,52,15,-5,30
3,-86,93,-21,12,-0
34,-158,88,11,14,-15
-1,-149,65,32,22,55
15,-124,61,13,61,7
7,-153,73,-36,26,84
-10,-135,58,37,-40,-81
-5,-121,68,-51,31,6
2,-138,113,25,4,-20
-7,-185,45,129,31,-50
5,-153,70,2,8,15
-10,-139,74,3,48,47
-1,-133,49,-43,45,60
-3,-168,29,62,40,-4
-21,-162,96,14,-131,-34
1,-126,49,48,-26,-23
-6,-153,69,-23,-29,-32
30,-154,39,14,-2,-29
10,-161,56,-12,40,-74
-14,-142,49,43,-61,-47
-2,-156,54,0,12,-55
-26,-202,46,-16,22,-50
7,-141,60,54,43,1
19,-214,29,43,-12,-19
-14,-204,15,-6,75,-12
-6,-171,29,17,-25,-4
17,-218,62,-0,35,-77
26,-194,-19,-32,8,73
10,-217,-13,-4,4,52
-27,-225,37,-91,-42,-33
-16,-185,51,0,-32,3
-23,-202,6,-34,6,39
-18,-243,18,-21,-36,58
-15,-252,40,30,-7,-26
16,-221,3,4,-5,81
-9,-216,22,30,-10,38
-8,-263,33,-1,-48,-2
7,-290,-7,-3,-39,20
-21,-251,-31,44,41,23
-4,-242,2,-20,-15,-23
19,-235,7,22,37,15
45,-276,21,-108,-18,9
28,-274,-6,-24,35,-42
34,-274,-42,24,2,17
-32,-258,-8,-5,-56,8
25,-294,-42,10,7,-33
20,-274,-37,-35,-51,6
-22,-302,-29,9,-2,23
7,-316,-29,-38,23,-2
-19,-302,-39,0,-57,41
-4,-262,-38,-84,-27,24
25,-285,-26,-40,-49,-39
-19,-297,-30,-9,7,-32
-7,-289,-2,59,-0,73
11,-356,-14,35,21,-18
-1,-322,-55,-11,5,17
10,-333,-51,37,50,-94
-0,-378,-65,-56,-42,-80
-11,-365,-31,65,13,5
-40,-317,-39,6,38,16
16,-331,-69,37,-51,89
-23,-389,-75,8,76,-45
-5,-357,-68,27,8,-70
1,-331,-83,-21,-8,12
-25,-351,-39,41,71,9
1,-317,-83,86,5,42
-33,-328,-60,5,-5,-72
8,-371,-64,-18,2,-24
-19,-390,-52,-33,27,54
-16,-372,-99,11,-16,30
-25,-369,-40,-16,-10,79
-0,-377,-73,45,11,-13
-11,-397,-69,0,31,-31
36,-396,-87,-14,-32,-56
31,-441,-70,23,-36,42
-58,-386,-56,-57,47,69
21,-355,-53,-9,48,-82
-6,-408,-38,-65,-98,-43
-15,-347,-47,20,74,-20
29,-385,-69,32,-2,-32
-40,-398,-64,22,-28,-41
16,-392,-73,-19,30,-41
-23,-407,-58,3,-18,-49
-18,-416,-85,-5,-35,1
2,-415,-74,44,-49,73
9,-401,-67,49,-28,28
-38,-389,-64,27,28,-5
11,-398,-87,-77,4,-23
-13,-416,-80,-62,-39,-18
-20,-425,-100,38,-19,25
1,-420,-69,49,20,-51
38,-417,-62,-68,-27,-43
-23,-415,-84,-2,21,-18
-6,-424,-70,-14,-40,49
-3,-385,-61,10,-53,30
-22,-383,-75,3,16,39
-0,-412,-42,23,-6,17
33,-423,-53,39,15,-68
-7,-409,-69,30,-6,-35
-22,-431,-58,-7,37,-37
14,-389,-67,-5,35,-71
-16,-392,-37,-106,62,-25
-11,-369,-60,-37,53,0
-4,-387,-61,34,4,40
-15,-394,-56,7,83,64
-16,-361,-107,-23,-15,18
-19,-347,-77,-16,-20,-56
-6,-359,-101,-21,11,19
3,-379,-44,67,8,32
23,-381,-49,2,30,10
-3,-399,-37,-38,33,6
5,-380,-60,42,22,-3
13,-391,-53,28,-88,19
-14,-364,-55,8,74,2
3,-375,-53,20,-3,7
-32,-366,-75,65,67,-61
14,-332,-38,-54,-41,-34
45,-380,-62,43,45,-18
13,-351,-69,5,-54,29
41,-373,-76,-63,58,-73
-21,-338,-55,3,62,-32
-30,-327,-55,24,28,-49
-11,-316,-27,8,11,-50
34,-306,-15,30,-19,-55
10,-334,-6,-1,56,61
-2,-314,-71,64,4,27
17,-305,-55,-49,-38,4
17,-326,-24,-43,-4,40
18,-289,-18,-8,53,2
-3,-306,23,-31,15,-2
6,-274,-24,-7,5,77
-10,-265,-13,-7,-2,35
2,-330,-51,23,-35,22
-3,-299,4,-45,-9,-22
7,-296,-32,-42,-7,9
15,-274,-12,31,-12,-38
5,-282,-19,11,32,28
-6,-265,7,31,-70,19
-1,-261,-22,-18,-45,-68
21,-253,-11,76,23,-49
-49,-254,31,-38,-11,73
-29,-241,-32,-39,-27,1
-2,-251,19,-77,-48,-44
-8,-214,-7,44,-4,54
19,-214,12,14,67,-22
24,-241,27,-15,-70,-1
-4,-227,37,97,-50,46
-33,-227,19,66,-57,8
33,-225,1,41,0,-25
6,-198,37,-46,-16,37
-12,-195,8,5,15,43
25,-159,20,39,10,12
-11,-209,62,59,32,-5
29,-184,49,-38,39,-8
15,-176,4,-47,41,-0
-10,-172,43,5,62,80
-4,-164,43,-5,-11,-33
33,-196,24,17,-25,-3
16,-170,28,-62,-18,52
6,-169,38,26,-60,-69
33,-164,51,-6,41,-66
28,-147,33,-2,-26,66
-10,-182,49,-31,-66,-2
-45,-147,73,-14,4,23
-39,-138,65,-74,-11,-10
-17,-133,42,44,55,26
10,-160,42,-46,-15,-58
-28,-112,67,-19,7,14
-4,-132,34,90,-12,3
-17,-128,52,-35,-31,11
-14,-108,63,77,-56,-51
1,-135,66,4,40,-29
-6,-155,82,57,0,-6
-15,-163,47,-10,-63,-34
-15,-92,58,-22,43,36
2,-124,66,13,6,11
-23,-142,62,30,51,84
-17,-114,50,96,-1,-15
-11,-119,40,21,-43,-103
4,-138,90,-5,-18,-3
-4,-107,78,-50,1,-47
16,-129,63,11,10,-66
2,-167,68,-75,9,16
9,-100,55,42,-12,38
-10,-123,55,63,-11,45
-44,-109,62,3,-10,-12
10,-117,67,-3,43,-9
-30,-100,83,10,-16,-24
-11,-138,50,20,36,2
-21,-79,94,-49,-11,25
23,-116,61,15,-20,2
8,-102,63,-99,-2,-27
7,-114,114,1,48,33
-14,-103,64,48,27,-46
3,-101,75,-73,5,-28
38,-101,55,65,97,-15
17,-77,33,-6,-86,-45
-54,-103,73,-12,-6,-9
-42,-136,98,24,83,25
-5,-148,87,-57,34,-4
-13,-103,66,48,31,-46
-33,-121,92,-25,-26,14
-27,-129,69,-80,13,57
-41,-132,64,-7,60,54
-26,-116,76,71,-7,21
-23,-109,66,9,-47,37
19,-126,49,-38,-51,-49
-26,-87,59,-33,-37,13
-17,-127,57,-28,8,-21
-32,-129,75,-47,-7,37
-1,-167,38,-7,-32,5
4,-155,81,17,-53,-39
-22,-148,49,-34,20,25
-12,-184,18,28,18,16
30,-132,81,3,-20,-61
-16,-137,33,-6,-16,8
23,-145,61,18,2,-55
-7,-162,69,-19,23,-38
-2,-155,41,-8,63,69
24,-169,21,30,61,22
-12,-170,70,-19,117,31
-21,-201,44,36,-13,-20
-1,-179,22,42,-1,-18
-13,-194,66,-2,-9,-44
-20,-188,-14,-39,-11,-2
1,-179,69,42,-21,26
-31,-167,9,-7,-47,49
30,-193,33,24,-28,-70
43,-226,20,-26,-5,17
26,-203,20,17,-72,8
14,-186,-26,-29,-5,-64
5,-248,-0,-56,-3,30
-10,-222,14,-37,-12,-22
2,-195,-4,0,6,-28
20,-239,47,46,12,-30
36,-212,-11,-30,-39,32
31,-235,18,103,-74,-11
21,-252,48,-42,-36,67
13,-251,-24,59,62,-36
2,-293,13,-5,65,15
3,-266,23,59,18,33
-21,-255,-20,116,36,-28
-12,-250,-32,41,-62,23
-17,-295,-8,39,-23,20
-0,-291,10,44,3,-58
-11,-293,-36,-5,16,-48
10,-241,-21,34,-12,-43
-8,-307,-12,-18,12,49
-1,-280,-10,-17,-33,33
18,-301,15,52,6,-21
8,-261,-53,-12,17,-23
-24,-315,-11,5,-61,13
17,-323,-26,-53,-124,30
28,-289,-18,-4,44,18
11,-286,-50,12,31,16
6,-340,-40,63,-4,-92
-13,-300,-21,-19,0,-56
36,-334,-49,-4,28,-104
-1,-385,-20,-33,-12,-22
-13,-354,-39,-20,-4,-76
19,-366,-46,-5,-9,40
-24,-335,-48,31,-32,-46
-10,-308,-45,-5,1,-20
26,-373,-62,-15,-19,11
10,-363,-67,-13,-1,-14
33,-386,-22,48,-1,-18
13,-387,-30,34,3,-3
36,-374,-51,-13,-29,49
-7,-399,-38,-0,9,62
-9,-342,-49,45,-63,-3
13,-367,-61,-9,10,-61
-11,-410,-69,-52,18,-30
32,-376,-54,-3,18,-3
-17,-411,-64,-62,-24,21
22,-390,-59,70,-26,-63
-29,-375,-77,57,-40,-69
6,-379,-95,-44,-55,-54
9,-374,-58,-13,75,-10
25,-381,-69,-18,82,58
14,-393,-82,-12,12,-42
-18,-394,-68,-14,16,-53
3,-351,-49,7,-11,-6
24,-386,-102,5,16,-3
16,-438,-50,-14,7,46
8,-422,-71,-29,1,8
-17,-394,-74,66,-28,-32
3,-397,-62,34,-6,36
33,-404,-92,32,-41,-43
20,-403,-55,42,-36,12
4,-465,-107,-71,-2,-3
32,-372,-76,-9,6,20
1,-403,-65,19,-19,29
-6,-343,-36,16,18,-11
9,-385,-98,-45,4,11
7,-428,-77,60,-16,-45
4,-403,-88,8,-14,-15
-14,-386,-74,-21,11,34
11,-390,-97,26,48,20
-4,-377,-84,8,16,-14
-17,-382,-78,41,4,5
-9,-398,-40,9,5,33
1,-410,-72,-40,-37,-17
38,-390,-89,-91,73,-15
39,-402,-89,71,-60,5
-2,-411,-64,28,-51,28
-8,-423,-70,23,-28,-47
-32,-366,-81,11,1,-48
-3,-410,-60,-36,-14,17
-25,-385,-60,-71,12,44
16,-388,-64,8,9,-62
-9,-376,-54,49,-14,78
-5,-395,-78,-49,-5,23
5,-386,-70,27,-39,-51
-15,-383,-52,16,-31,43
14,-345,-49,-49,-17,75
-8,-356,-27,22,31,-36
34,-363,-58,5,-49,-37
47,-359,-31,1,35,-36
-17,-332,-60,17,-14,-3
-20,-345,-40,-61,-15,-32
-32,-297,-18,22,-1,-58
-27,-365,-43,-45,39,-87
16,-356,-56,-22,37,5
-10,-327,-29,-22,9,29
15,-359,-8,24,78,-74
7,-328,-39,6,-8,-75
1,-326,-20,-1,-30,-18
-15,-318,-39,-31,-24,-27
13,-288,21,42,50,-10
-20,-297,-50,-54,-35,-23
-15,-301,-62,-42,47,-18
17,-283,-5,-30,84,11
10,-324,-11,5,43,-41
14,-311,-35,-32,-3,-17
27,-262,-35,37,41,-34
-6,-249,-41,-69,1,27
21,-258,-48,-103,11,-14
-11,-284,-9,22,27,66
-16,-277,-7,42,-4,96
-21,-263,-7,-57,-23,52
-7,-269,-11,21,10,-3
19,-261,18,-11,-60,17
12,-261,18,27,-32,-20
-1,-247,3,-3,37,6
-40,-259,9,12,9,-4
4,-234,7,-65,39,-37
-40,-194,39,-2,-8,-33
-6,-197,-9,-27,34,-36
7,-194,66,8,24,23
6,-208,-4,-39,-15,43
-34,-210,53,-1,-72,-45
-30,-248,21,45,20,-49
26,-211,25,45,-32,-21
-21,-167,26,24,-25,91
-4,-207,30,7,-55,-3
6,-178,26,-29,39,78
-4,-193,61,-63,-15,15
-20,-192,26,10,-41,16
-9,-146,22,39,14,-30
-16,-161,12,-15,18,27
4,-201,29,33,33,-51
21,-133,77,-31,112,3
-7,-167,69,56,0,-6
13,-170,38,33,23,85
-1,-128,90,-17,20,-66
1,-150,49,-7,-29,29
10,-178,65,43,-27,-94
29,-145,71,-42,10,-72
-8,-160,47,-54,-28,-3
5,-133,62,-13,-28,18
38,-151,69,-10,-4,10
14,-139,82,49,-71,41
-16,-163,48,-1,-1,4
-10,-130,85,43,-37,-13
3,-122,74,-62,4,21
18,-102,75,-24,17,-6
-5,-133,44,-15,-34,-4
-23,-145,61,-23,-22,-12
-8,-145,50,2,32,-2
-22,-114,50,-51,-22,-35
14,-121,39,-22,-14,-39
-25,-103,99,72,-15,-55
-32,-103,84,-68,-75,42
6,-112,86,33,1,-36
19,-80,91,29,-16,-7
-2,-73,114,21,33,44
-6,-118,91,-4,-51,-3
-6,-90,62,11,21,-10
2,-95,56,8,60,71
-5,-112,83,60,92,31
-16,-128,52,-4,43,30
-46,-122,107,-72,35,5
21,-140,73,43,37,-46
8,-129,93,-24,-63,-53
14,-97,31,-57,15,-2
0,-98,63,45,7,-31
-29,-129,58,35,19,41
-27,-111,90,-15,1,25
28,-136,65,1,-13,-12
-11,-134,87,18,-31,-14
-9,-80,59,36,-55,-9
-8,-131,70,-63,2,-37
-7,-102,67,18,23,41
8,-136,86,7,8,-90
-8,-142,74,57,-71,-87
13,-111,92,-71,-15,-44
-12,-142,48,-20,11,-11
-5,-141,50,8,23,-25
14,-140,72,-23,43,-34
8,-116,51,-27,-22,26
-12,-121,82,-21,-20,21
-5,-175,45,52,-8,-52
-13,-128,42,-8,22,11
30,-156,30,47,42,2
60,-190,46,4,71,-27
23,-172,58,50,-28,-8
-27,-129,48,2,17,-16
22,-137,73,9,20,44
16,-178,44,11,-61,-14
18,-142,38,-13,64,-5
-8,-149,26,-20,24,-64
14,-175,32,-32,13,-5
29,-152,28,-62,17,-23
28,-163,43,1,-9,47
4,-179,53,24,-17,71
-23,-206,58,-29,23,-36
-3,-193,18,-1,-20,13
17,-173,47,-16,-29,-6
12,-226,20,36,-15,-15
7,-219,5,9,36,-47
-14,-266,27,11,-30,74
25,-191,41,-82,-3,-49
-20,-201,21,87,1,-53
-24,-201,-18,22,-3,67
23,-266,16,38,25,10
4,-242,6,-28,-5,-2
17,-205,6,-12,19,-7
-29,-239,13,-22,-20,18
27,-281,-18,-2,15,-80
11,-279,-47,75,11,35
-27,-249,41,40,96,-39
5,-242,11,15,36,14
-3,-263,14,-23,11,-47
-19,-257,7,-12,28,1
12,-272,8,71,36,24
-12,-308,11,46,3,-1
-12,-276,25,4,18,31
22,-276,13,-2,2,77
-5,-281,-17,22,4,60
-23,-296,-23,-37,-65,39
6,-326,6,-72,-3,-2
-17,-303,-2,-34,26,-74
-0,-325,10,-14,19,-32
13,-330,-29,-30,8,101
9,-294,-17,-36,-15,41
-22,-357,-87,14,-39,10
6,-377,-20,6,19,-111
5,-328,-21,-20,58,-10
-29,-294,-36,-3,26,-44
22,-313,-48,70,-85,-49
19,-336,-49,2,12,-3
3,-372,-7,-34,-16,6
-8,-345,-23,17,40,-20
-12,-326,-87,-37,22,-57
14,-358,-91,17,56,-75
-22,-378,-52,20,35,-10
-32,-361,-23,-49,19,44
-1,-375,-25,-71,14,22
-14,-348,-57,-23,54,-38
-17,-378,-107,44,83,-6
-14,-362,-47,8,-3,-38
5,-404,-75,-21,-26,40
0,-383,-75,6,-28,5
8,-374,-66,73,16,-55
17,-394,-62,-8,-19,-69
18,-423,-100,30,-13,-3
6,-372,-85,-85,-79,5
-13,-378,-97,30,-3,34
-13,-403,-69,25,4,-26
18,-388,-101,21,-13,7
1,-414,-58,11,-2,13
4,-354,-56,-19,-24,-36
-9,-366,-77,-112,27,100
-3,-381,-108,-93,6,-9
-0,-405,-103,-64,5,122
-32,-391,-74,-22,-35,14
12,-386,-48,22,26,2
9,-394,-72,-51,33,10
-0,-453,-70,-22,-41,-39
-0,-419,-83,38,-9,-59
-10,-413,-85,46,-16,-63
-36,-434,-85,-30,21,-34
-14,-426,-91,19,-59,39
-30,-410,-97,-82,-103,-41
14,-413,-48,-83,63,-25
-26,-397,-73,24,15,14
-5,-416,-81,-6,19,37
23,-399,-82,-60,29,63
4,-368,-96,16,56,18
17,-369,-62,37,96,55
-6,-431,-75,46,-26,-2
-23,-421,-36,-35,-44,88
35,-377,-33,65,2,-55
-27,-392,-21,70,38,-88
4,-392,-51,-27,-4,-45
20,-413,-91,30,7,38
-20,-381,-37,18,-8,-25
3,-396,-105,24,44,10
-1,-374,-93,-24,-43,32
3,-349,-25,-20,-6,-25
4,-377,-62,6,63,-23
13,-403,-82,-17,-53,-59
18,-394,-74,33,-10,-27
-3,-420,-24,17,75,30
14,-381,-56,20,-23,7
-41,-390,-66,64,60,-26
-50,-362,-44,42,-32,33
15,-313,-86,-11,35,32
20,-342,-38,-56,-8,-20
-9,-336,-41,-19,9,-25
-22,-348,-69,18,3,-58
-11,-321,-27,30,-20,63
-30,-315,-57,-26,-13,2
-1,-339,-38,55,-21,-30
26,-335,-28,9,-93,9
4,-319,-54,-7,-2,-50
-5,-324,-42,-2,51,38
-15,-288,-52,-6,33,-6
-15,-321,-23,-81,83,-34
-14,-329,-25,-21,-19,41
15,-312,-35,84,22,30
-11,-300,-40,-21,21,-9
-3,-318,-30,12,126,-61
11,-293,-4,42,2,5
-4,-274,36,36,-17,-15
4,-276,-14,-9,41,13
50,-228,-22,-10,-13,-37
-5,-272,-1,7,55,-24
3,-246,-9,9,-53,-31
19,-251,-8,-5,59,25
-3,-244,-28,-113,-51,-75
7,-245,4,-20,-45,-21
5,-249,-3,41,-9,-32
-11,-230,27,-7,-85,28
3,-240,32,-69,-21,-68
-12,-229,12,-18,14,10
-12,-222,13,20,29,5
11,-217,22,60,-105,-13
-8,-199,-0,75,-57,-1
9,-210,-0,33,53,-1
-15,-240,25,-8,-50,0
15,-252,9,24,65,-50
16,-179,-16,35,-40,-3
-29,-207,68,-21,35,34
8,-162,29,43,5,18
7,-178,41,24,-15,72
-36,-168,81,-27,43,16
-26,-169,72,69,2,-30
12,-168,28,68,-37,14
27,-166,74,-72,-25,-31
8,-129,41,27,58,-0
-8,-194,56,-1,66,-27
20,-144,61,33,72,-31
-10,-159,76,59,5,-40
6,-139,73,-12,-42,-31
-17,-163,46,83,-34,-13
-4,-147,4,-8,45,14
-29,-135,57,-54,-10,-43
19,-135,59,-2,-32,82
3,-152,54,17,-73,-22
-5,-154,68,-23,26,-26
3,-90,44,-35,44,-70
-33,-117,71,-18,63,-12
-8,-104,80,42,-93,26
-9,-108,86,11,7,-11
-1,-96,79,39,-77,-4
-22,-130,81,-28,45,38
-29,-133,69,-47,-29,61
2,-96,38,82,-13,3
-4,-101,58,-8,-18,70
5,-121,77,28,-21,27
-26,-116,65,-28,-17,-21
13,-122,87,-11,56,51
-12,-93,56,81,32,-35
-26,-80,73,-58,24,22
8,-101,81,43,35,-37
-8,-123,65,22,-30,39
24,-82,109,17,-4,-27
-7,-111,108,-53,11,7
27,-87,89,-32,12,-5
-1,-66,29,-9,78,30
32,-105,68,-47,-33,40
-4,-85,71,52,14,-52
-7,-100,96,-27,34,57
47,-146,70,-1,-24,91
16,-73,86,-13,37,-17
-30,-105,62,-5,40,-27
54,-156,87,-5,-14,47
4,-95,77,-8,-10,3
28,-154,78,-49,-19,66
4,-120,76,-7,11,-60
-42,-106,89,-24,20,13
-14,-173,91,15,-34,-48
-15,-120,63,-46,68,30
-25,-139,70,-59,68,-31
30,-117,47,-3,-37,-2
-24,-121,76,66,26,52
17,-100,107,8,-38,17
35,-140,89,84,-47,-60
-18,-138,78,22,13,24
-10,-149,30,59,-27,51
5,-138,63,-13,-8,85
-33,-158,98,-10,42,50
10,-123,58,-29,-19,29
-8,-151,52,-8,-13,-27
4,-118,46,16,-61,-22
24,-106,26,-31,24,41
16,-184,33,-29,-33,-34
-23,-158,72,69,6,-77
9,-193,66,-11,70,17
14,-159,49,-41,2,-18
7,-195,34,18,-11,-16
1,-199,64,-70,54,-37
0,-174,19,6,-58,-1
35,-172,27,-27,76,17
35,-201,28,36,-3,2
-5,-234,34,-12,7,-109
-34,-186,20,36,-52,-65
6,-200,23,-27,85,-24
19,-201,13,3,60,52
39,-232,29,-39,-7,-92
-6,-211,17,-15,15,11
13,-225,-4,53,33,-6
9,-225,30,40,63,15
39,-240,9,-11,7,-6
27,-241,36,62,11,-7
43,-241,-13,9,43,-83
1,-227,-16,6,-5,49
-15,-273,-3,25,-6,-25
-9,-244,0,52,78,-51
31,-236,-2,15,-36,20
23,-248,2,49,-53,33
-16,-270,-38,26,82,-54
15,-258,23,-40,-27,-77
3,-280,-31,27,-28,51
1,-281,-28,88,34,39
2,-313,-17,50,1,-15
12,-295,-22,19,-25,-16
19,-309,-32,9,-9,116
37,-294,-23,-61,-23,1
22,-288,-33,-24,71,-7
38,-312,-39,125,50,-69
7,-311,-45,-53,-3,-16
10,-326,-18,43,47,24
-18,-289,-47,-51,-5,52
29,-303,-28,21,54,-37
16,-371,-42,-24,-20,-29
-16,-324,-26,-42,7,55
38,-316,-44,37,21,-32
13,-374,-28,-43,-17,-15
-21,-356,-90,59,-3,-61
-41,-347,-43,4,16,38
12,-350,-19,-2,-50,4
-10,-405,-50,-16,-11,-45
-19,-361,-45,41,24,33
-11,-356,-39,35,-30,-50
-24,-359,-69,-36,-6,-89
17,-367,-34,3,-47,-13
19,-389,-43,12,-23,-21
25,-393,-50,30,-28,60
-6,-357,-58,43,60,-87
13,-376,-65,-5,-44,67
11,-348,-64,-39,-22,-29
-3,-420,-62,37,-27,-49
-27,-407,-60,-11,16,-45
41,-368,-60,-2,-26,57
23,-402,-100,-58,15,96
13,-414,-78,-58,-36,45
26,-394,-68,8,9,22
13,-376,-51,47,0,10
11,-405,-47,27,-21,-32
18,-398,-75,-23,-21,86
-5,-404,-99,-34,-46,-50
30,-415,-61,37,87,23
-6,-356,-72,-73,31,-58
-15,-427,-54,42,-62,-21
-32,-400,-90,13,33,-17
7,-407,-70,-7,13,64
20,-385,-51,-24,30,30
-11,-440,-96,-21,-4,81
23,-444,-55,10,56,-15
-3,-369,-67,-2,16,47
-8,-402,-74,30,9,-34
-3,-413,-51,-49,-29,24
9,-418,-37,-3,-15,62
-30,-367,-77,-61,41,-95
-5,-358,-30,10,-41,-12
-27,-375,-72,56,-8,6
-4,-431,-85,18,90,30
-15,-389,-88,-4,-19,-14
-4,-388,-108,-28,-27,10
6,-393,-96,-13,7,47
-11,-407,-74,79,13,-21
2,-440,-77,4,-43,-53
-16,-400,-88,65,3,87
-7,-371,-49,-62,-29,-26
-20,-389,-74,11,-46,-42
-4,-412,-51,80,-27,-12
-16,-372,-93,-60,47,25
-8,-388,-113,42,-8,43
-4,-365,-82,4,-58,93
-9,-385,-75,-33,12,45
-1,-351,-58,54,-114,2
-39,-398,-79,9,-24,-37
33,-389,-78,68,-35,28
-21,-373,-53,36,31,-58
8,-362,-70,77,-38,23
-6,-351,-27,22,-49,35
44,-332,-18,-33,-17,-14
15,-361,-39,12,-32,3
0,-337,-29,100,-50,37
11,-281,-10,4,-61,5
50,-356,-52,55,-54,34
-20,-367,-41,-121,25,2
5,-325,-54,15,-33,55
23,-329,-64,12,57,40
32,-339,19,-18,41,-25
-18,-332,-40,-10,10,-19
-4,-287,-8,-17,-13,-14
-2,-289,-11,-8,-32,45
39,-319,-39,-58,-67,-86
21,-304,-1,-34,49,-14
6,-303,-3,62,48,-0
5,-258,-35,-32,-77,-7
13,-288,-6,-23,57,34
17,-267,-46,16,39,4
18,-281,-16,-8,24,-10
37,-275,-3,-83,31,75
23,-258,28,-18,-22,-8
-34,-284,-7,-25,-24,-39
-25,-254,5,7,74,-15
20,-269,-20,39,59,-3
-14,-260,-7,24,-3,9
-5,-236,8,-43,-32,40
13,-215,9,-5,34,46
-24,-227,21,-14,-5,-25
-26,-227,46,-2,40,13
-8,-222,-5,20,-17,-19
-9,-252,37,-21,-17,29
-8,-208,-19,9,54,75
-11,-234,62,38,12,34
-30,-222,26,2,65,-15
-4,-210,47,-70,-8,2
9,-168,69,33,-30,-6
-18,-188,20,-55,44,-8
-23,-187,22,-72,-3,-22
20,-208,38,-28,74,42
-7,-167,27,32,-11,40
-10,-187,26,-15,16,89
-9,-166,13,17,15,0
-25,-177,34,37,-61,18
9,-174,72,-51,-80,56
-9,-170,42,68,-28,-12
-7,-148,67,-34,-23,95
-21,-168,85,43,-1,-7
31,-154,73,26,19,76
9,-126,85,4,21,24
-12,-122,38,5,44,-67
37,-113,49,15,-27,-3
5,-112,59,15,-41,2
-16,-143,70,67,22,39
18,-130,51,-18,18,19
-9,-102,86,29,30,-23
34,-144,90,-111,-6,25
8,-132,62,-43,45,17
9,-136,42,8,8,-29
4,-139,51,35,35,58
-17,-100,90,50,0,2
-44,-110,78,-1,59,-19
-3,-101,95,6,112,-39
-23,-108,76,27,71,3
21,-106,46,-14,-3,16
11,-73,97,55,6,15
2,-112,98,35,8,35
7,-108,65,4,53,-1
-28,-115,80,37,-39,-46
19,-87,98,-23,-80,-5
19,-128,68,-4,68,-43
-4,-123,103,101,-2,-68
-20,-115,37,19,-78,89
-45,-90,91,-50,48,-23
4,-122,56,7,3,-10
31,-106,78,44,25,-43
-22,-124,69,-14,9,-18
39,-119,99,-4,64,-15
-9,-111,73,27,6,24
-5,-111,72,-30,-24,1
16,-123,104,-61,69,-35
-27,-138,65,-19,60,-26
18,-119,71,23,-22,57
-54,-112,63,-39,22,-40
-13,-104,67,-21,36,6
-20,-91,69,65,-48,-60
7,-123,58,33,15,-6
-9,-129,73,52,-34,-2
4,-97,66,56,79,-0
17,-125,99,57,-43,-55
-16,-146,53,2,-46,-29
13,-147,67,89,-5,-33
-3,-141,79,6,4,4
-6,-133,54,39,8,34
-34,-124,69,57,17,-31
6,-159,58,-26,-28,-21
-16,-169,49,-48,-26,72
4,-153,51,47,6,10
-43,-133,57,62,81,-38
-14,-173,51,-20,-10,28
-17,-165,50,-77,26,66
-23,-140,64,-31,27,-28
9,-149,56,-53,-36,33
-5,-205,34,9,29,-102
-38,-169,44,28,75,-14
-26,-155,53,10,21,-14
-2,-160,-2,-16,23,-30
12,-168,35,-47,12,39
-1,-170,61,-7,103,32
-8,-186,41,8,-29,-36
13,-224,69,-44,36,-3
8,-187,21,7,-40,-21
-10,-206,39,-47,11,20
-13,-250,59,35,-5,20
12,-189,37,-62,32,-12
1,-209,24,-52,-94,-11
-10,-207,17,-22,-29,-25
-19,-216,6,-80,-36,34
-30,-220,5,-0,57,40
21,-249,15,46,-36,-6
28,-237,-9,28,-31,42
-20,-257,29,-48,-74,28
-17,-259,33,33,61,-44
50,-272,-22,53,21,-30
9,-249,3,-66,17,-96
12,-281,19,10,-9,47
-29,-293,-12,11,15,-4
-2,-272,7,-14,10,-23
-34,-277,-28,-33,61,-28
20,-262,-26,-12,35,33
40,-290,-23,8,-89,37
-5,-330,-11,-37,3,-21
18,-300,6,19,-32,43
-14,-332,4,9,64,4
-27,-340,-30,-52,-2,-44
-49,-295,-2,-12,37,-29
13,-345,-32,37,22,41
-14,-324,-41,-22,18,97
35,-332,-60,-64,59,-99
22,-310,-62,-3,1,-0
-33,-306,-17,-30,-25,66
0,-334,-39,-38,-53,1
19,-338,-38,8,-14,15
-26,-339,-35,-8,-6,-41
-26,-326,-31,-40,8,-18
7,-347,-77,-47,-66,8
-6,-361,-61,11,-0,8
25,-373,-42,-55,-17,-71
-4,-353,-77,35,7,5
-13,-371,-24,21,24,11
1,-367,-49,-29,4,16
5,-368,-90,-8,32,29
-39,-378,-69,-43,-10,36
-19,-372,-75,33,65,1
7,-386,-80,-2,-64,-19
3,-373,-46,-22,-1,5
-19,-400,-37,46,10,-22
-21,-391,-71,-49,14,1
16,-368,-62,-67,-3,-10
-17,-387,-76,-39,4,63
-12,-389,-85,-31,4,-17
10,-397,-69,-53,-15,-12
10,-400,-22,44,-27,-3
-36,-404,-50,10,-10,-1
-28,-397,-96,-16,22,39
-9,-406,-61,-29,-5,-28
-1,-386,-102,30,-59,30
16,-400,-25,16,-57,22
-28,-399,-80,50,66,-36
14,-427,-100,-30,17,74
-37,-387,-66,-32,73,17
-25,-401,-57,-24,27,34
21,-391,-92,16,38,-78
-11,-409,-80,17,-18,64
18,-407,-53,-37,-82,-8
-22,-407,-72,67,-2,-27
1,-443,-86,78,8,37
28,-437,-83,68,19,19
11,-417,-99,20,5,41
-36,-426,-83,22,15,-11
-17,-419,-55,-13,-5,7
32,-412,-94,-31,-39,-1
-15,-415,-60,-94,54,-48
18,-392,-56,-15,7,-8
26,-425,-60,34,-85,-11
27,-415,-80,9,-36,-24
-18,-374,-96,-38,-20,41
-7,-392,-61,-5,-68,76
-26,-412,-55,90,4,-51
-24,-364,-53,-13,-32,-48
-22,-415,-55,-92,2,3
4,-356,-69,41,-20,-94
-27,-390,-43,18,25,29
-14,-337,-75,86,-97,42
1,-386,-92,-25,16,-26
-8,-409,-46,12,64,-36
-22,-349,-28,1,-43,-22
-4,-334,-52,31,-41,50
-28,-352,-65,-26,47,-42
20,-353,-28,69,-11,-59
-3,-360,-32,-72,4,-30
43,-357,-49,-11,-20,29
-24,-344,-40,23,31,-12
-25,-359,-62,-45,-51,37
-9,-315,-59,-16,48,-0
3,-345,-52,43,-9,51
-17,-322,-63,78,13,64
21,-314,-34,-69,-22,61
29,-322,-6,-12,-7,-44
29,-332,-45,-12,17,-23
6,-288,1,-5,-23,-5
14,-338,-31,26,-7,-58
1,-265,-35,80,-20,102
-11,-285,-22,-20,24,-19
-0,-314,-11,37,29,76
4,-284,29,76,7,-50
12,-253,-15,50,-26,-2
-6,-308,-9,-13,-52,-36
8,-260,-29,-36,-53,-39
21,-252,13,-25,32,-4
-11,-245,19,30,-45,93
3,-255,29,-5,2,35
28,-228,13,47,-24,36
-1,-189,-8,-33,26,-6
8,-264,3,1,-61,-3
14,-255,29,-58,15,2
-5,-248,-8,24,20,6
35,-216,-4,-13,-82,27
34,-234,43,-63,-53,-35
-12,-204,3,-24,66,25
26,-261,33,16,46,-50
12,-220,14,-55,-13,-32
-10,-190,19,-72,-73,-21
5,-211,3,45,-22,-27
15,-205,12,-17,54,10
50,-211,33,27,8,-86
-28,-178,102,-39,24,-35
10,-182,45,-27,-36,11
15,-205,42,-27,-65,22
21,-197,18,-10,-72,21
0,-168,22,-33,-19,13
-18,-125,42,10,30,-5
12,-202,20,7,18,-23
-25,-157,60,13,46,-12
-20,-148,32,-30,-1,7
16,-183,68,-5,67,-30
-42,-119,23,-11,-22,8
-23,-152,40,-60,23,8
28,-161,58,-4,-45,-18
-2,-117,47,-16,14,54
-7,-128,81,32,35,-25
19,-145,76,10,-21,-20
-25,-143,78,10,38,-37
21,-126,58,19,-50,20
17,-167,122,-27,-35,-34
-11,-147,106,-40,4,-17
3,-150,84,-13,-14,-4
21,-102,69,75,-34,-18
-24,-118,62,1,-78,-40
16,-130,64,67,37,-38
9,-130,69,-57,52,-12
-23,-151,70,8,-21,-42
-3,-149,91,38,65,41
35,-121,62,14,-12,-59
-25,-103,69,-54,2,-74
7,-95,39,-58,-7,-2
10,-142,84,18,-36,5
4,-117,86,16,-85,-8
20,-124,81,90,-6,-6
-12,-131,99,20,35,-87
38,-108,67,35,19,-26
12,-99,79,106,-47,-15
13,-127,91,46,-15,-2
-14,-123,44,23,-31,47
17,-129,78,-47,-33,2
-23,-54,93,-25,18,-12
-44,-131,86,92,-62,83
-18,-105,37,-25,32,-1
-11,-70,69,34,23,19
57,-122,98,17,19,-68
-11,-119,80,-156,58,6
-23,-126,72,11,58,29
34,-149,71,40,-63,-143
20,-131,88,-44,51,-51
-36,-132,58,-5,-28,2
-29,-87,50,-31,37,10
1,-117,41,-13,-27,61
-5,-103,81,31,-22,-34
12,-168,61,-28,1,-64
11,-113,57,5,41,2
25,-141,75,65,-62,-93
-13,-113,51,62,-41,32
-9,-123,95,-13,-79,-75
-2,-154,68,47,-6,47
1,-137,66,40,-68,34
2,-141,57,-13,31,-44
-43,-128,21,24,-8,-65
-2,-136,67,-50,22,39
-26,-145,98,-110,56,16
-4,-161,54,-32,-31,-35
-12,-153,76,-12,-24,-2
-2,-168,53,41,19,11
8,-166,54,-51,-14,-58
-6,-173,27,31,-32,-34
11,-184,57,-2,34,7
21,-222,49,13,-26,-7
-20,-188,36,-75,-20,36
20,-198,34,18,-11,-77
-6,-219,-5,10,-34,36
-24,-219,45,21,-9,39
-22,-168,43,-40,-13,-2
19,-191,39,20,-3,-58
-8,-181,18,-57,5,-9
-18,-221,4,52,32,-20
-1,-241,30,-34,-4,14
13,-220,26,5,-43,-14
2,-234,19,-53,-41,-45
3,-232,24,-36,13,-22
9,-218,17,26,-7,-3
24,-196,-15,16,5,-14
-9,-246,37,-16,-56,-23
-29,-269,-35,-21,-76,71
16,-240,11,-37,-52,-32
12,-264,3,-19,51,-40
-9,-254,9,42,-15,-19
13,-285,-12,55,20,-32
13,-265,-5,-39,-22,-31
18,-261,-27,-1,-33,23
-2,-249,-52,-3,50,-34
18,-291,-8,-71,67,-72
20,-298,-26,-9,51,54
15,-289,-29,36,6,-38
-28,-329,-36,56,5,81
12,-334,-42,-14,13,-15
15,-322,-40,-74,17,20
-21,-295,-10,39,43,-34
-36,-340,-47,-35,-26,-18
-26,-323,-45,84,-44,-3
15,-327,-49,-1,24,-35
-12,-302,-47,-1,26,2
20,-338,-31,-25,-43,19
8,-351,-35,13,95,-6
-18,-359,-62,11,13,-7
5,-337,-32,-1,-26,41
-14,-361,-63,-9,35,21
-6,-280,-5,-41,53,-46
-21,-330,-59,2,19,35
16,-368,-68,-36,-45,-11
-17,-364,-47,56,-8,15
-15,-355,-28,2,13,30
-7,-353,-65,28,11,44
13,-367,-49,31,2,6
-36,-386,-51,-8,-49,4
45,-405,-33,-11,-35,39
10,-391,-52,-77,25,-21
-16,-345,-65,19,-37,19
-20,-406,-78,-13,4,18
-24,-384,-62,-53,70,-13
3,-375,-38,-29,7,-6
-15,-407,-71,-11,2,89
16,-390,-64,-11,-17,8
-42,-402,-61,-11,-17,82
-20,-397,-43,39,0,-3
-8,-421,-69,36,62,46
32,-403,-61,-10,-30,30
5,-405,-82,18,-13,-54
25,-376,-69,24,28,4
2,-413,-73,-10,-6,34
-21,-419,-82,-14,14,-7
29,-398,-51,3,-17,19
37,-448,-62,10,29,-27
-26,-410,-82,-32,-13,-23
-6,-408,-75,21,-66,-17
-16,-388,-73,-31,17,8
14,-422,-93,-11,43,21
13,-414,-89,-41,-24,-57
-0,-403,-106,-15,-9,83
-13,-405,-35,-95,85,44
20,-390,-72,40,-3,-37
-23,-417,-58,-16,13,6
-27,-382,-90,49,19,15
8,-427,-112,4,38,30
-6,-387,-81,-27,47,49
-11,-401,-63,78,60,83
22,-435,-56,-78,0,-59
-17,-383,-2,-1,17,-17
-27,-382,-90,88,-25,34
-22,-392,-33,3,-51,-7
-15,-409,-60,-27,-20,-26
-9,-349,-66,50,-48,-47
26,-379,-90,-60,-45,-84
45,-422,-52,-5,80,-125
35,-365,-4,32,-75,-26
-35,-345,-44,-36,-5,42
1,-395,-79,-76,1,-32
27,-344,-26,-25,-15,1
-14,-367,-46,15,7,-1
4,-373,-25,-75,32,-87
-63,-357,-43,-5,29,-35
31,-351,-57,-3,-38,-37
31,-351,-56,-8,-25,41
-11,-358,-30,15,-27,-75
-7,-340,-76,-18,-18,-2
-23,-356,-7,56,40,9
-28,-331,-33,11,8,-1
-7,-335,-35,4,27,-46
-1,-348,-60,-8,22,44
-3,-322,-32,7,-98,-43
-18,-305,-37,20,-40,-5
3,-327,2,-104,-40,55
21,-306,-14,-2,11,-13
3,-311,-50,-25,-8,19
-25,-296,-11,-7,-32,3
10,-310,-27,37,-67,37
-17,-285,-13,-49,-0,-63
2,-317,-32,-71,3,-10
4,-297,-44,-5,84,12
30,-257,-25,-36,10,-69
9,-279,-32,-19,51,-11
10,-288,4,-5,17,78
-10,-268,13,47,-11,10
-19,-261,-25,-74,45,32
-31,-243,43,-25,-41,14
-19,-233,-27,46,-33,-75
17,-248,18,-71,57,-3
-21,-227,11,9,-24,-16
21,-244,-9,43,5,-38
-23,-244,-15,38,40,-21
11,-270,42,-5,-75,15
3,-213,61,8,11,-39
-19,-217,32,-40,17,28
10,-201,25,50,-29,-38
6,-225,67,-8,29,53
-10,-229,-14,27,-14,18
23,-190,23,-26,13,6
9,-216,32,12,3,65
-3,-234,34,-17,-63,-8
10,-162,11,32,27,-88
-22,-158,42,-59,45,-74
4,-196,35,-44,22,9
-12,-139,31,-18,9,-19
9,-209,35,-40,-16,63
2,-193,44,-31,31,98
-9,-159,87,-4,80,10
-1,-208,69,10,5,28
24,-154,51,24,-39,0
11,-167,51,-16,-48,-4
-3,-158,47,-10,10,-23
13,-150,39,42,38,49
-4,-142,38,32,-23,-14
11,-144,81,-39,-49,-76
16,-90,65,11,-78,49
-46,-151,50,-57,7,-26
-15,-132,56,-14,35,68
3,-148,64,60,-25,-3
32,-110,95,23,-49,-5
1,-129,42,-21,13,-7
-12,-128,75,54,-10,-29
22,-109,55,-6,-22,30
3,-81,77,-39,17,33
-16,-122,68,20,-34,-31
20,-85,52,45,16,-17
-74,-111,62,19,-34,-29
-2,-137,57,-45,65,-24
6,-126,120,-26,12,-57
-3,-84,76,10,-14,29
-27,-82,56,-31,50,-1
38,-106,54,-38,9,37
5,-121,65,-42,33,-1
14,-112,63,-76,-25,-12
22,-76,41,70,-5,-56
-14,-91,78,43,-43,-48
7,-70,87,16,56,-18
7,-117,17,13,16,26
8,-87,33,54,64,-7
-27,-144,78,42,14,-50
-20,-97,64,0,-28,-15
21,-111,80,-29,54,54
-17,-90,67,47,42,72
-12,-131,87,22,22,-23
-32,-141,81,-6,56,-2
30,-105,84,-9,12,-29
2,-113,43,58,-8,-7
10,-107,88,21,52,-21
20,-115,76,14,76,-51
-42,-130,66,-8,-42,6
36,-117,89,-31,27,20
-8,-116,71,-47,-9,-21
-18,-119,62,38,10,-51
16,-96,98,-35,-51,43
-15,-124,37,-4,30,67
-3,-158,73,77,37,-84
-12,-117,86,35,-38,46
-4,-134,75,5,-19,72
-8,-148,68,55,56,-17
3,-139,46,-22,10,8
23,-124,74,-13,4,-8
-23,-127,51,11,86,58
32,-145,53,40,0,-28
-13,-166,30,1,39,21
3,-193,46,-10,59,-17
23,-167,90,-5,39,22
16,-172,36,-63,16,19
15,-174,72,3,-34,31
4,-193,75,-49,-7,-98
3,-181,41,-9,3,-31
6,-179,33,-39,41,39
-5,-198,56,35,33,41
-18,-226,-19,43,22,38
15,-234,6,-36,-32,-27
15,-150,33,-36,50,-40
-22,-186,-17,87,36,-48
26,-204,26,-54,14,1
-18,-213,24,40,2,-74
-1,-242,29,-11,26,-33
-6,-228,52,-65,12,80
-11,-237,15,14,28,16
3,-229,-14,-8,-33,76
-14,-206,34,23,14,-35
9,-222,2,-7,-28,-24
-36,-245,-30,-25,9,1
18,-206,-12,-25,-46,-94
11,-263,-11,75,70,-98
4,-285,0,58,82,-46
20,-259,-21,51,21,42
26,-256,-7,44,19,12
5,-297,6,11,-66,104
-3,-261,-2,-3,-17,45
16,-303,-24,-33,11,62
10,-292,1,10,-14,2
9,-277,-63,-7,14,28
-31,-282,-32,24,56,-42
2,-254,-16,49,12,-62
-6,-291,-19,-91,68,-12
6,-296,-46,7,-43,2
-10,-332,-33,-1,46,27
35,-335,-52,-20,-46,-3
-33,-360,-44,-24,-20,19
43,-321,-45,-33,-25,19
4,-328,-11,9,-48,-4
9,-309,-31,26,-25,-62
8,-322,-49,40,-9,-14
-4,-309,-38,-30,34,-22
-10,-364,-57,27,-30,-94
-32,-352,-22,23,-24,-25
-17,-369,-61,-31,63,49
33,-391,-30,44,18,3
14,-366,-42,26,-41,-2
20,-387,-30,13,1,-60
52,-365,-39,14,-29,38
8,-354,-76,-22,-0,40
-10,-362,-88,58,-1,37
-10,-352,-66,-30,-34,-70
12,-394,-40,-15,-35,24
-12,-406,-74,-41,-9,46
-13,-389,-86,-18,19,-39
6,-412,-83,-6,29,12
1,-378,-85,28,33,-70
10,-407,-49,22,-31,-23
-21,-397,-63,-63,5,-51
-28,-419,-74,-14,35,29
5,-402,-102,68,68,-33
17,-364,-43,-14,97,35
-9,-406,-63,16,-21,-43
-12,-442,-119,11,8,14
22,-386,-62,-53,-52,-12
-10,-419,-47,-9,-0,-24
-17,-391,-61,41,-27,38
-27,-385,-41,79,-26,-34
-5,-403,-68,25,-66,-1
-13,-380,-81,-9,-36,-1
-5,-410,-74,18,22,-86
-4,-397,-83,89,-28,10
-7,-402,-51,2,-8,87
7,-409,-68,-13,4,11
26,-426,-62,4,30,-21
43,-421,-85,-21,-6,-53
2,-391,-106,-25,-15,21
-43,-438,-43,-41,-55,10
14,-411,-95,-13,3,50
24,-387,-67,0,9,-15
-27,-396,-85,-60,27,-23
-36,-435,-76,13,-36,44
-11,-389,-74,-45,31,16
11,-381,-29,39,-10,63
-10,-395,-76,-6,3,24
0,-384,-82,-74,46,-22
-9,-409,-12,-5,-39,-10
-32,-401,-60,-15,16,6
-15,-380,-57,20,57,50
-56,-368,-30,-28,50,45
-0,-354,-53,11,-7,11
6,-382,-71,-4,-10,-8
-11,-396,-59,60,-6,6
10,-338,-40,4,26,-20
4,-383,-43,-22,6,-1
17,-336,-71,-87,-29,11
13,-384,-62,4,4,-10
-11,-360,-46,32,-55,29
-22,-378,-59,66,-45,69
34,-378,-62,-26,-7,-40
-13,-371,-47,-89,-43,-70
12,-348,-55,-44,-98,-20
23,-349,-66,0,-49,31
14,-336,-23,12,40,-11
6,-337,-57,64,12,36
2,-348,-33,45,-52,13
-34,-291,-60,-37,-49,-73
-12,-306,-16,-7,-68,37
13,-328,-8,23,-3,-65
-6,-328,-50,12,44,36
-43,-314,-16,29,-18,24
4,-333,-46,17,-28,-57
14,-274,-28,54,-53,65
-23,-297,-3,-66,39,-4
18,-297,8,-8,71,14
-29,-273,8,6,-11,55
-12,-284,-5,30,46,-38
-2,-270,-3,97,-48,-2
32,-280,-17,-110,-36,-23
-29,-284,7,-30,-30,-67
36,-285,-6,-10,-19,11
-13,-283,25,-22,-54,-39
-1,-254,8,-67,-15,14
42,-269,10,-12,-25,38
-4,-231,-3,-29,-30,-0
19,-222,5,21,41,50
-4,-262,2,41,-30,6
2,-259,33,14,13,48
-23,-229,42,20,-34,14
18,-207,23,-2,-54,11
-8,-245,-22,40,51,-15
4,-219,53,-50,-9,16
-12,-233,-1,-14,-15,27
0,-224,2,-21,75,-2
28,-195,53,19,-34,29
21,-189,17,2,-94,-83
-21,-195,9,-15,-0,-29
8,-174,35,-16,90,17
-18,-183,43,-40,-19,-17
70,-187,34,54,-39,2
-13,-171,38,-71,-35,42
-3,-182,78,1,27,-120
5,-163,-6,24,1,-17
-0,-144,51,26,-36,-21
4,-163,59,31,72,52
15,-161,39,4,19,13
-17,-159,66,-31,-84,-58
-31,-148,64,-46,4,13
-14,-148,51,31,17,-8
-11,-137,62,26,16,-29
-3,-141,46,-35,12,1
-16,-134,42,-22,-24,31
-32,-108,45,24,-68,24
31,-131,18,-10,70,-75
-26,-137,10,-18,21,-27
-17,-89,59,40,27,35
7,-128,62,26,-7,74
34,-115,67,-33,-3,54
-17,-74,57,33,-4,30
-7,-131,56,36,46,-47
-22,-124,53,23,23,40
8,-102,71,10,-55,38
9,-93,60,39,96,-35
-13,-98,72,-30,-67,-14
26,-86,95,1,-23,68
-3,-106,69,61,42,30
-13,-91,89,52,-39,15
-17,-104,55,23,31,1
14,-137,104,-1,56,50
-4,-122,94,-66,22,38
-10,-121,84,59,19,43
1,-69,73,25,-60,-3
-39,-120,79,-102,-76,-30
-17,-80,112,-10,-60,6
-10,-98,25,28,-3,13
-4,-134,77,-37,-42,-109
-4,-94,110,106,-33,-41
-4,-120,49,-66,-45,-61
14,-117,76,53,23,-35
-32,-103,73,-13,44,-29
-3,-105,33,-66,30,43
-25,-134,93,-2,-86,33
55,-118,74,-27,42,-12
-17,-126,41,12,-28,-12
3,-109,69,-30,-25,22
3,-86,54,-42,36,-87
4,-95,132,76,8,-38
-5,-82,84,51,-48,16
11,-154,76,-13,-17,-57
-18,-149,77,22,7,27
4,-119,11,13,-67,46
-8,-120,89,41,60,15
7,-115,40,17,-19,79
-3,-141,13,23,46,7
-8,-127,38,10,18,-20
39,-103,53,13,16,-59
45,-130,52,-54,84,68
39,-176,68,-9,-52,-25
1,-163,74,30,-2,41
8,-148,23,-11,-17,2
23,-142,44,-25,-14,-17
-11,-182,70,70,-23,-66
26,-182,25,12,24,-19
3,-166,35,4,-12,29
16,-181,79,7,40,28
2,-213,47,-2,-86,-28
-28,-184,37,-0,-5,-40
-9,-173,28,-6,-65,-20
-3,-216,-11,-16,-17,12
-5,-180,5,-10,19,41
-10,-202,70,12,-73,-13
7,-218,35,-9,-16,-14
-6,-171,1,0,-65,-27
-30,-237,5,-45,-62,29
-2,-210,18,4,12,-5
-1,-259,26,42,30,-66
11,-209,27,-33,32,79
-22,-200,22,-53,3,4
16,-245,6,9,6,35
9,-251,17,21,-48,18
5,-232,-26,-21,-9,-73
-21,-213,26,77,-5,-4
-6,-272,-4,51,-35,6
9,-259,-22,-43,-91,55
19,-233,-1,-60,-19,-21
-5,-272,-42,5,-55,-8
13,-286,5,-16,-66,-58
13,-307,-9,-23,27,28
-38,-260,-38,-21,49,3
4,-295,-3,1,71,19
-7,-319,-30,-9,11,-4
-31,-311,-41,24,25,-89
5,-310,-18,-12,-1,-8
36,-345,-19,4,59,21
-5,-338,5,-39,36,26
0,-338,37,16,-68,21
25,-311,-45,49,47,-71
29,-294,-44,-36,-42,3
-3,-327,-41,2,19,47
-5,-350,-43,-26,10,-44
-12,-310,-25,13,26,76
-28,-372,-68,-1,62,-15
14,-349,-75,-1,-119,-41
-17,-324,-42,-4,-8,12
25,-358,-78,-14,52,-47
19,-388,-35,60,39,34
28,-382,-71,23,-77,63
21,-348,-67,6,-9,-6
-10,-385,-34,26,-33,27
-18,-331,-68,62,-44,106
14,-411,-32,33,-32,-18
1,-369,-67,-50,-37,-88
-11,-386,-94,-3,-32,11
37,-380,-55,-15,-7,-9
12,-402,-55,-64,-9,32
-12,-369,-104,71,16,1
9,-397,-57,75,14,71
-16,-395,-97,67,5,18
-4,-359,-131,-14,-73,-18
40,-405,-71,34,57,-34
-5,-415,-44,-15,-4,20
13,-418,-107,50,-30,55
40,-437,-82,-15,11,-49
-59,-391,-82,-44,59,-29
-11,-391,-63,-4,-32,41
-9,-376,-81,-52,8,26
27,-428,-78,3,19,21
-39,-410,-93,96,57,-34
-44,-408,-82,43,-9,-34
-24,-396,-59,-0,-31,45
22,-385,-85,-78,-3,24
-11,-397,-53,19,20,-98
-3,-424,-45,13,-9,-8
19,-432,-91,44,-51,-25
0,-419,-93,-4,-20,0
-8,-390,-70,56,-38,-12
5,-410,-77,-4,-23,76
23,-420,-69,31,-10,43
-0,-412,-26,-50,6,-14
11,-405,-28,52,-33,27
-39,-385,-77,-98,-16,-9
9,-391,-60,39,-38,-77
24,-416,-87,79,29,-39
47,-380,-64,-12,-83,-45
-1,-396,-78,8,37,8
30,-383,-26,-36,-15,-45
3,-387,-75,-35,-63,-31
-14,-384,-66,-64,-83,-108
2,-368,-33,-15,-18,-16
-14,-400,-69,17,89,-7
-30,-384,-71,5,-79,47
-36,-396,-66,-41,-49,-17
-17,-380,-45,4,86,16
1,-381,-18,24,7,4
-12,-357,-48,11,2,-71
-1,-374,-58,41,-19,10
-2,-371,-49,-12,-37,14
-17,-381,21,13,-71,-78
3,-327,-33,17,-2,32
-8,-343,-14,33,-14,-52
-7,-336,-15,-40,-9,19
1,-349,-34,-74,-19,-1
-31,-363,-12,1,-19,-59
-6,-332,-33,-26,21,-21
14,-333,-19,105,12,59
-3,-287,-32,3,5,28
5,-307,-40,-11,-41,16
4,-323,-27,-6,-39,6
7,-306,-41,-31,-2,11
-27,-298,-48,104,-73,7
13,-304,-12,-47,22,49
-1,-276,24,-31,47,45
21,-263,-35,-24,22,74
4,-298,-16,35,-41,11
55,-269,-19,-24,51,14
-10,-294,-11,-22,-56,-41
28,-301,-37,1,-30,33
-12,-280,5,40,-37,62
-9,-252,0,83,-58,44
-4,-279,35,19,-61,49
18,-249,-12,-39,27,-2
12,-213,3,29,57,-10
-21,-251,17,-40,-12,8
-26,-281,3,-2,19,57
30,-245,-8,-4,36,-11
-11,-259,4,95,-81,12
42,-269,-17,1,31,13
4,-252,4,-7,101,27
19,-211,13,37,5,27
4,-221,24,-3,-19,-15
8,-199,-7,-12,-17,2
-9,-215,14,-97,-16,-22
4,-220,44,-3,105,17
-23,-226,36,40,38,53
-48,-198,31,94,-58,1
-2,-156,44,23,22,-113
23,-207,28,32,-69,14
9,-239,21,-67,-36,-1
9,-161,69,-48,19,-16
-1,-176,29,22,-24,55
9,-182,39,-102,-3,-15
13,-200,17,0,9,-67
-14,-156,64,39,-18,-4
-18,-199,21,-16,34,-20
-2,-206,30,-60,56,34
-42,-111,12,-12,-15,27
26,-136,36,55,27,36
28,-121,94,46,16,11
2,-192,76,-45,-2,15
-9,-154,43,39,28,-34
6,-142,69,110,-33,41
-10,-133,89,-44,-17,-3
19,-126,67,25,6,26
14,-135,91,21,52,14
-10,-106,74,-71,-20,-48
-8,-123,69,1,-52,17
-11,-149,67,-37,43,-41
11,-98,68,59,23,-3
-23,-112,69,-15,-27,35
4,-118,96,4,-46,-24
26,-115,88,17,-35,-63
-16,-101,53,58,93,-63
53,-116,46,1,-12,-32
-6,-78,83,51,24,35
25,-151,83,1,45,-7
18,-148,58,-36,-40,5
-46,-123,65,19,25,-28
-11,-111,60,-10,-10,-41
35,-120,63,-40,78,-62
-9,-137,103,26,-63,-27
-14,-111,103,-22,-4,34
18,-121,61,-18,39,14
-9,-72,78,-46,65,-0
-32,-128,44,31,-2,21
-4,-113,86,6,-77,-26
6,-101,92,-38,-28,17
13,-109,58,-14,-75,10
16,-105,74,3,29,30
-0,-110,58,17,-6,-8
15,-117,82,41,-38,58
10,-119,66,3,-50,-24
12,-89,27,56,2,-10
22,-133,69,28,-32,22
8,-105,53,36,12,-42
23,-106,71,-28,-41,48
-3,-117,77,52,36,22
1,-127,43,-44,-54,25
26,-104,35,-1,-17,-6
42,-123,80,-13,-47,19
24,-99,73,11,-8,27
-17,-138,37,68,54,-22
-49,-142,53,45,1,-49
-10,-114,67,117,-3,21
9,-135,66,-15,65,-10
18,-118,62,-5,-6,4
-0,-122,66,-37,29,1
39,-147,44,-21,27,15
18,-141,55,-32,-26,-27
6,-158,59,2,-0,9
15,-136,35,-5,1,-51
25,-151,72,2,-27,-61
8,-175,60,-68,-41,-41
-19,-161,51,-14,26,23
-6,-180,47,-45,-26,18
-16,-177,58,41,-7,9
20,-168,-0,-16,-51,6
6,-167,15,35,48,7
-59,-205,47,-4,9,-34
-18,-163,29,-7,9,-3
8,-178,70,74,28,103
-3,-214,21,10,27,16
8,-202,46,40,76,4
-27,-210,21,-24,-3,5
11,-242,1,71,22,-21
-9,-232,19,-4,-16,-30
-12,-225,27,-3,113,27
20,-208,-28,19,-28,0
7,-244,13,-26,-75,46
16,-241,9,-117,92,7
-17,-233,-2,11,-34,-69
-15,-232,9,-40,5,27
6,-244,24,54,-70,39
2,-288,15,39,6,-78
-3,-268,13,25,-48,-88
7,-245,12,41,-18,74
-8,-256,-8,24,30,-27
7,-278,-50,11,-47,-78
-51,-282,-15,93,-60,-5
-4,-287,-45,-12,-33,45
-26,-310,-28,-45,5,27
-26,-277,4,58,-50,-74
-24,-273,-74,-87,-22,36
-2,-307,13,-13,-11,21
1,-296,-59,14,-5,2
17,-296,-26,8,-16,27
-1,-324,-16,-107,1,61
53,-326,-42,-51,-50,45
5,-311,-2,40,35,-15
-12,-317,-50,22,52,43
9,-354,-49,33,46,-131
63,-340,-80,-2,15,26
21,-339,-51,-39,-57,61
-2,-327,4,-19,-31,-8
8,-341,-82,-49,-12,-32
-5,-345,-38,17,-45,10
54,-346,-56,-11,-17,-22
-0,-362,-86,-50,-11,5
23,-361,-64,-42,-26,6
3,-391,-46,-50,28,63
15,-386,-78,-6,-31,-26
-8,-377,-58,66,46,-29
5,-378,-17,-50,12,-2
10,-376,-62,7,-2,-8
7,-360,-47,76,15,-50
-18,-376,-44,-19,-61,10
-12,-414,-75,-23,-53,9
15,-412,-49,-44,15,19
-21,-423,-63,-38,31,4
11,-383,-90,11,-26,-52
-10,-412,-70,0,-46,-12
-11,-439,-62,1,22,-37
11,-411,-116,8,-72,-16
-9,-419,-41,18,-49,-54
-28,-407,-123,-3,-15,21
16,-387,-72,48,24,-52
0,-412,-101,-30,9,60
16,-423,-64,9,-44,-52
-39,-413,-28,36,-31,-10
25,-438,-94,36,2,-70
-3,-382,-66,28,-43,24
-21,-390,-68,-69,-31,-35
-3,-416,-45,18,-32,-104
1,-376,-97,-57,-20,-28
19,-408,-102,49,-15,-2
43,-400,-58,16,-2,-27
7,-438,-88,3,-16,22
18,-409,-54,9,20,4
-30,-395,-59,54,120,75
-4,-442,-63,29,-61,-26
-22,-389,-68,18,-42,64
4,-388,-74,-56,72,-11
28,-353,-81,-17,-27,-30
35,-403,-59,79,-47,-18
1,-408,-75,-44,-9,8
-27,-367,-46,36,15,1
10,-377,-86,6,26,36
-13,-389,-80,70,-18,-14
-21,-391,-77,-3,-46,-18
10,-370,-69,-7,3,34
20,-412,-69,-53,-15,-59
-3,-376,-82,-40,-57,16
4,-403,-47,-5,-77,38
29,-341,-88,-70,52,-22
17,-361,-74,40,-34,20
-6,-383,-69,16,-60,15
-17,-380,-69,-86,-86,-25
-1,-373,-47,55,18,-84
-1,-353,-45,49,97,-59
3,-338,-60,-16,58,-44
-11,-386,-14,-8,23,59
-7,-363,-42,-45,-11,-72
24,-362,-45,12,45,-6
21,-328,-77,49,-56,-13
30,-346,-52,0,56,49
-32,-319,-39,4,55,33
16,-346,-23,-2,35,-21
18,-327,-51,63,-16,7
19,-333,-27,-77,-19,-28
14,-329,0,-7,57,9
21,-255,-0,-21,-34,28
-19,-295,-3,-38,36,39
-12,-310,-21,-56,-41,38
3,-294,-32,38,18,26
6,-309,-43,14,48,-83
4,-327,-32,-21,4,51
9,-255,-3,-99,-25,47
8,-281,-1,-30,-27,-42
24,-263,-22,-42,-2,17
46,-281,1,-57,-25,-41
-12,-264,-18,38,26,15
40,-253,8,54,-8,-16
-8,-265,24,-12,-21,17
5,-277,17,-20,-65,-19
15,-260,-24,108,38,-39
5,-229,13,-59,-11,-43
-26,-245,13,-44,47,-35
2,-245,10,9,-17,17
-1,-262,18,47,-12,-2
18,-244,14,-34,-15,-7
28,-218,-19,-3,-36,-50
-3,-200,4,-10,56,-92
-2,-266,30,-12,-19,40
-2,-183,27,-57,72,-55
7,-219,49,35,-17,66
-4,-182,26,-14,-12,78
-16,-195,31,31,28,75
-29,-200,38,27,-19,3
43,-184,37,84,-2,45
-1,-202,28,27,-35,7
-16,-174,61,-70,-7,-65
-26,-191,39,22,-26,-110
2,-167,29,-29,18,-34
-30,-192,12,8,-9,-25
-13,-171,77,-2,-4,5
22,-176,27,41,-41,13
-32,-164,53,-6,19,-3
9,-153,74,-65,27,-39
2,-139,66,-22,4,82
-4,-170,36,-19,20,-4
24,-159,41,-13,20,-32
25,-123,72,36,11,-56
-27,-148,43,-26,10,52
20,-134,116,5,52,108
16,-152,94,38,10,-22
-28,-142,29,-45,-26,58
6,-146,96,31,34,-4
-16,-85,43,20,-13,-16
-27,-114,91,-24,29,53
-12,-111,58,-33,-16,14
-27,-111,92,59,-29,9
9,-84,74,-4,-44,25
18,-143,91,-37,-2,-10
23,-118,103,-12,32,53
-15,-93,42,5,60,21
10,-92,85,-1,-20,-30
20,-93,44,-1,-9,-49
6,-89,58,-6,12,-56
53,-116,82,-2,-5,17
3,-116,70,-5,-85,-13
-11,-95,47,-66,37,-56
14,-75,92,29,-7,-5
-3,-88,103,-9,16,22
24,-115,69,16,21,33
6,-126,57,91,-34,4
-37,-113,73,7,62,-37
10,-123,92,7,1,-22
9,-104,86,60,-12,15
1,-106,95,-26,-0,-18
-0,-91,98,50,18,15
5,-114,79,-5,15,-49
33,-95,84,-31,3,-19
25,-103,72,9,15,41
50,-104,74,-2,9,-22
-11,-115,44,-19,33,38
8,-107,73,61,-17,-73
-10,-125,83,50,42,27
-6,-120,50,-13,6,-29
-21,-156,69,35,-6,-20
-12,-101,44,55,-25,-86
7,-134,94,5,-20,-72
-26,-146,73,43,39,25
13,-152,22,57,-18,-11
6,-154,92,15,75,-33
33,-80,86,36,22,41
6,-140,55,-56,-56,-28
14,-136,81,13,35,-30
7,-158,73,-40,-52,-101
-12,-162,73,41,-69,98
-27,-136,62,-24,-87,-34
-18,-171,40,-9,59,77
-36,-170,25,-78,-73,-21
-12,-140,26,7,4,67
-10,-163,50,24,-110,-47
18,-199,86,33,-8,6
-13,-183,38,-50,-39,44
3,-188,-6,-52,-45,-15
-28,-196,61,13,-29,92
20,-186,-9,-39,70,15
-12,-169,-1,-19,51,54
9,-216,37,-37,30,-88
30,-195,22,-25,-50,24
24,-212,12,-4,-40,-34
-26,-209,-1,-1,-95,-65
-31,-249,-6,26,2,-31
1,-191,30,49,78,-40
19,-237,12,-91,-45,62
-9,-225,-9,59,-14,-32
16,-232,41,22,9,13
28,-230,43,-39,-2,-43
6,-250,-11,-55,36,-12
-15,-252,-26,12,-36,36
16,-237,5,57,17,-55
-8,-286,10,11,-22,-3
1,-289,-19,76,-54,66
-46,-262,-3,41,16,76
-34,-257,-50,-7,9,50
-16,-282,1,29,55,-19
-25,-301,-9,40,23,-41
14,-320,6,-72,-10,28
5,-297,-28,1,1,-25
-5,-314,-23,32,0,5
-7,-300,-8,25,-80,56
-24,-318,3,-35,19,83
4,-311,-53,-5,-36,0
-19,-330,-20,47,2,33
-10,-329,-20,100,-70,3
32,-299,-44,52,-6,-26
-11,-320,-52,10,40,-13
-16,-318,-23,-22,-14,-73
32,-340,-22,-23,79,15
-37,-370,-6,-28,15,-47
37,-340,-44,-69,-16,80
-12,-332,-33,55,40,69
6,-347,-55,29,-53,11
-11,-340,-40,79,-16,-27
-16,-354,-62,45,50,113
-16,-378,-56,-24,6,-51
3,-348,-43,26,39,54
24,-372,-43,-26,19,-27
-9,-357,-93,-36,5,18
-30,-412,-34,-58,8,-32
-37,-376,-45,58,-90,-44
14,-377,-32,-1,4,31
56,-354,-62,39,78,37
-39,-375,-77,-39,82,-7
-14,-370,-78,6,-51,-53
11,-375,-93,19,-91,12
-21,-398,-49,-5,-50,-34
-16,-363,-62,-15,9,45
2,-376,-77,-1,35,-36
22,-346,-28,51,-68,5
10,-410,-63,14,3,-55
8,-409,-79,1,2,-27
13,-417,-73,-61,12,19
-32,-384,-73,-2,34,3
16,-420,-62,37,8,29
21,-408,-81,19,-1,36
6,-465,-67,-38,43,56
19,-422,-72,89,36,-3
2,-382,-125,-58,24,55
-11,-401,-55,38,38,-81
26,-424,-78,-4,39,7
6,-397,-82,55,-1,63
0,-456,-79,-15,-17,29
25,-385,-86,30,-35,-25
27,-430,-78,-19,-1,-72
-12,-391,-57,59,36,-28
33,-420,-74,23,-48,26
12,-425,-72,-32,-1,-48
-39,-381,-89,82,-56,-59
-13,-396,-68,-13,-43,-92
14,-416,-43,-2,11,-39
-9,-422,-58,-21,48,-63
-13,-399,-100,-11,21,27
6,-407,-59,13,20,-11
-45,-430,-110,43,-18,-50
-3,-397,-84,-53,59,-43
39,-397,-68,37,-18,-16
-27,-382,-78,44,-21,-13
23,-360,-84,-25,-24,33
-17,-377,-38,13,-7,14
-39,-369,-119,-26,-23,42
-19,-363,-63,-52,0,-9
3,-388,-68,-58,-5,2
39,-385,-51,13,17,-48
10,-385,-41,-24,18,-31
-13,-340,-39,12,3,52
-10,-338,-23,34,-37,23
-33,-379,-28,21,-13,-8
20,-348,5,-43,-64,-59
-23,-369,-64,-33,14,37
14,-341,-62,53,72,-13
24,-379,-46,95,-30,-20
-1,-350,-49,50,-33,59
-17,-335,-52,-38,35,-77
4,-301,-12,56,10,5
-1,-322,-26,-18,-9,-62
-20,-332,-47,-22,50,-29
12,-333,-39,38,19,-7
0,-312,-22,-54,48,-21
26,-293,-25,10,3,6
27,-320,-47,-1,-18,-7
-19,-275,-43,-23,-39,30
17,-305,1,-0,21,15
13,-307,-29,-74,-6,-10
11,-281,2,57,-13,19
-6,-306,-36,-8,-50,-4
-28,-255,-10,-28,-47,-35
-20,-256,6,-48,33,8
-0,-267,-4,39,-5,43
-4,-240,-27,11,-86,54
-11,-251,8,66,22,59
2,-252,-46,-6,16,-10
-62,-263,49,-37,-10,9
-29,-186,41,1,-34,-11
-11,-232,-21,79,-7,-8
26,-213,18,4,-20,-91
5,-236,35,-47,-7,-9
-23,-237,21,10,52,87
28,-245,5,45,26,79
33,-251,-23,33,-90,-14
10,-228,38,9,-67,-71
-13,-223,10,11,19,46
-11,-200,16,-54,101,29
17,-188,42,-1,8,3
4,-173,16,34,24,-61
33,-195,-18,-72,62,-23
-12,-185,11,6,76,59
-28,-209,44,51,-60,5
-26,-164,41,-49,-16,45
20,-174,70,-36,44,-57
-37,-189,76,26,33,-42
13,-160,34,-54,37,-0
25,-160,19,-66,-32,-35
-29,-137,39,-0,9,-8
-42,-160,46,79,-73,92
37,-135,74,59,-13,-75
24,-169,35,28,-21,-39
6,-98,85,-12,55,-19
-14,-145,52,38,-16,17
-1,-183,16,19,59,-8
-34,-116,56,6,13,7
8,-124,62,-10,14,-17
27,-164,83,4,-21,1
3,-147,82,72,-11,-5
31,-149,94,-8,-12,24
11,-135,63,24,-94,17
-21,-139,106,-42,31,2
-10,-115,62,17,-15,-13
12,-144,82,-26,90,112
15,-96,78,-15,73,-26
12,-111,84,-42,45,34
21,-145,70,-41,-7,-12
32,-107,56,35,-82,11
-17,-102,58,-65,37,28
1,-139,75,32,0,-6
-14,-145,90,-48,-13,-27
29,-106,100,-64,-50,56
6,-115,86,-89,-2,21
23,-105,92,-19,34,-40
17,-96,71,-36,-28,1
-6,-71,53,-14,7,42
-31,-114,74,-26,-29,39
10,-130,96,11,-40,-36
24,-91,77,63,-75,-41
-12,-122,90,-0,-6,26
-21,-141,72,-54,37,24
35,-134,65,-34,-36,9
-12,-108,67,1,15,-37
-14,-143,86,60,46,57
-18,-129,74,-16,53,31
-18,-99,49,43,-42,-32
12,-129,86,60,-3,15
-2,-100,51,22,18,-60
-4,-140,42,-22,-56,-13
26,-95,43,-8,-9,22
-11,-141,116,-70,-56,24
3,-122,59,26,12,-57
18,-113,66,15,28,-46
-15,-146,34,59,-6,31
-0,-157,62,3,30,-2
10,-153,43,98,-51,1
-48,-170,79,39,18,0
-12,-95,55,-13,-53,15
-37,-124,55,14,29,48
-3,-129,49,-96,-63,-8
-21,-128,75,19,35,-47
23,-148,57,69,5,-24
36,-134,63,32,27,7
-4,-161,43,-53,57,4
3,-152,45,75,-24,-37
13,-206,45,16,39,13
10,-143,54,-6,7,-17
23,-186,64,-31,36,12
15,-186,41,21,57,1
7,-168,14,-75,-75,-9
-16,-198,30,25,-29,63
8,-196,3,-92,-1,-25
-15,-201,17,-1,-4,40
-21,-183,35,-50,-44,-6
24,-182,8,0,-2,24
29,-224,11,-6,-13,-81
11,-188,-16,41,60,-52
3,-211,30,43,-37,11
-27,-238,28,17,-15,29
-24,-200,5,39,9,56
-17,-260,29,-19,6,-31
6,-242,7,-47,3,-42
6,-249,-17,72,33,-14
-6,-222,9,53,31,63
37,-249,19,23,81,39
-19,-249,-18,-10,0,73
-8,-234,-17,-21,-18,45
-28,-249,-25,31,-59,-41
12,-269,10,-11,-48,5
18,-259,-30,-75,53,24
26,-278,-18,-6,47,27
6,-298,-28,-44,57,-45
-44,-266,-2,-6,-40,-3
-12,-294,-17,-114,3,-15
18,-317,6,-12,-51,-3
-27,-278,-16,-11,-34,-77
-8,-276,-41,-1,-85,41
-21,-360,-37,21,-17,-5
14,-317,-18,47,-21,-31
31,-322,-27,-2,-24,35
12,-350,-90,16,15,41
0,-326,-40,59,-7,-26
-15,-326,-26,3,-7,14
-2,-345,-46,27,-7,-13
-37,-340,-12,-37,-7,-8
-2,-351,-56,-13,-68,-39
18,-327,-30,-26,-5,0
5,-357,-48,76,42,94
13,-339,-20,9,97,-13
-3,-383,-31,16,-11,-53
20,-352,-76,-45,-41,-33
-10,-411,-7,-6,-36,16
-5,-347,-75,60,-28,92
26,-402,-51,68,-32,44
33,-362,-62,26,58,-20
34,-403,-27,-44,96,10
-39,-354,-71,30,2,-17
6,-378,-26,-51,9,-49
2,-372,-92,-87,44,-64
-16,-383,-87,17,29,-22
-25,-378,-26,36,17,-72
0,-395,-77,82,-6,-12
14,-418,-54,-73,-41,-34
-16,-389,-91,-86,-4,34
-27,-404,-69,15,47,30
-21,-391,-66,59,13,24
-11,-405,-81,7,20,-2
-11,-381,-72,17,53,-40
-4,-414,-80,-24,22,8
-3,-376,-40,24,6,28
-6,-391,-110,5,-47,6
20,-428,-78,68,42,-21
-19,-429,-77,-12,1,-11
-43,-450,-67,-57,33,-36
-29,-421,-97,-35,-25,-51
13,-398,-66,-12,6,-36
-15,-355,-77,-2,37,-55
-24,-436,-90,4,42,24
35,-426,-46,29,3,61
-26,-395,-48,8,41,12
-5,-433,-55,7,-38,12
-26,-392,-70,-21,-46,-79
40,-409,-66,8,-53,15
21,-412,-78,7,22,-43
20,-384,-73,-42,7,23
-4,-417,-59,25,25,27
-14,-404,-61,4,-66,-56
3,-394,-17,40,6,-17
10,-375,-75,31,-2,23
23,-402,-18,-35,-77,-124
-3,-365,-44,-52,-8,6
-17,-388,-74,-12,-35,46
-35,-380,-33,37,-12,-75
-12,-367,-80,53,-26,-37
6,-396,-38,75,44,58
-16,-413,-74,34,-59,-34
-0,-378,-20,-57,-40,112
13,-355,-39,16,-32,43
-11,-395,-41,14,-67,23
-8,-366,-40,-18,-93,1
-21,-382,-16,-19,-123,34
-7,-353,-54,20,-21,24
21,-361,-34,26,81,-25
20,-324,-65,-22,21,42
-10,-339,-47,-26,23,35
-8,-330,-39,44,-64,19
-11,-331,-67,-36,42,26
31,-306,-28,68,-7,62
-1,-314,-31,-75,6,-68
17,-349,-50,8,25,-60
18,-334,-44,-54,34,-14
-6,-339,-12,51,11,-39
-22,-335,-11,15,-3,52
-24,-359,-46,19,14,30
-8,-314,-43,-27,-17,-55
20,-296,-38,22,4,-30
13,-301,-18,8,72,-16
8,-311,1,9,69,0
10,-268,-33,13,-64,7
13,-293,-12,6,40,5
-4,-317,-5,-72,6,-42
17,-305,-9,1,45,-48
2,-263,11,-47,4,-47
10,-283,-11,70,24,73
2,-264,-1,5,-18,55
-21,-248,-7,8,-53,-37
-15,-264,16,11,-59,-24
21,-248,30,-17,36,11
-5,-258,13,-12,28,7
35,-241,40,-12,25,22
8,-200,60,36,64,84
7,-207,-14,-6,20,-7
-0,-238,12,-13,-23,14
4,-203,-6,4,-49,8
12,-214,15,-75,92,18
-8,-199,26,21,11,-50
14,-188,30,-4,-44,-10
-18,-223,6,-19,-31,-9
-5,-194,41,62,-90,-23
-35,-198,14,-9,44,15
24,-201,49,-81,-30,8
4,-185,23,-14,65,-42
-4,-191,38,-38,-9,-58
34,-168,17,-37,-15,-35
-19,-155,38,-35,-13,-41
-3,-159,61,47,-14,-22
6,-175,69,76,-8,-16
8,-170,42,28,-79,11
-13,-150,37,-8,-29,-43
13,-150,56,7,-45,-44
21,-173,61,13,11,4
-7,-121,28,27,-57,81
-4,-162,34,32,19,52
-12,-113,70,0,-69,58
0,-125,23,25,-25,37
2,-124,60,-72,-5,-55
-21,-131,76,73,19,-34
18,-133,103,-49,47,-22
28,-127,44,70,-24,4
22,-76,70,4,10,71
-21,-113,70,65,-69,35
11,-112,71,-42,-10,-55
16,-131,95,-5,-36,9
-9,-117,87,6,-16,-27
-24,-100,57,22,-58,1
-14,-100,72,-17,4,45
-3,-113,70,-35,41,-38
1,-125,62,-23,-10,-47
-4,-93,37,-5,-5,50
-26,-124,90,68,-12,-10
7,-129,74,-21,10,-10
-3,-98,62,92,-113,13
-5,-98,21,-26,-45,-49
-27,-92,75,5,-8,62
-10,-107,80,21,-15,-73
-30,-79,83,-24,-36,-26
-55,-72,62,-3,43,31
-6,-134,97,-23,-37,-13
5,-118,76,-7,24,44
0,-132,94,38,10,48
-6,-127,79,-7,31,-15
-6,-115,93,-31,55,-131
29,-113,85,-104,13,22
0,-89,71,44,1,-26
8,-87,105,-16,-57,-5
-26,-103,45,-49,65,-0
-9,-88,69,6,29,22
11,-117,48,39,-49,5
22,-90,86,15,-13,8
12,-147,37,-73,27,13
-11,-155,46,-42,-48,-27
27,-118,92,-8,-54,-56
-12,-141,74,16,35,-81
5,-133,64,-49,21,-18
-6,-98,39,46,-44,-4
-26,-163,39,-2,-7,-63
16,-117,44,-48,2,2
11,-143,72,-42,53,22
18,-173,26,-39,-85,64
3,-170,98,14,19,-31
24,-158,-11,-18,-4,-56
-2,-130,31,-24,-17,-25
-44,-135,37,22,-9,10
32,-144,51,-32,-3,-5
22,-167,57,-8,40,3
-44,-169,56,14,3,-16
64,-170,68,-42,75,-33
-15,-178,52,-24,75,-43
5,-214,49,18,-28,-45
5,-202,37,-10,-7,4
-21,-204,46,17,-2,-20
11,-222,34,-50,10,-14
-1,-176,8,-9,-62,-18
-3,-201,39,49,21,60
-52,-164,29,36,27,-1
24,-204,32,6,-14,9
-3,-270,42,36,53,-100
-12,-225,-9,-41,-20,53
9,-226,-3,39,-5,-21
-34,-230,51,38,40,101
3,-245,27,57,-15,79
40,-240,-9,13,36,35
-40,-246,0,-38,21,22
16,-264,-9,3,55,-35
27,-233,-14,-26,46,10
-4,-304,17,59,14,24
14,-266,-9,-6,25,42
16,-288,42,63,-41,16
40,-308,-5,-44,-33,-46
-16,-282,-21,63,-3,-39
6,-265,-1,40,10,-36
13,-270,-3,84,-80,3
22,-287,-31,9,-16,-51
5,-283,-43,-0,9,69
-14,-277,-9,1,-112,-4
-29,-284,2,4,4,-46
-3,-346,-45,-12,-6,-1
2,-323,-23,-26,-2,26
12,-310,-46,-43,99,-12
8,-357,-15,-35,-43,44
52,-310,-40,96,39,-14
2,-326,12,52,-25,49
27,-345,-57,-6,31,-72
14,-368,-35,37,48,-6
1,-285,-15,68,-46,62
-0,-339,-51,-11,-66,-24
10,-358,-39,72,-23,15
-1,-360,-48,-25,50,7
20,-361,-54,39,28,21
7,-386,-79,33,-6,50
29,-390,-40,47,-41,70
-29,-364,-85,-50,1,10
-17,-368,-34,-44,-20,-13
-4,-359,-75,-9,14,-68
-35,-371,-86,4,-32,40
24,-372,-67,39,-15,48
26,-381,-76,-41,22,42
2,-417,-85,34,40,-65
30,-392,-52,0,40,-11
12,-407,-67,11,24,-71
19,-369,-52,-9,-26,30
17,-411,-58,62,35,54
-30,-410,-61,-14,-10,-15
5,-384,-65,112,-66,27
3,-371,-81,11,20,6
33,-375,-49,41,44,17
-9,-426,-102,8,-25,44
-11,-402,-72,25,-15,32
30,-387,-63,1,23,25
21,-390,-107,-44,-12,14
11,-407,-102,-2,66,41
-9,-402,-96,29,-39,56
34,-409,-78,-5,13,33
35,-422,-98,12,30,63
11,-425,-92,39,-49,9
1,-401,-94,-61,-69,38
-29,-392,-67,-35,-14,61
14,-391,-82,67,13,44
13,-369,-73,-29,37,6
3,-400,-82,34,-25,-27
24,-364,-80,-6,-6,-28
-1,-397,-66,-42,-42,20
-3,-407,-72,8,37,46
-55,-410,-88,16,45,24
10,-347,-47,-1,17,-13
12,-387,-80,20,-92,22
-1,-397,-32,64,78,-12
6,-414,-52,41,-41,-19
-1,-404,-62,52,26,58
8,-434,-87,-22,30,-1
12,-389,-81,49,48,6
26,-405,-71,-10,41,7
3,-389,-82,2,27,50
22,-385,-94,-2,93,29
2,-404,-50,36,13,24
12,-378,-81,65,-45,-70
6,-384,-75,-21,-34,14
26,-376,-21,26,33,-43
1,-345,-45,-18,14,-25
0,-366,-55,-92,17,32
24,-348,-58,-58,2,87
-15,-329,-58,-8,4,-3
-17,-337,-77,-33,25,66
-29,-354,-6,6,29,-4
-18,-351,-29,15,-10,71
1,-354,-32,36,32,-91
14,-343,-51,52,22,19
-6,-331,-63,-95,7,-47
-12,-306,-55,-30,15,-59
23,-347,-96,35,-21,-58
2,-337,-26,-35,-20,-30
-8,-326,-24,49,20,-42
-10,-325,-79,44,-69,-51
9,-336,-61,-65,-53,-62
22,-306,8,37,16,27
-14,-326,-15,27,-57,18
17,-297,3,28,75,-16
19,-295,-29,4,14,28
-27,-286,0,38,46,10
-40,-297,3,4,-16,-46
-28,-278,-26,18,-32,33
-26,-273,-24,-6,-21,24
42,-280,-20,-0,-31,-21
-4,-260,-3,-51,44,-28
11,-287,-28,83,21,-58
-24,-297,-18,-70,4,-61
6,-268,9,-2,-0,5
-5,-267,18,-3,25,44
12,-249,-6,-28,55,-0
16,-236,-8,-40,-22,-24
5,-241,-8,-5,32,93
-28,-229,-11,22,-13,72
-23,-211,50,42,-44,-21
-26,-252,10,6,6,-41
-28,-221,18,-61,-20,-12
-28,-222,19,-20,10,-23
-14,-214,34,-30,-34,32
-20,-151,4,36,23,5
-9,-202,19,54,53,0
19,-217,42,-9,56,-39
3,-195,30,-14,5,-1
-13,-193,-9,26,46,72
-0,-171,55,-20,-70,20
10,-180,5,-59,2,-4
1,-183,29,61,-39,-12
18,-162,37,-20,-47,-29
4,-183,71,-82,23,7
-22,-154,56,-9,-34,47
29,-166,33,17,-57,-14
-10,-144,61,8,-24,-66
-3,-169,35,13,-62,24
-2,-147,23,-24,-72,22
-32,-141,29,28,-30,-14
-3,-162,51,22,-59,13
4,-128,54,-3,-53,68
7,-157,31,-25,38,38
0,-140,75,13,-9,-65
-44,-129,76,46,-57,26
-0,-144,14,-52,33,-15
-3,1,-2,-3,6,2
-0,-1,-0,1,0,-5
-1,0,-5,-10,13,3
1,1,1,-4,0,2
3,1,-1,-3,-6,-1
3,0,-3,8,4,-6
1,1,0,8,-1,0
0,-0,0,4,3,2
1,4,2,1,10,7
-3,-1,5,2,1,-5
-1,3,3,-5,9,6
-0,-1,0,2,7,-6
-2,2,-3,-5,4,5
1,2,-0,-2,-8,-11
3,-0,-1,-2,1,5
1,1,-2,-5,-2,-2
-2,-3,-3,0,1,-5
-0,1,-0,5,-4,-1
-1,2,-4,0,2,-0
-3,-0,3,-5,-3,7
-334,25,-526,2262,2024,-3857
-556,746,534,2567,-3091,-1685
-291,365,-129,3465,-244,-2001
423,561,757,4915,2476,1568
735,1115,929,6850,3291,-79
896,1325,1119,9178,-1046,-1370
191,1560,324,11791,2520,-233
1262,2018,639,14567,869,5495
739,770,1088,17376,-4118,-907
1090,2479,1770,20087,143,-3257
1252,2630,1367,22572,1458,2888
1150,2610,1691,24716,-1391,105
1096,4141,1230,26418,-1031,-1949
1750,2734,974,27600,1157,-57
626,4145,821,28204,3910,1305
1184,4571,1761,28204,-1649,-5670
1785,2777,1003,27600,-715,2959
2015,3791,1506,26418,31,-1137
992,2305,1172,24716,-4303,-266
1366,1456,604,22572,844,-467
1335,2179,978,20087,-1495,677
1072,2373,1197,17376,1509,-544
749,1991,1537,14567,2636,3578
407,1088,694,11791,1461,769
782,1710,702,9178,347,-1002
-348,1530,944,6850,3309,-1312
-418,-185,384,4915,1868,-1151
-129,654,94,3465,4263,-1620
767,670,603,2567,1258,-455
-32,704,693,2262,-417,-2087
7,-15,259,-2,1,2
-0,-2,259,-4,1,-1
-7,10,252,-3,-2,-3
-4,4,255,1,0,0
4,-5,253,5,-1,0
-2,4,254,-3,-3,-2
-5,-2,258,1,-2,-1
3,2,257,-0,-4,-0
3,-11,258,-1,1,2
-3,-3,259,-1,-1,-2
-4,-4,249,-0,-3,2
3,7,262,-1,-1,0
2,-3,258,1,-4,-1
3,6,260,-1,-1,-1
-2,-2,259,2,2,3
10,-1,244,1,4,-1
4,-2,254,-2,3,-2
8,-7,268,-1,1,0
-2,-0,256,3,-0,2
-6,7,251,3,3,-3
5,-0,259,-2,-1,6
-5,5,253,-1,0,3
-2,-1,254,5,-0,1
6,-4,254,-1,-4,1
5,-4,255,2,3,2
8,2,260,-1,-2,1
-0,-2,252,-1,1,2
4,1,257,-4,2,2
-4,1,251,1,-3,3
2,-1,253,5,1,4
3,-4,248,-2,2,-1
1,2,257,1,3,-2
4,6,244,-3,0,-3
-1,5,260,0,-5,-1
-0,-4,262,-0,1,-4
-6,8,251,-5,-1,4
4,3,264,-1,0,-1
-0,-5,265,1,-0,-2
4,8,254,2,0,-0
3,5,257,-4,-0,-0
8,-3,249,-1,1,-1
-2,-0,257,-0,4,-4
1,-2,254,1,-3,-2
-2,-5,261,4,0,3
1,1,250,1,2,-2
4,4,260,2,-1,2
-8,-3,264,-2,-2,-1
-1,-1,257,1,-3,-4
12,4,261,0,0,-3
5,2,264,-1,-3,3
-4,3,258,-1,2,3
-6,-6,254,3,1,0
-0,2,265,-1,2,-6
-4,9,263,2,2,-3
2,-3,258,2,3,-1
4,4,251,1,-1,-1
-9,-7,257,3,2,-3
3,3,251,0,-3,3
7,6,259,-1,-1,-2
-12,1,258,4,-1,-0
0,4,262,-2,-0,0
-3,-10,258,-0,1,1
-5,-1,258,-2,-0,2
2,1,257,0,-1,-0
-10,3,264,2,2,2
5,0,253,-3,-1,2
-8,-4,258,1,-1,0
4,5,250,1,-0,1
-5,-1,261,1,1,-3
-2,1,246,3,2,-3
-2,1,250,3,2,-0
5,2,252,-3,1,-1
-0,-4,251,0,-2,2
6,2,258,-1,-1,0
1,2,245,-2,1,1
-3,4,256,-0,-2,3
2,11,259,1,2,0
-10,-11,251,1,-1,5
2,11,242,-1,-1,-2
-3,3,254,1,1,-2
3,-3,255,0,0,4
3,-1,254,-2,-1,-2
7,-3,260,2,-2,-1
-3,-6,253,0,-1,0
-1,-6,252,-1,2,3
8,-1,250,2,0,1
-3,-3,262,2,2,1
-4,7,259,1,-1,2
5,-0,258,-1,-0,4
8,-4,252,-2,0,-4
-4,-6,253,-2,-2,1
-0,7,253,-1,-2,2
-1,7,253,0,0,-1
3,3,253,-1,-4,1
1,10,256,3,0,1
-7,1,256,0,-0,-0
4,1,259,0,-3,1
-4,-6,257,-1,-1,2
7,-5,259,2,-1,3
-5,2,263,4,-1,0
5,-2,255,-0,-2,2
-3,5,252,0,-0,-2
-0,8,254,1,-2,3
10,5,252,2,-3,0
2,0,254,3,-1,-1
-8,3,252,0,-2,-1
-3,1,255,3,0,-2
3,0,264,0,3,0
-4,6,264,-1,3,0
-8,-4,256,-1,-1,0
0,-7,262,-2,-2,-0
7,-7,247,1,0,2
-3,7,260,-2,-2,-1
-3,-3,250,2,1,2
0,5,254,-1,-1,4
0,2,257,-2,1,2
-0,1,265,1,4,1
-4,-2,254,-0,2,-1
-1,-4,256,-2,-2,-2
-1,-2,254,-2,1,1
2,-2,252,-2,-3,-1
-7,-5,251,-1,1,-4
-5,3,265,3,1,-2
-5,6,263,-5,2,-3
9,-3,257,1,-2,-0
0,5,252,-1,2,1
3,-6,264,1,4,-2
10,-4,260,-3,-4,-2
0,5,260,0,-0,3
1,-7,259,2,4,-0
9,-11,255,1,-6,-4
-9,4,250,-4,-1,-0
-2,-4,250,-5,-1,-2
-9,2,255,-2,1,1
-2,2,255,1,1,-1
5,3,254,-2,5,-0
-3,1,255,1,1,3
-1,6,246,1,-2,-2
3,1,254,2,-1,1
-1,-9,257,-1,1,1
19,-7,248,1,-3,2
-2,-1,259,-1,-2,-5
9,7,245,-1,-1,-1
1,-2,255,1,1,1
2,-1,258,2,-0,1
-7,-5,266,-0,2,2
2,4,250,-2,1,2
2,-15,253,-3,2,2
-2,-1,253,0,-0,-2
-1,-3,259,3,-3,-1
-1,0,260,0,4,0
9,-2,261,-2,-0,3
0,-6,257,-2,-1,0
0,-6,262,1,3,-4
3,3,254,-3,-1,0
-4,2,260,-3,1,2
3,-6,261,-1,-1,-1
6,-1,258,-3,2,4
-8,8,258,-4,4,-2
6,1,252,0,-4,1
0,-6,259,-1,1,0
3,-4,260,-1,0,1
-1,2,252,3,-1,6
1,4,255,0,1,1
4,1,244,3,-1,3
-5,-3,263,2,-0,1
4,4,260,-3,1,-1
-3,8,258,-4,1,-1
-3,3,252,-1,1,-2
-4,-7,254,-4,3,1
7,-6,251,-1,1,-3
8,-13,262,3,2,1
-1,3,260,1,-2,3
2,-0,256,-2,-1,0
2,4,255,1,1,0
-2,1,251,-2,2,-0
-2,-2,256,4,-1,-2
0,4,251,1,1,3
4,9,272,0,-3,0
6,4,260,2,4,-2
3,-1,259,-1,-0,-2
9,6,259,3,1,-0
-8,-0,248,0,2,-2
2,-6,263,2,-1,0
4,7,256,1,-0,-0
-7,-6,239,3,-0,1
-6,-2,250,0,-2,1
-10,-6,256,2,0,-1
9,-5,265,3,-4,-0
1,-7,256,0,-1,-3
-6,-2,260,0,1,-1
-1,-4,262,2,-0,1
-10,2,258,1,-0,-1
-4,-8,252,-4,0,-1
-4,-5,259,-2,1,-2
5,1,259,-0,2,8
-4,-1,257,-0,1,1
6,2,252,-0,1,-3
1,3,259,-2,2,-0
7,4,258,-1,1,3
1,7,268,1,2,-1
7,9,256,0,-0,1
2,1,245,-2,-2,2
-16,-1,256,2,-2,-1
-5,1,260,2,1,-1
3,9,246,-2,2,0
4,1,253,2,2,2
2,1,242,-0,1,-0
-6,-0,254,-0,-0,1
-2,5,260,4,0,3
-2,3,254,5,3,1
8,-5,264,-1,0,-0
-3,2,254,3,-2,3
-0,-4,260,3,-1,-2
-9,1,267,-0,1,-2
-10,2,266,2,-1,-2
-12,2,267,-0,0,3
5,-2,258,3,1,1
-5,10,250,1,-1,-0
-5,6,254,-1,-1,1
11,-4,256,-1,1,-1
-5,-5,260,4,3,1
1,-9,261,0,-1,-2
-0,-9,259,-3,7,2
-4,-12,257,-1,-4,-0
-1,0,251,1,-0,-1
3,-2,247,-3,-4,-1
-6,14,246,-1,0,1
-3,12,255,-3,-0,-0
-1,0,248,2,0,1
0,3,254,-2,-1,-1
-5,-2,245,0,1,-3
5,-1,258,-0,-0,3
2,-2,251,0,-5,-1
-10,3,251,-1,-0,-2
1,3,250,-2,-2,-1
1,-7,249,-0,-2,-0
9,-2,263,1,-3,-1
-2,7,250,-1,-2,0
6,-3,259,3,-1,1
-3,5,255,1,-1,1
2,-4,254,-0,1,-1
4,-2,262,2,-1,-4
-6,-3,265,-0,3,2
-3,6,262,-1,-0,1
1,-0,263,3,-0,-1
-7,2,259,1,-2,-1
4,8,253,6,-2,1
-2,-2,255,-3,-2,0
-2,-1,257,-1,-2,-3
3,-7,265,0,-3,3
0,2,261,-3,-3,1
10,2,254,-4,-0,-3
9,-4,256,-3,2,3
-4,1,253,2,3,1
2,-5,253,-0,-2,-0
-0,-2,259,1,-2,-1
3,2,267,-1,3,-1
-0,6,244,3,2,-1
-15,-1,259,0,3,1
-9,11,263,-2,-0,-2
-3,-1,251,0,-2,-4
7,-0,259,1,-2,5
-5,7,262,-0,0,0
-5,2,247,0,2,1
-1,6,259,0,-4,7
-2,0,266,-2,-1,1
-5,4,251,0,-2,4
11,-0,255,-2,-0,3
5,-1,256,-1,2,-0
-2,4,266,-2,2,0
-7,-8,261,3,-2,-1
-4,-1,257,2,-0,1
7,-2,255,5,3,1
1,7,252,-2,0,-3
4,-3,254,-1,-2,1
-9,-3,260,-1,-3,2
3,-3,255,1,3,-4
-2,-5,251,-1,-2,-1
4,2,262,-1,2,-3
-2,-2,258,-0,-2,2
-2,1,249,1,-0,-0
3,-3,256,2,-3,0
-5,-4,258,-0,-1,0
-8,1,259,0,-5,5
-9,-6,252,0,0,-1
5,3,251,3,-3,-2
0,-7,247,0,-5,1
-5,-0,267,-0,-3,-2
3,5,256,-1,0,1
7,1,257,-0,-0,-1
2,4,260,2,-1,-1
-4,6,260,2,1,-0
5,4,254,-0,3,2
5,-3,248,1,-3,1
6,9,257,1,-0,2
5,-6,265,-0,-1,4
3,12,263,-1,-1,-0
7,1,251,-0,1,2
2,-4,266,-0,-0,0
1,7,249,-0,-3,3
4,1,269,-3,2,0
-3,1,255,1,1,-2
-0,2,262,-0,0,2
2,-4,258,-1,-1,1
-10,-6,255,-2,0,2
-4,1,249,-0,-2,4
-1,1,252,-2,0,-2
5,-0,253,-4,-3,4
-1,3,259,-0,2,2
0,-3,255,3,-4,0
-4,7,244,-3,-3,-0
4,-10,251,-2,1,1
-2,-6,266,2,-1,-2
1,1,260,2,1,-2
0,1,245,1,-3,-2
-0,6,255,0,-0,0
-3,-4,253,1,3,-2
-6,-5,241,-0,-1,2
4,1,252,-1,-0,-3
-1,-8,260,4,-2,3
4,2,263,1,-0,-1
-5,-10,254,-1,-1,1
11,-4,249,-1,-2,2
-1,12,254,-1,5,1
5,4,258,2,3,1
-2,4,256,2,-2,-3
-5,-4,256,3,1,1
5,1,257,1,-2,0
-3,5,251,1,3,-1
-7,-9,258,-2,-1,0
3,-2,253,1,1,2
1,-4,265,1,-2,2
-5,-0,250,-0,-2,-2
-6,-1,265,5,1,-1
9,-7,252,5,-3,1
-5,3,248,0,-1,1
7,9,256,-0,2,2
4,2,262,3,0,-2
5,0,265,1,-1,1
3,-5,250,1,1,-1
-0,3,250,0,-1,-0
3,10,262,-3,-2,-2
5,-1,263,-0,1,1
-5,6,258,0,-3,-4
-2,-3,263,-1,-3,-0
2,5,259,-0,1,1
-6,-4,256,1,1,-3
5,-0,254,-4,-0,0
-4,-3,254,-3,-0,1
-1,1,253,0,1,-1
12,3,257,-0,3,3
-11,-1,259,-1,3,-2
-3,6,268,1,-3,-2
-2,-0,251,1,-3,-1
-4,3,255,-0,1,-2
0,2,266,-5,-3,-2
9,9,253,-3,-2,2
-2,8,263,-1,-2,-1
3,12,254,-4,-3,-2
-5,5,259,0,-2,-3
6,-2,260,0,-0,-0
2,3,262,-2,-1,-1
4,0,261,-7,-2,5
-1,-5,255,-0,-3,-0
0,7,262,-3,1,-1
3,15,250,4,0,-1
0,2,258,-1,-3,-1
2,-1,253,-1,3,-3
-5,1,252,1,2,3
-2,-4,259,2,0,-1
12,-2,261,-3,-2,-1
-2,-2,245,-3,-1,-3
-4,-1,255,-2,-1,-5
2,-7,251,-3,1,0
6,1,248,4,-1,0
-6,1,253,2,-1,-1
-5,-3,266,1,-3,2
1,0,261,-1,-2,-1
-4,6,258,3,-1,-0
-2,-1,253,-2,-1,1
3,-3,254,-4,0,-1
-4,6,259,2,0,-1
4,-1,251,5,1,1
5,-1,259,1,0,1
5,2,247,1,-1,-3
8,3,256,-1,0,-3
3,-3,248,-3,-3,2
12,9,254,2,-2,-0
-2,1,256,-1,1,-1
3,3,256,0,1,1
-5,-4,255,1,-1,2
4,-1,259,0,-2,-8
6,-2,256,3,-4,-1
-2,-3,257,1,-3,-1
5,-0,256,-2,-0,2
1,-1,258,0,-1,-1
-4,-1,252,1,-1,1
1,1,253,-0,2,2
-2,-4,259,-3,-2,-5
4,14,251,0,1,-1
-7,1,257,-3,2,3
-1,-4,264,2,-2,1
-3,-3,259,0,1,4
0,-2,255,-1,-1,-3
-1,-3,255,1,-2,2
-2,3,254,-2,-1,1
1,1,258,-2,-5,0
-0,-0,254,-1,-1,-4
-5,-2,258,1,-1,1
5,-4,254,-2,-2,0
-11,10,261,-1,0,-1
1,-2,254,0,1,-0
0,0,254,2,3,1
-9,-1,260,-2,-0,-0
-2,-2,253,0,3,3
2,1,254,3,1,-1
-5,7,257,2,2,3
2,-2,260,2,-2,-3
-2,-2,249,0,1,0
-1,-7,252,2,1,-1
-0,-1,252,-4,-1,-2
1,-1,246,3,-1,-2
-5,10,260,0,-1,2
3,4,255,4,1,0
-8,0,255,1,3,2
-3,1,257,3,-2,3
4,-6,257,-2,-0,-1
12,-7,255,-0,-2,2
7,-1,248,0,-3,-2
-10,1,256,1,2,-3
-7,10,260,3,0,-2
11,5,248,0,0,1
4,-2,249,1,1,-2
1,0,254,1,-4,3
-4,3,256,-1,-2,-0
-6,4,251,0,-2,-2
-2,2,259,0,1,2
3,7,256,1,1,1
-8,-3,255,0,1,2
13,-4,262,-0,5,2
-2,-4,255,-5,-5,-1
-3,-8,254,4,1,0
5,-0,256,2,1,-3
-7,4,262,1,-1,-1
10,1,254,3,-0,-2
-6,-11,257,3,-1,-2
-1,4,241,2,3,-1
-6,-3,260,-4,-2,-1
6,-7,260,2,2,3
1,-7,253,-3,-0,-1
4,-0,255,-2,-4,-0
-10,6,256,-1,3,-0
4,-12,253,3,-1,2
-4,-6,261,-2,0,-3
5,-4,258,4,-1,2
-0,7,255,3,2,-1
4,-2,256,-4,1,-1
1,-1,249,-2,-1,0
-3,4,255,0,3,3
-3,-15,263,4,-2,3
-1,-0,264,3,-3,-1
-10,-2,261,2,1,1
0,-3,258,-1,1,1
1,-2,257,1,2,0
1,-0,262,-1,-2,-0
1,-6,258,-0,-0,-4
-0,-0,254,1,-1,-4
-5,-2,249,3,1,0
-9,0,265,3,-0,-1
-4,3,251,-0,-2,2
0,-0,259,-2,1,-2
3,-0,259,-5,0,1
-2,-4,263,-1,3,-1
12,-7,238,3,1,1
-0,-4,253,-2,2,1
8,-1,261,-1,2,-2
1,-3,252,-1,-1,-2
-2,-1,256,1,-0,1
-2,5,248,-1,3,-0
-8,6,258,-1,1,2
1,-3,260,-3,1,3
9,-10,252,-2,-0,-1
-4,9,260,-1,3,3
1,-1,254,4,-2,-0
-1,3,258,-2,2,-5
-4,4,258,-5,1,1
-10,-0,250,-0,-3,-0
-1,4,256,2,-4,-2
4,-5,252,1,-0,0
-3,-2,256,0,-1,-3
-0,1,257,1,-2,-2
3,-8,252,2,-2,-0
1,-2,258,-0,0,-2
1,-13,254,-4,-1,0
-0,-0,252,1,2,-3
-4,-5,265,-1,1,0
2,-6,250,0,-2,-0
-8,-11,258,-3,0,2
-7,5,257,2,-0,-0
3,-6,255,-2,0,-0
4,-4,253,-3,-2,-0
-1,6,248,-1,-2,-2
-7,-8,260,1,0,1
-9,2,255,-1,-0,1
5,4,255,-2,1,0
-3,3,258,-2,2,3
-1,1,260,-1,-4,0
-7,-8,252,-2,2,3
-6,2,257,-3,-1,3
2,-7,262,1,1,1
-7,-5,251,2,1,3
-3,-4,253,1,0,2
-13,-3,252,1,2,-2
-3,-4,255,-2,1,-0
3,3,254,3,-2,1
5,-2,256,-1,-0,5
4,7,266,-1,-4,4
5,4,251,1,3,1
-9,9,263,5,-0,-0
6,-0,270,0,1,-2
-2,-3,262,1,2,-3
6,4,258,2,-1,0
1,0,250,-1,1,1
4,5,247,-1,2,1
5,0,260,0,-1,-0
1,5,259,-2,-3,2
-7,-6,258,2,2,1
-8,-3,259,1,-1,-0
10,-2,261,-1,1,1
-5,1,260,-5,-2,-4
4,8,260,4,1,3
-5,-3,255,-1,-1,2
-1,-4,246,7,-0,1
-7,-3,258,-1,1,0
6,-6,269,-0,-0,-0
-9,-4,255,0,3,-2
1,-6,259,0,3,-0
-0,-8,255,2,-0,4
-0,8,258,-2,-2,-0
-11,1,261,4,3,1
6,-5,255,-0,2,5
6,0,256,2,1,1
-1,-8,251,-2,-1,0
3,-2,256,3,5,1
2,-0,258,-1,-0,2
-1,-6,266,-2,0,3
-8,1,256,-1,0,-3
-3,-0,266,-1,0,-2
0,1,255,-4,0,0
7,-1,257,-1,1,2
-5,-2,248,-0,-0,1
-3,-9,259,-3,2,2
3,-2,265,-0,1,1
-0,3,257,2,-1,-1
-2,1,255,3,1,2
-5,-7,257,2,1,-5
-1,2,258,2,1,-3
-12,4,250,5,3,1
-0,2,255,4,0,-1
3,-4,252,1,1,2
10,9,262,-2,-2,-4
8,1,257,-1,3,0
12,2,249,-4,3,-0
11,-9,251,-1,1,1
-7,-2,258,-0,-2,-1
7,3,253,-1,0,1
6,-7,264,2,1,2
4,-2,261,1,-1,2
3,0,251,-3,-1,2
-0,-7,260,-0,2,-1
-8,7,261,0,1,1
3,-2,252,-1,2,3
6,-1,253,2,-3,3
-2,6,257,4,0,1
-5,-4,250,-1,2,1
1,-3,260,2,3,-1
3,-1,258,-1,2,-0
-1,-5,263,6,-3,1
-1,8,255,-1,-4,-3
3,-1,245,2,-0,3
4,-5,258,3,-0,0
-5,-13,257,-2,1,-1
-1,-0,259,1,2,-2
-5,3,263,4,0,-3
2,10,260,-2,1,-3
4,-6,255,1,-1,-2
-9,-3,257,-3,3,2
2,5,255,1,-3,-2
4,8,261,4,-1,-1
4,-2,262,-0,-1,2
0,-4,255,-2,-0,1
2,-7,253,-1,3,3
2,2,253,-0,3,-0
3,6,254,-2,2,-0
2,3,251,-0,0,-1
-11,9,255,2,-2,-1
7,1,262,-0,3,-2
-4,4,247,2,-1,-2
-13,-5,250,-2,1,3
7,4,258,-7,-2,1
-3,-8,253,2,-2,0
-3,5,245,-1,-3,2
3,6,250,-0,4,2
-3,-3,259,0,1,3
6,-10,250,-4,0,-1
1,-9,252,-1,2,1
-7,-3,249,-4,-3,-0
-6,1,256,0,-1,1
-2,2,250,2,1,-3
1,6,256,5,1,-1
10,-12,265,1,4,0
-1,1,260,-1,1,-1
-3,2,250,-2,-1,0
6,3,256,-2,-1,1
2,-1,262,1,-4,-1
10,2,259,-2,1,-4
-2,10,259,2,-1,1
-15,5,251,-3,1,-0
-3,-1,257,3,1,-1
1,-2,252,-1,-1,1
7,-4,254,-1,-0,1
-12,1,266,-4,2,-1
4,-3,254,-5,-2,-1
-7,3,258,-0,2,-2
13,-1,259,0,-1,5
-7,4,249,-2,0,-1
-10,2,247,1,0,1
9,6,253,-1,-0,0
-9,4,260,-1,-2,0
6,-5,255,1,-3,3
-2,-7,253,-2,-0,3
-2,11,251,-2,-1,3
1,2,261,1,1,-0
-2,-4,259,-1,1,-1
-4,-0,250,-1,-2,-3
-1,2,254,-2,-0,3
4,3,259,-4,0,1
0,3,254,1,-3,-2
-6,-5,256,-3,-0,1
6,-0,262,-3,0,1
5,1,256,2,-1,-2
-4,-3,254,2,-1,-0
6,5,254,-0,5,5
-4,4,252,1,-2,-1
-8,1,256,3,3,2
1,-1,249,-1,0,0
-1,-0,257,-0,4,-0
3,-2,263,2,5,-0
6,1,256,1,-5,1
-7,-5,256,0,0,2
6,-3,257,0,4,1
-6,-2,250,-3,2,0
-4,-3,251,-2,2,3
1,-2,262,-1,2,1
1,-7,250,2,1,-4
-3,-2,262,0,-3,-1
-8,-4,261,0,4,1
4,-2,256,-1,-2,-1
1,2,256,-2,-3,-1
-6,12,253,-1,-3,0
3,-4,266,1,-1,-2
3,1,259,1,4,3
-1,-3,253,-1,-5,3
5,-3,255,0,2,-7
3,2,254,1,-1,0
2,6,252,2,0,-1
0,2,253,2,0,-2
-1,1,250,-2,-1,4
-3,-1,267,2,3,3
10,-2,256,-0,3,-2
3,-6,257,0,0,0
-2,-4,262,-2,-2,-1
-2,1,260,-1,2,-1
-2,1,254,-3,0,-3
14,-11,254,-3,-1,1
7,6,264,-3,1,-0
-4,8,257,2,-1,-0
-0,7,253,3,-2,-1
-8,-0,252,-0,0,2
2,-2,261,-1,-2,1
-3,0,252,-0,1,-1
-2,5,255,-1,1,-3
-4,2,262,-1,-3,-2
2,4,259,-0,3,-0
1,-10,253,-0,1,-1
5,0,256,2,4,-0
-0,11,254,3,1,0
2,5,259,-0,-0,-2
2,-1,260,2,2,-2
1,-3,255,1,1,1
4,3,252,0,4,2
-0,-1,255,0,0,3
-4,-2,259,-5,-1,-2
-11,8,253,0,2,2
5,1,259,-2,3,2
8,-2,258,0,-2,3
-1,1,252,0,0,3
-4,5,255,-0,-1,-1
-8,10,252,-0,3,1
-5,5,257,-0,1,2
2,5,255,0,-1,3
7,-0,266,-1,3,-1
-0,-1,259,1,3,-3
-8,-2,261,-2,-1,1
-4,-4,252,-1,-3,4
-6,9,259,1,2,0
0,-1,247,-3,2,2
1,-1,258,-1,1,-4
0,0,253,-1,3,-0
1,3,253,3,0,-1
4,-4,256,1,1,-1
-3,2,259,3,-0,-1
2,3,264,4,-1,4
-5,2,261,-2,-2,1
-9,10,252,-3,-1,1
-6,2,266,2,2,-0
