0,-258,-7,1,-5,-9
50,-203,44,-14,24,11
-31,-271,-13,14,-11,-13
-50,-308,-39,4,-17,-16
33,-226,52,-3,-9,-45
46,-207,52,-20,-34,6
-27,-287,-29,-24,-1,3
-44,-297,-28,-26,-21,-20
30,-228,42,-6,-6,16
14,-242,8,2,-29,-25
-65,-309,-43,-10,-2,-20
-23,-264,6,-0,25,21
60,-196,51,18,32,-21
-2,-251,-10,-24,-25,-18
-68,-315,-47,23,-32,9
13,-229,25,-17,23,-34
39,-212,34,-42,-29,-14
-30,-284,-40,30,-33,-8
-35,-282,-50,14,12,-14
37,-196,47,-7,-9,14
5,-226,30,-7,-27,-11
-45,-308,-38,-8,-23,13
-12,-250,-30,8,23,35
73,-205,51,50,13,29
-8,-257,1,-6,-15,-9
-51,-307,-49,11,-19,-5
13,-243,19,33,1,-36
39,-212,36,-9,20,-22
-24,-285,-48,35,-10,14
-45,-278,-44,-8,6,-14
14,-224,45,-10,37,-8
13,-254,41,-2,-3,2
-65,-302,-51,-14,21,-6
-13,-273,-27,-7,-11,-7
43,-212,51,5,-33,4
-17,-262,6,-1,12,17
-38,-300,-44,-15,57,-30
7,-225,11,16,-10,-23
49,-208,52,19,-20,25
-32,-268,-38,5,-8,-7
-49,-285,-35,14,38,24
25,-205,41,27,13,16
52,-237,27,43,8,-6
-56,-303,-31,7,11,-15
-22,-273,-27,-9,28,3
55,-185,56,27,7,20
-1,-252,4,4,52,-22
-60,-305,-62,-16,-10,24
-4,-245,22,-4,32,3
51,-201,57,-27,-9,-11
-26,-276,-36,-27,-35,-1
-42,-294,-65,0,-12,23
27,-238,31,15,-13,-11
54,-242,26,-21,4,3
-37,-281,-59,-7,12,-25
-23,-282,-12,16,6,-31
41,-211,51,7,-37,-17
15,-249,12,-1,-5,22
-34,-288,-52,3,13,-29
-0,-255,3,-7,16,-24
64,-202,60,-13,-26,-1
-6,-274,-18,17,16,24
-42,-317,-49,14,-17,8
21,-239,36,14,8,7
37,-208,50,-25,-17,-38
-25,-296,-49,-9,-4,16
-19,-296,-22,-27,-7,-7
43,-203,38,23,-28,-30
5,-240,13,27,-15,-23
-60,-318,-49,-15,15,20
4,-269,8,1,3,16
53,-197,45,13,-26,1
-24,-265,-2,22,25,-18
-55,-313,-49,-6,32,8
1,-225,11,22,13,-19
36,-237,32,-13,-11,2
-42,-285,-39,14,-21,37
-30,-272,-38,-24,-0,-22
41,-209,46,29,-21,-41
12,-255,23,14,24,9
-66,-300,-42,10,22,-12
-16,-261,1,19,-25,1
65,-204,43,-19,-0,-31
-6,-265,-25,-22,-32,-24
-49,-290,-50,-2,-51,-22
23,-236,13,28,25,-9
37,-208,45,18,-2,-3
-26,-300,-41,15,-51,-4
-27,-307,-47,16,-42,15
59,-226,69,15,1,-12
28,-239,25,13,19,-2
-32,-322,-42,24,17,-3
-22,-258,-28,8,3,-2
36,-222,44,-7,5,-29
5,-260,-5,27,3,-37
-45,-304,-65,-10,3,-3
12,-229,19,-25,11,-15
38,-211,46,-13,-2,20
-29,-278,-35,-5,20,23
-32,-290,-31,37,-12,41
46,-214,67,23,-30,-8
19,-219,24,-27,24,19
-50,-312,-48,13,-20,7
-13,-282,-25,-8,-18,-30
46,-208,57,-4,29,16
-16,-270,15,-5,16,-13
-51,-316,-45,-21,-15,6
10,-243,0,-27,-4,4
51,-217,53,7,5,15
-22,-295,-32,7,-16,12
-45,-287,-29,-36,2,17
39,-218,58,-28,-38,4
16,-226,29,46,25,-12
-49,-299,-53,14,9,-18
-3,-267,-38,-30,-45,-17
50,-224,59,-44,-9,31
8,-245,-2,-13,2,15
-66,-298,-54,27,-0,-6
8,-245,25,-4,-5,17
74,-205,40,-23,-25,26
-15,-263,-37,-16,19,-25
-41,-287,-37,30,-26,6
44,-240,34,-8,36,-18
36,-237,28,-20,-18,-3
-61,-300,-41,-18,13,-27
-29,-271,-35,2,-38,-3
50,-214,35,31,56,10
-7,-231,8,3,4,-22
-30,-305,-40,23,-3,-25
7,-244,-2,-14,-16,10
26,-194,39,-5,-1,-7
-3,-259,-20,-3,6,15
-50,-295,-58,-10,-13,16
42,-231,26,1,28,15
56,-211,36,17,1,-0
-37,-301,-51,10,32,-21
-30,-276,-26,5,-11,21
42,-221,47,17,8,32
11,-251,9,-12,-7,-43
-43,-298,-54,-10,21,-9
-7,-253,1,-15,-12,22
66,-212,60,11,30,-8
1,-261,-18,-21,-3,-30
-42,-297,-34,43,-18,13
28,-224,16,-18,15,-36
38,-214,34,-20,7,-20
-32,-304,-38,24,-10,24
-18,-291,-11,27,16,6
37,-215,22,5,-4,26
16,-230,12,35,-31,-3
-61,-316,-29,-15,-11,-8
1,-242,-6,-11,-9,8
34,-190,48,-19,-6,-18
11,-275,-12,-26,38,4
-48,-297,-46,-27,-10,-3
-4,-244,23,26,-21,-9
53,-221,40,-5,15,-24
-60,-283,-33,-2,24,4
-34,-287,-33,18,-13,12
33,-222,39,-2,6,-23
29,-240,5,31,-15,-27
-55,-321,-54,-12,-34,22
6,-270,-13,14,-5,-2
54,-207,64,14,25,-16
-13,-272,-9,-55,8,3
-42,-300,-32,-12,-11,37
13,-245,24,19,4,6
51,-224,32,52,-4,-27
-43,-286,-45,-7,-22,17
-40,-296,-30,-45,-10,-39
52,-216,50,-11,-3,13
14,-244,37,14,-20,-13
-53,-273,-56,-7,-2,-50
-12,-268,-15,46,7,9
51,-214,57,-47,-35,-4
14,-246,-9,21,19,-28
-46,-312,-52,41,-11,3
17,-222,-0,-35,33,-32
43,-221,40,1,-4,1
-17,-272,-32,-30,7,10
-34,-293,-29,-23,-2,3
29,-225,31,-21,-4,-19
15,-222,34,42,-0,-13
-72,-300,-44,-3,1,-26
-5,-268,-18,1,-2,5
47,-202,49,16,11,-11
20,-248,10,10,29,-11
-59,-295,-47,31,13,-25
18,-231,-11,-14,20,-11
60,-208,47,4,5,5
-17,-266,-15,29,-27,-3
-33,-292,-47,34,-8,22
27,-222,31,25,3,-10
34,-216,32,-6,-22,-28
-41,-272,-55,-17,5,-10
-22,-285,-17,10,18,-27
63,-201,54,-15,-0,-1
11,-239,26,12,12,14
-46,-297,-41,11,-6,18
2,-241,-8,-9,17,-2
51,-201,44,-13,-19,-3
-26,-274,-26,12,-5,25
-41,-298,-41,21,-15,14
23,-242,14,28,-6,6
35,-233,19,2,-0,5
-28,-288,-35,-14,9,-32
-23,-293,-16,30,30,7
50,-211,44,-18,9,-26
12,-238,17,-32,-1,6
-51,-306,-57,-23,-4,24
5,-255,-12,50,25,31
54,-209,50,28,2,1
-6,-266,-25,-8,-8,-21
-47,-307,-33,30,-4,17
6,-227,28,10,-29,1
40,-216,41,10,17,-17
-42,-290,-23,7,14,0
-34,-293,-32,-7,8,27
53,-223,53,-26,-22,20
11,-252,14,13,-9,-12
-42,-295,-48,-8,1,27
-7,-255,-1,-13,-25,-4
55,-229,38,5,24,15
-11,-274,-8,-20,-13,-1
-62,-291,-37,18,-15,6
19,-237,28,5,14,-47
27,-210,33,2,-15,5
-22,-290,-20,-7,25,6
-40,-297,-7,-8,-26,14
53,-234,46,41,-26,11
44,-221,25,-46,-36,12
-70,-304,-44,-14,2,-23
-13,-255,-5,-62,4,-16
61,-201,53,15,4,15
1,-251,-22,-7,11,3
-40,-311,-51,11,-11,32
1,-243,24,11,14,14
43,-208,55,20,20,-33
-19,-297,-41,7,21,-6
-40,-269,-32,-15,26,-6
37,-226,39,16,3,21
29,-259,12,41,35,3
-44,-311,-37,24,14,3
-22,-259,-28,-28,-12,17
59,-203,64,-38,19,-4
-9,-250,-9,10,20,-52
-46,-296,-34,-7,-25,-2
-3,-240,21,26,16,-1
24,-217,62,7,12,-9
-44,-286,-23,-16,-1,-9
-31,-298,-39,17,27,13
55,-234,44,9,49,3
35,-239,21,-12,5,5
-42,-307,-56,-10,15,9
-5,-272,-6,-4,32,13
40,-210,43,8,-8,8
15,-271,-4,-29,-24,-2
-35,-284,-58,-3,27,-42
-4,-256,-7,-12,12,1
44,-212,43,-11,-20,16
-19,-279,-5,18,-16,12
-44,-311,-27,17,-30,-1
22,-230,27,6,-43,33
32,-221,27,11,-12,-33
-42,-302,-45,27,21,-40
2,-285,-26,35,28,31
37,-226,46,0,-26,32
-11,-232,13,-5,4,30
-53,-296,-57,18,-6,15
10,-240,20,-36,-20,-16
58,-205,49,-18,-4,4
-18,-274,-11,5,-1,-22
-34,-289,-31,4,25,7
33,-205,49,-32,-28,10
31,-210,13,-2,-39,-33
-17,-306,-36,8,-1,20
-17,-280,-31,-43,36,16
49,-202,70,-28,17,12
9,-257,10,-11,41,22
-65,-293,-42,-10,-36,15
-1,-270,0,-23,10,1
47,-210,35,-6,-39,-20
-5,-276,-11,-0,-14,5
-64,-291,-49,24,-9,-45
29,-228,28,-5,-7,-4
44,-221,26,-3,20,3
-27,-284,-29,13,16,-7
-20,-276,-24,34,6,4
51,-209,50,17,-2,22
29,-238,6,18,5,2
-36,-293,-46,10,29,9
-14,-282,16,23,-16,-33
44,-188,41,-20,28,-16
-23,-274,-13,-13,-49,32
-44,-315,-62,10,-18,-19
21,-231,8,-10,-9,1
47,-222,27,3,-19,3
-23,-303,-22,-10,-22,-3
-21,-292,-37,12,-36,41
53,-217,54,25,50,9
10,-222,24,27,27,-1
-32,-288,-41,-10,2,36
-3,-278,4,4,10,35
37,-225,73,9,-19,-12
-19,-277,-3,-23,30,19
-55,-293,-33,-1,12,11
8,-243,12,-36,8,-47
52,-204,32,-9,-18,-26
-21,-275,-41,4,-36,-13
-27,-307,-41,-15,-16,1
31,-209,39,-0,39,-12
15,-249,31,-13,29,-36
-33,-293,-59,27,-9,-13
-7,-267,-18,2,-5,-31
49,-192,53,27,10,22
10,-253,5,6,1,-18
-52,-313,-70,-22,-34,2
12,-239,2,-17,19,-31
44,-199,30,-5,14,-12
-30,-282,-24,-3,-14,-20
-34,-301,-45,-2,-21,15
31,-228,37,-37,-10,-1
34,-239,27,37,33,5
-44,-304,-39,6,48,5
-1,-292,-3,-7,9,-7
35,-204,40,3,3,4
1,-238,12,21,2,10
-65,-306,-40,36,-6,-11
9,-255,7,2,-13,19
51,-221,47,-29,29,1
-36,-274,-5,2,29,6
-46,-291,-42,-4,-36,20
33,-220,41,6,-21,19
24,-219,41,-12,18,-25
-33,-309,-45,0,-2,26
-35,-281,-33,-20,-40,-12
54,-227,35,13,30,5
8,-256,10,-18,-4,9
-53,-334,-35,9,-7,-11
1,-254,15,28,-13,19
51,-212,35,-31,-38,25
-24,-270,-6,7,-33,14
-42,-281,-34,-0,-3,15
24,-220,25,10,-28,-3
48,-212,40,13,9,-28
-37,-294,-43,4,-1,17
-35,-299,-19,-6,7,4
40,-211,57,-3,18,10
10,-256,6,-7,-4,14
-43,-317,-61,-16,-11,2
11,-231,10,-0,-18,-18
50,-207,50,-14,8,-28
-27,-276,-26,27,-13,-30
-55,-307,-41,-19,-30,-0
41,-240,19,-6,-7,13
27,-229,34,4,10,6
-47,-277,-24,-38,15,-29
-31,-280,-32,8,7,2
40,-220,31,25,-7,2
12,-243,15,-6,-28,-12
-49,-305,-55,6,6,-26
-6,-242,-11,12,5,-27
56,-200,50,-23,20,6
-10,-269,-5,-23,-4,-26
-38,-315,-38,12,4,-13
22,-249,16,1,-12,-9
46,-220,36,37,13,3
-27,-306,-39,-4,28,6
-21,-270,-22,6,-29,14
49,-219,57,-32,3,-11
26,-252,12,-14,38,-6
-54,-322,-54,-20,28,9
2,-269,-9,23,20,9
57,-225,51,-2,41,-3
14,-257,-12,-34,-23,-17
-57,-302,-35,-34,-19,13
25,-232,16,2,14,13
45,-218,26,13,-34,-8
-22,-282,-27,-26,9,9
-21,-283,-32,23,34,-6
38,-219,52,20,-8,19
11,-232,35,18,9,15
-57,-306,-26,-12,-21,-3
-12,-264,8,-13,7,-15
42,-193,51,-5,8,-2
-7,-266,-8,40,-10,27
-45,-306,-37,22,23,-8
-0,-228,10,-9,12,-7
53,-209,49,4,2,31
-36,-286,-18,10,1,-5
-43,-304,-23,-26,-3,-19
9,-233,44,-14,29,2
23,-226,38,35,-7,15
-56,-306,-37,41,13,-10
-14,-269,-12,1,-25,29
56,-227,39,4,10,-7
-7,-268,7,15,-41,-0
-42,-311,-29,-50,7,15
-17,-228,3,-35,1,43
66,-197,47,7,-22,6
-4,-288,-23,-43,-10,-22
-47,-312,-53,-19,-36,20
58,-225,39,21,31,35
35,-221,25,-11,17,-36
-33,-289,-34,-46,-13,14
-24,-272,-12,12,-2,19
34,-214,49,-5,3,4
4,-247,-0,31,5,-31
-42,-308,-59,-21,30,-8
5,-243,23,-12,1,1
45,-203,47,2,-30,66
-24,-251,-27,-22,-3,27
-58,-309,-34,-25,-10,7
37,-225,19,-8,13,-18
32,-219,35,28,-30,12
-47,-295,-39,-7,3,13
-30,-288,-35,22,24,32
65,-215,34,-15,5,9
20,-238,14,1,-18,-32
-36,-306,-57,-16,-8,-2
-13,-239,0,-7,-5,27
52,-211,50,-3,-33,13
-21,-250,-31,36,9,23
-62,-295,-21,-18,21,-0
26,-240,28,-27,-12,36
24,-216,48,6,-12,39
-35,-292,-37,3,-0,-1
-23,-282,-44,15,25,31
54,-211,43,0,-31,-17
39,-231,15,-3,-2,-40
-47,-293,-58,10,8,-39
-6,-259,12,22,24,-16
38,-225,54,-19,2,-0
0,-279,-5,22,15,5
-56,-296,-44,33,-14,-23
20,-233,0,13,25,-16
34,-212,41,0,-0,-23
-28,-304,-18,-12,23,-4
-28,-305,-27,-9,3,25
39,-206,29,-18,-12,8
27,-231,21,19,1,8
-45,-307,-49,-2,0,-10
-4,-282,-22,30,-15,-32
37,-223,54,14,-25,-11
11,-265,-21,5,20,10
-61,-309,-46,-10,-8,29
16,-247,17,8,-2,1
64,-209,48,3,14,22
-30,-287,-26,10,-3,2
-24,-283,-26,23,-25,8
51,-212,37,16,-23,22
24,-221,21,-33,48,3
-41,-314,-38,-19,27,-14
-5,-257,-12,-8,0,-30
39,-203,58,3,-5,-32
-2,-254,6,8,-16,-17
-52,-312,-50,18,2,14
-2,-235,4,-47,21,-4
66,-220,49,27,-16,30
-23,-290,-22,-16,-57,-15
-43,-297,-31,-18,16,34
24,-230,20,18,5,16
15,-228,25,18,29,1
-50,-299,-49,-5,-23,51
-30,-274,3,10,17,-57
41,-184,35,-17,-7,13
-24,-257,12,35,46,10
-32,-303,-32,-12,21,-7
-1,-231,13,-7,22,15
52,-201,40,-13,20,-15
-17,-275,-23,25,28,-1
-54,-309,-38,3,8,3
23,-226,30,-32,10,12
13,-240,27,-32,11,1
-42,-303,-40,19,7,5
-11,-297,-28,15,-25,-24
60,-217,55,-1,21,-9
12,-246,15,25,45,-2
-44,-299,-55,25,12,4
-23,-263,-5,3,5,6
47,-236,58,22,-15,-7
-27,-273,-41,5,2,24
-45,-296,-37,10,30,4
38,-215,22,18,-7,-11
38,-215,32,-1,-46,-26
-39,-289,-41,-21,-2,24
-32,-284,-29,-23,19,27
44,-214,58,-24,-17,-33
19,-245,6,2,16,32
-35,-321,-48,-11,19,39
3,-246,0,14,13,5
38,-212,66,-8,6,-12
-16,-279,-39,15,63,-16
-35,-297,-42,17,-2,13
29,-234,30,-8,-31,1
48,-231,29,52,-9,-35
-33,-297,-37,-29,-4,5
-30,-289,-15,-24,-24,-8
42,-197,48,-4,-11,7
16,-223,2,-42,19,3
-62,-295,-37,24,-4,32
-7,-278,-14,25,12,-51
52,-201,43,-15,-2,-4
-9,-268,-23,-49,-16,3
-41,-311,-28,4,-19,-7
22,-237,34,21,15,21
31,-207,56,2,15,-2
-28,-279,-37,18,26,21
-32,-279,-21,6,29,-2
30,-217,25,-1,26,-30
5,-239,25,17,-12,12
-47,-296,-39,-13,-1,-1
4,-257,-9,3,12,-4
56,-197,61,5,17,6
-6,-263,-8,8,-14,4
-64,-313,-52,0,9,5
31,-222,24,11,2,-6
48,-217,36,-11,3,-3
-28,-290,-39,-17,22,-5
-29,-301,-36,-20,-9,19
34,-209,39,10,-22,23
18,-238,36,-25,-12,17
-20,-306,-30,-1,10,8
-5,-279,-24,6,15,-24
33,-229,59,-20,5,-21
-6,-256,3,29,8,-5
-40,-303,-51,-5,-11,11
12,-238,17,-2,6,-27
45,-212,42,-6,20,1
-32,-280,-30,-8,20,31
-46,-300,-36,41,-1,44
27,-208,42,-18,0,21
15,-243,20,-6,14,35
-42,-319,-55,7,4,-10
-1,-296,-16,-18,18,-3
34,-219,65,8,-3,-20
14,-259,17,-18,-11,9
-49,-314,-39,-21,16,15
9,-234,0,-13,-18,11
45,-198,45,43,7,-5
-15,-283,-11,6,9,-7
-34,-303,-58,-2,-7,-9
18,-231,38,39,-26,-23
46,-228,35,-7,-7,-25
-66,-286,-36,-0,7,35
-14,-279,-33,-8,22,17
52,-210,44,-15,-7,24
7,-225,23,-19,4,-8
-71,-312,-57,-4,6,-22
-2,-251,-13,10,-14,-6
28,-200,40,3,31,-11
-27,-267,-20,4,3,3
-45,-305,-45,-33,18,-19
32,-225,24,-44,-4,-51
29,-200,33,3,6,-15
-42,-293,-29,-7,33,42
-31,-285,-33,-13,14,25
55,-207,46,-12,-14,5
16,-242,11,-24,-21,-24
-51,-317,-65,22,-31,-7
10,-256,-9,-0,3,67
39,-205,40,1,-35,-13
-15,-270,-17,-9,-13,-6
-42,-309,-53,-9,0,31
30,-220,27,-8,39,53
21,-228,27,-19,17,-28
-30,-296,-54,-13,16,3
-11,-282,-12,11,-7,36
47,-205,50,42,18,-5
24,-230,22,13,-18,26
-28,-316,-52,-3,12,14
3,-265,3,-12,35,4
55,-208,52,-5,-9,-20
-12,-263,-5,16,30,22
-59,-291,-54,-5,4,-5
22,-236,25,30,28,12
42,-220,62,14,26,-1
-37,-290,-27,30,8,6
-38,-295,-12,13,48,-10
49,-211,45,4,-60,-16
32,-233,29,3,-12,38
-47,-303,-50,23,-16,-28
-21,-256,4,-21,-40,13
39,-196,50,-12,-14,14
-30,-274,-11,20,-21,21
-45,-299,-30,2,-9,-14
17,-246,8,10,10,-5
51,-226,33,18,25,9
-34,-288,-35,-16,-14,-47
-50,-283,-25,2,4,-20
36,-217,48,-1,28,-14
23,-226,23,7,-27,28
-33,-316,-60,-3,4,-32
-18,-271,-24,-1,-32,-27
50,-218,36,-7,-2,-28
4,-269,-8,18,4,17
-66,-301,-39,-24,11,15
1,-245,22,7,15,-17
44,-216,48,-35,34,-25
-20,-287,-15,-7,-13,8
-28,-292,-40,35,3,4
47,-215,49,5,-10,-47
36,-238,41,-32,11,-8
-65,-294,-54,2,-5,-20
-3,-262,-20,-27,-25,-28
37,-193,45,6,-21,-15
-3,-228,1,-16,-18,46
-48,-309,-49,9,-5,17
17,-260,7,0,-19,-8
42,-209,51,23,-1,-37
-24,-278,-23,2,-1,-3
-31,-309,-46,-15,7,-35
30,-219,39,9,-7,46
30,-213,52,-13,-8,8
-47,-294,-57,-14,3,-11
-28,-283,-15,9,-10,-24
56,-210,44,-26,-19,-30
17,-263,40,12,-12,-49
-57,-293,-38,-12,4,39
7,-271,2,12,-8,1
67,-214,33,11,13,-46
-41,-285,-12,12,32,5
-40,-298,-53,8,-13,-38
35,-224,17,-19,13,-41
28,-207,27,14,2,-2
-30,-291,-30,-13,-36,21
-32,-287,-22,-12,3,-13
29,-200,35,2,10,6
2,-242,5,12,-20,7
-48,-309,-44,-15,-7,-21
-17,-257,-2,-1,-12,3
56,-222,37,-24,-14,1
-17,-261,-36,-38,-21,21
-45,-313,-48,-8,41,-37
37,-244,8,14,8,2
48,-207,31,-12,-3,-10
-40,-277,-47,-9,-37,-37
-49,-292,-51,-14,16,2
52,-222,63,10,10,25
9,-246,5,14,-6,-20
-38,-311,-31,-49,6,23
-12,-246,2,7,-19,11
41,-214,58,-1,-27,10
-8,-268,-4,-0,14,-9
-65,-297,-46,-27,5,38
17,-221,26,14,9,34
50,-207,52,1,0,-17
-33,-275,-34,4,-45,27
-26,-293,-22,60,15,-11
37,-221,47,-8,-27,-0
25,-248,30,14,30,12
-40,-309,-59,-10,16,11
-8,-263,2,-0,-6,-30
50,-209,45,31,3,2
-5,-260,-1,2,23,-19
-56,-304,-55,-8,-0,-10
35,-226,18,-24,-18,12
17,-216,45,15,-6,-17
-49,-290,-23,15,-38,7
-48,-285,-33,8,-8,-22
20,-217,38,-1,8,-26
26,-242,38,-4,-11,39
-49,-303,-45,2,-18,-15
2,-254,10,-23,-16,-3
71,-193,53,-11,13,-0
-4,-254,-2,17,-35,4
-38,-305,-31,1,17,10
4,-227,13,-26,4,14
22,-205,41,6,14,-8
-20,-287,-17,-26,-33,13
-35,-297,-39,-4,1,-10
31,-229,41,32,-10,-39
27,-242,32,15,8,33
-53,-289,-50,20,25,-7
4,-280,-0,-18,-29,-16
59,-218,70,-18,1,9
-11,-243,7,32,9,43
-36,-289,-50,7,-23,3
-2,-236,14,35,-6,-8
55,-196,40,13,11,-12
-28,-302,-25,10,13,-6
-46,-304,-19,-29,4,-7
18,-222,44,7,54,26
37,-216,38,-0,-1,3
-27,-311,-39,2,6,13
-22,-279,-18,-2,10,-9
51,-212,63,-26,-5,23
-6,-255,13,11,9,-11
-49,-312,-50,-11,21,13
12,-240,5,-31,-6,-31
67,-205,63,-13,20,3
-26,-273,-26,-18,27,42
-52,-285,-44,0,31,-16
31,-201,26,18,15,-26
31,-210,25,-17,-13,-1
-45,-278,-28,-15,-53,-16
-29,-282,-11,27,14,12
47,-210,55,1,11,10
28,-244,13,22,29,5
-50,-317,-49,10,-29,-15
8,-257,10,5,-15,-9
50,-194,46,15,10,30
-31,-271,-12,5,-12,-10
-23,-304,-52,-25,-31,-1
12,-220,14,17,-10,-26
27,-234,35,1,13,-13
-31,-300,-52,27,-2,40
-21,-291,-23,7,15,38
40,-200,61,-1,5,10
19,-238,7,2,-0,-13
-48,-305,-54,7,13,15
3,-255,-2,2,27,13
45,-191,68,-7,-13,13
-12,-261,-14,4,11,10
-43,-307,-62,-12,-6,-5
20,-248,10,27,-18,-8
42,-208,34,-44,-1,14
-12,-300,-19,13,-13,-24
-37,-282,-29,4,-8,-31
48,-240,32,-23,15,14
9,-232,3,7,20,15
-52,-309,-59,38,10,15
-13,-265,-6,35,5,9
44,-205,62,12,3,12
3,-263,-33,37,13,8
-58,-297,-19,-10,-15,11
13,-249,24,1,-21,-21
40,-228,54,16,18,-21
-41,-284,-57,-29,-47,-12
-21,-295,-48,19,28,-26
33,-242,37,-19,33,-3
19,-246,7,4,-25,13
-44,-289,-45,20,16,8
-12,-279,-12,-6,-20,-7
48,-223,57,-26,-37,13
3,-256,-13,-11,-3,16
-50,-324,-58,22,29,-3
14,-255,19,-12,34,18
47,-209,54,14,7,-30
-39,-279,-12,-24,-30,-14
-39,-280,-49,24,33,-13
25,-208,51,2,-3,-18
19,-244,25,-43,-23,-36
-51,-298,-49,-5,-5,-13
-8,-279,-18,19,4,-19
50,-226,48,5,50,11
6,-257,5,-13,-20,12
-54,-299,-53,18,-21,3
-2,-243,2,-11,11,26
56,-207,29,16,-28,2
-23,-274,-9,-11,34,-6
-50,-324,-25,-10,-8,7
37,-215,42,3,11,-4
30,-218,45,-5,-25,-25
-36,-288,-29,-19,-22,-9
-26,-257,-30,1,-8,-32
53,-223,39,0,-10,6
-2,-252,15,18,12,-3
-44,-290,-48,-47,26,-21
26,-237,1,19,-36,-9
48,-209,53,3,18,-20
-16,-289,-13,33,-26,-48
-37,-301,-42,-8,8,-7
19,-239,68,-17,-23,16
47,-223,27,21,30,10
-36,-301,-42,-29,-7,15
-32,-295,-25,22,-12,-4
50,-206,34,32,30,9
14,-238,6,4,-24,3
-47,-321,-50,3,-15,-4
-6,-262,1,14,-10,-29
57,-198,69,26,11,11
-27,-279,-23,22,-3,2
-50,-301,-38,21,-10,-10
7,-216,10,18,-9,8
33,-231,30,38,-10,1
-24,-274,-44,-12,-17,-36
-42,-276,-39,-2,34,-18
42,-206,65,-16,-20,-22
22,-240,1,1,13,-4
-65,-316,-50,-4,-12,26
-3,-261,12,3,14,-18
46,-204,45,-4,5,5
-3,-255,-28,6,2,-8
-52,-304,-50,28,2,-19
18,-233,21,14,-12,22
25,-211,23,-12,-37,14
-37,-299,-24,-35,21,36
-39,-288,-11,-20,16,2
42,-226,51,-31,11,-7
51,-216,25,1,-11,1
-34,-308,-55,10,-13,-18
5,-245,9,17,14,-0
60,-198,52,-17,-6,0
-11,-260,-18,23,25,-5
-44,-295,-46,16,-14,1
7,-236,9,10,-24,-0
51,-214,39,20,-2,21
-39,-278,-30,4,-16,0
-24,-280,-42,-24,16,-5
21,-207,51,-36,37,-13
6,-237,-1,-2,17,-11
-41,-299,-51,19,5,-12
-13,-263,-5,6,-15,1
72,-218,56,1,-41,12
12,-257,-10,-3,21,1
-26,-307,-42,15,17,-24
18,-237,11,4,25,-10
35,-203,46,-11,-1,10
-41,-273,-26,15,-27,11
-37,-296,-51,-7,-1,5
45,-226,33,-7,43,4
35,-226,14,4,7,-2
-44,-300,-31,-17,18,9
-22,-264,-2,27,48,27
49,-212,49,1,-9,9
-2,-258,20,-38,27,-1
-53,-303,-41,-26,13,-24
36,-245,-11,24,-4,-18
35,-216,53,7,9,-20
-28,-282,-14,30,24,-11
-43,-298,-24,33,3,8
19,-239,43,-8,-1,12
25,-211,17,5,0,5
-48,-311,-37,-29,9,17
-28,-300,-25,14,-3,5
37,-203,47,47,-16,-0
4,-242,9,-2,27,-5
-43,-313,-63,7,-13,-24
4,-256,1,-29,13,44
62,-205,33,22,-19,8
-10,-278,-11,-0,-31,-8
-43,-293,-52,12,12,-3
26,-219,38,7,-7,-10
62,-218,35,5,-22,-4
-33,-287,-20,-49,-15,-3
-24,-292,-6,-13,-19,22
55,-211,51,34,20,18
19,-256,14,-27,-12,-32
-50,-319,-42,16,-21,-4
-3,-259,-22,-21,-45,-1
26,-201,73,-2,-8,6
-16,-269,-14,-20,-6,17
-64,-310,-40,-12,-2,15
40,-206,19,40,-3,16
46,-218,32,-3,12,14
-34,-285,-20,12,3,21
-28,-269,-11,-17,-25,-6
67,-213,52,29,-13,19
9,-255,18,-10,-19,-12
-47,-292,-54,31,-8,37
-9,-260,11,17,-15,9
64,-216,44,-16,-11,-7
-18,-293,-3,1,44,-18
-55,-302,-44,9,-6,-11
20,-239,13,19,-20,-16
45,-226,36,-28,15,-17
-16,-283,-37,7,-23,32
-12,-280,-26,37,-13,-20
55,-212,45,30,0,-38
10,-232,13,22,-4,-5
-61,-311,-46,-16,-4,-22
-17,-255,-3,-8,5,-7
41,-212,39,-18,-15,-11
-3,-267,5,-21,22,-13
-44,-308,-33,20,8,10
24,-219,23,19,10,17
32,-228,65,15,0,-5
-5,-274,-39,3,-31,23
-44,-288,-35,-17,-21,2
57,-223,34,6,12,-8
19,-222,32,11,-32,-19
-59,-310,-43,20,-17,-24
-14,-258,-2,16,3,-29
48,-209,48,-7,-16,16
6,-269,-1,-4,15,7
-47,-310,-43,-7,10,-19
1,-233,6,9,22,-11
53,-217,40,7,7,-4
-27,-279,-40,12,29,-13
-37,-301,-36,-0,0,17
36,-227,22,26,-4,9
27,-230,22,28,33,-2
-36,-301,-35,16,-20,3
-21,-284,-22,11,-39,34
67,-216,57,10,4,-50
-8,-260,8,-2,22,29
-56,-297,-42,-16,13,4
15,-235,14,21,13,-22
52,-216,48,0,19,-22
-32,-278,-16,-7,-27,-15
-30,-290,-40,10,25,3
59,-234,41,-42,-8,25
38,-223,31,-18,-17,7
-50,-311,-54,-5,0,12
-34,-260,-19,-23,-0,16
60,-235,58,-3,-1,-9
-6,-233,-2,-2,9,4
-51,-283,-60,-20,20,-5
16,-242,-18,-13,-8,15
58,-210,43,8,13,-10
-33,-282,-32,22,15,-23
-32,-305,-40,-22,-39,11
53,-204,35,-12,-19,16
33,-240,32,11,-16,7
-33,-294,-39,27,-2,4
-15,-288,-28,-4,-0,-18
56,-193,51,10,3,-33
12,-254,15,0,28,-12
-50,-308,-47,10,-15,-8
5,-252,12,12,-6,-15
50,-193,57,-17,-3,-6
-11,-256,-12,5,27,1
-19,-294,-49,20,0,9
30,-230,17,-33,-11,11
31,-214,29,10,23,-28
-53,-289,-46,-0,-30,-4
-16,-285,-26,10,25,1
50,-211,34,5,14,9
34,-235,18,-9,19,-17
-50,-321,-37,-31,15,1
11,-267,1,-14,-4,28
40,-210,45,-14,-2,-8
-8,-261,-8,-12,4,13
-59,-297,-44,-22,-18,-1
19,-232,48,-7,-2,-7
43,-208,41,-27,-19,8
-45,-295,-39,8,-6,8
-46,-294,-30,-34,18,24
42,-207,37,0,-13,-19
19,-233,1,8,17,40
-48,-319,-70,-6,9,15
-5,-251,-23,9,-2,20
48,-214,44,18,8,16
-10,-283,-7,-45,7,-7
-51,-304,-35,-12,-14,17
-3,-246,1,25,-6,1
41,-222,34,-14,-2,-32
-14,-291,-25,8,7,49
-48,-303,-29,-14,27,-18
36,-219,26,-38,13,12
42,-237,18,25,-1,-10
-38,-309,-50,2,-2,34
-2,-277,-19,-11,15,13
37,-213,63,-2,21,19
4,-267,25,-1,1,37
-52,-317,-41,-7,19,-28
23,-255,16,21,9,-29
51,-209,50,-3,-7,12
-23,-297,-7,-18,-4,35
-29,-270,-23,-1,18,-33
31,-217,36,3,10,-11
10,-238,45,1,3,-12
-35,-316,-46,-54,-3,22
-22,-264,-2,-11,9,-14
50,-193,46,-38,6,14
-1,-245,0,13,-1,24
-51,-309,-39,-55,2,26
18,-242,14,1,22,-8
54,-223,37,11,-2,36
-15,-294,-31,-3,6,-37
-41,-284,-44,8,-13,12
29,-228,33,-17,21,-15
22,-245,26,17,-32,21
-55,-300,-47,-29,-4,6
-22,-281,-20,7,-30,-3
42,-210,50,-11,-3,-6
27,-250,-22,-14,-36,21
-53,-295,-65,9,-37,-17
-1,-250,1,-18,4,-12
53,-215,57,20,4,38
-24,-285,-23,1,-12,3
-35,-304,-37,-24,-16,-22
26,-217,36,-18,-16,-6
23,-214,36,19,-14,-30
-47,-298,-48,-15,-16,-13
-7,-283,-3,13,-8,-43
29,-221,46,-4,-19,-37
22,-252,7,-8,-15,-20
-47,-312,-43,10,-32,27
18,-278,5,26,43,-29
63,-186,43,-29,-12,25
-22,-266,-15,-3,-38,-26
-40,-303,-37,18,22,-7
31,-248,38,3,-19,9
39,-222,33,-1,16,8
-37,-289,-41,32,1,6
-27,-276,-24,-48,-26,-9
39,-208,52,42,27,8
2,-231,12,-13,64,14
-32,-298,-46,-19,-15,-29
-3,-253,1,-11,-16,10
59,-221,49,5,16,-22
2,-278,-4,1,16,13
-41,-303,-38,-22,-44,-34
26,-239,23,30,19,-14
45,-224,50,10,-35,18
-35,-285,-33,3,-6,8
-33,-295,-36,1,-16,-29
42,-203,53,6,-10,-14
17,-228,18,-27,55,41
-37,-307,-50,-7,-20,-35
1,-281,-4,37,-5,25
59,-194,65,2,-14,-17
-5,-266,12,-36,16,-39
-36,-302,-50,31,-3,-20
26,-232,32,8,-15,-17
49,-218,65,6,10,13
-28,-282,-42,11,2,2
-30,-299,-33,-9,-39,3
45,-216,37,-15,-4,1
20,-218,10,-4,-6,9
-50,-292,-40,-4,-36,-30
-8,-266,-12,39,13,20
46,-204,56,10,-47,-1
-23,-248,6,-1,37,28
-49,-314,-30,23,2,-14
11,-248,6,-1,-24,14
32,-208,23,-5,15,-41
-18,-279,-47,-20,18,30
-38,-291,-47,-17,-29,10
43,-219,25,-11,4,2
12,-225,38,-1,49,23
-33,-292,-40,12,37,27
-25,-288,-17,31,23,-30
51,-223,44,27,-20,-0
0,-265,4,17,-35,-0
-41,-300,-51,22,15,1
14,-246,27,45,-24,3
35,-208,46,15,-20,20
-6,-299,-29,2,22,-7
-53,-296,-42,-30,18,-15
28,-213,38,2,18,-17
28,-234,33,-12,11,-20
-50,-302,-48,-7,3,-13
-29,-276,-14,12,-58,2
41,-222,45,-20,-6,-45
7,-239,6,-5,7,-22
-65,-309,-52,-33,3,9
0,-248,12,9,-11,15
55,-187,55,-30,22,-38
-14,-299,-24,-1,1,-13
-31,-300,-34,20,-27,0
38,-225,27,3,16,-17
51,-225,48,-4,-2,19
-19,-312,-74,-7,5,-13
-5,-286,-9,2,-30,-18
47,-215,48,-12,26,31
-15,-220,7,28,29,-6
-57,-294,-48,2,-1,13
2,-254,25,-20,25,20
51,-222,60,18,2,-35
-21,-268,-14,-12,5,17
-43,-306,-34,18,-62,-13
31,-254,14,-7,-14,16
43,-227,56,-19,26,-21
-37,-281,-18,14,-4,25
-29,-278,-34,-9,-3,35
49,-222,43,62,6,25
11,-232,21,-19,-7,-26
-57,-304,-52,-2,-3,38
9,-261,-7,14,36,-14
39,-206,50,1,46,-36
-28,-276,-13,17,15,-37
-31,-301,-53,7,1,-14
19,-240,21,-41,24,23
65,-209,50,-3,5,2
-15,-311,-38,21,21,6
-30,-280,-24,16,30,1
38,-208,16,-27,-11,-8
-7,-219,1,38,14,-2
-73,-331,-19,15,26,-2
-21,-251,-3,-7,1,76
43,-220,33,-27,10,-5
9,-261,-12,1,-30,-12
-38,-293,-49,-38,39,-7
20,-215,25,12,8,41
50,-228,51,39,-6,26
-33,-293,-21,-29,15,-4
-33,-296,-40,-0,-6,18
24,-202,43,5,-6,-5
25,-239,18,3,-5,3
-37,-312,-46,-0,6,-24
-16,-264,-24,32,7,4
81,-219,38,-9,12,6
6,-247,-12,21,7,9
-55,-278,-49,14,6,44
-2,-251,14,-27,19,-15
38,-198,42,-21,-9,-3
-45,-289,-27,3,8,-15
-56,-268,-36,3,29,-4
42,-220,38,-13,4,-13
38,-222,20,9,16,-25
-46,-287,-51,-9,-6,20
-22,-284,-6,-14,-28,34
38,-211,37,2,34,41
-12,-268,-14,-17,-15,-12
-49,-305,-52,-3,7,36
-7,-251,15,18,34,-16
42,-206,46,12,43,4
-33,-277,-12,1,-9,-49
-39,-279,-32,-16,-7,-6
54,-222,18,2,-18,-3
37,-206,32,6,-10,6
-56,-311,-37,0,-18,7
-22,-256,-28,24,-61,44
58,-218,47,-43,-5,12
14,-257,19,-34,12,-21
-47,-294,-37,8,27,-3
27,-246,14,-5,-9,6
44,-207,41,-3,-6,12
-19,-275,-20,-30,-32,-10
-38,-282,-56,27,27,-35
28,-212,29,2,-6,-4
42,-226,34,38,5,-16
-56,-299,-40,-22,3,-12
-29,-266,-33,-2,-26,23
56,-212,42,-7,-8,-20
9,-247,-3,3,-30,15
-51,-312,-53,-2,4,-11
6,-266,3,-20,-6,-10
45,-208,53,-17,10,-27
-2,-265,0,4,-23,5
-37,-319,-35,-19,-22,-17
10,-224,38,48,-28,1
34,-220,37,7,18,13
-36,-291,-24,10,6,22
-14,-286,-22,-23,17,-20
26,-211,61,25,18,-17
26,-260,-12,-39,23,14
-45,-309,-57,15,-6,-34
-5,-261,-14,57,-11,8
55,-202,45,-5,-12,-18
-25,-271,-4,-18,13,-20
-62,-305,-45,21,-13,6
32,-216,37,-16,16,11
50,-237,37,34,0,14
-13,-286,-26,-1,1,-4
-32,-289,-26,19,-5,3
63,-227,41,-1,-9,37
26,-233,2,-51,21,-6
-43,-310,-42,-14,-21,-6
-2,-270,5,15,18,-13
60,-212,35,-23,21,28
-6,-264,-17,25,3,5
-50,-310,-48,-6,-3,-12
14,-245,7,7,-5,36
57,-225,34,-30,-31,-21
-15,-300,-42,-25,-24,17
-45,-291,-25,27,12,-1
50,-217,40,26,2,-28
11,-223,17,11,-34,31
-36,-323,-45,20,-29,10
-2,-290,-18,-14,21,7
52,-196,64,28,25,-15
6,-273,-4,-19,-8,-21
-41,-313,-62,0,7,27
31,-244,25,9,5,-34
51,-207,37,25,37,-15
-11,-283,-39,13,5,8
-35,-300,-38,-4,11,-23
42,-199,29,-20,4,28
25,-225,46,3,30,-35
-51,-289,-30,-22,-11,6
3,-274,-12,3,3,-5
49,-214,63,-12,-15,-30
18,-255,8,35,28,34
-43,-314,-47,-8,-7,13
11,-250,19,-21,23,25
57,-205,28,-27,3,34
-20,-274,-11,30,30,-30
-52,-297,-52,3,18,5
27,-222,46,0,14,29
31,-213,36,-21,-24,24
-32,-294,-41,19,-7,5
-16,-278,-15,-20,18,47
57,-203,39,9,19,-4
-3,-264,0,-14,25,-3
-39,-318,-44,1,-27,5
16,-253,-8,-17,-6,-2
66,-216,53,19,-23,24
-30,-276,-16,15,2,-5
-38,-304,-37,-5,9,18
30,-232,39,12,-4,22
37,-218,39,-17,5,13
-58,-303,-38,-23,11,18
-20,-283,-39,-2,62,5
64,-207,31,-8,-14,-3
15,-254,23,5,-14,6
-46,-309,-61,17,17,24
9,-277,7,-4,17,-19
53,-188,60,-9,-1,9
-7,-274,-18,-45,6,-9
-39,-303,-46,-36,-28,-14
29,-207,36,-2,-6,-12
31,-222,38,2,-17,18
-43,-296,-24,-12,-33,2
-19,-275,-22,-10,-13,12
48,-227,41,-19,12,30
13,-247,22,3,38,13
-59,-315,-40,20,13,19
2,-256,-4,-7,-7,26
63,-204,50,-7,19,-29
-16,-261,-15,-12,-20,-13
-57,-292,-35,24,23,-21
22,-212,21,-27,-50,0
27,-235,36,-39,21,-13
-42,-284,-26,17,-22,26
-33,-301,-43,7,32,21
45,-216,36,2,-1,3
40,-219,20,21,-7,-17
-42,-290,-43,-0,11,9
-16,-257,-5,-4,-17,-32
39,-206,56,12,10,-6
-11,-269,-15,-4,-9,35
-39,-305,-57,-12,13,7
17,-234,41,25,-24,7
35,-203,34,-7,-19,-23
-26,-306,-35,-18,18,-2
-31,-299,-41,-3,-17,12
24,-225,36,40,-31,-3
28,-222,13,-10,-12,-38
-36,-313,-31,68,-4,-16
-26,-286,-3,6,13,-17
58,-229,30,16,-25,-1
-15,-261,1,18,-19,-25
-46,-300,-44,-5,13,-10
12,-238,-5,-9,-2,6
44,-210,39,1,13,20
-33,-296,-19,20,5,-5
-39,-295,-49,-29,21,5
36,-216,34,6,-11,-23
36,-238,23,-11,14,18
-35,-294,-49,-32,2,10
-5,-259,-30,17,10,1
48,-193,37,0,20,-3
3,-240,-15,1,-6,19
-54,-296,-39,19,12,-33
19,-234,18,-0,-16,17
45,-221,54,12,-17,-7
-22,-291,-28,10,26,31
-42,-294,-30,-27,16,-11
25,-222,32,-6,-4,-0
35,-212,21,-17,-11,83
-34,-281,-38,5,-1,-4
-17,-275,-7,1,-12,27
53,-201,45,33,-8,-11
-16,-241,-11,19,-29,32
-46,-296,-38,1,-0,-5
11,-238,15,19,16,24
41,-208,43,32,2,15
-14,-283,-18,-14,-4,15
-36,-311,-42,3,-5,-16
32,-224,47,-19,-16,2
21,-240,34,-22,2,-13
-51,-309,-50,-0,-24,11
-17,-270,-41,-6,-23,4
46,-195,39,19,36,14
1,-251,-2,9,-36,-5
-40,-318,-41,-23,-2,-51
-5,-260,-16,-33,-14,-1
43,-194,60,23,-12,-10
-22,-273,-6,30,45,41
-29,-312,-31,-2,-23,9
36,-236,28,-31,-8,7
22,-211,35,-33,-13,23
-51,-298,-16,-32,-2,25
-15,-301,-31,8,-2,2
42,-218,39,-19,-12,-26
14,-239,6,14,4,38
-45,-280,-57,4,-13,6
0,-256,10,-22,10,12
52,-216,25,10,21,-23
2,-277,-22,-14,2,18
-45,-303,-37,-17,-8,31
19,-246,36,6,-34,13
34,-231,58,26,11,-12
-15,-303,-31,-17,-5,1
-44,-281,-20,-37,19,1
40,-211,37,-30,-42,-7
31,-249,24,3,-7,18
-43,-300,-51,-2,-2,18
-21,-256,-30,34,-5,9
32,-220,39,-1,22,-13
-1,-273,-15,-50,16,1
-42,-288,-47,18,-0,-3
21,-230,34,33,-2,-6
39,-221,45,-20,19,-27
-32,-295,-33,14,1,3
-14,-295,-28,1,4,8
32,-211,35,5,6,-10
25,-224,33,7,-1,7
-45,-308,-34,24,-5,37
1,-271,3,19,-26,-30
45,-205,46,-11,7,40
14,-242,-4,14,-26,15
-51,-284,-40,5,31,-7
18,-240,23,10,-9,20
58,-232,45,-6,-5,27
-33,-284,-23,-29,-3,-11
-47,-277,-36,-18,11,-30
43,-208,30,-10,-9,5
35,-224,24,19,-18,18
-59,-305,-55,-29,-10,1
-13,-271,-32,-7,31,24
54,-209,64,-33,-0,-3
16,-247,-13,-3,-5,-2
-54,-305,-46,8,17,-16
16,-255,33,3,-20,5
31,-205,29,18,3,-11
-34,-273,-22,-5,2,10
-44,-285,-30,32,29,-15
48,-219,27,33,-22,0
40,-221,44,-26,-12,3
-43,-300,-54,0,7,-25
-8,-284,1,-20,18,-17
47,-203,48,4,5,-15
20,-252,-9,-7,5,-13
-66,-302,-56,35,-7,21
14,-246,11,-7,-22,-39
35,-217,35,-16,-9,-18
-2,-270,-20,-12,12,27
-46,-308,-45,-12,-8,-2
35,-215,8,-16,-23,15
18,-219,26,-23,-1,24
-50,-319,-53,-0,6,-0
-12,-291,-21,-26,-13,-10
60,-208,47,32,1,10
5,-257,8,-24,13,7
-68,-303,-53,0,-40,3
0,-253,-4,44,-12,-28
47,-200,40,-1,9,7
-20,-268,4,-20,-9,-7
-46,-314,-43,-11,-3,4
26,-240,52,15,0,16
50,-213,35,23,-13,-12
-38,-285,-44,8,-22,3
-18,-270,-18,-12,-13,31
56,-208,48,-13,14,9
10,-273,-4,12,25,-31
-44,-302,-57,16,22,-9
-9,-258,7,-4,42,-3
48,-202,48,-11,-12,-11
-18,-269,-10,32,40,8
-35,-317,-50,36,-33,-4
10,-227,21,-3,-5,23
46,-221,40,14,9,20
-35,-286,-41,2,-10,12
-30,-303,-24,-2,-1,13
49,-226,31,8,10,-4
26,-231,2,-34,33,-28
-32,-315,-48,7,15,28
-21,-272,3,13,-45,10
49,-214,54,9,12,19
-9,-255,-19,-52,-7,7
-49,-313,-36,18,-23,20
25,-234,35,8,3,31
44,-207,47,-20,11,-8
-43,-290,-24,-8,40,2
-36,-283,-45,6,-9,-27
43,-205,45,-17,-13,9
20,-243,35,-7,22,-8
-36,-305,-55,-13,37,11
-2,-276,-18,53,0,39
51,-207,48,5,-21,-6
-9,-259,-21,15,-25,-27
-49,-318,-56,5,-4,-49
18,-241,7,15,-27,3
41,-198,53,-4,23,10
-32,-295,-32,16,-5,-29
-27,-295,-42,-2,-6,-9
37,-220,36,26,22,-50
15,-217,41,12,-5,-25
-45,-298,-52,3,-15,8
-18,-266,-20,23,-20,-1
55,-216,55,-1,-7,-2
-9,-247,-11,10,25,-16
-46,-312,-20,-28,17,32
12,-255,25,-15,-10,1
45,-205,57,-8,-21,4
-30,-283,-27,-29,21,-14
-20,-286,-37,-29,-11,-12
56,-220,33,-25,-13,3
31,-247,38,-3,45,-13
-58,-303,-52,12,-30,-4
-33,-260,-28,12,-15,-7
31,-213,42,25,-4,-9
-1,-237,5,59,-0,-30
-46,-297,-40,-13,-30,15
4,-248,2,-9,-27,23
46,-203,42,-2,8,6
-27,-272,-30,8,-21,-2
-43,-302,-33,16,-38,-15
37,-202,12,-12,-19,11
51,-231,43,30,1,10
-40,-280,-46,18,-7,-11
-20,-306,-33,5,21,-24
49,-226,31,-15,9,-7
-16,-231,10,38,6,1
-28,-296,-64,24,-6,8
1,-256,17,-41,35,9
48,-215,54,32,-16,-17
4,-254,-19,1,-8,29
-19,-292,-50,-20,40,2
15,-204,25,26,-0,-15
40,-205,16,7,-21,5
-42,-290,-33,-17,50,-34
-22,-287,-11,-20,-17,15
50,-203,49,-7,6,37
24,-243,6,13,-48,11
-41,-303,-31,-15,-9,-21
1,-252,11,28,-23,-2
49,-209,64,1,25,-7
-5,-268,-20,-6,8,-24
-44,-322,-43,-17,-4,-15
14,-232,25,-17,34,-2
43,-221,33,-33,4,0
-53,-277,-38,31,-12,3
-19,-298,-34,-10,6,15
34,-220,55,-13,16,0
39,-219,24,32,-29,21
-52,-292,-62,46,-0,11
0,-262,3,1,7,-44
42,-207,52,-5,35,-42
-8,-245,-16,7,-8,-29
-42,-301,-55,17,11,-11
9,-248,42,11,1,23
36,-208,44,-8,2,3
-39,-285,-39,17,17,15
-28,-319,-39,25,-18,26
44,-215,52,15,22,-33
9,-243,22,0,2,-2
-54,-315,-48,2,-10,9
-2,-263,-3,67,3,4
57,-200,56,-35,8,1
6,-255,-11,19,10,4
-35,-299,-51,-0,-11,11
24,-239,18,11,17,22
42,-203,43,35,-18,-13
-28,-304,-18,0,-11,-11
-28,-297,-32,5,34,-9
47,-219,51,-14,20,-36
24,-245,21,4,17,13
-46,-306,-46,-4,13,-36
-5,-259,-10,-1,31,-7
48,-219,46,1,-14,38
-2,-254,-16,18,26,-2
-37,-313,-41,-15,-16,14
20,-247,19,13,-18,29
47,-201,44,7,-30,12
-29,-284,-8,41,8,5
-45,-302,-26,-2,40,-34
45,-234,32,-13,-2,5
31,-225,40,-5,24,1
-32,-293,-63,7,7,-19
-11,-286,-17,-30,23,-10
42,-206,70,11,-8,17
17,-251,15,41,-7,-10
-56,-306,-54,52,13,-26
21,-249,-6,-30,17,1
32,-201,27,1,18,12
-19,-281,-29,-30,3,-20
-47,-290,-27,1,-8,11
25,-229,41,24,9,23
33,-225,18,-21,-0,-10
-44,-296,-31,-7,-8,-19
-9,-282,-27,13,13,6
37,-196,56,8,-39,-28
13,-240,15,30,-3,-70
-50,-295,-70,0,-41,7
-6,-261,14,7,46,-11
59,-209,53,17,11,-13
-7,-272,-16,-2,-31,21
-28,-310,-48,12,-3,-11
27,-228,47,3,0,31
45,-238,39,-24,-2,-13
-48,-306,-47,10,-4,6
-28,-275,-28,-23,21,19
24,-216,58,31,-10,10
13,-261,9,32,4,9
-68,-312,-39,31,-31,-2
-6,-263,5,7,1,3
49,-205,61,19,-33,15
-17,-256,5,-13,-34,17
-63,-297,-54,1,13,5
7,-248,23,9,20,-5
36,-214,41,-5,-1,-17
-21,-289,-45,30,6,-27
-36,-278,-38,7,1,23
25,-238,47,12,18,1
12,-238,16,-14,14,-10
-57,-293,-35,11,20,30
-12,-268,-31,7,6,45
42,-204,41,31,14,-33
-18,-256,-8,-26,27,-17
-42,-321,-49,14,-12,1
22,-241,14,20,-4,-28
37,-210,36,4,-8,-9
-60,-295,-45,-26,-3,12
-23,-286,-32,-1,55,21
54,-216,47,6,28,34
27,-220,39,4,-26,10
-31,-309,-50,21,-46,5
-5,-266,-19,-32,-4,1
50,-216,54,1,-5,0
3,-260,16,27,-24,-7
-55,-282,-53,30,-13,-10
9,-240,7,4,-8,13
48,-201,43,54,7,-13
-42,-296,-22,15,-27,-17
-41,-285,-45,20,-13,37
34,-212,31,-0,11,-27
36,-223,25,3,-17,15
-38,-309,-25,-18,-4,12
-3,-270,-8,-12,-20,-19
33,-203,60,-1,6,6
7,-250,-1,-8,26,8
-58,-306,-52,14,5,13
20,-238,24,-3,-14,-0
53,-223,61,32,24,25
-3,-269,-41,10,13,29
-33,-298,-43,2,22,-18
31,-222,41,0,-17,-19
44,-221,6,-12,7,13
-23,-305,-48,4,-6,7
-11,-268,-11,-5,-25,-20
43,-220,52,-14,-13,14
-9,-255,16,-32,28,-18
-48,-317,-34,-39,-4,-31
2,-258,16,15,1,1
50,-212,51,-32,-13,-7
-30,-283,-16,-9,18,-46
-43,-315,-36,15,-13,-7
35,-236,41,-31,0,10
29,-219,28,11,-5,7
-35,-289,-59,5,-4,-5
-39,-262,-29,-4,2,-6
40,-199,45,-8,-2,1
12,-249,8,11,36,11
-55,-303,-59,-9,23,13
6,-259,30,10,1,5
54,-208,64,35,28,-11
-1,-266,-32,2,-16,14
-32,-306,-42,5,-5,9
26,-229,47,-3,-7,2
53,-217,23,-21,15,3
-41,-284,-34,-7,7,26
-5,-299,-23,18,5,-2
57,-218,50,7,-28,22
24,-238,0,13,23,14
-53,-305,-54,25,-14,-19
-4,-247,-7,-45,11,4
63,-194,51,5,16,-11
-24,-264,-21,11,-36,-21
-45,-297,-47,0,2,0
26,-236,28,-21,39,13
46,-218,34,-5,-9,-1
-43,-279,-43,8,-13,-40
-28,-281,-31,-4,-7,37
48,-208,50,-18,-24,31
12,-247,-0,-8,-48,0
-44,-293,-55,10,-13,-26
-5,-267,12,24,-23,12
50,-204,40,2,18,-22
-7,-262,-28,-1,-11,-1
-49,-286,-36,-11,-33,6
13,-246,5,-1,-23,10
46,-208,36,7,7,-5
-29,-299,-30,11,28,-2
-37,-303,-39,-9,8,19
62,-209,30,-9,-20,11
9,-221,15,-29,-9,-7
-37,-303,-46,19,33,-9
-17,-278,-9,-1,-21,4
44,-201,45,-4,-15,-16
-2,-260,-0,12,-2,-10
-51,-312,-52,6,-51,7
22,-239,32,-31,-6,-27
46,-212,39,18,-4,39
-22,-282,-14,-8,0,-32
-35,-302,-28,-3,25,17
43,-229,32,-15,5,23
34,-264,42,-2,13,29
-41,-304,-60,21,-3,26
-19,-278,5,-15,0,55
57,-181,47,-6,4,-18
2,-253,-8,8,27,-66
-41,-300,-52,9,15,20
-1,-235,23,14,-19,9
56,-214,52,8,-37,9
-26,-289,-20,-23,-44,11
-42,-296,-47,14,-13,-12
57,-231,32,10,-20,-16
-4,-239,9,25,-14,24
-44,-295,-65,-7,-25,-10
-10,-295,-19,-8,-50,29
45,-211,46,9,-22,22
4,-249,7,-2,-20,-3
-45,-297,-50,22,-14,-10
16,-246,10,21,11,35
52,-197,64,23,-17,-0
-29,-286,-21,27,-7,-2
-42,-297,-44,2,12,20
22,-214,38,-18,15,-8
33,-219,51,5,27,-4
-43,-308,-34,26,16,-14
-32,-250,-8,-13,14,-7
53,-198,58,5,-9,15
14,-228,9,45,4,2
-50,-319,-47,-7,-31,32
13,-250,-8,11,19,-3
61,-201,57,30,-17,-3
-9,-274,-22,-7,22,15
-33,-298,-51,22,-3,10
27,-238,35,20,-3,-1
45,-225,29,3,-22,-19
-51,-302,-27,13,6,-17
-13,-279,-9,5,-0,28
57,-209,48,-28,-3,1
5,-253,25,39,13,-28
-68,-297,-53,18,-12,17
-14,-265,12,23,-28,-11
54,-180,40,44,-14,-19
-1,-262,-14,38,-0,3
-40,-306,-49,16,16,9
27,-236,40,-9,-22,10
45,-220,39,0,-6,37
-29,-297,-40,6,-15,-0
-23,-277,-25,-26,40,1
43,-199,26,-15,-11,7
33,-229,27,-22,-4,17
-45,-296,-49,27,16,-14
-22,-268,-6,-9,-13,-14
33,-198,61,5,-29,13
-12,-271,-17,-6,24,13
-46,-305,-43,-10,-1,-48
35,-246,24,-10,-6,24
61,-206,32,-9,-9,29
-38,-288,-41,-2,17,-14
-37,-288,-35,-3,-11,14
22,-205,34,22,-22,3
32,-240,24,-17,13,19
-37,-293,-36,-30,7,-15
-7,-246,-8,34,-29,10
40,-211,60,-31,19,13
-9,-259,-12,-18,-13,-25
-55,-305,-50,-25,-32,-10
21,-236,8,19,11,-26
47,-220,35,27,6,26
-29,-278,-39,41,0,-19
-22,-308,-35,-8,-27,3
35,-229,36,35,14,2
26,-238,19,-17,7,-9
-43,-282,-54,-14,42,41
14,-256,-9,-18,20,-4
66,-208,43,5,15,21
-2,-252,-9,-18,18,-8
-35,-319,-31,3,-17,-6
18,-239,20,4,-11,-12
48,-214,39,-29,41,-9
-15,-288,-50,18,-9,-1
-51,-284,-63,-2,6,2
12,-226,42,-42,14,-18
20,-230,18,-19,13,-2
-43,-279,-60,9,-4,10
-18,-271,-7,3,16,-42
53,-201,45,-14,51,-25
4,-248,18,31,35,26
-56,-312,-52,-19,-4,-8
-6,-244,24,-29,-5,-5
53,-196,31,-7,-6,-10
-38,-259,-19,15,5,-26
-45,-302,-34,-15,-21,12
25,-228,26,-19,44,2
30,-217,49,-43,23,6
-47,-297,-52,-14,37,0
-40,-295,-16,40,-9,23
51,-209,60,-17,-32,-21
15,-244,20,-5,-12,5
-46,-292,-56,-30,-7,0
-5,-231,3,15,13,-0
49,-208,48,11,-18,6
-12,-282,-16,-14,-3,-24
-35,-279,-39,-31,2,14
31,-230,32,-10,32,-5
43,-215,41,14,44,-15
-38,-276,-38,31,-18,-26
-30,-283,-25,-17,13,23
44,-211,45,9,5,19
23,-250,6,10,-2,-6
-38,-296,-39,-19,11,-10
-5,-267,9,4,-7,-18
35,-214,57,1,41,-1
-10,-272,-13,-28,14,6
-47,-294,-60,-14,32,22
33,-222,19,58,12,-15
15,-207,25,8,20,27
-44,-293,-34,27,-5,16
-46,-298,-14,20,-12,17
43,-213,51,-3,4,-7
7,-235,11,2,27,-16
-54,-301,-62,16,33,5
-12,-255,-8,-44,15,-10
55,-198,32,-12,17,5
-29,-264,-19,-6,-13,-21
-43,-307,-41,-20,12,-16
35,-225,28,-11,-21,-35
30,-235,48,9,-5,21
-33,-275,-44,-19,26,3
-30,-286,-29,2,-20,40
40,-213,33,19,-14,-11
19,-228,19,-29,19,-45
-55,-297,-25,-4,-22,5
-6,-268,-6,-3,4,14
38,-214,45,25,-1,3
-3,-266,-3,7,-9,10
-59,-298,-42,24,13,7
25,-240,23,-18,-1,28
43,-215,39,21,-1,-2
-45,-263,-19,12,-28,17
-38,-299,-37,-4,17,-10
34,-212,34,-2,28,24
30,-229,23,-27,-12,8
-40,-294,-54,-18,-0,-19
-14,-271,-7,1,12,1
50,-220,58,4,33,5
10,-238,-5,44,21,-36
-51,-282,-42,-22,-6,2
15,-251,27,14,-40,3
42,-214,53,-5,39,21
-35,-268,-34,5,35,-5
-36,-293,-28,-14,-1,-36
21,-225,41,3,-31,-2
27,-217,21,-32,-12,-22
-42,-326,-36,24,16,13
-3,-270,-19,11,-7,40
64,-203,66,10,26,17
-5,-251,23,21,1,-20
-37,-310,-49,11,6,-0
6,-254,31,8,17,-24
47,-197,43,-9,39,-3
-20,-279,-40,6,18,-10
-51,-314,-41,6,-40,-20
55,-224,31,-23,-3,14
38,-236,30,-0,-12,23
-63,-289,-48,-21,-3,-3
-37,-274,-21,26,-24,-34
33,-195,34,-2,-33,-45
-0,-252,-1,18,56,-30
-61,-310,-47,0,9,15
8,-263,11,6,3,-13
48,-202,62,32,-10,-3
-12,-264,-21,-20,0,24
-33,-310,-47,-3,29,-20
29,-237,28,-25,2,4
35,-228,15,18,-39,-0
-35,-293,-52,7,10,12
-16,-290,-28,3,10,28
49,-215,57,1,-6,11
14,-256,-1,-3,-31,-31
-62,-314,-48,-32,37,26
-11,-249,9,-23,-4,27
34,-191,41,21,0,-29
4,-281,-20,47,-35,11
-45,-310,-47,-6,1,8
5,-218,20,24,1,-24
37,-200,25,0,11,52
-27,-286,-51,21,9,-28
-29,-276,-18,-16,-18,-29
49,-211,37,-10,21,5
14,-240,-15,-48,7,-5
-49,-297,-48,-11,-11,5
-3,-267,-23,-43,-2,3
41,-200,52,-19,22,-6
7,-266,-10,-32,-15,28
-39,-296,-54,-11,13,-13
28,-242,28,3,9,-8
41,-197,54,5,18,-21
-34,-286,-39,22,18,23
-32,-288,-57,-2,10,24
40,-189,28,57,-10,-1
32,-235,35,-3,9,42
-51,-307,-50,21,20,33
-6,-271,-26,-19,-22,-35
58,-198,41,30,-1,19
4,-262,-2,6,20,7
-68,-294,-30,-13,-14,-32
3,-219,23,54,8,-42
34,-208,48,-36,30,-11
-9,-298,-49,-1,-2,6
-33,-293,-35,28,10,7
27,-221,40,-12,4,21
11,-219,25,31,24,-13
-50,-298,-53,17,-9,1
-25,-260,-18,6,13,18
50,-205,51,-12,24,-10
-9,-267,-9,-9,-22,15
-42,-305,-39,33,-15,0
19,-233,10,-9,13,-3
42,-216,44,-2,5,18
-6,-295,-35,-2,-19,-2
-35,-302,-31,3,32,-2
40,-233,25,-17,-14,-4
11,-215,24,16,-4,12
-45,-316,-72,20,-18,4
-25,-261,-10,-23,-11,29
49,-221,42,9,15,16
-3,-255,8,-20,29,12
-47,-295,-52,-17,-24,-25
16,-247,10,-21,6,-0
44,-209,45,28,0,-10
-33,-264,-12,-18,-11,7
-26,-298,-48,-2,24,7
52,-217,32,-14,-19,-4
28,-218,33,32,-25,-2
-39,-298,-29,0,32,11
-27,-274,-33,27,10,8
51,-205,47,12,16,33
5,-265,16,22,-28,-34
-45,-291,-58,6,-16,-43
3,-242,-15,-19,20,-9
49,-209,39,34,-5,-15
-21,-263,-11,24,27,-2
-44,-300,-31,-9,-3,30
48,-240,28,-19,-18,-34
25,-211,27,-18,-2,10
-39,-289,-45,47,-6,-40
-30,-286,-27,40,29,3
43,-223,40,2,-20,-33
14,-238,29,13,-31,-5
-53,-301,-41,14,22,30
8,-239,4,-11,-6,-29
45,-219,48,12,-6,-1
-22,-266,-14,12,28,1
-53,-295,-46,18,-14,21
25,-239,32,-0,-18,-9
34,-226,36,13,30,8
-36,-301,-32,-3,-14,38
-39,-284,-33,17,-29,4
47,-223,43,16,25,-16
20,-249,13,-6,-10,27
-37,-300,-28,19,13,6
-16,-254,2,21,19,-3
34,-214,41,26,-10,10
-18,-275,-3,-15,-3,-9
-38,-302,-50,19,22,12
20,-224,37,-41,12,-10
35,-223,43,9,-6,-24
-28,-281,-26,23,-3,31
-34,-293,-53,-8,-19,16
28,-219,36,-19,-1,-37
-1,-230,21,4,8,5
-56,-295,-41,12,-6,-5
-15,-250,-7,32,-3,-12
48,-192,51,10,-12,13
-9,-239,17,13,-32,-11
-61,-308,-40,25,-46,-20
33,-235,26,-1,-35,-1
40,-205,33,-49,-2,-0
-12,-287,-8,1,20,14
-38,-313,-45,21,-17,-31
29,-213,55,13,-21,-16
13,-261,14,-27,17,-13
-47,-301,-31,3,-31,17
-10,-257,-8,12,-2,14
56,-207,52,-28,-2,-2
-15,-250,6,-3,-13,17
-59,-315,-45,-23,52,-23
24,-242,-2,12,-14,-27
47,-211,35,-9,1,-16
-16,-269,-30,32,-22,-9
-44,-289,-43,-29,3,10
49,-228,56,12,7,-30
33,-227,21,33,-45,15
-42,-293,-52,-9,27,11
-14,-283,-19,-37,1,-19
52,-214,46,-3,-12,-44
8,-264,-3,-5,-6,37
-79,-314,-56,-16,21,-39
7,-233,8,1,14,-7
41,-198,48,-10,-42,-20
-11,-276,-35,20,-11,9
-57,-302,-40,-21,14,-40
44,-214,29,-7,17,7
33,-223,44,4,-6,17
-34,-311,-27,13,-23,-15
-17,-276,-21,-15,-11,4
37,-203,49,-67,1,-15
2,-253,9,-13,15,16
-35,-299,-43,-1,9,-18
-0,-248,9,-8,25,-40
52,-203,68,36,9,-5
-22,-277,-23,9,23,12
-41,-289,-42,-20,12,54
31,-216,38,-26,-10,-35
53,-237,44,60,-17,-6
-35,-302,-28,-17,69,-27
-37,-288,-14,35,-33,-34
27,-200,51,-11,-37,2
9,-245,18,-22,7,-5
-46,-325,-44,28,-11,-9
9,-259,21,7,-4,16
52,-195,44,25,-2,-19
13,-270,-12,-14,-6,9
-49,-280,-66,-9,-19,-17
28,-230,20,-2,-14,4
46,-221,44,-8,-2,-22
-63,-292,-40,-2,23,-19
-27,-286,-24,-2,-11,9
33,-210,68,-1,38,2
9,-232,13,-27,-11,-39
-43,-309,-36,-1,28,29
13,-261,6,38,14,-21
49,-195,46,19,-7,23
-19,-280,-7,-7,-7,35
-32,-299,-36,12,-32,15
35,-232,53,-1,3,-9
40,-217,38,30,-14,9
-36,-302,-38,-11,-12,-10
-22,-273,-27,-10,-2,-6
48,-227,49,17,-8,19
32,-235,13,11,-2,8
-58,-299,-48,-15,10,-13
-21,-273,5,35,-5,1
60,-194,56,-11,-14,34
3,-263,1,40,-11,0
-43,-315,-52,-33,-21,23
15,-231,43,-31,-13,8
56,-217,40,18,-25,22
-38,-279,-42,-13,8,32
-21,-300,-59,36,22,1
20,-219,41,12,-24,32
33,-236,35,3,16,12
-41,-287,-67,-4,-2,-24
-15,-250,-6,9,-11,17
52,-215,29,27,-35,19
6,-273,-12,-2,-10,-16
-58,-307,-54,-17,3,-10
14,-254,37,16,-26,-5
56,-195,63,-8,-12,-16
-10,-287,-28,-16,-16,-25
-42,-291,-60,31,-0,3
29,-220,35,1,-22,12
17,-225,33,13,-8,28
-34,-296,-38,36,-25,-1
-5,-273,-6,26,-50,6
38,-203,59,-27,11,-12
16,-251,17,23,-12,-25
-48,-301,-63,10,-20,7
16,-233,4,-19,-37,-3
35,-214,47,-12,15,-36
-55,-270,-19,6,5,9
-32,-306,-28,-24,9,-7
21,-217,26,-7,-16,28
44,-221,37,13,20,-7
-29,-312,-59,6,-6,1
-11,-280,-17,-1,-14,15
30,-217,52,-12,-48,-19
21,-256,10,33,29,-10
-52,-315,-65,58,7,-9
10,-253,2,-1,-0,-9
56,-204,39,-5,4,-25
-24,-270,-28,-4,-12,-16
-40,-293,-43,11,-28,-8
30,-227,29,21,50,-6
26,-227,36,30,-23,15
-38,-278,-38,-32,-7,-38
-11,-289,-25,36,-30,20
46,-201,52,4,-25,36
-1,-232,17,25,-9,-17
-52,-294,-54,5,-22,-34
10,-259,9,1,4,-21
51,-210,47,6,-4,11
-16,-261,-29,-7,13,-16
-36,-313,-38,-18,-30,9
49,-229,23,-9,-7,6
53,-226,43,-19,31,-19
-37,-295,-35,31,-8,37
-37,-266,-41,13,-35,27
32,-214,50,19,-5,-12
-10,-238,4,12,5,-15
-52,-311,-41,-9,15,18
-5,-276,-5,-27,-12,-19
41,-208,31,-47,0,-14
-15,-247,5,30,0,33
-49,-295,-45,-6,-22,5
39,-228,33,-24,-10,-9
38,-212,53,-7,-7,5
-20,-272,-29,-9,3,-4
-33,-294,-29,26,12,4
29,-199,40,24,17,1
41,-235,22,-31,-20,-8
-45,-309,-34,-13,3,3
-21,-265,7,5,16,-19
46,-205,41,-9,18,-32
-7,-254,-11,4,-6,8
-63,-307,-48,-21,-16,47
14,-248,8,11,-11,-19
32,-229,25,-37,2,-27
-27,-285,-5,-14,-29,-23
-43,-288,-29,-4,15,-6
43,-215,39,-13,-25,32
36,-245,26,3,-9,19
-41,-293,-31,-9,-10,-18
-0,-268,6,-36,30,-29
48,-207,46,-11,3,40
-9,-247,-20,-15,-26,1
-48,-319,-43,-7,1,4
9,-235,33,-17,-4,-5
42,-191,52,17,-6,29
-33,-281,-31,4,24,19
-45,-287,-43,20,1,-24
31,-212,59,-14,-1,20
9,-233,31,22,-33,-2
-35,-311,-58,-37,19,6
-6,-281,-28,5,10,-15
63,-208,62,-1,-4,-18
6,-263,16,-11,30,12
-62,-309,-35,36,27,-15
10,-246,-6,-32,-34,23
54,-198,45,16,9,20
-41,-279,-24,-14,-3,-1
-38,-307,-42,15,16,2
36,-234,33,-36,17,20
17,-203,38,10,-3,3
-43,-287,-42,-22,17,35
-24,-267,-6,-36,-8,40
56,-198,60,18,-1,12
-0,-248,10,-2,34,25
-52,-313,-45,1,-19,17
2,-241,8,18,-12,-31
51,-193,56,13,-20,-8
-16,-283,-17,15,-18,10
-46,-308,-30,29,33,12
34,-208,20,-21,31,-34
48,-220,48,9,-29,2
-46,-296,-52,-13,9,1
-31,-287,-34,21,-13,-21
50,-209,27,1,6,-16
14,-241,23,13,-3,35
-53,-291,-38,18,26,-3
12,-264,-9,8,-5,-12
45,-198,27,-21,-1,22
-25,-258,-22,13,-29,29
-42,-292,-59,-7,-20,-0
25,-246,46,6,-10,-29
38,-206,46,23,10,-14
-39,-295,-27,17,-23,-11
-14,-278,-14,13,-11,-39
62,-205,41,-4,-10,8
18,-250,17,-4,-6,4
-51,-303,-43,18,-31,26
-15,-267,-7,-4,-31,-10
46,-211,48,-11,19,-1
-13,-255,-8,-23,-11,6
-31,-302,-43,-26,9,20
19,-241,32,-35,-17,-1
41,-212,44,-5,19,-6
-39,-298,-42,21,36,5
-31,-284,-37,10,2,10
33,-231,56,-0,-11,1
35,-239,12,14,0,-11
-51,-307,-58,16,-23,-23
2,-275,16,6,3,26
50,-204,42,43,-3,-3
0,-268,-4,-14,-1,-39
-53,-291,-67,20,22,6
3,-237,19,71,-24,-9
25,-208,30,45,-11,-16
-21,-278,-36,-3,8,-31
-38,-274,-40,-9,-4,-6
63,-225,30,-12,-15,11
13,-218,17,-6,27,-21
-42,-315,-38,19,2,-18
-33,-275,-7,-13,-2,-20
44,-203,54,13,5,17
-6,-261,-9,23,-8,-11
-41,-305,-50,-0,0,-17
24,-241,11,45,-3,5
48,-214,38,54,17,22
-26,-275,-15,23,30,-7
-48,-268,-56,-18,-10,16
42,-222,43,9,4,9
28,-234,19,9,-3,31
-40,-301,-26,6,10,16
-13,-289,-12,33,-6,-7
39,-212,48,-7,0,28
17,-230,-10,-32,18,-33
-45,-303,-48,5,-7,-3
1,-235,20,8,21,5
44,-224,43,-15,-32,-37
-30,-270,-20,10,20,22
-17,-283,-50,43,39,8
43,-234,40,12,-16,14
30,-210,49,-11,-21,-39
-41,-300,-20,-1,-25,16
-16,-279,-19,-9,-36,-0
46,-226,54,-25,22,-3
16,-238,-8,-25,0,-3
-41,-317,-60,5,20,-10
12,-254,8,-27,31,11
58,-202,48,13,2,22
-26,-264,-21,10,34,17
-31,-304,-36,-2,-19,13
26,-237,31,-22,5,-2
44,-219,20,10,12,21
-30,-309,-37,-1,7,-10
-36,-293,-26,38,-25,19
47,-210,37,10,16,-19
-1,-260,4,3,-4,14
-60,-312,-57,-25,-6,-17
1,-257,-6,26,-18,10
48,-205,54,-34,29,14
-24,-268,11,14,14,1
-62,-304,-41,21,-27,-17
25,-197,32,8,5,26
29,-209,43,1,4,-18
-46,-300,-29,5,-30,2
-37,-282,-16,15,-10,-19
31,-206,44,5,-24,31
3,-257,13,-7,-36,12
-53,-295,-51,1,0,-22
-6,-249,-3,13,1,6
44,-193,38,-18,5,-7
-8,-265,-18,14,19,25
-47,-306,-49,-1,-17,43
44,-249,30,-23,-51,-4
28,-224,37,-2,22,-42
-38,-296,-39,14,10,0
-32,-283,-34,4,7,-11
52,-221,36,21,-4,-41
25,-252,22,19,-32,-12
-43,-306,-39,-3,-15,25
-4,-283,-21,-15,-14,-27
78,-207,72,-15,-30,42
3,-271,-15,-4,-15,-18
-48,-299,-34,-3,33,2
16,-243,32,9,11,15
49,-234,46,26,-13,10
-44,-277,-24,-14,14,4
-24,-303,-42,-11,-2,-11
31,-219,45,15,21,30
26,-248,41,0,1,-14
-53,-290,-40,-44,-12,28
-14,-290,-10,-24,-6,-6
66,-232,49,-9,-22,14
1,-246,25,-6,32,-17
-48,-329,-63,-14,13,34
36,-236,4,1,36,11
31,-205,40,26,-16,-28
-10,-293,-27,-9,4,-26
-26,-292,-24,-7,-7,-8
36,-224,45,-3,-23,22
40,-231,22,-16,14,-2
-43,-302,-39,15,-6,8
-13,-272,-16,-22,-6,-29
47,-212,36,-16,30,32
9,-258,13,2,26,23
-44,-293,-49,-26,28,-38
-1,-234,3,16,-16,-35
57,-224,33,15,26,-28
-24,-273,-30,-39,-33,-4
-26,-315,-34,-3,-18,-28
44,-223,44,-28,19,11
42,-236,30,25,-7,-3
-48,-302,-37,-10,29,-6
-23,-253,-24,6,16,-14
52,-194,58,-8,-27,27
1,-251,11,-1,-7,-2
-48,-272,-38,-10,-35,11
-6,-275,13,-27,-26,44
45,-215,59,-13,5,-10
-31,-275,-34,19,4,4
-38,-284,-43,5,-37,-22
25,-222,29,12,18,0
59,-238,24,-6,45,-0
-33,-282,-14,5,-15,-19
-22,-278,-34,10,33,-6
25,-213,53,-45,9,3
18,-229,16,4,10,-1
-42,-313,-47,-38,17,-10
-5,-252,15,-24,14,-32
53,-197,57,6,-1,29
-15,-268,-8,1,-2,2
-50,-295,-53,-20,30,-19
25,-217,34,-4,-4,19
21,-230,39,1,-0,41
-39,-292,-36,11,-30,-17
-25,-292,-30,-28,-29,10
45,-205,36,28,25,26
16,-227,14,8,-0,21
-32,-319,-38,-12,-2,-16
-7,-253,-22,4,4,40
54,-192,47,23,8,32
-8,-265,-20,-0,21,-4
-57,-311,-43,-15,10,-10
23,-230,24,-24,6,3
30,-228,26,9,-15,0
-58,-289,-47,34,-12,23
-24,-284,-31,7,6,-7
42,-216,49,-8,-20,-9
29,-231,34,-12,10,9
-42,-291,-41,-5,-28,-6
-7,-253,3,15,-30,20
62,-207,38,5,-10,-14
-10,-248,-12,8,1,-27
-39,-310,-71,41,10,11
42,-235,4,-2,-4,32
34,-235,31,-7,-11,-19
-48,-307,-27,38,-13,19
-32,-293,-37,-23,34,14
44,-215,33,8,-15,4
31,-221,38,-6,29,15
-79,-294,-53,30,6,8
-18,-256,-24,17,-11,7
42,-201,56,-12,9,-16
1,-256,-9,-60,20,-3
-54,-316,-41,16,5,22
4,-239,33,36,-37,8
34,-214,46,61,-8,12
-21,-291,-23,-6,-3,33
-42,-312,-29,-25,-13,14
38,-220,33,-27,25,-4
42,-228,21,-28,-21,15
-68,-324,-56,-39,40,10
-35,-285,-19,-70,-7,4
60,-194,67,-5,3,-28
0,-257,-11,6,-13,-20
-57,-306,-65,17,-31,7
11,-261,-6,-45,-4,-44
52,-204,40,1,-36,-51
-26,-278,-35,3,4,-7
-32,-283,-47,-21,11,-15
48,-236,35,-29,18,-7
26,-218,43,14,40,-12
-41,-306,-45,-21,-15,41
-25,-273,-9,-12,3,0
46,-207,45,-12,3,14
23,-251,15,3,-3,0
-32,-311,-42,17,37,7
18,-248,-14,-6,-23,-14
57,-227,48,-2,16,-4
-0,-279,-19,34,8,1
-35,-291,-45,28,-32,-8
18,-210,21,-23,-12,-24
35,-218,45,-15,-9,6
-36,-298,-34,-7,-42,25
-34,-291,-26,22,13,17
44,-192,62,-20,-7,-5
4,-254,20,14,20,-20
-46,-333,-42,-33,8,-16
3,-257,0,4,1,-11
62,-198,58,-52,-30,-6
-6,-265,-9,-36,-32,8
-42,-306,-40,-19,-18,3
18,-223,26,-41,10,13
53,-233,26,-8,-14,27
-42,-284,-19,-12,-17,8
-31,-291,-51,-13,1,20
43,-214,52,-7,-18,-26
45,-246,16,15,10,46
-59,-314,-69,6,13,26
-28,-258,-1,10,7,18
31,-221,52,-9,-27,8
-18,-275,-12,8,53,-14
-60,-295,-46,5,-9,-30
20,-228,20,-25,-20,-23
49,-215,38,16,27,-10
-33,-281,-41,-18,11,3
-32,-286,-24,-36,42,38
50,-195,41,-11,-15,-37
27,-244,30,26,-3,27
-41,-307,-54,-37,-1,-20
-14,-252,-21,-3,16,20
45,-208,57,-17,-3,15
4,-264,7,-9,16,37
-48,-310,-68,35,3,5
29,-245,20,-1,18,-22
23,-211,43,-6,35,11
-37,-283,-17,-1,16,-24
-23,-296,-29,3,-10,-28
37,-197,41,5,-23,-9
34,-245,20,-24,-11,20
-27,-290,-57,-37,-6,10
6,-259,-5,28,-57,19
49,-194,61,16,1,-35
7,-275,-13,-11,-4,43
-43,-307,-56,-3,28,-14
28,-246,-8,-9,-11,8
30,-224,41,-3,9,14
-27,-285,-25,2,0,-25
-41,-283,-34,47,-11,11
46,-229,28,8,-19,26
33,-231,44,30,38,22
-50,-299,-47,-28,-0,-10
-21,-276,-18,52,7,-7
66,-207,48,-2,23,12
-4,-243,8,16,-28,-15
-60,-299,-63,4,-24,21
21,-250,-2,-6,-9,-19
52,-202,58,19,14,-8
-42,-283,-25,-50,8,-22
-39,-295,-39,27,26,17
31,-211,42,-2,-24,-13
20,-225,37,-39,-12,-2
-37,-295,-24,-16,6,-8
-17,-285,-22,16,-37,1
39,-192,37,12,-3,1
18,-246,-14,1,-2,21
-60,-297,-53,-11,2,21
15,-233,-1,-13,-31,24
54,-216,53,23,11,5
-21,-269,-45,-9,8,-6
-35,-283,-52,-13,4,18
34,-217,25,-17,4,12
24,-225,36,24,-36,3
-34,-295,-33,-4,10,29
-37,-280,-25,13,-12,-26
43,-194,35,-17,15,-1
9,-233,-2,-13,-21,8
-40,-307,-56,9,17,24
-3,-256,21,18,22,-24
56,-204,35,-13,-6,-15
-29,-281,-1,-5,-15,3
-27,-299,-43,-18,14,-32
2,-244,37,-17,-13,-19
28,-214,50,-1,4,-6
-47,-291,-31,15,-8,-25
-21,-303,-13,-10,-23,15
44,-211,52,12,9,13
27,-257,21,-4,-22,41
-70,-304,-41,6,17,8
5,-241,-18,35,-1,-23
42,-210,68,-20,0,28
-14,-244,-21,-33,-8,32
-55,-310,-52,13,-0,-5
34,-236,16,-20,-40,7
41,-224,41,9,13,10
-34,-302,-36,18,-30,-14
-37,-303,-43,-10,5,-20
50,-217,37,-12,-16,-19
24,-243,21,19,-19,-30
-56,-282,-58,3,-47,-17
-2,-275,9,20,-8,-1
44,-203,55,-5,-12,20
-20,-253,0,-21,12,5
-52,-306,-46,-43,-18,6
28,-240,19,-17,8,-2
61,-209,53,-31,-10,3
-26,-295,-21,11,-21,22
-24,-293,-33,-7,-15,32
61,-214,46,-7,-7,-13
18,-240,28,-27,5,30
-32,-304,-33,-12,-50,-0
-2,-260,-6,-4,-6,-0
56,-220,35,24,-14,12
-9,-271,-3,-2,-17,14
-38,-311,-42,17,37,13
-1,-247,20,-6,-7,2
40,-198,35,1,-17,-2
-22,-277,-47,5,12,-14
-34,-294,-25,-1,-15,2
48,-204,27,-34,15,-6
13,-234,31,-0,-17,27
-50,-304,-66,-14,22,-26
-36,-252,-12,29,-33,-11
72,-195,42,-25,22,19
-13,-242,-6,-11,-30,-15
-46,-312,-47,4,-38,-42
21,-250,26,-4,-2,-18
53,-207,50,22,19,-9
-46,-267,-23,31,-33,-3
-32,-291,-46,8,4,44
16,-203,43,14,12,32
25,-227,38,22,16,16
-41,-299,-44,-23,-18,-9
-33,-285,-5,-2,-10,8
47,-213,51,-9,5,-8
7,-242,2,2,-5,3
-53,-310,-64,23,8,5
7,-227,14,3,21,-2
54,-205,39,8,-22,1
-31,-282,-27,12,20,-17
-40,-315,-51,-13,7,20
28,-245,26,3,1,2
52,-218,36,2,60,7
-48,-323,-33,18,-9,29
-19,-272,-29,13,4,11
46,-210,42,17,6,6
30,-258,23,-19,-4,9
-45,-322,-45,-6,21,12
-8,-252,12,-5,25,-5
32,-204,51,8,22,-19
-1,-261,-27,4,-6,-50
-63,-294,-41,-11,10,-22
23,-253,26,13,22,11
48,-211,43,29,-10,11
-29,-292,-42,-35,6,14
-46,-282,-25,-21,-25,-29
27,-206,41,-6,39,-28
30,-236,13,-25,6,9
-69,-300,-58,-2,-10,6
-11,-259,-1,18,-13,-12
40,-198,40,-10,22,-14
6,-272,-15,-21,21,-42
-47,-313,-52,-23,-25,36
11,-227,21,12,-0,3
40,-232,34,2,-20,11
-42,-290,-26,-20,33,-4
-25,-280,-35,-24,7,-40
64,-204,24,8,1,6
26,-242,19,3,26,5
-57,-317,-40,-42,-13,21
-6,-251,-6,17,43,19
59,-201,60,22,2,12
-17,-257,-14,12,7,28
-59,-316,-47,13,28,-9
26,-235,26,-17,12,9
25,-220,37,2,4,10
-51,-294,-29,5,12,14
-63,-295,-28,-33,-8,1
46,-222,29,-18,13,19
19,-218,9,10,9,-10
-43,-320,-56,12,-15,3
6,-279,-32,7,26,11
58,-205,58,37,15,2
-16,-247,-5,21,-37,-15
-41,-296,-60,0,-10,-7
9,-250,23,-3,-38,-0
49,-191,27,-5,-1,23
-28,-274,-38,-4,9,3
-49,-282,-37,8,-1,16
24,-218,42,6,-18,-0
25,-230,12,-9,-2,10
-44,-306,-65,-1,-31,-25
-10,-281,-12,16,29,18
48,-211,50,-29,-26,-3
-1,-249,-8,-34,-32,-29
-36,-318,-48,25,18,2
5,-237,-4,16,17,-26
39,-200,45,10,17,-35
-27,-284,-26,-5,-18,8
-60,-293,-43,-3,12,17
42,-237,38,14,-8,17
26,-209,42,-2,-9,11
-56,-293,-42,19,5,10
-21,-260,-13,21,-1,-4
68,-216,49,10,-53,52
-9,-260,21,33,-24,3
-45,-300,-54,-11,1,-2
1,-254,-2,7,2,4
37,-223,44,25,-16,-24
-2,-278,-24,-5,12,1
-50,-303,-27,17,-21,1
23,-242,15,-13,2,-4
45,-221,24,-18,1,-22
-40,-296,-48,-9,15,7
-16,-258,-25,2,15,-53
49,-207,48,-0,32,-11
26,-271,9,-15,-31,23
-45,-308,-46,3,-14,14
16,-257,15,17,-7,11
32,-207,38,-30,43,14
-11,-271,-26,2,-25,27
-65,-313,-68,-37,-7,-4
28,-239,34,16,41,-8
25,-230,21,-21,21,20
-23,-297,-43,-35,-11,-39
-34,-279,-22,6,7,21
33,-214,49,-4,-52,-7
7,-238,11,10,27,-4
-58,-305,-25,-17,31,10
-10,-242,2,-10,-13,19
49,-207,40,-51,22,-9
-0,-271,-0,-10,-5,-21
-46,-293,-49,15,-55,-39
27,-237,11,10,-10,20
12,-221,47,6,7,9
-35,-268,-48,26,-6,-40
-21,-298,-21,16,-0,0
24,-218,55,4,2,6
9,-215,18,0,-30,22
-51,-316,-65,-3,-13,-2
-1,-260,-30,-7,16,-8
56,-208,53,1,-12,0
-10,-264,-13,6,-42,-0
-52,-307,-60,-31,-22,36
11,-249,-8,1,3,-13
73,-227,39,12,0,-23
-44,-280,-41,27,3,11
-35,-303,-41,-12,1,-16
44,-202,30,-23,43,-16
20,-240,31,13,-7,-14
-51,-311,-55,10,18,19
-16,-263,-16,7,-20,24
54,-218,64,9,8,19
16,-260,6,2,-10,-4
-53,-301,-56,5,9,30
19,-231,37,22,-7,-29
52,-227,52,23,-5,25
-5,-300,-39,-9,1,-22
-44,-280,-30,-12,-14,12
41,-228,23,18,-20,18
23,-212,23,16,18,-42
-62,-304,-50,1,42,-29
-5,-254,-32,-19,-1,40
67,-194,32,2,-29,12
14,-253,11,-4,-8,29
-57,-299,-36,-7,-16,34
25,-247,9,-4,5,-48
49,-211,50,-17,8,6
-12,-276,-30,-16,39,24
-45,-292,-38,13,-4,-13
34,-228,27,-2,5,-22
38,-242,35,6,-5,15
-48,-298,-33,-13,-20,6
-6,-276,-5,-5,-5,-26
48,-225,52,22,29,1
5,-258,11,-1,-15,-24
-44,-295,-50,18,-44,-11
21,-271,8,25,-24,28
60,-218,47,-19,14,-1
-11,-290,-12,16,-6,24
-33,-301,-48,12,44,23
40,-225,30,-21,-9,-7
26,-217,35,40,-15,31
-51,-312,-47,-3,-46,-46
-16,-266,-48,6,8,20
47,-207,63,22,3,-11
0,-237,19,-6,29,-0
-48,-301,-50,-8,4,-7
-1,-250,-4,9,2,-10
42,-217,24,-1,18,22
-3,-258,-27,-29,-43,-1
-20,-324,-45,-2,-4,-14
19,-229,27,-9,17,7
32,-221,17,9,-17,16
-49,-307,-39,-3,35,-35
-35,-288,-28,-37,2,0
44,-205,62,-2,-16,-13
22,-245,18,13,-35,-3
-64,-314,-45,8,-19,24
0,-232,16,-13,-11,42
49,-214,31,9,-33,11
-6,-273,-18,-20,3,23
-61,-300,-28,19,11,6
8,-243,26,10,16,-44
47,-218,51,23,31,7
-24,-290,-35,-3,-10,-39
-26,-299,-42,-37,-7,13
56,-215,52,14,3,-1
16,-232,7,-3,11,-38
-35,-294,-42,25,30,-10
21,-264,-1,-14,-1,-38
29,-210,59,22,16,27
-16,-248,-16,1,20,32
-43,-305,-43,1,-14,12
18,-236,21,-32,-28,-9
49,-216,35,6,8,9
-11,-277,-23,16,19,-0
-42,-278,-26,-23,-11,-24
42,-225,50,-4,19,7
10,-235,36,31,28,15
-43,-308,-63,48,0,-13
-14,-252,-30,-1,-26,-4
72,-202,51,15,13,-4
-4,-254,12,9,-14,16
-49,-303,-53,48,-16,25
25,-242,18,-4,18,-8
44,-221,36,5,3,14
-41,-267,-35,-18,-16,27
-32,-290,-39,-8,14,17
47,-201,33,-6,-36,4
37,-219,42,1,-1,-28
-57,-291,-50,7,10,-19
-14,-264,-7,-13,-19,10
50,-204,38,-6,-2,-30
-3,-253,-5,-5,25,-16
-50,-330,-51,-13,78,12
6,-236,17,2,-35,-13
53,-202,35,-1,-44,21
-18,-286,-24,-6,-27,17
-36,-292,-31,7,23,4
16,-229,20,-10,16,-16
27,-234,42,18,-0,11
-31,-296,-51,1,-22,-9
-36,-277,-13,4,28,-27
52,-199,34,-10,-5,-13
-10,-256,9,5,-20,-10
-48,-319,-75,17,-3,16
9,-240,21,5,-6,7
43,-201,45,0,-10,1
-14,-282,-9,19,-37,22
-41,-312,-39,-14,19,11
42,-222,44,-10,-1,22
41,-214,38,-1,-8,-34
-29,-309,-40,-27,-48,10
-17,-273,-10,-13,9,12
48,-202,64,-3,-17,-0
9,-251,8,2,27,40
-52,-288,-56,-2,-15,-22
-10,-259,16,35,24,-5
53,-194,55,-3,4,24
-28,-275,-18,-4,6,28
-41,-303,-30,-7,5,-28
23,-236,39,17,-22,-40
25,-224,37,0,10,29
-28,-326,-11,-16,-24,-6
-36,-285,-27,2,0,15
37,-217,48,-0,-18,13
20,-251,20,-25,-9,-5
-51,-321,-45,33,29,-31
16,-253,1,-4,12,7
47,-209,70,-31,16,-3
-26,-276,1,31,26,12
-50,-295,-45,24,-2,7
28,-233,19,-30,7,27
46,-208,40,9,-37,-9
-43,-289,-45,23,19,-22
-35,-287,-45,24,-5,-10
39,-188,37,15,-26,19
27,-251,24,2,35,-8
-60,-308,-45,-16,29,-43
-21,-259,-2,-20,-10,-23
65,-208,43,2,31,15
-15,-262,-5,7,-31,-21
-37,-292,-72,-4,-12,-15
20,-241,34,-10,-54,-9
39,-212,38,-9,6,13
-33,-279,-32,4,-23,-36
-27,-285,-22,6,27,37
45,-233,52,12,-11,35
4,-234,39,-15,3,-17
-25,-294,-40,-10,-16,-23
16,-255,-10,-22,-1,-20
49,-196,56,-25,-10,11
-8,-263,19,-4,18,18
-38,-291,-61,-33,17,13
14,-239,5,13,9,-1
43,-201,48,23,11,18
-32,-293,-20,-18,-1,-4
-21,-269,-30,-39,-1,-13
31,-214,39,-29,-38,29
20,-236,20,13,18,1
-53,-303,-46,5,-2,-13
-13,-268,-24,28,-13,-15
61,-201,46,-30,-11,-19
13,-256,-2,11,-8,4
-31,-313,-48,12,8,-31
9,-255,6,-7,0,-71
30,-213,51,-7,-47,18
-32,-269,-19,-3,-14,-9
-28,-311,-40,10,22,29
37,-206,30,8,-28,-49
31,-223,43,-24,29,-22
-39,-295,-25,18,-1,-45
-12,-287,-11,-3,18,-27
45,-205,36,18,-18,23
-10,-248,8,26,5,-15
-48,-307,-50,7,3,-23
24,-264,20,-37,33,9
58,-191,44,-1,2,-9
-32,-273,-21,4,-9,-45
-30,-305,-49,-8,-33,-11
30,-218,34,6,3,16
31,-216,32,-13,2,17
-47,-303,-48,29,-47,-3
-12,-267,-10,-34,-28,-3
33,-230,55,9,8,12
5,-233,27,5,32,14
-61,-292,-27,5,-28,46
-4,-239,1,12,-6,-17
54,-208,38,20,-3,-25
2,-274,-13,-2,22,1
-48,-285,-40,4,4,-4
21,-218,34,-14,2,-30
44,-232,39,-37,-17,-30
-43,-298,-41,1,-31,-31
-30,-281,-21,12,22,1
55,-209,33,14,7,6
20,-250,14,20,7,-5
-42,-305,-51,-15,3,12
3,-238,-24,-16,-35,27
42,-218,61,3,-1,8
-22,-273,-4,5,19,23
-51,-291,-51,-12,8,36
15,-246,23,13,4,13
31,-206,38,-27,-16,17
-17,-298,-27,-4,-31,-2
-47,-295,-49,13,-12,-0
48,-207,47,-23,22,-19
9,-241,21,14,23,-21
-51,-314,-51,13,3,1
-19,-247,6,2,8,-2
45,-201,56,23,-14,-35
-9,-263,4,2,-13,-23
-48,-331,-40,6,21,50
19,-229,14,22,5,1
31,-209,51,13,-11,12
-30,-293,-49,8,-28,-17
-46,-294,-22,-39,-21,14
36,-216,49,-34,38,-14
14,-233,40,13,0,15
-54,-297,-47,12,9,-22
-8,-268,-29,-32,1,-28
57,-182,78,1,6,-21
-10,-271,7,11,-3,7
-37,-304,-49,22,14,-3
9,-242,14,10,-7,-3
53,-207,24,1,5,52
-38,-268,-18,17,-6,6
-42,-285,-22,9,-5,-41
24,-196,30,15,11,5
17,-228,34,25,40,-1
-46,-301,-46,-11,-26,-75
-5,-264,-23,-1,-19,-0
48,-214,41,-9,1,9
9,-259,5,17,26,-2
-54,-306,-44,5,25,-1
7,-234,14,22,-7,-25
41,-217,67,-37,22,-26
-12,-280,-23,17,6,10
-46,-307,-52,-11,18,6
34,-226,39,-7,22,10
32,-222,16,2,-36,-27
-48,-275,-39,-14,7,-6
-35,-293,-42,10,10,19
43,-202,57,-8,12,-6
-12,-248,5,-17,13,1
-53,-317,-37,-49,-1,28
5,-263,12,-13,25,-1
58,-216,40,34,-33,57
-26,-287,-20,-48,-24,11
-51,-279,-34,13,24,-21
39,-235,41,19,12,-5
43,-221,25,-9,-10,-18
-24,-312,-27,19,20,19
-20,-291,-23,13,16,-13
54,-200,58,-46,17,-6
6,-248,21,-30,11,14
-48,-291,-52,-9,16,-16
6,-257,-1,-0,-11,-33
58,-220,54,7,5,21
-17,-265,-15,9,-16,4
-40,-312,-39,21,29,24
28,-235,34,38,14,-4
41,-238,36,4,26,-1
-36,-281,-45,18,-3,-8
-17,-284,-27,7,10,27
50,-229,28,-28,1,-16
14,-249,-5,-34,6,-12
-21,-310,-39,12,1,25
-21,-259,-4,19,-17,0
31,-203,64,37,-14,-12
-31,-262,-21,10,-13,-6
-62,-302,-52,-14,4,-17
20,-221,16,8,-7,-37
45,-228,28,-26,-2,-13
-35,-293,-14,7,18,42
-44,-281,-37,13,-39,22
45,-197,38,-8,55,14
20,-235,8,31,26,-5
-48,-290,-43,13,17,3
-8,-269,-8,16,8,45
36,-207,66,-33,21,-21
-14,-267,-19,14,3,9
-59,-302,-55,0,0,-19
25,-248,19,-0,23,-7
37,-197,40,26,-4,-27
-38,-281,-38,-22,-13,5
-25,-289,-54,-18,-1,9
43,-209,46,-14,-27,2
25,-237,31,25,-3,23
-56,-316,-40,-13,25,-4
-12,-254,-18,-3,16,39
42,-208,46,17,15,12
1,-266,-17,-19,-15,-31
-56,-284,-56,-34,-31,8
11,-260,10,-1,47,-27
49,-217,49,1,5,-17
-38,-304,-38,12,34,5
-33,-276,-45,-21,-7,-35
27,-213,33,13,-46,-0
42,-241,26,-42,20,-52
-40,-308,-46,-47,-6,-10
-39,-248,-6,21,8,-6
32,-203,53,1,1,-26
9,-268,17,-12,-28,-27
-57,-299,-40,3,3,14
9,-244,12,-14,-13,-14
43,-198,40,4,-32,19
-9,-271,-60,41,15,4
-45,-303,-32,-5,3,-11
36,-210,39,-32,35,-0
25,-229,43,-10,-9,-5
-50,-302,-45,-4,4,12
-16,-294,-23,25,-29,-12
36,-213,37,-4,12,3
-5,-247,3,-12,3,1
-68,-308,-43,4,-41,62
10,-264,10,19,-19,10
59,-187,57,-7,32,25
-12,-277,-27,-28,-18,9
-46,-297,-37,5,-14,8
20,-234,24,-1,-29,28
44,-233,18,5,-25,-17
-44,-299,-34,23,19,24
-33,-261,-31,12,-22,-1
41,-206,38,-3,-14,-2
-10,-265,-2,26,-11,-10
-25,-307,-62,21,31,-20
12,-264,-2,-29,-29,-1
44,-203,18,12,-23,-2
-12,-271,-38,-23,-10,-17
-48,-295,-28,-11,4,-10
50,-226,40,-28,18,-12
29,-218,54,-22,7,21
-29,-295,-34,-5,21,-21
-31,-283,-14,7,30,7
39,-209,44,-28,28,-34
-11,-245,27,6,34,22
-58,-291,-53,-25,-8,-5
17,-268,-9,30,-7,51
54,-188,66,-10,13,-18
-23,-288,8,19,-9,-26
-46,-315,-52,3,-10,24
26,-230,18,-18,-30,1
44,-223,35,17,11,11
-39,-293,-42,-4,-2,0
-27,-276,-14,41,6,33
40,-222,37,3,-26,20
20,-249,8,-21,15,19
-39,-307,-60,-14,-10,35
-12,-265,-4,40,-7,32
61,-215,56,9,-3,-11
-9,-273,-10,-24,-10,-19
-55,-294,-45,1,18,7
26,-228,29,16,-28,-1
23,-213,60,-2,-4,-18
-34,-298,-39,23,20,-24
-21,-307,-27,24,1,-10
42,-233,32,-2,11,2
20,-223,19,14,-43,17
-19,-287,-63,17,20,-21
-5,-260,3,23,11,27
46,-233,46,-15,19,-28
-7,-269,8,-14,-20,29
-51,-300,-62,-21,3,12
9,-250,10,24,3,-51
41,-201,58,-6,-19,-7
-34,-274,-45,-3,2,-38
-52,-286,-56,3,-16,13
30,-214,23,11,-9,-8
27,-219,25,9,-7,-7
-42,-315,-60,9,-3,5
-5,-269,-17,19,19,12
62,-188,45,7,-7,-8
-4,-256,-17,1,29,-8
-60,-307,-46,25,-11,-32
10,-249,3,-2,-35,-21
34,-220,45,-42,27,12
-38,-278,-29,-2,5,22
-48,-284,-24,14,18,24
23,-215,22,-48,6,37
28,-225,14,0,-8,20
-51,-300,-54,37,16,8
-14,-261,-20,-3,6,-35
37,-207,38,18,1,8
1,-242,6,-25,20,-1
-46,-311,-59,22,-15,-30
4,-246,21,-62,-20,-7
46,-207,51,-8,33,6
-25,-266,-28,21,12,12
-21,-314,-56,-7,13,26
22,-210,47,-28,31,15
41,-209,33,6,3,23
-39,-307,-41,-4,-1,-28
-25,-277,-21,5,-53,-19
68,-191,38,2,-20,-23
7,-240,10,17,-14,5
-40,-290,-52,-16,-41,-24
-4,-247,6,7,-2,-43
30,-195,36,-4,25,16
-25,-265,-3,21,-30,-6
-49,-303,-40,-4,-3,18
16,-227,19,-20,-11,-21
34,-218,34,39,2,4
-52,-285,-42,-10,4,-9
-13,-285,-12,-29,-29,14
59,-224,38,-12,4,50
19,-242,6,9,-24,-21
-65,-316,-38,9,-45,-15
-16,-236,-19,-12,3,16
58,-207,63,-30,4,7
-9,-270,-9,-11,36,47
-51,-310,-52,-1,-9,-49
28,-229,38,-14,6,-16
30,-209,41,12,35,-2
-43,-277,-48,28,-5,-1
-42,-297,-17,-12,20,-2
29,-201,34,-14,-1,8
30,-261,19,-21,-10,12
-48,-316,-53,31,60,16
2,-259,9,3,58,-0
50,-213,49,5,11,0
-9,-264,-18,-11,-1,32
-42,-295,-63,-13,22,3
27,-236,42,-13,-8,-23
57,-209,53,-3,-27,-19
-23,-297,-46,10,-20,-19
-39,-304,-27,0,23,-41
50,-191,42,10,-38,5
14,-238,31,5,14,-19
-30,-302,-62,9,1,27
6,-267,-15,16,-18,26
48,-198,63,13,-27,38
-1,-243,-1,-8,1,8
-48,-298,-37,10,18,-12
23,-230,15,-11,-13,-51
50,-239,41,-4,-37,14
-33,-272,-40,-19,10,20
-39,-281,-18,-6,36,-20
64,-212,29,3,-13,-37
23,-224,55,-18,31,0
-51,-304,-50,10,38,27
-13,-271,-26,-19,20,3
34,-217,70,-39,4,-2
-1,-259,-8,-23,-6,39
-47,-307,-40,5,42,-6
4,-246,14,14,3,24
39,-206,46,1,15,8
-35,-285,-8,-3,-9,-22
-49,-296,-27,33,-35,23
25,-211,43,-7,-12,15
17,-216,17,27,-2,1
-54,-300,-46,-34,-19,-52
-35,-285,-13,30,4,3
54,-200,64,9,21,25
4,-247,4,37,14,-21
-44,-296,-48,-42,31,-28
5,-245,18,-16,-10,-23
46,-211,39,32,-7,-33
-28,-281,-11,-40,-14,-18
-55,-288,-42,-9,3,2
44,-243,36,10,-1,-2
37,-235,30,-36,50,-19
-32,-295,-29,-22,10,15
-11,-286,-32,-18,-12,21
55,-219,44,-0,1,-18
-0,-255,20,14,1,-21
-38,-306,-57,-11,1,6
-4,-256,12,19,37,47
37,-204,50,31,6,-7
-7,-263,6,-10,-2,7
-57,-295,-40,29,16,-12
19,-221,7,16,-0,19
65,-227,35,1,37,-13
-40,-299,-35,-4,-1,-26
-9,-279,-26,-13,-10,-34
44,-215,41,-3,29,-24
31,-236,7,9,2,8
-53,-311,-36,-10,23,-15
-4,-250,0,8,-26,-42
56,-204,24,15,-10,8
-28,-252,-14,-13,12,-20
-38,-301,-55,-6,15,8
13,-225,14,24,-10,-30
42,-214,28,-19,18,24
-22,-279,-48,-28,-5,-23
-25,-283,-36,10,35,-8
52,-222,41,12,-9,-16
29,-229,12,-4,-9,-12
-41,-305,-44,16,-2,4
-3,-269,-29,-13,16,-28
44,-209,41,-9,-30,2
-6,-255,-19,12,-13,-13
-37,-325,-53,-19,-20,28
6,-244,20,4,-12,-16
38,-211,47,-7,-22,24
-37,-288,-30,-33,16,-34
-36,-310,-42,-3,-1,-6
50,-204,48,47,-2,13
25,-250,26,-20,26,-0
-48,-292,-56,-30,17,-20
-4,-253,9,31,20,-11
37,-209,28,4,8,10
-23,-264,2,-24,9,19
-40,-294,-44,-5,9,-1
32,-237,21,14,39,-11
36,-220,63,-14,10,13
-22,-294,-17,13,0,11
-15,-297,-25,4,23,1
33,-234,47,-43,-19,43
30,-239,34,-24,-23,3
-66,-299,-39,34,-13,-7
-17,-269,-16,3,-24,19
40,-216,48,5,-12,-21
-11,-242,3,-37,-12,8
-40,-313,-36,-35,-32,35
23,-247,15,15,-1,-45
52,-209,18,-1,18,-20
-27,-280,-38,8,-9,9
-45,-295,-23,-13,-16,41
27,-225,62,9,13,4
24,-234,24,7,-2,-8
-35,-301,-38,-21,31,-29
-30,-260,-17,13,30,-16
44,-214,75,-22,-10,5
14,-247,-7,4,2,-9
-54,-303,-45,-8,4,-8
11,-257,-8,-8,-10,-0
44,-215,49,-2,13,2
-21,-260,-21,22,-46,-13
-51,-296,-29,27,18,-17
33,-222,26,0,-6,12
40,-225,51,6,-4,-4
-50,-304,-34,6,25,6
-29,-290,-33,18,18,4
48,-225,56,12,-0,-5
-14,-251,16,33,-28,-11
-63,-305,-52,5,-9,-3
8,-253,11,-6,13,-21
58,-208,60,-30,-27,-11
-27,-276,-25,4,19,37
-64,-283,-42,-7,-9,-29
21,-232,42,7,41,10
26,-234,35,10,-17,-16
-36,-294,-44,7,-12,31
-25,-268,-24,-57,-35,14
50,-198,56,5,25,-19
21,-232,23,-9,-16,19
-31,-307,-57,-17,-6,-7
-8,-263,5,-1,-6,-3
64,-190,81,8,-1,-18
-12,-284,-10,-13,-4,-31
-51,-289,-42,-4,36,-35
26,-241,20,24,15,13
38,-204,59,21,-41,0
-26,-288,-32,1,11,25
-25,-303,-32,-19,-9,-16
51,-207,49,11,-5,13
7,-253,8,49,1,40
-42,-303,-47,-8,-2,-20
2,-271,9,3,-23,3
67,-201,50,-21,-47,-5
-11,-250,-9,8,38,14
-42,-312,-63,-7,-27,-11
23,-236,-14,17,-17,14
43,-214,49,40,14,-24
-23,-297,-26,12,15,3
-31,-292,-23,5,-23,-31
60,-203,52,14,5,-5
26,-226,28,-15,-41,1
-51,-290,-52,-15,17,9
7,-253,-14,11,-6,-14
49,-192,52,-6,-13,4
-20,-267,-5,-14,13,9
-59,-302,-49,1,17,-0
15,-250,19,14,23,-22
34,-220,56,16,-6,-4
-35,-284,-25,2,35,-20
-37,-286,-25,-22,-6,3
48,-214,51,-13,-31,-7
31,-239,27,3,27,26
-58,-294,-31,0,5,22
1,-282,-23,-8,-7,8
45,-219,43,-13,-47,-19
8,-262,1,21,-10,33
-38,-294,-54,6,-18,9
8,-263,6,-39,19,32
53,-214,46,3,-40,38
-28,-284,-20,-14,47,-21
-44,-285,-45,7,1,28
32,-221,47,12,9,-4
41,-218,34,2,-21,23
-40,-307,-47,34,-14,-38
-37,-270,-25,37,-2,-24
52,-220,44,-13,-5,31
27,-257,14,-17,-17,32
-34,-327,-65,26,15,-8
7,-257,19,2,55,9
67,-204,50,3,-7,-5
-28,-296,-6,21,-36,-2
-25,-294,-50,2,37,-13
36,-219,22,-25,-9,-6
34,-223,19,-26,8,-12
-36,-292,-30,36,-4,5
-6,-284,-27,-14,27,-9
41,-208,51,2,-8,-12
-3,-260,13,5,-8,-17
-54,-305,-67,8,8,-8
9,-247,-4,7,-12,-14
47,-209,52,-36,13,21
-28,-282,-29,-11,15,2
-38,-296,-32,30,35,29
37,-213,25,18,-18,9
34,-210,20,-17,-17,-44
-41,-286,-26,-2,28,10
-26,-282,-15,19,-7,2
40,-212,34,-12,14,-12
13,-254,30,-7,2,-10
-40,-307,-44,26,8,-42
6,-257,6,31,9,-11
44,-197,43,6,9,3
-10,-265,-13,-11,-20,25
-45,-312,-69,-12,23,17
28,-228,16,25,7,-6
44,-204,37,10,19,4
-21,-289,-37,14,-1,7
-40,-292,-13,-18,8,28
68,-217,40,-14,22,1
10,-245,11,19,30,48
-64,-300,-44,-38,3,12
-4,-273,7,-3,-30,-12
41,-189,48,32,9,12
-11,-261,-23,-24,-11,45
-31,-308,-44,2,-29,-4
36,-235,23,-11,18,-6
36,-209,39,-15,-3,28
-37,-292,-20,-20,-13,-18
-52,-294,-44,-1,18,32
35,-206,62,-12,-0,16
22,-248,31,6,-3,-1
-40,-293,-50,-55,-6,3
-14,-266,2,2,1,6
48,-216,51,8,32,-12
-14,-260,-13,-22,18,22
-77,-295,-51,34,8,30
12,-245,26,-33,-31,-15
57,-213,44,-8,12,-26
-27,-288,-24,20,-30,-19
-41,-279,-24,-13,-23,29
29,-224,50,-2,29,-26
27,-227,24,12,-1,-3
-61,-301,-41,2,29,9
2,-260,-13,2,-30,-3
56,-222,40,-33,-27,-8
14,-240,8,1,-5,16
-49,-289,-55,32,4,-14
20,-236,8,31,-12,6
62,-202,61,1,11,-3
-15,-281,-27,-1,-13,8
-22,-301,-37,5,-18,-14
22,-220,43,-30,-30,12
33,-225,34,-9,-12,22
-36,-306,-47,17,-19,21
-23,-264,-20,-11,32,-3
51,-227,47,-10,-31,11
8,-252,5,44,21,-3
-57,-308,-59,18,-17,-5
17,-246,9,6,4,-15
49,-209,41,10,20,16
-32,-278,-20,-2,-18,16
-46,-284,-45,-3,-4,10
32,-220,16,4,-11,12
30,-215,29,31,-15,-5
-36,-314,-39,24,-34,-6
-24,-269,-30,-11,-21,-16
47,-209,54,22,34,-35
19,-241,1,-27,4,-6
-46,-305,-62,3,-34,26
0,-258,8,2,-0,-32
51,-219,29,10,32,2
-6,-274,-37,26,-19,-50
-34,-298,-45,-1,-11,-30
4,-227,41,-4,54,-4
25,-213,40,19,18,-28
-36,-297,-33,10,-0,8
-11,-280,-15,12,39,5
53,-217,40,-8,19,-11
14,-267,23,-5,36,12
-48,-307,-59,15,-9,9
4,-263,11,-26,-1,11
36,-209,42,-10,20,-22
-12,-275,3,-7,13,-4
-56,-281,-49,-8,-5,-7
44,-234,22,3,-22,-26
54,-220,59,0,-8,10
-32,-288,-22,9,39,-14
-33,-278,-21,-1,-2,-22
41,-203,63,17,-9,-27
27,-261,21,-52,-6,-15
-46,-292,-50,36,8,-43
-24,-276,-2,-29,11,-3
45,-199,37,29,-37,-14
-9,-268,-2,-3,2,-27
-38,-309,-33,-26,32,2
12,-232,22,20,14,11
48,-230,23,-21,-19,-6
-42,-279,-9,17,-8,-13
-47,-302,-44,-18,3,-7
62,-223,53,6,2,-0
22,-232,28,13,16,31
-56,-300,-45,-41,32,-0
-24,-270,-9,5,-11,14
43,-208,56,-17,-5,-36
-14,-269,-8,-28,28,-15
-47,-311,-47,-13,20,-16
17,-230,14,-15,-3,-15
41,-207,52,-3,-12,9
-33,-292,-27,20,1,7
-32,-291,-38,22,-11,18
49,-212,51,-6,-37,29
6,-228,35,-5,-13,-5
-64,-285,-50,-3,-2,7
-6,-259,3,17,-29,45
43,-191,52,13,-19,17
1,-256,6,18,-4,-21
-58,-309,-53,-37,-28,-5
13,-247,28,-7,-24,19
60,-215,45,25,-3,-19
-4,-300,-23,26,-22,-19
-53,-298,-48,-22,-32,-22
43,-225,20,-35,-7,25
26,-230,37,-20,-16,33
-44,-302,-46,-14,11,-33
14,-291,-39,-34,-13,10
41,-193,49,-22,12,18
-5,-246,-6,16,-41,-21
-42,-307,-69,12,-0,4
26,-224,8,0,18,19
46,-203,63,-2,8,-2
5,-257,-19,-12,-4,0
-52,-298,-43,-13,8,-20
33,-221,35,12,-13,28
46,-223,38,14,1,19
-36,-301,-37,-1,-7,9
-34,-273,-21,26,-9,26
49,-216,76,4,1,-7
7,-233,-1,19,10,1
-24,-314,-62,14,-16,31
1,-251,1,-25,17,-41
43,-205,24,5,13,-16
-26,-289,-3,-11,10,-22
-55,-301,-51,6,12,2
45,-222,45,4,5,-15
54,-221,44,-11,6,29
-41,-281,-38,28,16,-18
-7,-275,-27,-8,-5,-21
38,-216,53,10,0,21
7,-251,6,-4,11,-22
-44,-315,-56,-4,-6,70
2,-261,8,26,-4,-21
47,-207,38,20,-17,20
-29,-266,-26,9,-52,5
-39,-295,-44,-12,-19,-19
32,-223,11,-13,-12,18
44,-212,42,-30,6,13
-40,-309,-22,1,11,-10
-19,-278,-45,-26,-34,-7
39,-212,38,9,-1,-17
12,-241,15,-2,8,1
-54,-294,-30,-7,-15,-29
-17,-262,-19,4,-8,-2
55,-197,43,-8,-8,6
-21,-272,-20,-18,-4,-4
-47,-300,-65,14,18,-15
29,-243,18,18,6,18
47,-231,45,-9,-4,12
-29,-296,-25,-17,-16,36
-20,-292,-21,-7,-27,32
29,-210,44,-11,-14,-30
22,-224,29,25,36,-8
-53,-274,-65,4,-32,5
2,-248,-18,14,-25,-28
41,-203,53,-26,-42,-2
-15,-250,-14,7,-20,-21
-52,-319,-44,-18,-8,17
12,-219,28,26,-14,-18
53,-211,51,40,8,10
-26,-277,-33,-8,-0,-14
-24,-287,-42,-3,-8,-10
27,-216,57,-12,22,7
11,-231,31,-29,4,-18
-35,-266,-63,-18,-3,30
-10,-259,-20,25,24,-2
43,-199,45,-27,-30,-23
-13,-248,-8,9,10,22
-44,-314,-65,3,-9,-2
7,-231,13,29,-4,-24
60,-209,34,11,-11,13
-21,-285,-29,-6,29,24
-43,-303,-35,-16,2,14
31,-213,37,-30,40,-27
21,-233,11,7,-1,41
-21,-300,-56,13,13,44
-25,-260,9,3,-4,26
53,-205,37,-40,-6,41
16,-245,4,26,-23,-9
-49,-291,-43,33,23,4
24,-230,2,-22,2,-25
33,-218,41,-49,-35,-10
-16,-273,-20,51,11,-40
-23,-309,-41,-23,3,-14
31,-215,29,3,-23,50
34,-228,40,-26,19,-4
-50,-298,-47,4,-7,13
-16,-284,-22,-31,-4,-20
47,-224,43,-13,-15,23
12,-250,1,-49,18,-29
-57,-324,-41,2,27,9
9,-244,15,3,-30,16
20,-220,55,9,11,22
-13,-279,2,-22,-23,-8
-44,-284,-31,-11,-8,18
33,-240,19,24,41,40
27,-223,21,-11,-38,12
-35,-296,-41,-15,29,1
-18,-277,-41,-13,-50,-40
39,-206,39,4,-7,12
7,-242,14,-7,-23,-9
-44,-310,-44,27,-52,27
-12,-256,-12,-8,-12,-7
42,-199,53,-9,-30,12
-9,-271,5,-0,1,-14
-46,-302,-61,-13,23,-1
31,-237,23,-20,24,10
31,-220,49,-5,5,26
-30,-274,-28,6,-2,16
-35,-281,-52,1,46,-18
31,-212,45,-46,-2,12
26,-233,11,-9,-4,-7
-52,-306,-41,-24,2,-17
-15,-259,-18,-42,-20,-3
66,-198,61,-3,-41,-21
6,-266,2,-20,9,-26
-49,-292,-39,-2,-13,-20
29,-222,31,-16,-3,-15
50,-200,40,-6,36,-5
-26,-278,-18,-22,-25,-7
-33,-285,-34,6,2,-5
31,-202,35,-15,-6,27
39,-250,13,3,6,-12
-48,-311,-40,-23,4,18
-11,-264,-16,27,14,0
43,-215,61,22,-55,-4
-3,-259,0,1,-35,-12
-50,-298,-53,-0,-10,7
8,-231,13,22,48,21
37,-213,42,-44,22,2
-30,-283,-37,-2,-9,-7
-25,-281,-16,13,4,5
38,-208,27,24,-9,-25
25,-221,14,15,-13,-22
-39,-296,-47,2,-11,19
-3,-277,-23,39,25,-0
52,-212,49,-5,17,-4
5,-263,12,-10,-17,21
-37,-305,-51,-17,7,25
30,-238,10,-24,20,3
52,-216,38,35,12,-4
-29,-273,-23,-35,30,-0
-27,-299,-27,19,-11,-3
34,-228,41,-15,9,-0
28,-243,48,-5,-5,8
-32,-297,-52,-25,-3,-2
-21,-293,-2,-26,35,4
43,-205,51,23,-13,-10
4,-259,25,-12,-11,-14
-57,-299,-53,34,-47,-10
0,-246,5,9,20,1
52,-207,51,-11,7,23
-36,-302,-20,-20,17,-28
-22,-304,-29,10,-5,-10
35,-227,24,7,51,9
12,-222,35,19,40,-7
-35,-307,-41,6,-16,8
-14,-281,-16,-16,-5,18
34,-214,50,7,-18,-3
12,-245,22,-15,36,-5
-62,-302,-50,-20,33,-6
6,-262,7,-5,-5,15
43,-205,53,11,17,1
-4,-247,-25,-42,15,12
-44,-301,-58,-18,-33,12
41,-230,21,-31,-21,-6
33,-237,29,25,9,5
-39,-302,-37,4,-9,-23
-38,-269,-33,13,-0,-2
57,-207,48,54,6,-13
24,-242,30,37,17,4
-39,-303,-54,2,-28,-8
0,-248,9,-15,-23,-25
44,-190,55,12,-24,29
-24,-255,-11,14,26,20
-36,-317,-47,16,-9,14
38,-235,15,3,6,-12
32,-216,45,28,7,-6
-52,-296,-24,-14,12,-10
-22,-282,-33,3,-19,11
61,-223,38,27,49,-2
-1,-273,7,-25,-5,49
-31,-311,-53,27,35,-24
-1,-255,-17,-8,7,-21
48,-215,49,-2,19,-13
-13,-280,-3,-21,10,2
-63,-302,-52,-5,2,-50
18,-238,16,46,10,16
48,-225,43,-27,-6,-4
-47,-307,-25,63,-27,40
-22,-266,-27,24,-20,-29
22,-223,36,11,15,31
26,-236,31,-34,-29,-23
-37,-296,-35,-9,17,-8
-9,-237,-30,4,32,26
47,-209,44,15,-1,-19
-6,-269,-7,-2,-12,-5
-41,-295,-33,15,15,0
5,-238,9,-13,-5,28
55,-223,35,-1,-6,-13
-47,-285,-41,-7,-28,-45
-37,-303,-24,10,5,7
55,-219,50,7,-40,-8
15,-235,20,-13,3,10
-41,-313,-56,35,-12,6
-28,-260,-47,32,25,64
44,-198,81,14,-22,-5
-9,-269,2,-12,-25,-14
-46,-312,-32,22,-11,17
-4,-245,3,-8,13,-9
58,-195,49,-19,-3,55
-30,-293,-29,36,19,13
-31,-294,-33,37,-7,13
39,-211,53,-13,-22,-12
27,-218,24,-20,-8,16
-66,-315,-41,12,-29,51
3,-278,-3,-17,-12,8
57,-206,55,-29,-6,-13
-10,-258,0,4,-9,35
-41,-304,-58,-11,-39,22
22,-254,20,18,9,34
31,-206,40,-8,-50,3
-25,-290,-29,21,3,-2
-40,-307,-58,-8,-26,-17
51,-240,25,-17,-16,-24
29,-223,32,-15,-28,-15
-59,-293,-16,18,7,-9
-18,-283,-13,3,-19,-3
39,-203,35,1,21,40
12,-267,10,16,17,-14
-45,-300,-47,42,-5,13
14,-252,19,5,12,-1
25,-211,59,2,-8,28
-24,-270,-10,2,34,22
-47,-294,-49,-18,-38,-20
19,-232,37,-5,-2,-4
47,-214,27,3,9,-1
-58,-287,-48,16,52,-18
-29,-282,-33,-22,-17,6
40,-223,63,11,6,9
-2,-235,1,2,-8,16
-66,-305,-46,6,-9,-17
-14,-244,6,12,14,2
51,-214,62,-18,13,18
-21,-268,-7,-5,13,-8
-47,-318,-52,-0,-1,-12
23,-235,39,11,-3,-1
39,-213,38,-7,21,-11
-23,-302,-55,9,22,-13
-26,-286,-21,-0,22,-8
36,-215,40,13,10,-13
20,-241,8,-8,9,-14
-62,-327,-48,-0,5,-35
-3,-254,-3,6,-4,-3
54,-204,64,-5,-32,-16
-4,-262,8,-14,-31,-6
-41,-287,-36,-5,-2,-35
17,-232,25,-1,-16,-31
45,-205,50,14,17,19
-30,-285,-32,31,-3,-30
-36,-293,-30,-6,-41,13
36,-187,41,-26,19,9
4,-217,22,50,12,-6
-29,-281,-38,-13,1,-22
13,-250,-3,-14,-12,33
44,-196,48,-0,17,7
-14,-257,-10,9,-17,28
-63,-304,-69,-1,9,3
16,-222,50,-1,9,14
59,-211,26,-4,-23,20
-35,-278,-30,10,-21,26
-42,-299,-39,16,-4,20
37,-233,30,-2,-49,-10
26,-233,13,25,-44,8
-48,-313,-35,-27,-8,-34
-21,-269,-15,13,5,-14
61,-207,62,-15,19,-18
15,-280,-12,12,-2,-1
-39,-313,-47,3,24,-11
24,-245,6,25,-20,14
35,-218,53,2,23,-6
-31,-267,-34,10,1,11
-35,-305,-2,0,-18,42
29,-212,47,2,18,22
35,-233,4,-27,3,-4
-42,-302,-47,5,30,-15
-9,-274,-9,7,-21,-59
33,-216,50,19,47,-20
10,-251,-4,7,1,-42
-71,-294,-42,34,-20,-1
9,-256,19,-6,21,21
55,-199,50,-1,22,12
-28,-276,-22,39,42,-17
-40,-276,-28,-5,-35,-18
31,-235,54,20,33,24
40,-225,26,18,-7,4
-58,-300,-31,15,13,-4
-18,-279,-4,28,-14,-24
48,-212,56,35,-27,-4
18,-251,-9,3,-1,2
-42,-317,-55,16,11,17
22,-253,14,10,-32,13
50,-200,67,-15,8,16
-14,-273,-6,-25,-23,-28
-59,-294,-44,-2,10,7
18,-228,46,24,-48,1
46,-204,44,-12,5,28
-36,-294,-45,2,-17,25
-21,-281,-20,-25,-19,5
29,-209,53,-33,-4,46
5,-258,19,7,10,-33
-49,-299,-48,4,25,-4
6,-262,-1,50,-11,-13
27,-217,27,6,-6,-25
-4,-266,-12,-27,-8,-12
-32,-303,-59,-17,5,-3
36,-234,28,-8,47,-20
38,-209,39,6,-6,12
-37,-293,-50,-7,16,2
-4,-279,-31,12,34,-51
42,-210,27,4,29,-28
23,-230,23,-6,16,-31
-51,-306,-49,18,-3,27
-8,-261,2,1,4,31
53,-220,47,-19,16,24
-25,-255,-7,-2,27,-34
-54,-305,-26,71,45,-5
23,-233,45,9,-2,16
35,-219,32,36,-11,-13
-57,-272,-15,19,10,15
-49,-267,-32,-7,-17,-8
38,-206,25,-37,-28,11
17,-237,9,11,22,-20
-53,-298,-34,13,-25,36
-15,-276,-3,30,-19,-1
41,-196,42,-11,-21,8
5,-268,-16,-6,-43,-11
-36,-305,-67,15,25,-24
18,-230,13,28,1,22
62,-209,49,-37,5,-15
-41,-300,-21,-43,0,11
-27,-285,-38,11,22,24
60,-196,35,-9,-5,30
24,-253,30,30,-22,11
-54,-318,-50,-21,2,-2
-18,-257,-19,-18,-26,-33
71,-196,65,-20,10,60
-15,-276,13,11,-1,-7
-45,-317,-46,21,21,-6
9,-250,4,25,10,-2
45,-199,51,-18,3,-24
-26,-297,-24,0,17,-37
-32,-294,-33,32,-15,-5
25,-213,31,41,-23,-24
8,-240,24,8,-34,14
-35,-288,-37,-19,13,-33
-31,-270,-14,-7,65,8
55,-217,49,-17,15,16
-1,-250,-15,-19,5,7
-29,-307,-48,5,26,4
26,-239,6,10,47,39
49,-215,52,-10,-8,-24
-35,-277,-31,7,4,28
-54,-310,-65,-0,-19,36
33,-216,41,-26,-25,-12
30,-240,48,-34,29,-15
-41,-300,-37,11,-2,-2
-20,-270,-12,8,11,-11
58,-205,57,-1,-2,22
5,-261,8,-18,-18,-47
-48,-307,-47,-14,11,-13
14,-270,7,-21,22,-8
45,-198,48,13,-6,-45
-13,-290,-13,-7,31,7
-55,-291,-59,-29,23,-25
32,-226,43,12,-12,-7
21,-231,42,26,-6,10
-15,-301,-13,-15,37,15
-35,-292,-27,5,5,-20
32,-214,36,19,18,-9
21,-242,28,-7,-10,3
-56,-306,-59,31,-3,15
-2,-247,9,19,-37,7
22,-201,46,-25,-2,-11
-18,-259,-5,-17,-2,18
-52,-311,-34,38,2,-25
35,-234,21,-13,28,20
72,-222,26,-12,-4,2
-30,-286,-44,-22,-7,-0
-35,-296,-20,5,-20,16
47,-206,53,-11,-26,20
21,-234,16,31,-1,12
-35,-299,-66,19,32,22
4,-264,3,-21,38,7
43,-196,41,-25,-4,2
-8,-249,-7,-39,4,-31
-49,-313,-37,-35,-28,-23
18,-226,39,25,22,-12
50,-231,45,-13,13,-1
-42,-301,-35,17,-16,-11
-42,-296,-38,23,4,-8
31,-200,11,18,-10,14
23,-251,12,-10,-5,-34
-42,-295,-54,-14,3,16
-12,-274,-25,25,-23,2
67,-199,75,-37,28,-15
-2,-252,0,-6,37,-12
-35,-294,-32,-19,15,-6
31,-233,2,8,-31,5
61,-213,43,-0,-16,1
-40,-282,-37,5,-13,16
-17,-291,-41,-16,-29,-8
43,-206,42,-14,-10,9
36,-229,25,2,8,-39
-47,-287,-41,11,-22,-3
-11,-250,-10,-4,0,-13
70,-204,65,-15,-32,8
8,-260,5,4,-3,-10
-50,-314,-52,-28,-39,31
23,-246,31,-6,-6,21
50,-213,46,-10,2,11
-3,-280,-46,-5,8,-5
-28,-278,-24,39,-5,45
24,-224,44,-28,27,-9
-0,-225,26,14,-2,-16
-53,-295,-66,-9,-9,0
7,-269,-14,3,-39,3
38,-222,49,-17,14,-17
15,-229,1,21,25,27
-47,-310,-65,-5,19,37
13,-267,11,-10,3,33
50,-209,55,-22,-41,3
-12,-292,-10,-31,-34,-21
-38,-295,-8,-28,-53,12
41,-212,41,-28,-3,-10
44,-207,38,22,1,16
-26,-290,-32,-12,-7,14
-20,-267,-33,-21,-32,-16
63,-205,65,-11,-4,-21
-9,-251,-4,16,-28,-16
-32,-310,-57,4,-5,4
11,-252,9,-5,23,7
39,-202,62,11,8,-47
-7,-266,-10,14,26,21
-45,-308,-25,12,24,-33
36,-250,25,-32,23,-3
51,-233,25,7,26,0
-30,-295,-29,21,-15,-13
-10,-270,-20,15,16,11
56,-214,27,15,18,-5
19,-251,8,16,14,-10
-70,-298,-33,-6,-42,8
17,-264,-2,23,2,20
41,-201,39,-37,-1,-65
-17,-279,-21,-11,-7,-8
-36,-322,-42,7,-13,-24
19,-236,20,-3,-0,-14
48,-216,45,-18,-2,8
-34,-305,-49,14,-19,-26
-43,-284,-34,-13,7,-5
33,-208,49,-6,18,-10
25,-259,16,1,-0,-22
-56,-314,-42,-3,-27,7
4,-253,-5,-5,-4,32
63,-187,57,-26,-1,10
-19,-264,-20,-10,-17,24
-58,-295,-52,-23,8,-32
42,-244,28,40,7,-11
49,-215,44,24,-11,9
-29,-288,-30,-22,-17,40
-25,-260,-51,26,39,11
33,-199,35,7,-3,-30
22,-218,37,-29,12,-15
-34,-300,-39,-36,-24,-6
-9,-275,-34,-14,22,-13
40,-212,56,21,24,-12
-10,-256,7,-15,-6,-24
-43,-297,-48,40,-2,-19
21,-246,28,8,3,-26
53,-197,32,0,20,3
-44,-274,-37,24,13,15
-19,-303,-44,32,-32,28
41,-222,29,30,15,-21
9,-217,30,36,-22,10
-57,-301,-56,-16,-2,2
1,-274,-31,-35,-4,-12
46,-198,49,-2,45,10
4,-259,-10,-11,11,5
-54,-287,-54,-21,-20,-7
35,-243,-5,-2,3,13
55,-231,66,-30,9,37
-41,-283,-35,14,24,-8
-44,-286,-41,17,-16,2
24,-218,42,-33,25,-33
33,-227,37,41,24,-10
-32,-291,-46,23,-9,4
-34,-269,3,29,28,-18
58,-218,58,2,-3,9
-1,-239,15,-14,-46,-10
-57,-299,-54,9,-20,2
14,-276,24,-17,22,-12
67,-218,55,17,13,-28
-16,-274,-20,-15,-2,22
-36,-288,-49,6,-43,36
30,-231,22,-16,-4,13
33,-219,14,35,-15,-4
-38,-305,-53,-3,19,-1
-30,-279,-22,19,-6,30
31,-224,56,-22,40,20
41,-260,6,-20,8,-19
-53,-310,-57,43,4,27
4,-248,6,-2,12,15
63,-216,59,-8,23,-6
-18,-265,-41,11,-20,-37
-50,-277,-26,-2,-22,15
44,-213,18,-2,-9,11
38,-230,49,35,6,-8
-52,-294,-36,-28,30,-22
-29,-277,-27,-24,6,-22
61,-208,46,-14,-14,-17
2,-244,4,9,15,-5
-51,-313,-57,40,-4,4
4,-271,2,7,11,8
52,-198,41,-45,-24,-1
-5,-282,-15,1,18,-9
-47,-299,-51,-33,-33,-9
32,-239,30,-28,38,-7
47,-213,33,9,-35,19
-43,-288,-41,-18,12,7
-34,-276,-26,27,21,25
48,-218,25,-2,-6,-15
27,-233,8,-36,-7,19
-59,-296,-39,-6,6,49
-17,-258,-7,1,-2,-7
38,-206,60,-27,11,-10
-9,-264,-7,23,13,20
-54,-305,-50,4,-15,-34
38,-236,28,-29,-10,-4
45,-201,28,-39,20,7
-32,-273,-27,3,-29,-28
-40,-280,-17,2,-9,2
54,-230,33,1,28,-11
25,-236,17,-0,-4,-20
-49,-310,-57,18,4,-22
17,-258,2,-19,14,-5
57,-233,51,-16,-22,-4
3,-267,-15,19,-18,10
-51,-302,-44,29,-13,-36
17,-246,23,-18,-0,33
61,-207,44,-25,-3,3
-28,-283,-43,26,21,35
-53,-292,-25,5,19,-10
33,-215,43,-16,7,0
36,-235,15,17,7,-17
-48,-314,-16,-2,-38,2
-12,-270,-19,32,27,24
43,-192,58,-16,-15,4
-5,-256,11,4,6,7
-42,-302,-76,-28,-18,10
3,-250,25,-36,10,-11
59,-195,45,32,44,15
-22,-269,-28,12,46,-13
-53,-292,-38,8,12,7
36,-221,28,19,24,-34
40,-224,24,-18,10,13
-50,-300,-36,-8,-11,-14
-10,-254,-20,-6,21,-7
46,-198,53,9,13,-21
16,-250,3,6,16,-34
-39,-312,-55,-13,15,-36
17,-245,24,-1,-26,-11
43,-203,53,-26,-8,-26
-23,-282,-24,-38,18,39
-37,-312,-40,-5,3,10
32,-225,30,57,-14,20
18,-217,34,4,-30,17
-36,-296,-52,10,24,31
-10,-286,-35,11,20,8
72,-211,57,32,3,-19
17,-260,-18,15,-14,-31
-62,-316,-37,2,-10,35
-5,-222,18,12,54,-32
53,-188,43,-3,4,24
-19,-275,-20,35,14,-9
-57,-296,-41,4,-9,-32
47,-233,27,26,7,-53
43,-235,25,36,-22,-10
-16,-287,-41,16,42,-8
-11,-284,1,29,9,-11
43,-210,32,11,-7,18
14,-259,6,-23,-20,-23
-61,-305,-55,-43,-19,-12
-5,-250,4,-15,-9,3
38,-199,49,18,3,11
-24,-283,-22,-13,10,-16
-49,-301,-53,-22,-14,1
15,-238,40,4,24,21
14,-226,25,5,-3,-9
-24,-309,-23,-24,19,13
-21,-272,-36,16,-20,-12
49,-195,38,17,-55,-39
-6,-260,6,4,10,1
-50,-324,-57,-5,-4,7
5,-249,-9,-34,-29,11
40,-212,31,-23,11,35
-20,-268,-17,-19,33,-26
-60,-310,-36,-11,-9,-14
25,-246,19,-9,12,-32
39,-225,32,17,-16,-8
-48,-284,-36,-30,-3,13
-17,-280,-42,-3,22,15
47,-214,54,18,13,-19
14,-234,13,-12,7,-8
-44,-306,-45,-2,-6,-23
-15,-268,-10,11,23,-52
57,-193,59,11,-6,-0
-11,-258,-11,-21,-18,13
-39,-316,-45,29,-23,-26
3,-246,26,-5,-1,-7
32,-220,45,15,-21,1
-26,-299,-31,18,29,-11
-47,-288,-24,-22,1,31
37,-201,59,1,-10,4
40,-231,17,-7,-10,4
-25,-303,-40,-18,-39,-8
-16,-261,-33,-32,1,18
57,-211,64,10,19,-4
5,-259,-3,32,-7,19
-71,-318,-45,-14,-9,5
29,-256,27,-2,15,-23
41,-206,36,-25,-2,43
-37,-269,-35,-30,0,3
-46,-291,-53,13,-2,33
44,-249,49,2,-28,-11
23,-223,34,28,-28,29
-52,-290,-42,-8,-23,22
-17,-271,-32,-19,-11,15
50,-223,56,-41,13,-8
10,-272,3,-18,8,-4
-56,-299,-44,-33,-22,-17
9,-227,20,14,12,-8
36,-198,49,-5,-24,20
-32,-284,-27,-36,-4,-23
-42,-300,-34,-37,-10,30
9,-214,37,39,8,9
25,-225,21,-16,18,-1
-44,-303,-32,26,-26,-27
-39,-281,-23,-20,-19,8
39,-209,54,-7,4,37
20,-254,7,10,-13,-7
-56,-305,-47,22,-2,-10
12,-247,5,-33,-5,17
58,-219,45,47,-3,-8
-16,-272,-22,-22,2,18
-37,-301,-23,10,-32,4
36,-234,33,-26,5,-19
44,-219,31,18,-23,-1
-37,-293,-34,31,43,33
-26,-277,-24,-16,3,-25
38,-200,31,-24,-20,1
14,-246,-5,34,35,3
-62,-291,-32,-22,-10,-18
-6,-241,6,-22,-36,1
42,-199,64,3,9,9
-6,-273,-24,-19,-1,3
-62,-291,-15,-23,2,4
31,-237,20,-29,-4,15
36,-209,35,-21,4,22
-67,-288,-53,0,29,-10
-17,-279,-14,-2,-6,15
42,-231,56,-6,17,-8
22,-234,29,23,-20,11
-51,-312,-41,30,-2,22
-12,-264,-3,-5,7,4
64,-202,52,25,-4,8
-9,-251,-4,-6,5,-4
-32,-306,-60,22,9,-12
26,-238,20,-28,15,-9
32,-210,46,-28,-17,-10
-36,-289,-51,-14,15,-1
-22,-281,-22,-45,-7,9
24,-202,46,-16,0,-17
36,-243,33,17,39,-33
-54,-300,-33,-7,-34,-19
-10,-260,5,33,14,-2
41,-203,60,36,-9,26
-5,-267,-16,57,6,-12
-65,-310,-44,-25,8,-24
25,-236,2,40,-20,-59
49,-209,45,-10,-19,-19
-36,-292,-17,-3,-1,5
-34,-277,-34,-1,-28,27
44,-217,39,0,1,10
20,-221,33,4,13,21
-62,-301,-50,14,-9,-0
-28,-279,-24,-24,-33,-30
49,-214,67,29,-39,-7
3,-254,-21,5,-21,-3
-64,-306,-58,23,-10,-15
10,-230,36,-23,10,-28
43,-212,51,-9,7,-29
-27,-286,-18,14,12,41
-35,-292,-45,-22,10,-58
64,-203,53,-18,30,-22
24,-237,13,-33,-13,-19
-43,-308,-40,11,8,20
-22,-269,-29,14,19,-44
46,-206,50,-15,27,4
-1,-258,-6,-12,-22,17
-46,-319,-46,-13,5,2
30,-245,14,-12,-24,-24
38,-227,42,5,2,-11
-20,-270,-20,39,-15,-40
-40,-303,-50,5,14,4
20,-228,36,12,5,-15
19,-230,10,3,-10,-5
-37,-304,-33,8,6,-5
-21,-273,-20,-30,-42,36
47,-220,60,11,12,8
9,-242,12,-21,35,3
-55,-312,-42,-10,-38,-8
14,-247,-6,11,15,21
55,-217,32,43,56,9
-11,-278,-31,15,-16,14
-54,-299,-51,40,0,-8
38,-227,52,-22,-29,7
44,-223,38,43,24,-13
-42,-280,-37,-14,4,-1
-25,-268,-35,-17,-10,-19
42,-200,53,20,-41,11
27,-250,-11,-34,-3,47
-53,-296,-59,24,28,16
14,-246,4,-30,-20,-8
59,-199,42,4,17,21
-8,-271,4,-21,5,1
-58,-280,-45,-3,20,2
23,-214,20,37,-31,27
41,-243,30,-33,22,23
-41,-277,-27,6,-1,27
-17,-288,-45,41,-4,6
52,-216,29,-10,-2,-5
27,-244,16,23,9,9
-59,-318,-36,-11,-2,29
-9,-248,0,-19,-6,-10
35,-218,44,7,21,4
-17,-266,-7,-11,-2,-7
-54,-302,-40,21,-14,-3
17,-239,37,-3,10,-16
55,-221,35,1,-37,-3
-18,-286,-46,-31,-12,6
-27,-287,-40,13,-19,-11
44,-222,32,-22,-35,21
29,-232,26,7,5,-7
-34,-310,-59,16,-7,-23
-16,-274,-2,-39,-8,12
47,-200,55,-11,4,17
-11,-266,-18,4,-21,-23
-38,-299,-34,-4,1,0
15,-230,13,1,-17,2
28,-220,49,1,-21,7
-34,-273,-49,0,-8,-4
-19,-296,-20,28,-54,13
42,-204,49,14,-9,4
25,-230,16,-17,-4,21
-53,-304,-49,6,8,-39
-31,-266,-19,19,11,-15
32,-224,49,-15,-6,15
-7,-256,-11,-64,-8,-57
-48,-304,-51,1,23,-14
40,-238,25,-10,19,1
41,-227,46,-41,-19,-15
-28,-293,-21,-25,26,-12
-28,-292,-47,12,10,-11
35,-215,33,15,-6,-11
20,-220,8,-32,4,11
-52,-287,-33,-21,27,-9
1,-271,-21,-31,-26,-33
39,-214,45,-2,-15,-8
0,-265,-5,9,-19,-10
-45,-308,-61,-45,15,5
12,-253,-1,4,-11,-2
51,-207,40,-28,-30,-20
-27,-278,-29,18,-10,-1
-48,-292,-43,32,41,47
36,-226,39,1,-18,7
31,-233,16,-24,-17,4
-37,-313,-34,22,-8,27
-24,-277,-22,-63,-5,32
65,-207,65,-15,-11,-27
28,-242,18,-10,49,3
