-34,-194,0,113,-26,239
-12,-188,0,156,16,-205
28,-148,0,330,176,162
70,-132,0,135,-85,72
118,-91,0,352,24,-200
31,-174,0,363,63,-355
56,-27,0,-202,528,265
117,-138,0,-559,-101,17
108,-32,0,-113,-86,-322
143,4,0,-1,-25,50
69,39,0,125,-390,152
44,-27,0,-143,231,15
174,9,0,-133,18,439
77,41,0,37,-92,-285
158,-11,0,2,62,97
142,24,0,-84,-203,-63
111,1,0,4,-254,42
160,68,0,-180,285,367
138,5,0,-11,-338,-225
169,195,0,-132,164,-254
122,39,0,-204,-257,115
123,7,0,-56,-382,260
62,3,0,192,71,-259
75,-43,0,212,39,184
138,29,0,-89,515,112
153,-76,0,-33,342,271
88,-28,0,-60,-465,-424
131,-56,0,227,126,-217
146,-32,0,286,-210,58
47,-113,0,-92,-239,-267
32,-175,0,294,72,-281
66,-80,0,-136,167,22
101,-166,0,-124,268,465
-16,-176,0,-41,-62,-56
104,-184,0,-220,194,-221
-10,-268,0,175,-208,158
12,-306,0,227,-42,-278
-30,-314,0,-232,-410,-109
-14,-308,0,1,-142,-295
-54,-336,0,-63,163,-411
-105,-304,0,44,156,42
-141,-356,0,122,108,175
-106,-472,0,-257,197,41
-116,-462,0,-132,-202,-245
-111,-516,0,-113,-342,-147
-121,-429,0,269,-229,-205
-143,-513,0,46,51,-280
-258,-512,0,91,55,28
-137,-567,0,-4,179,-66
-136,-589,0,282,-59,-15
-81,-535,0,54,5,-186
-210,-542,0,-154,-174,-197
-174,-535,0,-168,336,-123
-159,-554,0,202,17,-240
-200,-573,0,197,-84,11
-107,-526,0,451,-23,403
-170,-603,0,-88,-223,-224
-151,-519,0,223,-56,412
-153,-581,0,-106,-298,183
-89,-489,0,-306,123,78
-173,-436,0,126,-182,-390
-132,-479,0,129,-73,89
-56,-528,0,-23,57,-243
-128,-358,0,-166,-0,-194
-49,-489,0,70,138,-118
-110,-356,0,95,347,108
-75,-367,0,120,-78,-118
-8,-326,0,193,-361,193
26,-298,0,-36,212,-131
-18,-296,0,300,135,591
22,-186,0,67,300,-63
4,-263,0,-75,131,-275
17,-89,0,-47,90,-103
35,-116,0,99,103,127
-4,-183,0,15,0,242
38,-73,0,-27,311,-83
104,-149,0,274,-164,-339
27,-47,0,140,153,-299
78,-128,0,94,-177,-271
88,-26,0,38,414,-191
202,-29,0,-62,-134,-50
76,-31,0,-16,-224,109
151,130,0,-169,-114,-142
154,68,0,-122,-76,-331
180,-21,0,163,8,39
246,62,0,-104,222,5
144,83,0,103,-103,-10
173,24,0,81,-158,38
146,28,0,-248,95,173
155,75,0,-90,-124,288
129,-11,0,57,-165,-99
138,84,0,-139,-101,59
104,-23,0,433,237,236
105,-38,0,59,140,59
149,35,0,-455,-182,147
75,16,0,44,-144,-121
175,73,0,77,206,275
91,-25,0,-703,-183,37
23,-80,0,66,47,266
55,-100,0,-210,80,-127
9,-110,0,-101,5,-105
1,-182,0,-30,319,44
26,-212,0,94,128,83
39,-167,0,88,325,-62
4,-185,0,203,-394,46
-41,-168,0,212,-41,-134
-14,-324,0,38,-48,48
15,-265,0,3,-0,58
-125,-414,0,-16,-367,148
-16,-424,0,-57,288,-206
-82,-408,0,609,-24,328
-80,-369,0,149,-249,-333
-143,-486,0,-111,-285,-155
-115,-457,0,304,11,77
-122,-461,0,-117,80,-253
-111,-516,0,147,51,-53
-108,-430,0,-51,34,-64
-182,-548,0,260,-375,411
-78,-437,0,-205,126,-122
-170,-572,0,-116,-619,84
-161,-441,0,-98,49,-99
-120,-600,0,-487,603,174
-174,-562,0,203,180,-322
-108,-488,0,-95,117,-93
-65,-523,0,-17,3,-430
-187,-568,0,103,183,21
-114,-539,0,347,-230,249
-172,-576,0,-55,15,83
-125,-515,0,221,-52,-232
-107,-537,0,443,91,-206
-74,-524,0,381,260,-136
-96,-343,0,-41,236,248
-118,-369,0,-143,184,306
-186,-408,0,383,-63,-232
-179,-367,0,221,51,176
-97,-399,0,123,310,-179
-23,-274,0,-164,-41,-187
-64,-356,0,90,56,122
-138,-260,0,-166,286,50
-18,-328,0,-60,-161,116
-41,-147,0,-89,239,278
1,-226,0,186,-139,-77
77,-230,0,-178,-36,-25
84,-150,0,-123,-187,-5
125,-184,0,-130,-155,-144
99,-162,0,27,424,34
87,-48,0,-48,-113,-76
106,-58,0,253,366,333
106,-75,0,169,138,179
127,-73,0,-484,183,262
27,-55,0,-14,-191,408
102,-16,0,-163,246,344
103,-82,0,-362,101,-17
134,-51,0,163,-142,157
148,38,0,-31,173,24
164,-20,0,234,324,67
223,-52,0,-406,129,195
141,42,0,235,33,-23
230,-35,0,-156,-67,334
119,73,0,9,239,117
185,45,0,36,-4,-119
81,50,0,-83,-125,77
162,60,0,96,32,297
203,-70,0,-27,-165,192
165,-80,0,-65,-53,-168
191,108,0,22,-554,-24
85,-61,0,-682,282,-200
164,-41,0,269,-21,-165
61,8,0,-219,-211,-203
115,-169,0,-106,200,-346
59,-137,0,118,-161,28
4,-104,0,258,370,-112
-15,-255,0,-127,-44,-143
8,-231,0,-276,-87,82
29,-227,0,-63,-85,220
37,-340,0,-278,130,-86
-103,-215,0,224,229,382
-34,-292,0,-158,114,-158
-3,-317,0,-429,-146,234
-82,-413,0,141,-210,320
-42,-405,0,-244,-270,-220
-50,-394,0,37,119,18
-38,-412,0,31,122,62
-20,-495,0,117,-206,-73
-180,-567,0,4,-243,8
-76,-485,0,22,15,20
-155,-595,0,0,219,-419
-170,-576,0,-271,-57,-230
-103,-564,0,-227,136,-476
-75,-572,0,-219,-22,70
-111,-497,0,72,39,-33
-138,-557,0,-131,-49,36
-128,-429,0,114,-255,-338
-178,-563,0,266,151,256
-92,-493,0,-4,-177,94
-96,-560,0,-7,-25,167
-130,-419,0,-67,-125,240
-94,-540,0,-10,-258,-95
-113,-473,0,-25,124,152
-101,-544,0,-99,-152,-316
-155,-591,0,-41,-54,37
-133,-494,0,-263,94,125
-109,-428,0,129,-108,-192
-63,-437,0,434,-136,-57
-85,-350,0,8,-18,-153
-40,-333,0,256,78,228
-23,-326,0,-44,-190,-287
19,-325,0,51,-145,163
0,-280,0,-131,-62,-290
-52,-258,0,-108,64,-42
-66,-249,0,105,-483,-37
-64,-237,0,-132,259,228
43,-159,0,135,107,335
84,-101,0,-350,-37,50
-14,-218,0,-123,125,-104
163,-52,0,201,2,-74
18,-91,0,-319,27,-137
128,-55,0,-246,159,-148
9,-11,0,-217,14,28
133,-42,0,-86,245,-10
197,61,0,-560,-76,108
43,56,0,-113,-25,173
121,48,0,-513,43,159
237,-37,0,244,-108,-118
151,7,0,-15,100,8
134,86,0,-287,48,334
222,2,0,-72,-151,17
114,28,0,-24,-29,236
71,74,0,99,28,-76
322,43,0,-334,228,-11
126,59,0,-65,-332,-13
223,36,0,-329,-62,88
160,13,0,36,-38,-170
199,14,0,-67,-120,4
54,17,0,-429,102,-26
54,54,0,2,-33,158
205,-52,0,-164,109,150
86,-28,0,26,461,515
143,-80,0,-250,-47,129
224,-99,0,205,63,-153
82,-196,0,46,15,169
107,-179,0,187,299,-99
-33,-197,0,341,263,314
-49,-164,0,-83,-148,31
-17,-184,0,-162,109,-261
-52,-246,0,94,-260,-127
57,-295,0,-177,-263,39
41,-346,0,-252,-382,12
-10,-349,0,-283,-156,-382
-73,-421,0,131,-238,75
-89,-320,0,65,39,158
-15,-405,0,94,275,191
-93,-542,0,127,49,-187
-149,-432,0,112,201,63
-166,-428,0,84,-360,-36
-105,-519,0,-65,-7,339
-138,-499,0,122,-258,-295
-155,-518,0,306,-3,-656
-69,-529,0,202,158,-333
-239,-616,0,-368,-269,95
-103,-557,0,-30,146,-126
-150,-537,0,-143,11,190
-263,-611,0,96,-119,-136
-178,-547,0,-105,187,-84
-197,-576,0,-334,145,-246
-122,-601,0,81,261,428
-149,-535,0,-57,84,21
-233,-496,0,140,-151,-143
-141,-582,0,-219,-524,-255
-136,-430,0,250,-91,-157
-189,-455,0,203,184,-70
-102,-415,0,61,520,475
-92,-355,0,-199,80,-57
-106,-414,0,94,121,-82
-95,-296,0,204,155,17
19,-373,0,-120,-137,113
-77,-315,0,-340,-464,268
-56,-328,0,68,156,180
-66,-374,0,-149,103,-258
-67,-288,0,-197,-217,-70
82,-266,0,308,-127,160
6,-255,0,-8,353,132
122,-157,0,-141,-184,495
-46,-127,0,-343,-265,131
30,-148,0,85,406,-13
122,-107,0,39,-97,164
-15,-107,0,289,83,105
71,-152,0,-132,79,219
148,-57,0,-171,124,-243
78,-152,0,-205,91,-329
45,-53,0,313,5,-96
140,-75,0,81,162,107
155,-31,0,-225,-282,578
82,-47,0,-232,34,1
169,31,0,-123,423,-50
57,45,0,-151,132,128
224,-62,0,268,181,-101
156,108,0,-41,138,36
178,12,0,-67,-32,-119
102,55,0,-105,33,142
32,3,0,-254,214,-0
148,41,0,208,-108,169
84,11,0,-100,-166,-404
149,-44,0,102,-55,314
99,37,0,277,-162,-76
50,-47,0,-239,-256,120
171,-104,0,-71,263,89
2,-54,0,-9,-215,32
80,-12,0,-67,-68,-131
69,-178,0,-161,310,-151
-0,-112,0,-193,173,-139
-32,-121,0,-122,-38,-14
46,-317,0,65,338,-144
-79,-266,0,82,97,26
26,-244,0,934,-57,327
-23,-322,0,-15,10,118
-2,-317,0,388,-173,285
23,-247,0,267,-107,170
35,-340,0,-143,11,118
-14,-412,0,-106,-196,-158
-133,-399,0,64,154,-239
-50,-509,0,-592,-70,286
-128,-435,0,-152,10,-550
-164,-342,0,138,41,307
-136,-463,0,35,-149,-227
-113,-491,0,-449,59,-211
-7,-452,0,-228,-294,-100
-177,-545,0,-37,-447,220
-164,-513,0,214,166,-519
-237,-536,0,32,167,-58
-155,-529,0,-130,408,-177
-146,-612,0,-207,70,133
-163,-545,0,-62,107,-143
-160,-546,0,51,85,385
-145,-502,0,160,-197,-80
-180,-568,0,226,231,178
-173,-567,0,209,13,-215
-173,-530,0,-128,-50,262
-74,-477,0,8,184,-334
-125,-524,0,-288,-140,-217
-83,-509,0,179,-179,274
-110,-357,0,23,-55,54
-91,-437,0,343,8,-18
-76,-277,0,119,-90,-168
-42,-440,0,-222,104,380
-93,-372,0,-209,214,-201
-86,-329,0,327,-328,-0
-15,-410,0,399,-43,-154
-1,-274,0,-241,350,-236
-80,-217,0,167,100,-39
37,-181,0,-109,-210,-135
131,-223,0,-107,-295,-161
47,-126,0,62,163,64
-1,-120,0,-48,-124,150
93,-145,0,146,-120,-139
87,-153,0,214,12,-96
61,-111,0,57,-139,216
72,-60,0,446,135,133
80,-55,0,54,-86,121
147,-8,0,-55,147,168
170,6,0,330,-138,-142
43,55,0,132,-306,36
121,12,0,105,-126,82
143,-1,0,-202,186,-159
103,102,0,131,-341,-278
193,19,0,112,280,31
159,-9,0,181,-326,170
133,38,0,180,-161,29
155,115,0,128,-57,13
147,108,0,-274,216,-382
129,-13,0,80,170,-237
165,95,0,-269,-212,-133
169,-6,0,159,147,174
108,35,0,-12,183,-95
96,-52,0,-39,-124,131
70,-116,0,-131,29,63
167,-15,0,-356,600,238
172,-22,0,-241,182,323
13,-184,0,-129,225,231
22,-149,0,165,-80,61
50,-65,0,164,16,71
32,-178,0,336,504,-13
89,-190,0,54,-571,-32
39,-163,0,-206,99,-232
-11,-240,0,-46,20,-10
7,-247,0,51,-313,-90
-28,-319,0,-26,-273,180
-29,-319,0,213,-72,-96
-104,-297,0,-70,-246,246
-70,-456,0,350,-48,146
-24,-415,0,-148,83,127
-24,-367,0,84,-3,-158
-147,-429,0,-1,139,256
42,-426,0,-47,-27,1
-121,-520,0,-250,-322,-274
-116,-458,0,-50,-307,23
-93,-508,0,-127,535,-278
-168,-545,0,265,5,24
-135,-470,0,214,70,-67
-131,-484,0,-12,-90,28
-75,-552,0,361,-30,-232
-208,-631,0,-50,-31,214
-221,-479,0,151,-1,-378
-154,-638,0,134,-177,30
-140,-574,0,123,103,123
-140,-560,0,-7,231,315
-221,-627,0,125,-196,-364
-72,-519,0,-106,110,155
-56,-472,0,99,36,-428
-159,-505,0,27,-43,-257
-128,-494,0,264,-194,-7
-48,-459,0,-285,-132,84
-134,-368,0,184,264,333
24,-436,0,518,-119,308
-22,-375,0,-314,2,-173
-39,-411,0,213,-221,-10
-135,-380,0,260,61,118
-32,-402,0,-187,-236,-330
-34,-243,0,-135,-85,-31
3,-285,0,-24,28,279
39,-296,0,-87,164,86
-57,-211,0,82,204,124
103,-184,0,-2,14,103
-78,-182,0,20,165,189
91,-83,0,-571,99,393
57,-76,0,-164,179,-107
62,-124,0,37,17,239
121,-111,0,276,175,291
85,-30,0,24,131,-322
139,-74,0,49,-177,231
234,-22,0,-436,-31,-6
144,-26,0,175,144,-459
125,82,0,-59,70,225
136,116,0,-277,297,102
127,-14,0,-171,-17,144
129,77,0,185,-319,-248
116,48,0,7,-11,261
120,43,0,-336,-34,-201
63,117,0,-110,9,105
242,9,0,35,47,-88
104,27,0,275,-34,222
75,-53,0,-169,327,-25
74,-22,0,-63,-147,354
200,25,0,26,-70,-116
130,-91,0,-32,-58,341
86,-111,0,139,-342,149
107,-7,0,-50,51,63
64,-182,0,-23,-57,-171
122,-81,0,138,-264,-128
-23,-150,0,-19,-264,150
113,-241,0,-97,-160,115
-83,-173,0,23,-52,122
43,-222,0,168,-112,-155
31,-244,0,51,93,203
-52,-178,0,-142,-43,-203
-6,-277,0,129,45,-56
-43,-264,0,-53,206,5
-47,-311,0,54,178,75
-102,-265,0,-331,-22,261
-97,-394,0,238,-16,-270
-66,-363,0,132,87,-35
-68,-425,0,151,-69,-530
-98,-430,0,425,-0,303
-85,-506,0,270,-50,-141
-102,-540,0,184,31,-119
-100,-562,0,-93,48,-232
-72,-576,0,-210,27,269
-94,-538,0,-63,-73,46
-197,-515,0,-97,-127,-128
-135,-564,0,49,-379,38
-54,-545,0,-37,276,-78
-218,-595,0,280,5,84
-177,-627,0,110,-145,263
-169,-566,0,-58,24,-89
-173,-576,0,-207,-53,15
-156,-505,0,-29,83,504
-87,-622,0,11,198,38
-125,-550,0,82,-41,125
-36,-500,0,310,65,-89
-73,-433,0,-108,55,-104
-96,-443,0,71,-259,-246
-162,-454,0,-252,-71,400
-115,-538,0,128,14,-71
-100,-441,0,216,346,-280
-97,-480,0,56,181,160
12,-460,0,124,38,363
-68,-326,0,7,234,-83
-61,-244,0,461,-64,-39
-102,-211,0,-127,-239,-116
63,-292,0,-180,-524,-108
-19,-241,0,58,-141,-24
211,-164,0,249,-14,265
118,-113,0,286,-123,-215
25,-136,0,386,-103,-205
32,-41,0,480,3,438
167,-26,0,162,42,-393
32,-99,0,423,22,320
182,-111,0,109,377,-194
30,-26,0,22,66,-205
153,-12,0,136,314,-12
109,-25,0,74,64,246
141,95,0,-114,-231,-79
112,43,0,-303,331,296
57,83,0,-111,209,-130
164,108,0,-255,348,-43
159,68,0,-123,308,-103
142,49,0,410,-116,-63
107,123,0,-59,198,343
167,70,0,62,-93,299
146,58,0,190,132,-16
150,129,0,-4,106,-171
107,-37,0,-142,-420,576
120,-21,0,116,137,-133
145,-94,0,126,-153,203
122,-53,0,-7,-95,-256
70,-95,0,124,-57,-24
84,-56,0,364,-43,-17
135,-147,0,44,8,176
59,-142,0,-135,-66,-258
-22,-93,0,-194,236,-24
21,-134,0,135,113,94
13,-189,0,268,-106,74
82,-122,0,-147,-312,80
-48,-301,0,-506,193,-318
83,-221,0,-23,-353,32
7,-330,0,171,221,-302
-45,-328,0,207,-157,117
-69,-386,0,-143,-132,28
-50,-229,0,-305,2,36
3,-443,0,164,-562,-0
-76,-429,0,79,-64,-106
-74,-376,0,-48,188,-223
-187,-521,0,71,99,279
-157,-443,0,326,-130,12
-168,-545,0,51,146,201
-58,-510,0,-40,214,309
-140,-565,0,-245,-140,60
-146,-541,0,-132,17,-287
-112,-528,0,-141,78,226
-141,-531,0,-87,-90,154
-67,-527,0,159,-189,62
-66,-562,0,142,-34,5
-164,-585,0,-91,264,-430
-163,-504,0,-400,120,-150
-182,-480,0,115,33,275
0,-552,0,58,-86,205
-216,-540,0,-28,91,613
-159,-493,0,18,350,41
-89,-604,0,-162,192,-78
-206,-507,0,-45,-231,142
-213,-396,0,178,-14,53
-110,-406,0,-539,-206,-25
-80,-467,0,166,-8,0
-84,-399,0,-282,-130,-133
-128,-338,0,-107,-246,226
-110,-244,0,-261,147,2
-95,-353,0,183,-107,91
-36,-244,0,-20,178,-323
-67,-312,0,-188,21,-50
44,-289,0,-160,-427,29
104,-198,0,-85,-11,198
55,-297,0,196,584,-130
-4,-106,0,44,47,277
59,-182,0,263,-155,196
131,-72,0,-311,160,-363
99,-152,0,112,-207,-66
35,-95,0,-45,62,30
132,-42,0,-9,83,-166
36,33,0,-107,-150,-279
124,2,0,292,429,-1
150,-15,0,-28,34,57
33,-46,0,-94,319,49
149,-3,0,34,208,-235
194,50,0,5,-45,-241
159,39,0,-313,-256,-117
175,79,0,-15,-80,165
136,38,0,264,-21,4
72,-29,0,211,-89,58
139,47,0,-4,-351,80
85,57,0,-93,10,-123
157,30,0,-186,-267,277
123,36,0,-349,23,-246
133,-15,0,-69,-160,53
156,16,0,110,-98,-153
208,73,0,-199,-386,-238
137,-91,0,-48,-271,-263
76,-38,0,-266,-224,233
41,-122,0,-74,124,-291
-10,-139,0,-221,207,143
28,-173,0,11,-77,-91
23,-158,0,-62,128,93
-81,-239,0,-71,-404,123
93,-236,0,215,-198,119
-10,-262,0,27,-503,86
2,-279,0,326,293,398
-75,-225,0,-224,327,-193
-94,-299,0,304,-229,-48
-126,-327,0,-331,-47,-22
-84,-315,0,385,-235,-86
-35,-490,0,-260,33,-265
-124,-440,0,-89,-127,-346
-117,-480,0,89,375,-296
-123,-440,0,85,-175,330
-153,-461,0,210,156,-332
-63,-436,0,202,226,225
-110,-514,0,-55,-318,-0
-136,-455,0,226,-80,94
-166,-558,0,-519,373,79
-230,-575,0,78,-168,-169
-167,-672,0,-239,348,76
-197,-479,0,-106,158,220
-151,-601,0,101,148,34
-185,-506,0,11,386,-135
-112,-568,0,-231,-415,66
-107,-572,0,-188,146,-142
-94,-591,0,49,-407,-134
-144,-503,0,-326,-67,113
-237,-548,0,-14,-360,-7
-159,-539,0,9,267,562
-147,-463,0,181,68,136
-76,-464,0,-85,-303,-22
-121,-397,0,-212,386,-27
39,-391,0,121,282,-189
-123,-421,0,-92,26,69
-16,-351,0,-267,65,-280
-101,-362,0,-147,31,-20
-60,-346,0,24,169,6
-84,-320,0,191,-51,-73
-16,-271,0,80,-164,164
43,-342,0,-188,-284,579
28,-230,0,119,297,-162
26,-161,0,-8,228,118
60,-209,0,235,-276,-52
156,-222,0,368,37,53
103,-104,0,-71,125,-249
133,-135,0,-355,93,82
130,-21,0,149,-168,45
113,-14,0,-312,-230,286
97,-20,0,295,-449,-478
158,-63,0,-15,-23,-71
152,-48,0,133,281,178
240,82,0,-31,257,8
41,75,0,27,60,340
172,-22,0,39,106,240
276,18,0,147,166,-172
69,46,0,442,90,-116
200,12,0,-349,283,-155
46,94,0,102,23,-60
87,102,0,-56,-20,193
165,16,0,-318,192,-427
151,3,0,-27,75,204
185,125,0,204,215,-70
111,67,0,76,-400,-241
104,54,0,126,98,180
160,37,0,241,558,-22
141,-133,0,14,-21,-70
64,-81,0,-255,-312,191
144,-94,0,100,-72,-396
93,-29,0,16,-193,-254
12,-195,0,320,-71,99
52,-183,0,-357,163,-77
14,-187,0,341,160,209
18,-205,0,96,-49,-149
-10,-225,0,-57,350,-48
-97,-338,0,-49,153,-220
35,-365,0,-44,-115,34
-92,-430,0,31,253,43
-71,-354,0,-197,380,-217
-31,-390,0,356,-250,-99
28,-340,0,-190,181,-31
-148,-414,0,-129,-220,-297
-140,-430,0,128,32,-224
-103,-486,0,-61,162,121
-48,-410,0,-61,194,228
-155,-443,0,-85,-105,-324
-157,-442,0,-227,149,156
-94,-494,0,184,29,85
-137,-503,0,-66,428,-29
-80,-488,0,72,-250,-104
-209,-462,0,-132,308,-262
-140,-595,0,46,-192,292
-106,-604,0,-98,131,-470
-176,-543,0,155,113,237
-135,-537,0,-63,-400,-214
-113,-450,0,-119,48,6
-13,-570,0,158,156,44
-130,-552,0,376,-2,-62
-143,-465,0,-162,187,-53
-43,-567,0,-268,26,80
-36,-439,0,146,33,-54
-123,-538,0,-77,-5,-374
30,-425,0,197,-278,-71
-79,-438,0,263,490,-6
-64,-436,0,148,83,66
-125,-378,0,-164,-97,-273
-123,-329,0,-242,-295,-36
-41,-377,0,-275,-293,186
11,-266,0,-195,-139,-12
-33,-298,0,-347,85,-183
125,-320,0,377,24,-103
-2,-242,0,-434,-243,162
78,-238,0,169,39,179
3,-142,0,34,-197,235
70,-110,0,57,208,57
17,-192,0,98,76,-227
177,-62,0,247,-198,9
154,-70,0,-160,207,-474
124,13,0,40,-8,-171
128,-61,0,-289,6,50
68,-64,0,-35,-104,-277
93,5,0,-110,-181,385
57,-1,0,-143,-223,72
137,62,0,344,97,37
149,57,0,-95,6,-0
117,13,0,-439,1,63
209,99,0,135,-234,-116
137,66,0,-179,172,49
86,134,0,310,-208,371
138,39,0,-2,-207,-27
215,-14,0,222,219,-39
188,84,0,195,-320,263
211,53,0,77,-147,-344
120,-5,0,25,33,-108
76,4,0,6,-257,315
119,-76,0,-8,-105,212
111,-3,0,142,-108,-172
115,34,0,74,-55,54
79,-181,0,-156,232,167
5,-107,0,88,-68,521
120,-63,0,146,276,213
75,-138,0,194,151,16
94,-102,0,252,163,132
85,-160,0,135,9,124
81,-266,0,40,158,92
31,-288,0,50,44,-119
-31,-275,0,229,-240,93
76,-348,0,-513,-362,381
-20,-362,0,371,-335,-34
-51,-391,0,209,-70,251
-144,-421,0,-309,415,-85
17,-417,0,437,-292,302
-57,-452,0,-93,7,145
-70,-437,0,-117,-81,-94
-92,-477,0,22,238,24
-95,-500,0,286,-11,-38
-96,-522,0,-117,-26,-203
-121,-565,0,-227,76,178
-216,-643,0,-306,-286,59
-92,-554,0,477,80,166
-183,-544,0,193,18,-69
-103,-607,0,94,89,-256
-184,-523,0,-147,282,-90
-56,-568,0,57,-104,-227
-145,-627,0,-387,191,-342
-138,-529,0,-285,111,-383
-164,-589,0,-139,252,68
-114,-561,0,-141,220,175
-105,-414,0,-105,-112,165
-92,-514,0,297,139,27
-68,-491,0,-134,62,-201
-99,-448,0,317,-248,14
-66,-475,0,79,113,-136
-156,-402,0,19,-395,-220
-115,-420,0,-69,93,54
-135,-391,0,-190,-210,-11
-28,-289,0,251,-198,-124
43,-306,0,-202,-141,155
38,-272,0,-134,-9,150
-3,-254,0,-62,101,157
55,-273,0,93,-45,-103
31,-292,0,-127,-211,-23
20,-302,0,-112,152,-139
36,-95,0,154,278,-67
103,-87,0,-301,175,109
92,-79,0,-343,57,328
191,-96,0,-320,189,-68
89,-112,0,343,-22,-100
136,-69,0,-515,-103,354
101,30,0,131,-84,-335
160,21,0,-341,184,68
171,21,0,67,375,-170
152,-21,0,263,-115,45
197,69,0,-27,-76,-270
117,13,0,-242,99,-135
232,-18,0,13,-276,480
76,116,0,280,-5,-13
160,-9,0,40,-194,442
169,157,0,-162,162,29
39,66,0,74,-135,-78
129,99,0,-199,-426,302
155,-1,0,-282,8,335
208,5,0,42,35,-2
118,-7,0,126,67,-194
191,23,0,162,41,233
9,-91,0,310,-217,255
92,33,0,-98,-14,-119
106,-144,0,-143,138,-160
-7,-37,0,-33,-130,42
81,-163,0,178,-28,272
3,-71,0,236,-41,-226
-23,-135,0,212,51,-114
44,-231,0,-39,-302,-133
15,-128,0,160,108,-300
-73,-196,0,-38,-398,-166
-8,-243,0,-342,160,-245
-43,-244,0,67,102,-64
-69,-360,0,-182,70,-59
-77,-331,0,27,-12,16
-113,-321,0,80,165,119
-133,-507,0,25,1,238
-86,-470,0,70,-262,-231
-19,-417,0,63,-349,261
-89,-455,0,322,51,305
-144,-435,0,616,-100,235
-135,-589,0,2,-22,57
-126,-530,0,-125,-110,305
-194,-565,0,256,129,29
-102,-516,0,598,-134,-260
-156,-560,0,204,-30,107
-254,-485,0,38,338,-240
-165,-466,0,-8,163,192
-106,-597,0,233,20,-231
-140,-605,0,-40,-103,-107
-131,-561,0,33,-137,-123
-134,-653,0,-82,8,-184
-171,-518,0,-119,-245,87
-109,-486,0,79,295,-28
-69,-525,0,700,-403,197
-111,-495,0,-334,58,-320
-114,-507,0,-10,263,41
-94,-455,0,263,58,164
-35,-456,0,56,-34,-51
-102,-395,0,-322,-101,262
-178,-415,0,123,-338,-158
-24,-390,0,99,170,129
-24,-331,0,-221,72,-231
9,-302,0,59,85,-165
-8,-360,0,360,112,47
-49,-120,0,273,-179,78
-26,-262,0,-160,119,-72
28,-185,0,-264,-6,197
-15,-181,0,-78,66,58
23,-183,0,-84,97,234
74,-32,0,-199,-127,202
113,-88,0,-101,-16,-111
85,19,0,104,125,-127
149,-55,0,-85,-309,76
82,-51,0,447,-124,69
75,31,0,192,531,-220
185,19,0,193,241,98
100,-17,0,-96,230,231
55,-80,0,127,109,283
104,-18,0,-95,-425,132
82,8,0,-135,-212,193
82,34,0,328,156,195
188,60,0,-258,68,195
79,63,0,147,-16,109
188,69,0,-182,556,-126
151,60,0,-17,5,382
-49,-24,0,-17,-224,84
116,21,0,55,106,-85
112,74,0,136,116,-78
155,52,0,94,-138,77
114,1,0,52,-496,-118
56,-149,0,-202,149,-59
116,-10,0,79,-80,-68
43,-52,0,-262,77,-200
92,7,0,-428,279,3
30,-162,0,205,-104,-32
33,-73,0,283,-164,24
11,-84,0,181,266,70
-17,-167,0,-251,-165,5
97,-188,0,-25,91,87
44,-370,0,22,-298,138
-83,-285,0,74,-71,149
-114,-270,0,19,177,-239
-142,-360,0,-237,-74,-59
-85,-374,0,-101,403,312
-50,-444,0,-195,243,74
-72,-384,0,-424,-20,-11
-52,-410,0,442,326,-75
-81,-396,0,248,-47,-53
4,-442,0,-221,134,6
-83,-537,0,68,-202,-142
-172,-466,0,132,17,141
-125,-415,0,65,10,70
-201,-570,0,-68,78,41
-162,-477,0,-24,-398,258
-128,-463,0,328,159,133
-75,-401,0,-574,-223,-57
-190,-558,0,-114,321,167
-160,-553,0,-195,-58,125
-191,-571,0,-437,95,-121
-202,-516,0,218,-40,310
-137,-521,0,-6,-115,-452
-114,-601,0,-311,-79,141
-109,-572,0,-121,135,180
-106,-418,0,216,134,328
-146,-525,0,346,-76,-174
-143,-441,0,-7,90,-12
-187,-353,0,-206,-79,30
-139,-424,0,-65,-247,-177
-89,-423,0,-108,-253,-19
-78,-430,0,-149,256,114
-50,-394,0,-29,-153,24
-30,-356,0,-15,79,-137
-99,-270,0,35,162,-518
-22,-308,0,-190,371,259
18,-335,0,-133,289,-73
53,-278,0,335,-291,15
-35,-203,0,241,-123,179
28,-179,0,-97,-38,251
22,-145,0,-193,-89,113
70,-152,0,-168,-4,320
71,-68,0,-50,-77,11
99,14,0,-281,306,-63
-67,-57,0,-52,211,533
169,-102,0,0,226,74
113,-14,0,-200,129,-278
135,-25,0,-145,-295,-73
106,-14,0,10,229,-261
171,57,0,-228,302,141
105,94,0,73,-353,121
234,34,0,49,-257,-72
67,68,0,27,132,-35
134,3,0,-302,-475,313
148,124,0,-4,51,90
127,73,0,-54,-640,-156
218,53,0,98,-275,105
162,57,0,165,-261,-25
130,21,0,211,146,-332
184,83,0,29,-107,-39
148,-24,0,-131,-169,-477
136,15,0,203,35,374
146,-74,0,19,54,177
24,52,0,-100,-48,153
147,-69,0,-194,147,-128
42,-56,0,-133,-26,236
3,-91,0,-145,193,-240
46,-129,0,79,-45,-240
54,-193,0,200,-5,126
106,-225,0,-159,-386,-282
16,-223,0,69,169,221
-41,-377,0,-125,-175,281
-5,-355,0,-80,-172,116
-144,-320,0,245,-167,428
7,-455,0,255,-79,-374
-44,-341,0,-294,-48,287
15,-368,0,-149,-229,-515
-125,-385,0,48,-131,205
-146,-514,0,191,310,46
-72,-493,0,361,-321,-402
-198,-531,0,-22,-194,235
-158,-430,0,362,77,-351
-124,-466,0,-205,426,-476
-187,-570,0,-8,-122,223
-106,-609,0,-423,80,30
-98,-527,0,19,-8,279
-188,-579,0,168,202,18
-80,-538,0,260,-71,27
-69,-456,0,50,-197,-39
-128,-597,0,135,213,182
-126,-542,0,-227,317,-42
-189,-580,0,171,-137,-57
-185,-564,0,24,211,302
-119,-572,0,-40,3,80
-84,-463,0,-200,-48,-98
-124,-528,0,-206,246,235
-60,-522,0,54,41,-303
-190,-555,0,396,-114,11
-23,-499,0,196,-38,-135
-35,-417,0,387,194,-85
-55,-415,0,-58,-19,-207
-10,-424,0,-120,237,-93
-83,-297,0,337,715,121
-20,-310,0,31,88,-178
-35,-293,0,-154,116,356
-31,-287,0,-245,4,35
32,-276,0,181,-212,80
16,-277,0,280,108,-209
69,-189,0,-66,-122,229
-4,-127,0,-173,99,214
83,-121,0,130,19,-0
103,31,0,-187,-151,61
37,-97,0,-83,94,-127
107,-94,0,-405,-206,132
17,-130,0,-63,354,138
72,-67,0,34,-54,-67
136,-7,0,-10,-111,212
206,-1,0,269,33,-49
145,-19,0,8,247,-300
109,9,0,96,43,-230
164,91,0,305,-162,-386
104,37,0,-285,-257,256
158,-35,0,-62,196,-133
69,93,0,165,99,-252
61,72,0,-132,-172,9
80,75,0,18,537,-325
153,-39,0,-122,371,-244
136,52,0,-226,126,8
132,77,0,-116,-119,-213
234,-18,0,228,-107,474
51,109,0,-271,103,112
111,23,0,-189,-96,170
66,-11,0,408,-30,17
66,-10,0,75,-19,19
146,-65,0,20,41,-152
70,-19,0,365,-128,-86
9,-154,0,111,7,64
43,-155,0,-58,116,351
92,-256,0,-17,-1,-107
37,-176,0,197,262,-155
75,-208,0,3,543,221
-32,-218,0,-342,203,167
-20,-229,0,199,124,-241
60,-328,0,-149,53,-166
32,-387,0,12,84,-134
-10,-230,0,309,-44,-13
-80,-371,0,-58,96,-258
-36,-482,0,183,490,-152
-95,-505,0,-353,203,26
-185,-367,0,-9,-167,-1
-32,-571,0,-173,198,-161
-178,-482,0,55,54,14
-116,-537,0,-165,-694,-11
-99,-523,0,38,185,172
-225,-486,0,-112,242,-212
-102,-555,0,239,122,-142
-230,-553,0,18,5,-57
-146,-584,0,66,133,-179
-217,-529,0,39,258,38
-219,-671,0,-49,-135,-190
-151,-698,0,-53,34,118
-202,-473,0,-383,130,-30
-141,-502,0,467,-85,-341
-64,-552,0,-18,75,106
-162,-564,0,185,-340,433
-199,-460,0,-89,-81,-155
-115,-475,0,267,-16,-253
-173,-412,0,-13,-4,-82
-30,-440,0,212,88,71
-99,-420,0,-112,-170,-146
-22,-468,0,-36,-160,-195
-65,-386,0,-196,139,75
-120,-398,0,265,-176,-376
-37,-490,0,-117,232,-119
-36,-276,0,-58,-80,-318
-31,-248,0,-340,-196,245
-26,-252,0,114,127,111
-23,-181,0,-126,99,-218
3,-210,0,241,-100,-228
26,-167,0,72,33,-120
29,-133,0,130,-82,-76
124,-146,0,-58,-315,107
78,-92,0,-291,114,-18
83,-91,0,235,5,-135
104,-164,0,-8,23,-272
62,-19,0,130,100,64
56,-6,0,70,87,72
78,-117,0,260,-314,-197
176,5,0,172,-176,-58
209,-55,0,36,213,-345
60,19,0,121,-63,170
166,-63,0,-190,-216,39
204,6,0,110,-83,408
157,56,0,-108,-106,69
143,-13,0,30,-120,258
144,42,0,446,-291,73
139,2,0,189,78,-223
40,18,0,-158,93,-141
96,47,0,-142,360,-190
162,68,0,146,163,-278
60,-68,0,33,-103,-1
54,1,0,-236,203,11
116,-66,0,-3,-182,-425
93,-102,0,-257,119,3
117,-43,0,471,824,-73
39,-159,0,-153,22,242
32,-172,0,-123,19,-43
10,-170,0,127,-46,-61
5,-196,0,158,-134,-145
-11,-309,0,102,7,-50
26,-294,0,-92,-12,-86
-23,-280,0,214,96,438
2,-294,0,202,163,-192
-36,-256,0,15,50,-320
-146,-373,0,154,96,-91
-109,-343,0,63,210,-115
-86,-405,0,-229,-58,-105
-12,-460,0,-259,50,-343
-173,-361,0,-42,-444,297
-127,-455,0,-309,216,-79
-111,-503,0,19,167,-38
-111,-567,0,283,-45,179
-92,-512,0,-21,41,-256
-92,-565,0,63,224,336
-181,-631,0,349,-532,-435
-166,-554,0,-270,91,-220
-106,-459,0,-482,-83,-116
-112,-626,0,-300,220,362
-123,-574,0,-152,-395,-139
-212,-558,0,153,318,258
-88,-561,0,-329,424,224
-139,-566,0,-149,331,226
-101,-539,0,166,304,-180
-201,-605,0,193,-431,2
-235,-508,0,516,-330,-109
-101,-462,0,418,-249,-208
-131,-454,0,135,105,-106
53,-474,0,75,-22,-246
-39,-538,0,10,132,66
-31,-530,0,-3,-295,380
-237,-447,0,-495,127,119
-72,-338,0,-159,-204,163
-79,-424,0,284,-151,-68
-28,-276,0,-21,-91,55
31,-381,0,-31,199,-387
-51,-219,0,16,46,139
46,-341,0,312,85,-320
108,-199,0,59,72,-145
16,-120,0,-336,2,426
30,-224,0,-14,27,98
-31,-126,0,-49,47,356
41,-94,0,173,-19,76
58,-127,0,-143,200,120
156,-109,0,125,221,-136
168,-26,0,-49,94,38
34,-29,0,12,225,428
82,95,0,100,-230,-20
98,-32,0,-101,449,-51
122,-18,0,6,-241,127
195,58,0,197,-111,-8
189,142,0,-98,84,-200
188,47,0,36,-256,152
116,173,0,158,88,168
179,69,0,67,-55,-387
199,75,0,103,-46,131
140,21,0,-213,-261,15
76,-17,0,1,76,-12
131,38,0,-31,0,-75
59,-11,0,44,91,-31
81,54,0,130,-158,-73
141,-64,0,82,211,-252
127,44,0,-135,-138,-99
134,-14,0,-32,-107,-112
88,-200,0,184,-267,-78
204,-24,0,-100,-200,93
97,-105,0,-112,159,470
65,-171,0,63,-109,-756
-15,-137,0,195,417,-199
31,-157,0,-289,-149,-253
5,-230,0,-425,168,267
42,-346,0,148,-68,555
5,-263,0,12,-433,309
-77,-269,0,215,-53,130
35,-264,0,35,-49,61
8,-351,0,110,49,-31
27,-422,0,-273,-9,-115
-73,-412,0,485,-77,276
-51,-456,0,166,-256,-299
-98,-433,0,43,-202,111
-137,-455,0,-114,206,17
-48,-434,0,4,15,292
-45,-547,0,37,-82,302
-137,-532,0,-63,89,162
-165,-537,0,-87,-147,175
-63,-564,0,-9,41,36
-130,-568,0,-117,-111,366
-268,-582,0,59,20,49
-149,-620,0,-31,171,192
-198,-490,0,-327,62,-374
-244,-514,0,120,-255,-189
-159,-596,0,-45,-330,-424
-148,-512,0,-59,-82,-64
-138,-504,0,100,207,-122
-131,-610,0,-258,-177,-162
-129,-511,0,-303,117,357
-127,-564,0,-46,94,-294
-109,-462,0,-226,47,-623
-106,-462,0,152,268,-216
-156,-495,0,-74,59,350
-79,-414,0,57,17,-132
-55,-403,0,-143,-358,76
-41,-354,0,137,-169,102
-66,-354,0,374,-218,1
-107,-371,0,-84,-180,21
7,-287,0,-206,-208,48
-5,-345,0,250,-98,-257
165,-250,0,151,-204,10
57,-299,0,246,-100,258
-18,-221,0,-77,-0,-86
23,-201,0,-324,-363,-256
16,-186,0,-239,-131,-183
58,-105,0,320,187,1
73,-46,0,-10,-174,290
29,-60,0,123,179,126
124,-53,0,83,-205,-204
175,-3,0,-67,103,-189
178,57,0,-234,-58,101
112,-50,0,-53,93,180
190,-40,0,89,-250,-43
141,20,0,-151,-17,-29
149,35,0,-181,247,-3
154,-29,0,-360,125,-22
89,2,0,-32,133,-43
211,16,0,18,349,-110
211,80,0,4,176,59
146,31,0,110,161,244
210,82,0,-190,159,68
141,62,0,166,-370,86
183,-6,0,-128,-243,133
121,-9,0,-12,-92,-113
128,-46,0,-123,122,110
59,-55,0,63,-234,-115
35,-57,0,-143,52,211
187,-144,0,-177,-40,258
71,-152,0,108,-431,211
82,-148,0,22,506,-331
80,-203,0,47,-213,199
40,-236,0,-10,232,144
45,-214,0,-251,-109,-301
-14,-213,0,36,-13,133
6,-266,0,320,149,141
-24,-239,0,-165,-19,-317
-109,-346,0,-200,89,85
5,-453,0,-108,-68,94
-65,-332,0,204,-123,-94
-111,-323,0,-66,57,-141
-69,-301,0,-142,141,-158
23,-434,0,321,171,302
-95,-417,0,191,-259,-62
-105,-448,0,140,108,196
-164,-408,0,-142,274,42
-170,-517,0,-11,-218,-92
-191,-580,0,274,-194,-73
-114,-517,0,-146,15,-295
-50,-623,0,-140,181,-24
-150,-588,0,-238,183,-188
-24,-602,0,-96,294,172
-161,-570,0,284,74,144
-102,-553,0,-219,470,210
-123,-593,0,50,-106,-95
-115,-584,0,-41,105,-5
-126,-514,0,-524,-247,316
-172,-486,0,68,495,-41
-63,-484,0,238,-32,111
-97,-466,0,-255,276,272
-91,-439,0,-16,-370,-76
-71,-534,0,84,-269,-27
-61,-525,0,141,175,218
-45,-416,0,-200,95,292
-78,-444,0,-71,-99,161
-138,-286,0,-141,115,-28
-85,-369,0,62,101,-393
-20,-354,0,-43,-11,-346
8,-267,0,483,-122,-50
80,-253,0,-10,265,-61
4,-335,0,293,225,-80
15,-205,0,257,-22,50
93,-240,0,90,-70,-128
54,-174,0,388,-54,-303
134,-155,0,42,319,85
108,-143,0,-20,-172,-113
95,-89,0,515,237,45
19,-48,0,122,-38,-90
86,-61,0,-93,-164,362
94,14,0,-176,149,-67
84,-76,0,-76,-240,-340
44,-18,0,-119,365,338
171,51,0,-271,-8,267
144,-53,0,-182,156,64
77,91,0,-60,-197,-20
121,127,0,58,30,-456
136,123,0,-155,284,45
182,147,0,154,-48,-288
202,-9,0,-61,-299,-282
182,-63,0,255,-50,84
118,-33,0,263,119,0
165,49,0,56,26,-222
113,-12,0,131,-213,-247
157,39,0,235,112,99
106,-53,0,297,-12,141
120,-120,0,100,249,160
90,-35,0,159,0,-186
61,-92,0,-40,106,-50
72,-78,0,270,34,-306
146,-102,0,-20,-131,-277
104,-155,0,136,-245,111
120,-107,0,-173,56,1
89,-155,0,48,40,18
141,-253,0,-180,-300,-182
-63,-283,0,-161,103,335
-44,-254,0,188,187,-99
-59,-325,0,40,70,-247
-41,-334,0,-221,146,414
-70,-298,0,179,33,-39
-74,-328,0,522,292,91
-61,-376,0,-189,229,180
-105,-469,0,156,480,144
-35,-446,0,-59,78,190
-133,-437,0,46,187,-230
-77,-449,0,184,-120,-22
-81,-423,0,-27,123,123
-159,-385,0,-351,146,278
-153,-513,0,-140,201,-43
-55,-577,0,-267,83,-112
-140,-521,0,-377,65,42
-107,-535,0,-23,-357,-130
-212,-477,0,-105,591,257
-103,-481,0,-142,-252,-272
-121,-555,0,-129,85,-248
-127,-547,0,231,303,-306
-179,-643,0,94,3,-295
-143,-557,0,169,-25,307
-136,-556,0,390,122,-66
-171,-616,0,-266,162,148
-54,-521,0,232,192,72
-211,-555,0,-243,-3,98
-78,-423,0,480,-318,120
-129,-416,0,267,164,-5
-85,-384,0,-391,-156,136
-121,-299,0,475,-181,368
-9,-417,0,407,-36,-28
-9,-368,0,-74,-141,-17
-64,-374,0,-0,-337,-144
38,-219,0,-306,190,-113
-33,-306,0,-113,83,317
-51,-291,0,180,-229,-261
43,-151,0,291,126,52
55,-141,0,-79,134,126
56,-284,0,372,113,-89
38,-204,0,-252,-38,-285
-34,-66,0,-41,-95,80
111,-101,0,23,157,-119
80,-132,0,51,402,231
169,1,0,170,-94,-135
128,68,0,-17,12,223
53,17,0,184,-9,-448
122,16,0,169,-365,233
62,-20,0,-450,135,99
171,-20,0,-65,-109,76
131,97,0,4,-37,120
164,43,0,-154,-147,-84
192,50,0,-150,-409,225
142,45,0,23,-231,148
114,88,0,292,-155,335
58,59,0,161,-177,-186
253,27,0,-146,292,-29
72,101,0,-2,-85,174
144,126,0,144,-101,35
135,-21,0,-66,69,-51
-11,-23,0,-230,-54,-72
211,30,0,-99,-196,214
169,74,0,118,-180,-85
33,-108,0,-195,-176,-343
134,-7,0,-303,126,-203
50,-205,0,202,-145,-53
39,-157,0,-129,82,336
2,-166,0,-321,-15,173
80,-72,0,-36,-167,178
16,-223,0,81,-58,103
-20,-201,0,-298,-135,1
11,-251,0,461,198,119
0,-314,0,-288,172,2
-84,-212,0,15,-176,-121
-1,-375,0,13,405,-292
-36,-373,0,68,-257,147
-84,-382,0,21,140,96
-65,-377,0,-186,-271,205
-52,-395,0,260,150,82
-101,-473,0,-11,169,-78
-50,-554,0,-145,-19,-54
-82,-543,0,238,-48,-214
-81,-478,0,226,-188,-102
-116,-563,0,-57,-102,-46
-192,-524,0,298,165,-3
-97,-518,0,64,-319,-137
-47,-595,0,234,33,-48
-128,-560,0,52,31,3
-177,-536,0,266,94,-283
-111,-570,0,-65,85,62
-193,-608,0,-56,-80,107
-220,-469,0,-78,59,282
-189,-496,0,-147,185,-156
-105,-547,0,-351,-171,-51
-115,-491,0,172,-137,-76
-118,-491,0,196,-23,122
-123,-539,0,322,166,448
-131,-468,0,290,-248,185
-136,-449,0,245,194,-281
-148,-424,0,-308,-10,17
-16,-461,0,321,139,-254
1,-432,0,18,-151,160
-29,-367,0,205,-25,-125
-102,-336,0,-21,-20,-94
-123,-266,0,-83,535,-113
-54,-239,0,25,22,-240
97,-283,0,-377,339,-111
-33,-281,0,-122,383,159
0,-241,0,-131,134,128
36,-229,0,161,141,116
49,-181,0,-402,139,150
-70,-150,0,77,197,157
91,-169,0,74,300,-90
86,-64,0,-149,-112,-274
49,-52,0,-165,130,-10
160,-121,0,-100,193,-477
44,-21,0,-270,-343,249
204,11,0,-206,-0,6
142,34,0,95,-195,-10
143,-8,0,86,129,199
73,-22,0,31,-319,-90
90,28,0,-224,-156,381
128,68,0,119,-177,-22
132,9,0,488,-310,166
105,60,0,-216,87,-23
122,86,0,-27,-186,41
108,-33,0,-255,50,-203
91,-2,0,-332,21,-353
153,-36,0,24,-17,71
96,36,0,-134,-171,-261
110,-44,0,-132,184,161
116,-23,0,-93,89,-99
203,-52,0,329,-200,93
38,-44,0,283,-4,142
32,-74,0,120,186,-448
22,-145,0,-20,-377,-306
10,-203,0,194,457,87
63,-220,0,-285,61,-278
6,-194,0,25,330,96
59,-157,0,103,46,209
-42,-190,0,349,-128,266
51,-278,0,292,121,-169
3,-344,0,-60,-24,-207
-61,-290,0,-331,185,-56
-82,-275,0,181,38,-56
-56,-381,0,-290,-41,-224
-0,-309,0,304,158,147
-6,-418,0,7,-41,178
-126,-417,0,-270,-345,-117
-60,-430,0,4,254,-200
-96,-442,0,-258,-51,9
-141,-523,0,201,-250,-100
-123,-568,0,187,-120,-411
-169,-559,0,274,268,-391
-108,-526,0,-135,-266,78
-183,-496,0,-177,-239,77
-53,-602,0,-83,177,-494
-157,-498,0,228,411,52
-173,-592,0,-239,220,-22
-153,-574,0,245,-30,21
-169,-543,0,-192,31,-229
-128,-614,0,442,37,-22
-156,-566,0,-196,-224,232
-156,-518,0,-149,-281,-96
-63,-630,0,-353,-63,69
-81,-428,0,166,-111,4
-147,-417,0,-236,-112,-49
-185,-410,0,-232,-101,172
-163,-356,0,-262,-264,-245
-9,-451,0,-183,-44,-487
-39,-343,0,136,53,89
-81,-300,0,-77,-272,-155
-97,-370,0,151,327,-130
-83,-260,0,-192,-165,-211
16,-391,0,298,40,178
-72,-225,0,76,71,-24
-45,-313,0,204,-138,322
78,-279,0,79,272,98
33,-278,0,-116,-121,-358
154,-191,0,88,76,73
14,-142,0,188,167,-85
33,-68,0,-12,-53,72
56,-141,0,-68,346,188
119,-43,0,-284,505,-2
146,-109,0,136,161,-29
61,-46,0,151,-272,-119
175,32,0,-71,-142,109
112,71,0,344,-10,258
156,-42,0,250,318,-188
150,78,0,187,-168,-94
106,-25,0,40,-49,76
203,81,0,-120,-27,-27
310,-39,0,-293,227,103
216,40,0,104,37,-89
114,-30,0,75,210,-10
99,92,0,126,-127,66
184,35,0,20,-83,-74
69,93,0,97,714,325
185,16,0,67,129,-119
98,-16,0,10,-141,411
62,-26,0,-140,273,188
121,-34,0,-58,254,242
64,9,0,146,383,-133
106,-56,0,-281,-87,-379
3,-48,0,-283,340,-146
-6,-36,0,-209,18,387
28,-89,0,-126,48,-225
24,-116,0,-243,156,64
-60,-162,0,-301,-344,246
125,-209,0,195,-100,-52
7,-189,0,191,86,142
23,-269,0,-214,-77,100
-86,-282,0,-143,-354,-385
-17,-318,0,-105,-95,-193
-97,-379,0,-35,112,56
-51,-361,0,-38,79,296
-30,-377,0,151,-303,429
-80,-446,0,-184,334,72
-133,-486,0,-213,-177,-161
-100,-444,0,67,130,282
-77,-399,0,242,282,120
-114,-476,0,227,-57,-38
-139,-509,0,173,275,-118
-157,-606,0,27,241,3
-124,-529,0,57,-63,153
-235,-634,0,180,11,165
-203,-637,0,14,-132,60
-4,-513,0,194,114,175
-256,-552,0,-293,296,173
-191,-584,0,161,-165,-181
-199,-582,0,50,152,-12
-142,-504,0,-350,-114,1
-134,-513,0,465,413,-303
-143,-576,0,314,68,-94
-89,-472,0,-340,-156,169
-108,-489,0,-141,-2,104
-110,-537,0,179,16,-113
-55,-474,0,85,181,-277
-119,-321,0,-150,-110,-274
-76,-442,0,489,398,-46
-130,-446,0,-12,47,35
-147,-413,0,2,223,-183
-75,-386,0,-6,-40,-83
-66,-326,0,83,-280,40
-3,-370,0,-171,358,-286
-51,-299,0,-1,-231,135
-4,-211,0,-134,-182,-178
12,-289,0,28,-159,183
170,-183,0,70,-84,507
6,-100,0,-9,-190,273
81,-163,0,27,-109,-427
115,-152,0,240,-168,-92
104,-159,0,-303,-269,338
41,-96,0,207,-292,-19
167,28,0,-174,306,-481
138,-37,0,170,435,-54
166,8,0,-2,-79,220
53,42,0,108,504,12
19,-83,0,-242,-197,113
193,-3,0,311,-112,11
187,75,0,279,-122,288
187,45,0,476,-99,-235
108,51,0,-295,-333,124
121,20,0,-253,-65,71
183,19,0,-234,-98,-8
245,66,0,-210,-265,-105
105,-5,0,301,51,55
109,-6,0,88,334,627
231,30,0,7,90,-59
193,-8,0,299,-290,-265
174,11,0,-41,-181,-175
199,-5,0,63,-104,94
131,-102,0,124,489,145
115,-26,0,342,-124,-47
63,-113,0,-65,-55,208
74,-155,0,126,0,88
113,-135,0,318,62,-124
35,-193,0,196,354,236
26,-153,0,-105,125,-198
-41,-226,0,228,-174,-71
-2,-201,0,-8,420,84
-13,-186,0,303,-129,-106
1,-315,0,-9,-52,-175
-13,-251,0,23,-270,-122
6,-370,0,-21,-235,204
-130,-358,0,487,95,-99
-26,-367,0,94,-1,-393
-102,-382,0,-254,220,21
-5,-455,0,-285,414,-8
-108,-522,0,-223,-92,-76
-33,-503,0,188,230,62
-106,-509,0,295,-124,-172
-99,-455,0,-160,159,-221
-182,-548,0,-171,-188,-75
-186,-550,0,-87,-101,-253
-50,-468,0,13,189,-110
-176,-503,0,244,-68,-42
-109,-592,0,117,-261,-66
-244,-429,0,230,-83,116
-140,-556,0,-232,377,-357
-281,-483,0,74,191,48
-84,-557,0,239,-73,-70
-90,-505,0,-224,-70,175
-134,-415,0,-215,120,-402
-122,-434,0,151,-121,53
-63,-494,0,154,279,-241
-86,-499,0,166,292,-67
-173,-498,0,-157,42,-254
-83,-369,0,16,-109,-163
-81,-430,0,496,-54,39
-27,-398,0,-84,-211,56
-73,-426,0,-75,-53,-189
-160,-336,0,99,-18,365
-24,-326,0,129,123,-24
21,-300,0,280,-22,230
-8,-279,0,-68,256,202
-79,-182,0,-581,518,189
25,-157,0,166,193,127
-27,-160,0,214,251,-160
16,-204,0,-166,109,-85
74,-101,0,78,116,-184
-24,-38,0,-276,28,-430
-0,-177,0,-13,-138,156
187,-61,0,-143,78,180
-42,-61,0,-281,-244,54
56,-84,0,-15,53,190
233,13,0,121,56,204
112,-89,0,137,-27,-87
95,-65,0,162,420,-114
114,46,0,206,273,193
225,22,0,60,-28,281
134,114,0,-137,129,236
117,53,0,-169,308,77
196,14,0,-357,308,-137
100,67,0,134,415,172
183,-52,0,215,-185,47
144,9,0,-72,78,263
154,122,0,-44,-96,292
121,11,0,-486,127,192
52,43,0,20,-43,-250
164,-17,0,401,-187,-12
53,35,0,111,33,-30
115,-17,0,-544,-226,-259
124,-91,0,66,214,8
155,-161,0,-209,56,-76
63,-207,0,-213,255,204
168,-171,0,324,93,-178
77,-178,0,231,293,-85
61,-279,0,72,-323,224
2,-186,0,205,131,351
34,-267,0,140,259,226
-38,-278,0,-115,-148,-240
-12,-267,0,-221,-445,-37
-7,-292,0,21,-136,201
-142,-290,0,116,17,28
-71,-453,0,-33,311,312
-94,-364,0,-139,-81,342
-32,-484,0,-16,254,-78
-123,-497,0,59,218,360
-89,-540,0,121,243,-67
-95,-444,0,283,19,-16
-108,-582,0,-112,-157,254
-128,-503,0,40,-168,273
-165,-478,0,-47,-265,-185
-105,-565,0,8,-89,283
-220,-514,0,80,-310,157
-198,-610,0,-206,249,307
-107,-613,0,-163,386,217
-142,-506,0,63,247,95
-116,-562,0,398,321,104
-230,-499,0,-12,-59,-45
-179,-538,0,465,39,-89
-101,-468,0,-157,122,13
-87,-530,0,-28,-36,-161
-166,-565,0,10,-71,99
-61,-499,0,-101,-53,356
-69,-446,0,-211,-48,-60
-131,-383,0,241,141,113
-73,-328,0,306,-24,179
-44,-443,0,-213,-287,51
-121,-387,0,-295,308,110
-105,-451,0,-89,162,138
-70,-333,0,120,61,161
-86,-270,0,-210,-91,59
-52,-290,0,26,31,-64
-12,-261,0,-65,412,446
-91,-329,0,-59,-79,-58
1,-299,0,-58,-329,-313
48,-201,0,40,35,-159
17,-209,0,139,349,221
89,-204,0,276,141,413
155,-151,0,230,-51,48
44,-60,0,208,165,-87
94,-131,0,-158,224,110
100,-35,0,126,127,-29
159,-24,0,-114,-147,-161
186,-16,0,204,-138,-62
99,57,0,-334,-127,234
125,-23,0,-77,-3,-225
106,138,0,351,17,-274
81,59,0,146,33,102
189,-28,0,-15,230,-195
159,112,0,-177,-21,-406
240,47,0,-169,40,116
137,-1,0,-53,-133,-9
56,-13,0,-290,-323,135
87,-7,0,-61,-693,58
66,-33,0,140,194,403
186,-22,0,-199,-52,4
96,5,0,-86,201,-23
110,29,0,190,83,-12
164,21,0,47,52,41
79,37,0,63,-473,335
160,-6,0,-76,-36,-145
93,-93,0,202,-33,186
27,-103,0,-101,-41,399
105,-173,0,-328,-291,-93
-119,-166,0,-100,-81,114
68,-193,0,11,-242,-7
-22,-223,0,494,364,-154
12,-242,0,116,109,142
-23,-232,0,-31,-244,128
-73,-256,0,184,-259,-247
-148,-393,0,-609,-91,-139
-16,-441,0,-78,5,196
-15,-383,0,-272,361,7
-35,-398,0,-194,-232,-70
-128,-430,0,-136,43,281
-142,-388,0,-145,-235,-48
-116,-398,0,109,101,-7
-222,-442,0,10,-177,-166
-148,-429,0,-43,89,96
-151,-510,0,149,79,-53
-185,-464,0,290,-217,185
-211,-576,0,-11,-122,-72
-172,-587,0,-196,-79,-157
-127,-487,0,239,70,-183
-66,-506,0,364,12,447
-169,-581,0,-86,169,-88
-190,-631,0,149,-141,335
-137,-581,0,-59,-340,-60
-171,-573,0,-144,-180,-119
-218,-528,0,31,-64,20
-98,-507,0,208,161,30
-96,-489,0,54,-18,24
-209,-568,0,66,55,-180
-68,-465,0,186,-80,-196
-60,-422,0,346,-96,97
11,-516,0,264,-16,-225
-135,-435,0,-82,-60,-130
-46,-444,0,-1,120,-126
-23,-333,0,-27,390,24
20,-341,0,-154,149,-133
-76,-220,0,-32,570,176
81,-364,0,49,362,-324
-19,-277,0,-169,53,201
35,-311,0,-150,-51,48
74,-217,0,404,149,-267
6,-18,0,-274,-309,25
59,-263,0,-126,69,198
25,-72,0,-300,-70,-27
55,-168,0,-226,316,-146
155,-81,0,-95,-143,144
92,-69,0,197,248,-66
13,-54,0,-153,119,-13
221,-0,0,-262,201,-34
62,11,0,361,-104,88
168,-2,0,-252,57,59
89,32,0,-380,78,-222
107,70,0,-228,286,96
106,-28,0,83,234,161
174,-56,0,-78,88,153
167,-17,0,-148,-312,-249
101,93,0,297,9,-161
133,-17,0,96,-259,-89
72,0,0,276,-63,160
179,147,0,52,-297,-9
111,76,0,82,479,48
81,-21,0,-60,396,-329
106,-17,0,-94,85,-150
147,-32,0,67,-8,214
205,-35,0,18,256,-96
31,-20,0,-233,-134,-83
51,-98,0,-30,-401,-419
126,-110,0,241,-35,57
97,-42,0,-131,-251,264
101,-123,0,164,221,-89
48,-144,0,-210,-19,149
-0,-170,0,-45,-542,336
44,-231,0,153,289,-24
38,-246,0,180,-93,-155
-67,-270,0,193,57,119
55,-280,0,-147,-297,376
-23,-355,0,-38,-285,303
-5,-371,0,118,258,-190
-74,-409,0,198,443,-24
-5,-392,0,-91,-98,-87
-147,-341,0,77,-68,-168
-29,-353,0,118,126,-40
-168,-430,0,181,-195,-26
-106,-398,0,-225,-90,415
-88,-412,0,-233,-74,74
-119,-477,0,213,-37,235
-194,-630,0,-35,217,-275
-206,-567,0,-224,142,71
-124,-579,0,-170,70,353
-100,-535,0,-116,-25,102
-241,-593,0,80,-181,265
-182,-526,0,201,-263,59
-92,-528,0,132,-100,-219
-99,-493,0,176,79,268
-88,-531,0,38,424,42
-103,-530,0,66,48,-101
-107,-586,0,107,238,416
-123,-434,0,-46,132,206
-73,-553,0,171,-8,144
-123,-481,0,148,-81,-273
-120,-561,0,288,-169,-115
-13,-394,0,66,-309,-317
-67,-354,0,-530,-63,-208
-26,-340,0,-8,124,-185
-63,-397,0,225,182,31
-2,-401,0,154,323,127
-52,-283,0,-252,-240,289
38,-270,0,-92,-12,143
-0,-228,0,-211,116,188
42,-184,0,-120,-202,-169
30,-218,0,59,189,-170
86,-232,0,56,96,-345
78,-126,0,-133,-132,-211
24,-114,0,-91,76,205
92,-49,0,-124,-38,-232
74,-133,0,3,531,173
129,-45,0,-7,-273,-3
136,-30,0,23,140,-40
107,-112,0,-17,-128,-198
124,-73,0,-80,-274,-260
115,-25,0,221,269,136
152,37,0,-127,189,-14
128,87,0,-243,-193,0
235,79,0,-286,175,13
165,87,0,145,-17,112
135,85,0,-39,-60,164
139,14,0,-18,-311,142
198,-65,0,166,-45,188
119,-2,0,64,-212,33
78,44,0,213,-152,131
201,-53,0,250,14,-2
238,10,0,-111,-58,-96
147,49,0,19,158,-77
87,4,0,-265,264,-54
109,-71,0,84,-95,-81
168,-129,0,123,-106,178
124,-59,0,-101,2,-86
55,-72,0,-88,-27,-119
185,-123,0,138,386,-3
82,-170,0,196,227,242
36,-142,0,79,73,78
4,-220,0,-110,81,82
-22,-276,0,-361,486,284
48,-254,0,-108,308,-55
-114,-336,0,-61,-126,-18
22,-290,0,15,38,36
14,-360,0,239,164,310
24,-354,0,-215,-125,-103
-105,-375,0,-161,-51,-131
-6,-295,0,131,-5,-92
-33,-406,0,-114,70,74
-110,-441,0,9,138,-156
-23,-455,0,105,2,-254
-119,-611,0,27,-44,-205
-100,-442,0,-204,164,-44
-40,-588,0,0,-88,-135
-107,-579,0,-52,223,59
-160,-559,0,-8,-205,-93
-164,-589,0,-439,27,63
-117,-548,0,19,105,182
-236,-629,0,-127,173,-203
-251,-556,0,81,109,334
-169,-542,0,-65,-30,-125
-275,-541,0,54,158,-186
-109,-497,0,-34,114,39
-163,-492,0,116,102,35
-89,-423,0,27,-169,-117
-93,-438,0,176,159,19
-114,-469,0,-356,47,3
-51,-388,0,-173,101,323
-98,-369,0,70,58,106
-114,-367,0,312,127,-141
-63,-393,0,-264,115,-405
-42,-423,0,390,82,-15
-83,-363,0,-111,26,-163
-133,-369,0,-102,-283,43
-54,-349,0,-194,157,-294
-97,-321,0,81,-77,45
-21,-311,0,-103,-441,164
57,-205,0,-282,-109,-73
50,-214,0,-145,-207,-306
-12,-151,0,249,105,-369
56,-231,0,-10,84,-284
104,-305,0,243,-251,110
138,-53,0,98,47,-307
73,-95,0,34,-362,100
65,-16,0,-314,-134,145
151,-29,0,357,64,54
189,4,0,251,-187,-315
56,-38,0,-94,7,-30
129,-19,0,-175,-268,-429
127,23,0,-315,261,-187
174,-45,0,44,-10,-289
57,65,0,-138,220,-270
78,16,0,180,-148,-45
169,73,0,209,121,157
129,56,0,-79,328,107
194,191,0,-16,-443,-4
185,1,0,-158,-176,-120
147,32,0,315,-46,281
34,-19,0,-158,85,97
97,20,0,175,-300,-137
126,-17,0,47,60,-229
156,-34,0,-112,256,5
66,-105,0,41,46,79
142,22,0,-29,-73,-65
47,-37,0,-275,-112,83
132,28,0,104,44,164
31,-140,0,-206,119,142
45,-131,0,41,278,-8
10,-154,0,84,106,54
118,-154,0,1,11,74
5,-323,0,-196,292,-33
-24,-288,0,386,129,-239
15,-201,0,-124,-176,348
-31,-280,0,-190,-11,183
-8,-313,0,22,66,132
-104,-356,0,229,337,-239
-47,-351,0,-38,320,212
-49,-351,0,-13,26,196
-78,-457,0,-158,92,67
-121,-485,0,113,4,-153
-149,-477,0,-416,-108,-223
-162,-436,0,104,195,-355
-47,-493,0,33,-253,190
-171,-527,0,-147,312,195
-129,-570,0,-196,243,235
-103,-397,0,-446,75,-225
-137,-584,0,-68,-88,-81
-153,-533,0,-61,145,61
-105,-542,0,259,-405,-5
-122,-517,0,-252,415,-257
-209,-651,0,50,-79,156
-192,-554,0,102,-271,-230
-249,-480,0,60,145,-39
-146,-605,0,-3,522,-12
-132,-542,0,-12,37,-165
-106,-430,0,245,25,-18
-69,-439,0,12,718,-397
-60,-510,0,246,-183,164
-93,-372,0,108,-94,-103
-63,-482,0,238,289,-43
-69,-365,0,198,-121,196
-100,-326,0,170,186,216
1,-379,0,-157,-295,-120
1,-308,0,-20,-64,-54
-42,-260,0,-87,-331,7
-54,-284,0,4,-387,82
15,-301,0,415,-178,-297
-59,-245,0,322,38,238
-29,-233,0,-135,-373,36
109,-102,0,16,-54,-82
-5,-87,0,145,235,113
69,3,0,-9,-307,-284
97,-97,0,157,-97,8
96,-4,0,-248,126,-287
39,-52,0,-78,-126,-89
98,-83,0,60,236,-103
93,-55,0,77,-31,284
128,43,0,-199,0,356
25,-15,0,-367,168,-41
125,-32,0,133,250,177
226,63,0,-13,138,42
143,68,0,-124,26,279
312,78,0,-34,-331,-26
144,-51,0,424,-62,208
80,32,0,288,269,-144
115,72,0,-349,225,14
96,-65,0,-122,-104,160
148,-49,0,-114,17,352
194,-19,0,313,305,-404
90,3,0,-239,-267,132
139,-69,0,30,-62,338
100,17,0,-181,86,-47
89,17,0,36,-157,-107
161,-116,0,257,52,-280
50,-58,0,-48,493,-252
47,-89,0,238,72,-355
140,-135,0,373,102,27
-3,-157,0,298,344,363
84,-283,0,218,57,-139
19,-293,0,135,-31,304
31,-230,0,379,97,-113
64,-248,0,206,166,125
-38,-284,0,225,-82,-145
-2,-268,0,237,-217,204
-90,-465,0,-245,-104,90
-46,-279,0,330,-139,587
-141,-329,0,389,-242,-172
-84,-369,0,370,66,-34
-64,-348,0,14,-425,78
-96,-557,0,-19,143,411
