0,-264,0,0,0,0
0,-262,0,0,0,0
0,-289,0,0,0,0
0,-229,0,0,0,0
0,-268,0,0,0,0
0,-233,0,0,0,0
0,-276,0,0,0,0
0,-267,0,0,0,0
0,-242,0,0,0,0
0,-229,0,0,0,0
0,-210,0,0,0,0
0,-276,0,0,0,0
0,-246,0,0,0,0
0,-264,0,0,0,0
0,-258,0,0,0,0
0,-244,0,0,0,0
0,-279,0,0,0,0
0,-288,0,0,0,0
0,-244,0,0,0,0
0,-230,0,0,0,0
0,-265,0,0,0,0
0,-252,0,0,0,0
0,-264,0,0,0,0
0,-270,0,0,0,0
0,-242,0,0,0,0
0,-234,0,0,0,0
0,-235,0,0,0,0
0,-272,0,0,0,0
0,-283,0,0,0,0
0,-249,0,0,0,0
0,-229,0,0,0,0
0,-256,0,0,0,0
0,-263,0,0,0,0
0,-224,0,0,0,0
0,-279,0,0,0,0
0,-254,0,0,0,0
0,-263,0,0,0,0
0,-284,0,0,0,0
0,-249,0,0,0,0
0,-251,0,0,0,0
0,-255,0,0,0,0
0,-238,0,0,0,0
0,-265,0,0,0,0
0,-254,0,0,0,0
0,-265,0,0,0,0
0,-258,0,0,0,0
0,-249,0,0,0,0
0,-248,0,0,0,0
0,-280,0,0,0,0
0,-240,0,0,0,0
0,-236,0,0,0,0
0,-251,0,0,0,0
0,-273,0,0,0,0
0,-266,0,0,0,0
0,-248,0,0,0,0
0,-217,0,0,0,0
0,-269,0,0,0,0
0,-283,0,0,0,0
0,-261,0,0,0,0
0,-257,0,0,0,0
0,-269,0,0,0,0
0,-262,0,0,0,0
0,-266,0,0,0,0
0,-245,0,0,0,0
0,-301,0,0,0,0
0,-250,0,0,0,0
0,-266,0,0,0,0
0,-242,0,0,0,0
0,-214,0,0,0,0
0,-283,0,0,0,0
0,-273,0,0,0,0
0,-242,0,0,0,0
0,-268,0,0,0,0
0,-246,0,0,0,0
0,-270,0,0,0,0
0,-266,0,0,0,0
0,-286,0,0,0,0
0,-283,0,0,0,0
0,-298,0,0,0,0
0,-239,0,0,0,0
0,-256,0,0,0,0
0,-255,0,0,0,0
0,-236,0,0,0,0
0,-255,0,0,0,0
0,-243,0,0,0,0
0,-268,0,0,0,0
0,-263,0,0,0,0
0,-224,0,0,0,0
0,-239,0,0,0,0
0,-252,0,0,0,0
0,-231,0,0,0,0
0,-261,0,0,0,0
0,-255,0,0,0,0
0,-253,0,0,0,0
0,-251,0,0,0,0
0,-252,0,0,0,0
0,-269,0,0,0,0
0,-314,0,0,0,0
0,-265,0,0,0,0
0,-269,0,0,0,0
0,-245,0,0,0,0
0,-225,0,0,0,0
0,-264,0,0,0,0
0,-266,0,0,0,0
0,-255,0,0,0,0
0,-288,0,0,0,0
0,-243,0,0,0,0
0,-263,0,0,0,0
0,-276,0,0,0,0
0,-249,0,0,0,0
0,-246,0,0,0,0
0,-250,0,0,0,0
0,-259,0,0,0,0
0,-251,0,0,0,0
0,-263,0,0,0,0
0,-255,0,0,0,0
0,-258,0,0,0,0
0,-255,0,0,0,0
0,-223,0,0,0,0
0,-283,0,0,0,0
0,-234,0,0,0,0
0,-231,0,0,0,0
0,-247,0,0,0,0
0,-265,0,0,0,0
0,-275,0,0,0,0
0,-252,0,0,0,0
0,-302,0,0,0,0
0,-232,0,0,0,0
0,-251,0,0,0,0
0,-256,0,0,0,0
0,-252,0,0,0,0
0,-237,0,0,0,0
0,-225,0,0,0,0
0,-280,0,0,0,0
0,-232,0,0,0,0
0,-262,0,0,0,0
0,-290,0,0,0,0
0,-237,0,0,0,0
0,-260,0,0,0,0
0,-296,0,0,0,0
0,-255,0,0,0,0
0,-262,0,0,0,0
0,-244,0,0,0,0
0,-252,0,0,0,0
0,-239,0,0,0,0
0,-241,0,0,0,0
0,-264,0,0,0,0
0,-270,0,0,0,0
0,-261,0,0,0,0
0,-255,0,0,0,0
0,-250,0,0,0,0
0,-247,0,0,0,0
0,-259,0,0,0,0
0,-269,0,0,0,0
0,-287,0,0,0,0
0,-271,0,0,0,0
0,-268,0,0,0,0
0,-244,0,0,0,0
0,-257,0,0,0,0
0,-262,0,0,0,0
0,-270,0,0,0,0
0,-276,0,0,0,0
0,-285,0,0,0,0
0,-240,0,0,0,0
0,-231,0,0,0,0
0,-269,0,0,0,0
0,-199,0,0,0,0
0,-272,0,0,0,0
0,-251,0,0,0,0
0,-226,0,0,0,0
0,-239,0,0,0,0
0,-265,0,0,0,0
0,-281,0,0,0,0
0,-225,0,0,0,0
0,-224,0,0,0,0
0,-254,0,0,0,0
0,-246,0,0,0,0
0,-224,0,0,0,0
0,-292,0,0,0,0
0,-263,0,0,0,0
0,-257,0,0,0,0
0,-253,0,0,0,0
0,-283,0,0,0,0
0,-235,0,0,0,0
0,-266,0,0,0,0
0,-261,0,0,0,0
0,-262,0,0,0,0
0,-264,0,0,0,0
0,-235,0,0,0,0
0,-268,0,0,0,0
0,-249,0,0,0,0
0,-309,0,0,0,0
0,-319,0,0,0,0
0,-224,0,0,0,0
0,-237,0,0,0,0
0,-229,0,0,0,0
0,-288,0,0,0,0
0,-257,0,0,0,0
0,-258,0,0,0,0
0,-237,0,0,0,0
0,-316,0,0,0,0
0,-294,0,0,0,0
0,-242,0,0,0,0
0,-232,0,0,0,0
0,-249,0,0,0,0
0,-226,0,0,0,0
0,-255,0,0,0,0
0,-257,0,0,0,0
0,-260,0,0,0,0
0,-267,0,0,0,0
0,-268,0,0,0,0
0,-246,0,0,0,0
0,-263,0,0,0,0
0,-257,0,0,0,0
0,-269,0,0,0,0
0,-285,0,0,0,0
0,-275,0,0,0,0
0,-245,0,0,0,0
0,-260,0,0,0,0
0,-251,0,0,0,0
0,-267,0,0,0,0
0,-235,0,0,0,0
0,-240,0,0,0,0
0,-254,0,0,0,0
0,-242,0,0,0,0
0,-257,0,0,0,0
0,-284,0,0,0,0
0,-272,0,0,0,0
0,-288,0,0,0,0
0,-240,0,0,0,0
0,-255,0,0,0,0
0,-270,0,0,0,0
0,-247,0,0,0,0
0,-288,0,0,0,0
0,-223,0,0,0,0
0,-262,0,0,0,0
0,-285,0,0,0,0
0,-247,0,0,0,0
0,-263,0,0,0,0
0,-244,0,0,0,0
0,-259,0,0,0,0
0,-227,0,0,0,0
0,-224,0,0,0,0
0,-259,0,0,0,0
0,-224,0,0,0,0
0,-242,0,0,0,0
0,-229,0,0,0,0
0,-236,0,0,0,0
0,-285,0,0,0,0
0,-311,0,0,0,0
0,-230,0,0,0,0
0,-261,0,0,0,0
0,-257,0,0,0,0
0,-253,0,0,0,0
0,-259,0,0,0,0
0,-272,0,0,0,0
0,-208,0,0,0,0
0,-295,0,0,0,0
0,-267,0,0,0,0
0,-242,0,0,0,0
0,-242,0,0,0,0
0,-252,0,0,0,0
0,-266,0,0,0,0
0,-243,0,0,0,0
0,-279,0,0,0,0
0,-270,0,0,0,0
0,-280,0,0,0,0
0,-223,0,0,0,0
0,-254,0,0,0,0
0,-275,0,0,0,0
0,-256,0,0,0,0
0,-273,0,0,0,0
0,-252,0,0,0,0
0,-254,0,0,0,0
0,-243,0,0,0,0
0,-283,0,0,0,0
0,-220,0,0,0,0
0,-231,0,0,0,0
0,-279,0,0,0,0
0,-267,0,0,0,0
0,-239,0,0,0,0
0,-261,0,0,0,0
0,-243,0,0,0,0
0,-212,0,0,0,0
0,-217,0,0,0,0
0,-266,0,0,0,0
0,-263,0,0,0,0
0,-269,0,0,0,0
0,-249,0,0,0,0
0,-267,0,0,0,0
0,-230,0,0,0,0
0,-286,0,0,0,0
0,-239,0,0,0,0
0,-219,0,0,0,0
0,-264,0,0,0,0
0,-255,0,0,0,0
0,-269,0,0,0,0
0,-243,0,0,0,0
0,-253,0,0,0,0
0,-247,0,0,0,0
0,-253,0,0,0,0
0,-258,0,0,0,0
0,-259,0,0,0,0
0,-261,0,0,0,0
0,-259,0,0,0,0
0,-270,0,0,0,0
0,-271,0,0,0,0
0,-286,0,0,0,0
0,-225,0,0,0,0
0,-268,0,0,0,0
0,-243,0,0,0,0
0,-271,0,0,0,0
0,-245,0,0,0,0
0,-288,0,0,0,0
0,-285,0,0,0,0
0,-270,0,0,0,0
0,-265,0,0,0,0
0,-247,0,0,0,0
0,-269,0,0,0,0
0,-261,0,0,0,0
0,-269,0,0,0,0
0,-245,0,0,0,0
0,-268,0,0,0,0
0,-274,0,0,0,0
0,-261,0,0,0,0
0,-254,0,0,0,0
0,-240,0,0,0,0
0,-233,0,0,0,0
0,-258,0,0,0,0
0,-275,0,0,0,0
0,-278,0,0,0,0
0,-287,0,0,0,0
0,-267,0,0,0,0
0,-268,0,0,0,0
0,-234,0,0,0,0
0,-239,0,0,0,0
0,-257,0,0,0,0
0,-245,0,0,0,0
0,-240,0,0,0,0
0,-254,0,0,0,0
0,-263,0,0,0,0
0,-253,0,0,0,0
0,-253,0,0,0,0
0,-261,0,0,0,0
0,-266,0,0,0,0
0,-268,0,0,0,0
0,-276,0,0,0,0
0,-245,0,0,0,0
0,-237,0,0,0,0
0,-249,0,0,0,0
0,-263,0,0,0,0
0,-251,0,0,0,0
0,-264,0,0,0,0
0,-234,0,0,0,0
0,-270,0,0,0,0
0,-246,0,0,0,0
0,-261,0,0,0,0
0,-286,0,0,0,0
0,-299,0,0,0,0
0,-250,0,0,0,0
0,-243,0,0,0,0
0,-220,0,0,0,0
0,-248,0,0,0,0
0,-218,0,0,0,0
0,-273,0,0,0,0
0,-275,0,0,0,0
0,-257,0,0,0,0
0,-245,0,0,0,0
0,-248,0,0,0,0
0,-268,0,0,0,0
0,-272,0,0,0,0
0,-292,0,0,0,0
0,-264,0,0,0,0
0,-226,0,0,0,0
0,-228,0,0,0,0
0,-268,0,0,0,0
0,-220,0,0,0,0
0,-268,0,0,0,0
0,-234,0,0,0,0
0,-262,0,0,0,0
0,-220,0,0,0,0
0,-248,0,0,0,0
0,-270,0,0,0,0
0,-240,0,0,0,0
0,-272,0,0,0,0
0,-291,0,0,0,0
0,-259,0,0,0,0
0,-272,0,0,0,0
0,-237,0,0,0,0
0,-275,0,0,0,0
0,-270,0,0,0,0
0,-267,0,0,0,0
0,-288,0,0,0,0
0,-265,0,0,0,0
0,-277,0,0,0,0
0,-253,0,0,0,0
0,-279,0,0,0,0
0,-273,0,0,0,0
0,-264,0,0,0,0
0,-270,0,0,0,0
0,-281,0,0,0,0
0,-249,0,0,0,0
0,-268,0,0,0,0
0,-290,0,0,0,0
0,-259,0,0,0,0
0,-268,0,0,0,0
0,-263,0,0,0,0
0,-249,0,0,0,0
0,-267,0,0,0,0
0,-278,0,0,0,0
0,-265,0,0,0,0
0,-260,0,0,0,0
0,-268,0,0,0,0
0,-295,0,0,0,0
0,-229,0,0,0,0
0,-256,0,0,0,0
0,-238,0,0,0,0
0,-237,0,0,0,0
0,-256,0,0,0,0
0,-285,0,0,0,0
0,-219,0,0,0,0
0,-262,0,0,0,0
0,-243,0,0,0,0
0,-277,0,0,0,0
0,-255,0,0,0,0
0,-253,0,0,0,0
0,-244,0,0,0,0
0,-280,0,0,0,0
0,-251,0,0,0,0
0,-261,0,0,0,0
0,-238,0,0,0,0
0,-278,0,0,0,0
0,-238,0,0,0,0
0,-232,0,0,0,0
0,-223,0,0,0,0
0,-246,0,0,0,0
0,-258,0,0,0,0
0,-215,0,0,0,0
0,-264,0,0,0,0
0,-254,0,0,0,0
0,-281,0,0,0,0
0,-262,0,0,0,0
0,-257,0,0,0,0
0,-238,0,0,0,0
0,-260,0,0,0,0
0,-259,0,0,0,0
0,-287,0,0,0,0
0,-240,0,0,0,0
0,-268,0,0,0,0
0,-292,0,0,0,0
0,-242,0,0,0,0
0,-228,0,0,0,0
0,-271,0,0,0,0
0,-253,0,0,0,0
0,-275,0,0,0,0
0,-228,0,0,0,0
0,-278,0,0,0,0
0,-255,0,0,0,0
0,-290,0,0,0,0
0,-229,0,0,0,0
0,-266,0,0,0,0
0,-235,0,0,0,0
0,-262,0,0,0,0
0,-238,0,0,0,0
0,-305,0,0,0,0
0,-224,0,0,0,0
0,-271,0,0,0,0
0,-289,0,0,0,0
0,-239,0,0,0,0
0,-266,0,0,0,0
0,-267,0,0,0,0
0,-290,0,0,0,0
0,-256,0,0,0,0
0,-251,0,0,0,0
0,-258,0,0,0,0
0,-249,0,0,0,0
0,-243,0,0,0,0
0,-263,0,0,0,0
0,-255,0,0,0,0
0,-282,0,0,0,0
0,-275,0,0,0,0
0,-285,0,0,0,0
0,-266,0,0,0,0
0,-296,0,0,0,0
0,-258,0,0,0,0
0,-229,0,0,0,0
0,-278,0,0,0,0
0,-240,0,0,0,0
0,-232,0,0,0,0
0,-254,0,0,0,0
0,-248,0,0,0,0
0,-244,0,0,0,0
0,-231,0,0,0,0
0,-261,0,0,0,0
0,-249,0,0,0,0
0,-251,0,0,0,0
0,-247,0,0,0,0
0,-257,0,0,0,0
0,-249,0,0,0,0
0,-241,0,0,0,0
0,-241,0,0,0,0
0,-240,0,0,0,0
0,-255,0,0,0,0
0,-258,0,0,0,0
0,-213,0,0,0,0
0,-227,0,0,0,0
0,-243,0,0,0,0
0,-268,0,0,0,0
0,-240,0,0,0,0
0,-294,0,0,0,0
0,-244,0,0,0,0
0,-287,0,0,0,0
0,-266,0,0,0,0
0,-279,0,0,0,0
0,-225,0,0,0,0
0,-257,0,0,0,0
0,-272,0,0,0,0
0,-253,0,0,0,0
0,-301,0,0,0,0
0,-282,0,0,0,0
0,-259,0,0,0,0
0,-277,0,0,0,0
0,-282,0,0,0,0
0,-267,0,0,0,0
0,-268,0,0,0,0
0,-220,0,0,0,0
0,-287,0,0,0,0
0,-242,0,0,0,0
0,-248,0,0,0,0
0,-228,0,0,0,0
0,-261,0,0,0,0
0,-245,0,0,0,0
0,-258,0,0,0,0
0,-232,0,0,0,0
0,-275,0,0,0,0
0,-254,0,0,0,0
0,-285,0,0,0,0
0,-267,0,0,0,0
0,-290,0,0,0,0
0,-265,0,0,0,0
0,-277,0,0,0,0
0,-233,0,0,0,0
0,-251,0,0,0,0
0,-265,0,0,0,0
0,-272,0,0,0,0
0,-261,0,0,0,0
0,-269,0,0,0,0
0,-264,0,0,0,0
0,-278,0,0,0,0
0,-255,0,0,0,0
0,-267,0,0,0,0
0,-276,0,0,0,0
0,-248,0,0,0,0
0,-252,0,0,0,0
0,-271,0,0,0,0
0,-225,0,0,0,0
0,-248,0,0,0,0
0,-235,0,0,0,0
0,-256,0,0,0,0
0,-262,0,0,0,0
0,-254,0,0,0,0
0,-252,0,0,0,0
0,-230,0,0,0,0
0,-233,0,0,0,0
0,-233,0,0,0,0
0,-270,0,0,0,0
0,-262,0,0,0,0
0,-282,0,0,0,0
0,-249,0,0,0,0
0,-238,0,0,0,0
0,-240,0,0,0,0
0,-267,0,0,0,0
0,-261,0,0,0,0
0,-272,0,0,0,0
0,-275,0,0,0,0
0,-262,0,0,0,0
0,-229,0,0,0,0
0,-273,0,0,0,0
0,-295,0,0,0,0
0,-242,0,0,0,0
0,-251,0,0,0,0
0,-270,0,0,0,0
0,-251,0,0,0,0
0,-269,0,0,0,0
0,-229,0,0,0,0
0,-284,0,0,0,0
0,-243,0,0,0,0
0,-259,0,0,0,0
0,-263,0,0,0,0
0,-248,0,0,0,0
0,-255,0,0,0,0
0,-237,0,0,0,0
0,-239,0,0,0,0
0,-301,0,0,0,0
0,-239,0,0,0,0
0,-271,0,0,0,0
0,-237,0,0,0,0
0,-265,0,0,0,0
0,-293,0,0,0,0
0,-258,0,0,0,0
0,-241,0,0,0,0
0,-233,0,0,0,0
0,-249,0,0,0,0
0,-253,0,0,0,0
0,-259,0,0,0,0
0,-254,0,0,0,0
0,-275,0,0,0,0
0,-259,0,0,0,0
0,-230,0,0,0,0
0,-268,0,0,0,0
0,-247,0,0,0,0
0,-257,0,0,0,0
0,-287,0,0,0,0
0,-266,0,0,0,0
0,-232,0,0,0,0
0,-265,0,0,0,0
0,-246,0,0,0,0
0,-269,0,0,0,0
0,-267,0,0,0,0
0,-272,0,0,0,0
0,-301,0,0,0,0
0,-235,0,0,0,0
0,-259,0,0,0,0
0,-236,0,0,0,0
0,-229,0,0,0,0
0,-232,0,0,0,0
0,-244,0,0,0,0
0,-232,0,0,0,0
0,-278,0,0,0,0
0,-248,0,0,0,0
0,-290,0,0,0,0
0,-272,0,0,0,0
0,-244,0,0,0,0
0,-269,0,0,0,0
0,-257,0,0,0,0
0,-266,0,0,0,0
0,-214,0,0,0,0
0,-194,0,0,0,0
0,-231,0,0,0,0
0,-252,0,0,0,0
0,-276,0,0,0,0
0,-259,0,0,0,0
0,-251,0,0,0,0
0,-253,0,0,0,0
0,-255,0,0,0,0
0,-236,0,0,0,0
0,-226,0,0,0,0
0,-278,0,0,0,0
0,-233,0,0,0,0
0,-273,0,0,0,0
0,-264,0,0,0,0
0,-288,0,0,0,0
0,-285,0,0,0,0
0,-238,0,0,0,0
0,-231,0,0,0,0
0,-263,0,0,0,0
0,-266,0,0,0,0
0,-262,0,0,0,0
0,-276,0,0,0,0
0,-246,0,0,0,0
0,-252,0,0,0,0
0,-268,0,0,0,0
0,-286,0,0,0,0
0,-268,0,0,0,0
0,-272,0,0,0,0
0,-250,0,0,0,0
0,-284,0,0,0,0
0,-219,0,0,0,0
0,-240,0,0,0,0
0,-262,0,0,0,0
0,-240,0,0,0,0
0,-241,0,0,0,0
0,-229,0,0,0,0
0,-260,0,0,0,0
0,-228,0,0,0,0
0,-270,0,0,0,0
0,-307,0,0,0,0
0,-307,0,0,0,0
0,-253,0,0,0,0
0,-246,0,0,0,0
0,-278,0,0,0,0
0,-276,0,0,0,0
0,-294,0,0,0,0
0,-261,0,0,0,0
0,-255,0,0,0,0
0,-238,0,0,0,0
0,-279,0,0,0,0
0,-279,0,0,0,0
0,-271,0,0,0,0
0,-249,0,0,0,0
0,-272,0,0,0,0
0,-262,0,0,0,0
0,-226,0,0,0,0
0,-274,0,0,0,0
0,-260,0,0,0,0
0,-287,0,0,0,0
0,-283,0,0,0,0
0,-241,0,0,0,0
0,-261,0,0,0,0
0,-243,0,0,0,0
0,-242,0,0,0,0
0,-242,0,0,0,0
0,-244,0,0,0,0
0,-268,0,0,0,0
0,-246,0,0,0,0
0,-233,0,0,0,0
0,-247,0,0,0,0
0,-201,0,0,0,0
0,-268,0,0,0,0
0,-248,0,0,0,0
0,-260,0,0,0,0
0,-238,0,0,0,0
0,-244,0,0,0,0
0,-253,0,0,0,0
0,-281,0,0,0,0
0,-309,0,0,0,0
0,-266,0,0,0,0
0,-274,0,0,0,0
0,-259,0,0,0,0
0,-263,0,0,0,0
0,-254,0,0,0,0
0,-265,0,0,0,0
0,-277,0,0,0,0
0,-287,0,0,0,0
0,-279,0,0,0,0
0,-247,0,0,0,0
0,-285,0,0,0,0
0,-240,0,0,0,0
0,-282,0,0,0,0
0,-238,0,0,0,0
0,-286,0,0,0,0
0,-265,0,0,0,0
0,-262,0,0,0,0
0,-322,0,0,0,0
0,-235,0,0,0,0
0,-307,0,0,0,0
0,-279,0,0,0,0
0,-257,0,0,0,0
0,-268,0,0,0,0
0,-236,0,0,0,0
0,-236,0,0,0,0
0,-256,0,0,0,0
0,-249,0,0,0,0
0,-259,0,0,0,0
0,-234,0,0,0,0
0,-257,0,0,0,0
0,-276,0,0,0,0
0,-204,0,0,0,0
0,-255,0,0,0,0
0,-249,0,0,0,0
0,-242,0,0,0,0
0,-251,0,0,0,0
0,-222,0,0,0,0
0,-256,0,0,0,0
0,-284,0,0,0,0
0,-246,0,0,0,0
0,-246,0,0,0,0
0,-262,0,0,0,0
0,-258,0,0,0,0
0,-294,0,0,0,0
0,-231,0,0,0,0
0,-261,0,0,0,0
0,-265,0,0,0,0
0,-261,0,0,0,0
0,-247,0,0,0,0
0,-263,0,0,0,0
0,-227,0,0,0,0
0,-272,0,0,0,0
0,-276,0,0,0,0
0,-218,0,0,0,0
0,-276,0,0,0,0
0,-263,0,0,0,0
0,-224,0,0,0,0
0,-225,0,0,0,0
0,-268,0,0,0,0
0,-239,0,0,0,0
0,-287,0,0,0,0
0,-246,0,0,0,0
0,-282,0,0,0,0
0,-303,0,0,0,0
0,-250,0,0,0,0
0,-7,0,0,0,0
0,13,0,0,0,0
0,-15,0,0,0,0
0,5,0,0,0,0
0,0,0,0,0,0
0,-8,0,0,0,0
0,-8,0,0,0,0
0,8,0,0,0,0
0,1,0,0,0,0
0,6,0,0,0,0
0,10,0,0,0,0
0,-7,0,0,0,0
0,3,0,0,0,0
0,-17,0,0,0,0
0,-21,0,0,0,0
0,10,0,0,0,0
0,3,0,0,0,0
0,15,0,0,0,0
0,2,0,0,0,0
0,-7,0,0,0,0
0,-1,0,0,0,0
0,-1,0,0,0,0
0,-3,0,0,0,0
0,-25,0,0,0,0
0,3,0,0,0,0
0,-6,0,0,0,0
0,13,0,0,0,0
0,1,0,0,0,0
0,-3,0,0,0,0
0,0,0,0,0,0
0,5,0,0,0,0
0,-1,0,0,0,0
0,-5,0,0,0,0
0,-12,0,0,0,0
0,10,0,0,0,0
0,-9,0,0,0,0
0,6,0,0,0,0
0,3,0,0,0,0
0,-15,0,0,0,0
0,12,0,0,0,0
0,62,0,0,0,0
0,157,0,0,0,0
0,232,0,0,0,0
0,462,0,0,0,0
0,710,0,0,0,0
0,1091,0,0,0,0
0,1436,0,0,0,0
0,1842,0,0,0,0
0,2232,0,0,0,0
0,2669,0,0,0,0
0,3004,0,0,0,0
0,3314,0,0,0,0
0,3583,0,0,0,0
0,3767,0,0,0,0
0,3836,0,0,0,0
0,3798,0,0,0,0
0,3739,0,0,0,0
0,3557,0,0,0,0
0,3335,0,0,0,0
0,2988,0,0,0,0
0,2660,0,0,0,0
0,2284,0,0,0,0
0,1850,0,0,0,0
0,1476,0,0,0,0
0,1100,0,0,0,0
0,742,0,0,0,0
0,442,0,0,0,0
0,274,0,0,0,0
0,125,0,0,0,0
0,77,0,0,0,0
0,-218,0,0,0,0
0,-240,0,0,0,0
0,-260,0,0,0,0
0,-287,0,0,0,0
0,-264,0,0,0,0
0,-229,0,0,0,0
0,-234,0,0,0,0
0,-272,0,0,0,0
0,-256,0,0,0,0
0,-260,0,0,0,0
0,-256,0,0,0,0
0,-252,0,0,0,0
0,-252,0,0,0,0
0,-221,0,0,0,0
0,-275,0,0,0,0
0,-240,0,0,0,0
0,-243,0,0,0,0
0,-265,0,0,0,0
0,-263,0,0,0,0
0,-256,0,0,0,0
0,-230,0,0,0,0
0,-227,0,0,0,0
0,-269,0,0,0,0
0,-263,0,0,0,0
0,-250,0,0,0,0
0,-231,0,0,0,0
0,-229,0,0,0,0
0,-253,0,0,0,0
0,-233,0,0,0,0
0,-266,0,0,0,0
0,-241,0,0,0,0
0,-251,0,0,0,0
0,-288,0,0,0,0
0,-298,0,0,0,0
0,-255,0,0,0,0
0,-246,0,0,0,0
0,-273,0,0,0,0
0,-248,0,0,0,0
0,-255,0,0,0,0
0,-230,0,0,0,0
0,-263,0,0,0,0
0,-269,0,0,0,0
0,-242,0,0,0,0
0,-223,0,0,0,0
0,-271,0,0,0,0
0,-265,0,0,0,0
0,-215,0,0,0,0
0,-268,0,0,0,0
0,-250,0,0,0,0
0,-264,0,0,0,0
0,-250,0,0,0,0
0,-261,0,0,0,0
0,-270,0,0,0,0
0,-252,0,0,0,0
0,-241,0,0,0,0
0,-241,0,0,0,0
0,-264,0,0,0,0
0,-241,0,0,0,0
0,-237,0,0,0,0
0,-223,0,0,0,0
0,-224,0,0,0,0
0,-294,0,0,0,0
0,-270,0,0,0,0
0,-260,0,0,0,0
0,-268,0,0,0,0
0,-271,0,0,0,0
0,-296,0,0,0,0
0,-243,0,0,0,0
0,-217,0,0,0,0
0,-226,0,0,0,0
0,-278,0,0,0,0
0,-219,0,0,0,0
0,-268,0,0,0,0
0,-274,0,0,0,0
0,-216,0,0,0,0
0,-228,0,0,0,0
0,-249,0,0,0,0
0,-274,0,0,0,0
0,-272,0,0,0,0
0,-253,0,0,0,0
0,-268,0,0,0,0
0,-274,0,0,0,0
0,-247,0,0,0,0
0,-254,0,0,0,0
0,-240,0,0,0,0
0,-240,0,0,0,0
0,-251,0,0,0,0
0,-257,0,0,0,0
0,-266,0,0,0,0
0,-268,0,0,0,0
0,-257,0,0,0,0
0,-245,0,0,0,0
0,-245,0,0,0,0
0,-233,0,0,0,0
0,-251,0,0,0,0
0,-255,0,0,0,0
0,-252,0,0,0,0
0,-244,0,0,0,0
0,-261,0,0,0,0
0,-277,0,0,0,0
0,-269,0,0,0,0
0,-251,0,0,0,0
0,-214,0,0,0,0
0,-286,0,0,0,0
0,-266,0,0,0,0
0,-251,0,0,0,0
0,-257,0,0,0,0
0,-256,0,0,0,0
0,-252,0,0,0,0
0,-206,0,0,0,0
0,-240,0,0,0,0
0,-238,0,0,0,0
0,-254,0,0,0,0
0,-211,0,0,0,0
0,-245,0,0,0,0
0,-240,0,0,0,0
0,-260,0,0,0,0
0,-275,0,0,0,0
0,-273,0,0,0,0
0,-248,0,0,0,0
0,-253,0,0,0,0
0,-246,0,0,0,0
0,-274,0,0,0,0
0,-263,0,0,0,0
0,-257,0,0,0,0
0,-234,0,0,0,0
0,-260,0,0,0,0
0,-252,0,0,0,0
0,-256,0,0,0,0
0,-242,0,0,0,0
0,-260,0,0,0,0
0,-245,0,0,0,0
0,-293,0,0,0,0
0,-263,0,0,0,0
0,-253,0,0,0,0
0,-239,0,0,0,0
0,-256,0,0,0,0
0,-251,0,0,0,0
0,-277,0,0,0,0
0,-247,0,0,0,0
0,-277,0,0,0,0
0,-233,0,0,0,0
0,-277,0,0,0,0
0,-250,0,0,0,0
0,-266,0,0,0,0
0,-276,0,0,0,0
0,-267,0,0,0,0
0,-230,0,0,0,0
0,-238,0,0,0,0
0,-238,0,0,0,0
0,-239,0,0,0,0
0,-260,0,0,0,0
0,-281,0,0,0,0
0,-262,0,0,0,0
0,-273,0,0,0,0
0,-283,0,0,0,0
0,-231,0,0,0,0
0,-268,0,0,0,0
0,-252,0,0,0,0
0,-278,0,0,0,0
0,-254,0,0,0,0
0,-225,0,0,0,0
0,-252,0,0,0,0
0,-236,0,0,0,0
0,-271,0,0,0,0
0,-239,0,0,0,0
0,-271,0,0,0,0
0,-236,0,0,0,0
0,-246,0,0,0,0
0,-230,0,0,0,0
0,-272,0,0,0,0
0,-278,0,0,0,0
0,-260,0,0,0,0
0,-243,0,0,0,0
0,-253,0,0,0,0
0,-265,0,0,0,0
0,-279,0,0,0,0
0,-222,0,0,0,0
0,-209,0,0,0,0
0,-274,0,0,0,0
0,-270,0,0,0,0
0,-240,0,0,0,0
0,-250,0,0,0,0
0,-275,0,0,0,0
0,-243,0,0,0,0
0,-250,0,0,0,0
0,-234,0,0,0,0
0,-269,0,0,0,0
0,-205,0,0,0,0
0,-251,0,0,0,0
0,-272,0,0,0,0
0,-219,0,0,0,0
0,-231,0,0,0,0
0,-268,0,0,0,0
0,-281,0,0,0,0
0,-283,0,0,0,0
0,-265,0,0,0,0
0,-248,0,0,0,0
0,-227,0,0,0,0
0,-262,0,0,0,0
0,-274,0,0,0,0
0,-239,0,0,0,0
0,-229,0,0,0,0
0,-260,0,0,0,0
0,-267,0,0,0,0
0,-278,0,0,0,0
0,-251,0,0,0,0
0,-231,0,0,0,0
0,-238,0,0,0,0
0,-266,0,0,0,0
0,-226,0,0,0,0
0,-272,0,0,0,0
0,-252,0,0,0,0
0,-238,0,0,0,0
0,-209,0,0,0,0
0,-261,0,0,0,0
0,-305,0,0,0,0
0,-252,0,0,0,0
0,-220,0,0,0,0
0,-280,0,0,0,0
0,-281,0,0,0,0
0,-260,0,0,0,0
0,-296,0,0,0,0
0,-248,0,0,0,0
0,-232,0,0,0,0
0,-239,0,0,0,0
0,-261,0,0,0,0
0,-246,0,0,0,0
0,-232,0,0,0,0
0,-241,0,0,0,0
0,-235,0,0,0,0
0,-222,0,0,0,0
0,-262,0,0,0,0
0,-257,0,0,0,0
0,-284,0,0,0,0
0,-273,0,0,0,0
0,-245,0,0,0,0
0,-240,0,0,0,0
0,-265,0,0,0,0
0,-253,0,0,0,0
0,-286,0,0,0,0
0,-233,0,0,0,0
0,-234,0,0,0,0
0,-245,0,0,0,0
0,-221,0,0,0,0
0,-262,0,0,0,0
0,-222,0,0,0,0
0,-260,0,0,0,0
0,-239,0,0,0,0
0,-259,0,0,0,0
0,-274,0,0,0,0
0,-239,0,0,0,0
0,-243,0,0,0,0
0,-251,0,0,0,0
0,-264,0,0,0,0
0,-237,0,0,0,0
0,-237,0,0,0,0
0,-230,0,0,0,0
0,-228,0,0,0,0
0,-233,0,0,0,0
0,-223,0,0,0,0
0,-253,0,0,0,0
0,-280,0,0,0,0
0,-240,0,0,0,0
0,-244,0,0,0,0
0,-243,0,0,0,0
0,-264,0,0,0,0
0,-281,0,0,0,0
0,-229,0,0,0,0
0,-268,0,0,0,0
0,-251,0,0,0,0
0,-248,0,0,0,0
0,-256,0,0,0,0
0,-258,0,0,0,0
0,-283,0,0,0,0
0,-241,0,0,0,0
0,-236,0,0,0,0
0,-260,0,0,0,0
0,-250,0,0,0,0
0,-280,0,0,0,0
0,-218,0,0,0,0
0,-198,0,0,0,0
0,-258,0,0,0,0
0,-234,0,0,0,0
0,-249,0,0,0,0
0,-231,0,0,0,0
0,-278,0,0,0,0
0,-260,0,0,0,0
0,-257,0,0,0,0
0,-253,0,0,0,0
0,-297,0,0,0,0
0,-262,0,0,0,0
0,-266,0,0,0,0
0,-236,0,0,0,0
0,-257,0,0,0,0
0,-250,0,0,0,0
0,-246,0,0,0,0
0,-219,0,0,0,0
0,-235,0,0,0,0
0,-254,0,0,0,0
0,-265,0,0,0,0
0,-289,0,0,0,0
0,-248,0,0,0,0
0,-274,0,0,0,0
0,-265,0,0,0,0
0,-281,0,0,0,0
0,-272,0,0,0,0
0,-239,0,0,0,0
0,-241,0,0,0,0
0,-223,0,0,0,0
0,-250,0,0,0,0
0,-253,0,0,0,0
0,-245,0,0,0,0
0,-275,0,0,0,0
0,-272,0,0,0,0
0,-218,0,0,0,0
0,-269,0,0,0,0
0,-243,0,0,0,0
0,-263,0,0,0,0
0,-239,0,0,0,0
0,-259,0,0,0,0
0,-247,0,0,0,0
0,-267,0,0,0,0
0,-251,0,0,0,0
0,-261,0,0,0,0
0,-256,0,0,0,0
0,-275,0,0,0,0
0,-252,0,0,0,0
0,-233,0,0,0,0
0,-253,0,0,0,0
0,-241,0,0,0,0
0,-244,0,0,0,0
0,-259,0,0,0,0
0,-262,0,0,0,0
0,-262,0,0,0,0
0,-254,0,0,0,0
0,-243,0,0,0,0
0,-260,0,0,0,0
0,-262,0,0,0,0
0,-245,0,0,0,0
0,-245,0,0,0,0
0,-256,0,0,0,0
0,-279,0,0,0,0
0,-251,0,0,0,0
0,-264,0,0,0,0
0,-231,0,0,0,0
0,-265,0,0,0,0
0,-234,0,0,0,0
0,-267,0,0,0,0
0,-246,0,0,0,0
0,-257,0,0,0,0
0,-234,0,0,0,0
0,-221,0,0,0,0
0,-261,0,0,0,0
0,-241,0,0,0,0
0,-258,0,0,0,0
0,-266,0,0,0,0
0,-265,0,0,0,0
0,-278,0,0,0,0
0,-242,0,0,0,0
0,-274,0,0,0,0
0,-245,0,0,0,0
0,-228,0,0,0,0
0,-290,0,0,0,0
0,-259,0,0,0,0
0,-253,0,0,0,0
0,-276,0,0,0,0
0,-287,0,0,0,0
0,-252,0,0,0,0
0,-277,0,0,0,0
0,-245,0,0,0,0
0,-235,0,0,0,0
0,-260,0,0,0,0
0,-257,0,0,0,0
0,-248,0,0,0,0
0,-240,0,0,0,0
0,-250,0,0,0,0
0,-234,0,0,0,0
0,-256,0,0,0,0
0,-251,0,0,0,0
0,-266,0,0,0,0
0,-240,0,0,0,0
0,-311,0,0,0,0
0,-235,0,0,0,0
0,-255,0,0,0,0
0,-264,0,0,0,0
0,-271,0,0,0,0
0,-233,0,0,0,0
0,-257,0,0,0,0
0,-250,0,0,0,0
0,-209,0,0,0,0
0,-258,0,0,0,0
0,-272,0,0,0,0
0,-280,0,0,0,0
0,-285,0,0,0,0
0,-221,0,0,0,0
0,-261,0,0,0,0
0,-243,0,0,0,0
0,-286,0,0,0,0
0,-244,0,0,0,0
0,-242,0,0,0,0
0,-246,0,0,0,0
0,-257,0,0,0,0
0,-250,0,0,0,0
0,-260,0,0,0,0
0,-219,0,0,0,0
0,-267,0,0,0,0
0,-237,0,0,0,0
0,-261,0,0,0,0
0,-262,0,0,0,0
0,-233,0,0,0,0
0,-246,0,0,0,0
0,-300,0,0,0,0
0,-267,0,0,0,0
0,-262,0,0,0,0
0,-237,0,0,0,0
0,-259,0,0,0,0
0,-241,0,0,0,0
0,-289,0,0,0,0
0,-227,0,0,0,0
0,-257,0,0,0,0
0,-283,0,0,0,0
0,-232,0,0,0,0
0,-252,0,0,0,0
0,-241,0,0,0,0
0,-211,0,0,0,0
0,-253,0,0,0,0
0,-256,0,0,0,0
0,-258,0,0,0,0
0,-252,0,0,0,0
0,-278,0,0,0,0
0,-241,0,0,0,0
0,-257,0,0,0,0
0,-219,0,0,0,0
0,-277,0,0,0,0
0,-235,0,0,0,0
0,-265,0,0,0,0
0,-254,0,0,0,0
0,-255,0,0,0,0
0,-247,0,0,0,0
0,-256,0,0,0,0
0,-228,0,0,0,0
0,-273,0,0,0,0
0,-223,0,0,0,0
0,-252,0,0,0,0
0,-266,0,0,0,0
0,-243,0,0,0,0
0,-252,0,0,0,0
0,-259,0,0,0,0
0,-239,0,0,0,0
0,-292,0,0,0,0
0,-275,0,0,0,0
0,-249,0,0,0,0
0,-268,0,0,0,0
0,-239,0,0,0,0
0,-241,0,0,0,0
0,-251,0,0,0,0
0,-246,0,0,0,0
0,-226,0,0,0,0
0,-228,0,0,0,0
0,-266,0,0,0,0
0,-220,0,0,0,0
0,-287,0,0,0,0
0,-296,0,0,0,0
0,-269,0,0,0,0
0,-248,0,0,0,0
0,-243,0,0,0,0
0,-236,0,0,0,0
0,-231,0,0,0,0
0,-242,0,0,0,0
0,-233,0,0,0,0
0,-239,0,0,0,0
0,-237,0,0,0,0
0,-250,0,0,0,0
0,-242,0,0,0,0
0,-261,0,0,0,0
0,-269,0,0,0,0
0,-237,0,0,0,0
0,-274,0,0,0,0
0,-218,0,0,0,0
0,-247,0,0,0,0
0,-270,0,0,0,0
0,-264,0,0,0,0
0,-310,0,0,0,0
0,-271,0,0,0,0
0,-261,0,0,0,0
0,-228,0,0,0,0
0,-269,0,0,0,0
0,-263,0,0,0,0
0,-272,0,0,0,0
0,-292,0,0,0,0
0,-241,0,0,0,0
0,-269,0,0,0,0
0,-254,0,0,0,0
0,-264,0,0,0,0
0,-264,0,0,0,0
0,-222,0,0,0,0
0,-262,0,0,0,0
0,-268,0,0,0,0
0,-241,0,0,0,0
0,-279,0,0,0,0
0,-275,0,0,0,0
0,-243,0,0,0,0
0,-261,0,0,0,0
0,-244,0,0,0,0
0,-241,0,0,0,0
0,-273,0,0,0,0
0,-216,0,0,0,0
0,-237,0,0,0,0
0,-295,0,0,0,0
0,-264,0,0,0,0
0,-234,0,0,0,0
0,-241,0,0,0,0
0,-238,0,0,0,0
0,-239,0,0,0,0
0,-292,0,0,0,0
0,-251,0,0,0,0
0,-223,0,0,0,0
0,-263,0,0,0,0
0,-268,0,0,0,0
0,-251,0,0,0,0
0,-240,0,0,0,0
0,-249,0,0,0,0
0,-279,0,0,0,0
0,-211,0,0,0,0
0,-240,0,0,0,0
0,-236,0,0,0,0
0,-278,0,0,0,0
0,-284,0,0,0,0
0,-241,0,0,0,0
0,-248,0,0,0,0
0,-267,0,0,0,0
0,-253,0,0,0,0
0,-274,0,0,0,0
0,-227,0,0,0,0
0,-228,0,0,0,0
0,-239,0,0,0,0
0,-276,0,0,0,0
0,-257,0,0,0,0
0,-228,0,0,0,0
0,-230,0,0,0,0
0,-259,0,0,0,0
0,-283,0,0,0,0
0,-253,0,0,0,0
0,-251,0,0,0,0
0,-276,0,0,0,0
0,-255,0,0,0,0
0,-277,0,0,0,0
0,-249,0,0,0,0
0,-282,0,0,0,0
0,-265,0,0,0,0
0,-227,0,0,0,0
0,-250,0,0,0,0
0,-264,0,0,0,0
0,-245,0,0,0,0
0,-247,0,0,0,0
0,-244,0,0,0,0
0,-223,0,0,0,0
0,-246,0,0,0,0
0,-232,0,0,0,0
0,-260,0,0,0,0
0,-278,0,0,0,0
0,-250,0,0,0,0
0,-270,0,0,0,0
0,-245,0,0,0,0
0,-245,0,0,0,0
0,-249,0,0,0,0
0,-254,0,0,0,0
0,-269,0,0,0,0
0,-227,0,0,0,0
0,-269,0,0,0,0
0,-280,0,0,0,0
0,-264,0,0,0,0
0,-245,0,0,0,0
0,-286,0,0,0,0
0,-298,0,0,0,0
0,-235,0,0,0,0
0,-262,0,0,0,0
0,-241,0,0,0,0
0,-235,0,0,0,0
0,-257,0,0,0,0
0,-280,0,0,0,0
0,-243,0,0,0,0
0,-272,0,0,0,0
0,-263,0,0,0,0
0,-259,0,0,0,0
0,-262,0,0,0,0
0,-286,0,0,0,0
0,-262,0,0,0,0
0,-227,0,0,0,0
0,-262,0,0,0,0
0,-266,0,0,0,0
0,-244,0,0,0,0
0,-237,0,0,0,0
0,-252,0,0,0,0
0,-216,0,0,0,0
0,-266,0,0,0,0
0,-228,0,0,0,0
0,-273,0,0,0,0
0,-241,0,0,0,0
0,-247,0,0,0,0
0,-248,0,0,0,0
0,-274,0,0,0,0
0,-272,0,0,0,0
0,-276,0,0,0,0
0,-270,0,0,0,0
0,-269,0,0,0,0
0,-271,0,0,0,0
0,-276,0,0,0,0
0,-282,0,0,0,0
0,-252,0,0,0,0
0,-244,0,0,0,0
0,-264,0,0,0,0
0,-244,0,0,0,0
0,-251,0,0,0,0
0,-257,0,0,0,0
0,-283,0,0,0,0
0,-257,0,0,0,0
0,-280,0,0,0,0
0,-237,0,0,0,0
0,-271,0,0,0,0
0,-274,0,0,0,0
0,-245,0,0,0,0
0,-288,0,0,0,0
0,-278,0,0,0,0
0,-249,0,0,0,0
0,-253,0,0,0,0
0,-252,0,0,0,0
0,-267,0,0,0,0
0,-221,0,0,0,0
0,-259,0,0,0,0
0,-268,0,0,0,0
0,-257,0,0,0,0
0,-252,0,0,0,0
0,-262,0,0,0,0
0,-300,0,0,0,0
0,-286,0,0,0,0
0,-264,0,0,0,0
0,-256,0,0,0,0
0,-214,0,0,0,0
0,-244,0,0,0,0
0,-246,0,0,0,0
0,-265,0,0,0,0
0,-281,0,0,0,0
0,-257,0,0,0,0
0,-289,0,0,0,0
0,-288,0,0,0,0
0,-235,0,0,0,0
0,-283,0,0,0,0
0,-303,0,0,0,0
0,-252,0,0,0,0
0,-252,0,0,0,0
0,-225,0,0,0,0
0,-255,0,0,0,0
0,-301,0,0,0,0
0,-232,0,0,0,0
0,-225,0,0,0,0
0,-272,0,0,0,0
0,-261,0,0,0,0
0,-272,0,0,0,0
0,-223,0,0,0,0
0,-226,0,0,0,0
0,-272,0,0,0,0
0,-248,0,0,0,0
0,-187,0,0,0,0
0,-282,0,0,0,0
0,-263,0,0,0,0
0,-253,0,0,0,0
0,-268,0,0,0,0
0,-261,0,0,0,0
0,-244,0,0,0,0
0,-254,0,0,0,0
0,-261,0,0,0,0
0,-283,0,0,0,0
0,-243,0,0,0,0
0,-233,0,0,0,0
0,-263,0,0,0,0
0,-232,0,0,0,0
0,-251,0,0,0,0
0,-256,0,0,0,0
0,-251,0,0,0,0
0,-252,0,0,0,0
0,-299,0,0,0,0
0,-266,0,0,0,0
0,-276,0,0,0,0
0,-268,0,0,0,0
0,-229,0,0,0,0
0,-234,0,0,0,0
0,-256,0,0,0,0
0,-283,0,0,0,0
0,-247,0,0,0,0
0,-234,0,0,0,0
0,-204,0,0,0,0
0,-291,0,0,0,0
0,-232,0,0,0,0
0,-275,0,0,0,0
0,-285,0,0,0,0
0,-239,0,0,0,0
0,-236,0,0,0,0
0,-247,0,0,0,0
0,-255,0,0,0,0
0,-249,0,0,0,0
0,-244,0,0,0,0
0,-239,0,0,0,0
0,-271,0,0,0,0
0,-249,0,0,0,0
0,-214,0,0,0,0
0,-285,0,0,0,0
0,-274,0,0,0,0
0,-271,0,0,0,0
0,-278,0,0,0,0
0,-249,0,0,0,0
0,-256,0,0,0,0
0,-249,0,0,0,0
0,-241,0,0,0,0
0,-239,0,0,0,0
0,-257,0,0,0,0
0,-273,0,0,0,0
0,-246,0,0,0,0
0,-210,0,0,0,0
0,-265,0,0,0,0
0,-233,0,0,0,0
0,-287,0,0,0,0
0,-263,0,0,0,0
0,-278,0,0,0,0
0,-276,0,0,0,0
0,-233,0,0,0,0
0,-273,0,0,0,0
0,-290,0,0,0,0
0,-274,0,0,0,0
0,-258,0,0,0,0
0,-258,0,0,0,0
0,-237,0,0,0,0
0,-239,0,0,0,0
0,-271,0,0,0,0
0,-238,0,0,0,0
0,-253,0,0,0,0
0,-259,0,0,0,0
0,-273,0,0,0,0
0,-281,0,0,0,0
0,-249,0,0,0,0
0,-284,0,0,0,0
0,-248,0,0,0,0
0,-276,0,0,0,0
0,-252,0,0,0,0
0,-242,0,0,0,0
0,-252,0,0,0,0
0,-269,0,0,0,0
0,-258,0,0,0,0
0,-260,0,0,0,0
0,-211,0,0,0,0
0,-241,0,0,0,0
0,-264,0,0,0,0
0,-233,0,0,0,0
0,-278,0,0,0,0
0,-251,0,0,0,0
0,-241,0,0,0,0
0,-279,0,0,0,0
0,-227,0,0,0,0
0,-279,0,0,0,0
0,-254,0,0,0,0
0,-234,0,0,0,0
0,-268,0,0,0,0
0,-269,0,0,0,0
0,-241,0,0,0,0
0,-290,0,0,0,0
0,-237,0,0,0,0
0,-254,0,0,0,0
0,-264,0,0,0,0
0,-252,0,0,0,0
0,-252,0,0,0,0
0,-257,0,0,0,0
0,-236,0,0,0,0
0,-269,0,0,0,0
0,-229,0,0,0,0
0,-256,0,0,0,0
0,-234,0,0,0,0
0,-276,0,0,0,0
0,-255,0,0,0,0
0,-252,0,0,0,0
0,-240,0,0,0,0
0,-222,0,0,0,0
0,-255,0,0,0,0
0,-275,0,0,0,0
0,-279,0,0,0,0
0,-252,0,0,0,0
0,-277,0,0,0,0
0,-244,0,0,0,0
0,-228,0,0,0,0
0,-235,0,0,0,0
0,-218,0,0,0,0
0,-264,0,0,0,0
0,-259,0,0,0,0
0,-216,0,0,0,0
0,-233,0,0,0,0
0,-214,0,0,0,0
0,-239,0,0,0,0
0,-256,0,0,0,0
0,-253,0,0,0,0
0,-271,0,0,0,0
0,-275,0,0,0,0
0,-249,0,0,0,0
0,-246,0,0,0,0
0,-285,0,0,0,0
0,-247,0,0,0,0
0,-266,0,0,0,0
0,-248,0,0,0,0
0,-263,0,0,0,0
0,-233,0,0,0,0
0,-238,0,0,0,0
0,-269,0,0,0,0
0,-265,0,0,0,0
0,-253,0,0,0,0
0,-230,0,0,0,0
0,-244,0,0,0,0
0,-283,0,0,0,0
0,-274,0,0,0,0
0,-267,0,0,0,0
0,-238,0,0,0,0
0,-282,0,0,0,0
0,-287,0,0,0,0
0,-241,0,0,0,0
0,-220,0,0,0,0
0,-269,0,0,0,0
0,-276,0,0,0,0
0,-278,0,0,0,0
0,-318,0,0,0,0
0,-267,0,0,0,0
0,-285,0,0,0,0
0,-270,0,0,0,0
0,-220,0,0,0,0
0,-245,0,0,0,0
0,-222,0,0,0,0
0,-222,0,0,0,0
0,-265,0,0,0,0
0,-235,0,0,0,0
0,-262,0,0,0,0
0,-283,0,0,0,0
0,-220,0,0,0,0
0,-264,0,0,0,0
0,-244,0,0,0,0
0,-236,0,0,0,0
0,-276,0,0,0,0
0,-273,0,0,0,0
0,-238,0,0,0,0
0,-222,0,0,0,0
0,-292,0,0,0,0
0,-230,0,0,0,0
0,-277,0,0,0,0
0,-306,0,0,0,0
0,-302,0,0,0,0
0,-227,0,0,0,0
0,-250,0,0,0,0
0,-219,0,0,0,0
0,-258,0,0,0,0
0,-254,0,0,0,0
0,-251,0,0,0,0
0,-256,0,0,0,0
0,-236,0,0,0,0
0,-263,0,0,0,0
0,-285,0,0,0,0
0,-259,0,0,0,0
0,-274,0,0,0,0
0,-231,0,0,0,0
0,-231,0,0,0,0
0,-268,0,0,0,0
0,-266,0,0,0,0
0,-251,0,0,0,0
0,-281,0,0,0,0
0,-293,0,0,0,0
0,-271,0,0,0,0
0,-264,0,0,0,0
0,-230,0,0,0,0
0,-227,0,0,0,0
0,-281,0,0,0,0
0,-248,0,0,0,0
0,-236,0,0,0,0
0,-263,0,0,0,0
0,-241,0,0,0,0
0,-252,0,0,0,0
0,-241,0,0,0,0
0,-259,0,0,0,0
0,-265,0,0,0,0
0,-238,0,0,0,0
0,-233,0,0,0,0
0,-286,0,0,0,0
0,-276,0,0,0,0
0,-263,0,0,0,0
0,-245,0,0,0,0
0,-271,0,0,0,0
0,-270,0,0,0,0
0,-265,0,0,0,0
0,-274,0,0,0,0
0,-263,0,0,0,0
0,-240,0,0,0,0
0,-283,0,0,0,0
0,-267,0,0,0,0
0,-285,0,0,0,0
0,-251,0,0,0,0
0,-242,0,0,0,0
0,-262,0,0,0,0
0,-248,0,0,0,0
0,-229,0,0,0,0
0,-216,0,0,0,0
0,-277,0,0,0,0
0,-226,0,0,0,0
0,-254,0,0,0,0
0,-225,0,0,0,0
0,-251,0,0,0,0
0,-248,0,0,0,0
0,-263,0,0,0,0
0,-272,0,0,0,0
0,-258,0,0,0,0
0,-247,0,0,0,0
0,-241,0,0,0,0
0,-253,0,0,0,0
0,-285,0,0,0,0
0,-234,0,0,0,0
0,-267,0,0,0,0
0,-276,0,0,0,0
0,-263,0,0,0,0
0,-263,0,0,0,0
0,-283,0,0,0,0
0,-262,0,0,0,0
0,-234,0,0,0,0
0,-266,0,0,0,0
0,-241,0,0,0,0
0,-259,0,0,0,0
0,-215,0,0,0,0
0,-259,0,0,0,0
0,-252,0,0,0,0
0,-242,0,0,0,0
0,-197,0,0,0,0
0,-273,0,0,0,0
0,-244,0,0,0,0
0,-285,0,0,0,0
0,-233,0,0,0,0
0,-244,0,0,0,0
0,-249,0,0,0,0
0,-266,0,0,0,0
0,-258,0,0,0,0
0,-266,0,0,0,0
0,-269,0,0,0,0
0,-237,0,0,0,0
0,-252,0,0,0,0
0,-288,0,0,0,0
0,-240,0,0,0,0
0,-228,0,0,0,0
0,-258,0,0,0,0
0,-234,0,0,0,0
0,-279,0,0,0,0
0,-284,0,0,0,0
0,-266,0,0,0,0
0,-246,0,0,0,0
0,-279,0,0,0,0
0,-272,0,0,0,0
0,-238,0,0,0,0
0,-223,0,0,0,0
0,-270,0,0,0,0
0,-250,0,0,0,0
0,-276,0,0,0,0
0,-229,0,0,0,0
0,-281,0,0,0,0
0,-261,0,0,0,0
0,-258,0,0,0,0
0,-282,0,0,0,0
0,-246,0,0,0,0
0,-246,0,0,0,0
0,-229,0,0,0,0
0,-235,0,0,0,0
0,-292,0,0,0,0
0,-279,0,0,0,0
0,-252,0,0,0,0
0,-272,0,0,0,0
0,-260,0,0,0,0
0,-237,0,0,0,0
0,-245,0,0,0,0
0,-272,0,0,0,0
0,-305,0,0,0,0
0,-298,0,0,0,0
0,-245,0,0,0,0
0,-251,0,0,0,0
0,-241,0,0,0,0
0,-235,0,0,0,0
0,-247,0,0,0,0
0,-257,0,0,0,0
0,-264,0,0,0,0
0,-273,0,0,0,0
0,-238,0,0,0,0
0,-266,0,0,0,0
0,-278,0,0,0,0
0,-242,0,0,0,0
0,-281,0,0,0,0
0,-292,0,0,0,0
0,-274,0,0,0,0
0,-261,0,0,0,0
0,-242,0,0,0,0
0,-277,0,0,0,0
0,-235,0,0,0,0
0,-254,0,0,0,0
0,-241,0,0,0,0
0,-267,0,0,0,0
0,-258,0,0,0,0
0,-248,0,0,0,0
0,-268,0,0,0,0
0,-222,0,0,0,0
0,-242,0,0,0,0
0,-217,0,0,0,0
0,-242,0,0,0,0
0,-220,0,0,0,0
0,-257,0,0,0,0
0,-257,0,0,0,0
0,-250,0,0,0,0
0,-239,0,0,0,0
0,-299,0,0,0,0
0,-224,0,0,0,0
0,-273,0,0,0,0
0,-287,0,0,0,0
0,-254,0,0,0,0
0,-266,0,0,0,0
0,-261,0,0,0,0
0,-278,0,0,0,0
0,-271,0,0,0,0
0,-247,0,0,0,0
0,-239,0,0,0,0
0,-256,0,0,0,0
0,-266,0,0,0,0
0,-251,0,0,0,0
0,-269,0,0,0,0
0,-291,0,0,0,0
0,-309,0,0,0,0
0,-265,0,0,0,0
0,-242,0,0,0,0
0,-271,0,0,0,0
0,-266,0,0,0,0
0,-249,0,0,0,0
0,-262,0,0,0,0
0,-207,0,0,0,0
0,-263,0,0,0,0
0,-242,0,0,0,0
0,-260,0,0,0,0
0,-239,0,0,0,0
0,-221,0,0,0,0
0,-275,0,0,0,0
0,-245,0,0,0,0
0,-235,0,0,0,0
0,-257,0,0,0,0
0,-267,0,0,0,0
0,-256,0,0,0,0
0,-248,0,0,0,0
0,-268,0,0,0,0
0,-249,0,0,0,0
0,-261,0,0,0,0
0,-277,0,0,0,0
0,-273,0,0,0,0
0,-276,0,0,0,0
0,-234,0,0,0,0
0,-235,0,0,0,0
0,-285,0,0,0,0
0,-281,0,0,0,0
0,-260,0,0,0,0
0,-271,0,0,0,0
0,-256,0,0,0,0
0,-258,0,0,0,0
0,-242,0,0,0,0
0,-285,0,0,0,0
0,-275,0,0,0,0
0,-287,0,0,0,0
0,-283,0,0,0,0
0,-279,0,0,0,0
0,-277,0,0,0,0
0,-235,0,0,0,0
0,-241,0,0,0,0
0,-255,0,0,0,0
0,-241,0,0,0,0
0,-243,0,0,0,0
0,-274,0,0,0,0
0,-250,0,0,0,0
0,-228,0,0,0,0
0,-245,0,0,0,0
0,-242,0,0,0,0
0,-233,0,0,0,0
0,-264,0,0,0,0
0,-247,0,0,0,0
0,-213,0,0,0,0
0,-247,0,0,0,0
0,-234,0,0,0,0
0,-258,0,0,0,0
0,-198,0,0,0,0
0,-275,0,0,0,0
0,-292,0,0,0,0
0,-233,0,0,0,0
0,-267,0,0,0,0
0,-223,0,0,0,0
0,-260,0,0,0,0
0,-246,0,0,0,0
0,-267,0,0,0,0
0,-265,0,0,0,0
0,-244,0,0,0,0
0,-249,0,0,0,0
0,-248,0,0,0,0
0,-265,0,0,0,0
0,-274,0,0,0,0
0,-225,0,0,0,0
0,-269,0,0,0,0
0,-270,0,0,0,0
0,-311,0,0,0,0
0,-280,0,0,0,0
0,-260,0,0,0,0
0,-237,0,0,0,0
0,-232,0,0,0,0
0,-269,0,0,0,0
0,-252,0,0,0,0
0,-250,0,0,0,0
0,-282,0,0,0,0
0,-235,0,0,0,0
0,-273,0,0,0,0
0,-232,0,0,0,0
0,-245,0,0,0,0
0,-226,0,0,0,0
0,-242,0,0,0,0
0,-284,0,0,0,0
0,-243,0,0,0,0
0,-238,0,0,0,0
0,-236,0,0,0,0
0,-243,0,0,0,0
0,-253,0,0,0,0
0,-239,0,0,0,0
0,-251,0,0,0,0
0,-246,0,0,0,0
0,-247,0,0,0,0
0,-273,0,0,0,0
0,-245,0,0,0,0
0,-266,0,0,0,0
0,-281,0,0,0,0
0,-270,0,0,0,0
0,-279,0,0,0,0
0,-222,0,0,0,0
0,-265,0,0,0,0
0,-239,0,0,0,0
0,-250,0,0,0,0
0,-274,0,0,0,0
0,-270,0,0,0,0
0,-218,0,0,0,0
0,-244,0,0,0,0
0,-230,0,0,0,0
0,-279,0,0,0,0
0,-275,0,0,0,0
0,-281,0,0,0,0
