5,-259,10,-12,4,18
48,-209,34,-13,6,-17
7,-268,-1,-19,-16,19
-54,-307,-36,3,63,0
-15,-275,-3,-0,-6,-15
30,-216,44,-11,-7,-16
5,-241,12,15,-27,-28
-40,-288,-44,27,2,-14
2,-270,-27,-20,34,-9
52,-211,38,13,13,-20
47,-241,18,-22,-20,-12
-34,-308,-60,3,4,-14
-22,-285,-26,-17,13,21
41,-235,64,22,-17,30
22,-202,27,12,43,20
-48,-295,-49,1,16,16
-26,-274,-14,9,-2,-15
41,-217,46,-16,9,-10
16,-231,37,-27,-19,6
-56,-281,-42,-9,-11,-9
-33,-275,-17,-6,-1,34
42,-224,34,7,-16,12
34,-210,42,-24,25,-29
-43,-287,-24,35,-34,-29
-40,-288,-48,-5,3,8
32,-239,42,-21,-28,-7
44,-210,27,4,-6,-8
-20,-276,-35,1,12,7
-42,-301,-50,31,-14,22
16,-239,23,-15,27,25
65,-224,49,20,11,-12
-12,-263,2,-31,-10,-29
-46,-291,-65,24,14,-39
15,-253,10,-22,-19,21
51,-210,38,6,34,-3
-4,-269,-8,6,22,11
-34,-313,-60,-11,6,-1
-5,-269,5,-5,-29,-7
70,-216,37,17,1,28
-9,-214,-5,-5,12,24
-39,-296,-51,-33,27,5
-10,-267,-7,-10,12,44
60,-216,54,-12,23,0
-7,-241,14,-13,-46,-6
-47,-313,-52,-6,11,-1
-16,-274,-23,23,10,-4
40,-187,52,-23,13,21
37,-230,-5,29,-11,-14
-48,-282,-32,9,-13,30
-23,-284,-34,-5,10,-3
59,-197,65,22,-25,-17
14,-258,18,-41,-3,-15
-39,-293,-36,-15,-7,22
-38,-289,-21,29,31,9
45,-209,46,42,-32,-24
32,-225,24,-6,-31,-15
-41,-292,-16,49,20,-8
-18,-291,-34,-2,-1,23
37,-206,36,16,-9,23
30,-224,37,21,-36,8
-57,-291,-27,14,22,-30
-26,-293,-46,25,-7,27
27,-235,34,-5,28,9
38,-220,33,17,2,5
-34,-282,-17,-22,-6,15
-41,-298,-36,-21,8,-24
23,-234,21,26,-8,22
35,-218,45,38,-22,-1
-2,-275,-19,1,-3,-4
-47,-294,-46,-9,-3,-22
6,-233,31,21,13,-29
42,-220,54,1,-26,-16
-19,-274,-23,-18,12,44
-38,-319,-47,29,20,-24
8,-253,6,23,-22,-13
41,-212,62,30,-12,17
-8,-268,-11,-4,-17,0
-49,-286,-51,-32,27,-5
7,-272,-2,-12,6,-9
56,-219,47,11,-20,-13
12,-268,5,26,-37,-6
-51,-312,-64,14,-24,18
-15,-264,-7,-27,5,-24
48,-218,38,15,-18,-3
15,-244,17,-4,11,-5
-49,-313,-43,-11,-31,-1
-31,-276,-22,-6,-26,23
65,-216,36,6,39,13
-4,-205,26,-54,-15,13
-55,-293,-28,-9,11,-10
-35,-270,-5,1,2,25
54,-203,56,-23,17,1
16,-222,28,7,43,-4
-22,-303,-36,25,15,-3
-16,-282,-38,-33,18,-3
55,-221,36,8,10,10
52,-222,39,32,1,2
-38,-289,-23,-21,-19,16
-43,-292,-48,17,-9,17
40,-229,23,-3,13,-4
47,-236,33,-37,11,-29
-24,-308,-13,-19,7,-30
-42,-300,-36,-9,7,-12
28,-228,45,-7,-15,31
63,-214,40,-26,-17,-6
-28,-283,-31,32,-13,7
-53,-308,-34,0,9,-14
11,-239,-5,-8,4,5
62,-191,49,-35,-10,-10
-8,-250,-19,-0,-13,28
-50,-315,-33,2,26,12
20,-247,1,-27,29,-5
37,-191,44,-11,-5,25
-12,-275,-0,-9,10,-28
-52,-315,-50,18,9,8
-12,-239,-20,-7,1,-29
53,-212,47,-18,6,61
11,-257,18,-22,8,35
-38,-300,-57,-36,40,4
-4,-249,-4,-4,2,-14
44,-203,36,6,18,31
11,-257,5,4,22,33
-57,-292,-59,5,-9,-7
16,-260,-3,22,8,21
59,-212,26,13,-22,-8
36,-245,29,-17,-8,0
-38,-311,-48,11,-32,-12
-34,-277,-25,-39,-32,-36
35,-202,44,-10,-5,-12
31,-239,38,-21,39,-28
-36,-301,-45,21,4,12
-19,-284,-38,26,-3,13
48,-205,25,8,30,-5
51,-215,47,-9,24,-19
-36,-293,-39,-12,-45,24
-49,-284,-23,20,25,25
28,-221,25,9,5,-9
52,-201,34,-16,-16,-33
-33,-299,-24,18,-23,60
-36,-300,-53,8,34,2
42,-230,18,-0,-4,-2
41,-204,23,-3,-14,-12
-23,-282,-27,43,-15,-12
-43,-304,-38,-14,-52,-1
13,-226,21,-7,5,-9
49,-201,57,-6,-3,22
-25,-297,-27,-14,43,-20
-61,-288,-33,-12,-3,-1
21,-238,14,-8,3,13
59,-217,69,3,31,8
-7,-264,-12,24,23,55
-48,-293,-58,14,-9,-19
-2,-242,16,17,-24,21
47,-202,56,-6,-27,17
15,-260,1,-14,4,9
-50,-302,-56,-28,37,-11
10,-261,4,20,21,24
44,-208,63,-10,9,-5
34,-245,4,5,-57,-4
-42,-297,-53,17,18,-12
6,-277,-10,-11,31,-10
42,-217,49,-1,16,-5
20,-239,22,-39,31,-3
-45,-305,-43,18,31,-33
-26,-275,-5,-49,25,0
47,-207,47,-21,14,33
28,-231,26,49,24,2
-45,-291,-35,4,2,11
-7,-285,-30,16,32,7
41,-214,36,-39,-7,37
18,-214,26,-20,-28,22
-45,-289,-29,12,7,-22
-45,-285,-38,-18,-3,18
37,-222,56,0,-39,10
44,-214,23,19,-4,18
-29,-297,-31,6,9,-6
-53,-302,-40,-12,16,-25
34,-230,30,-46,-26,36
33,-220,40,6,18,-4
-40,-301,-10,4,-32,-10
-54,-303,-37,-11,20,-35
22,-240,42,25,16,-35
45,-209,30,-11,52,14
-22,-267,-37,5,8,-5
-44,-299,-47,-23,-58,-28
21,-252,26,-3,4,-41
48,-211,45,23,19,29
-14,-276,-7,-17,5,15
-54,-310,-45,-15,-10,-8
1,-247,14,6,-30,-7
66,-195,48,6,-29,25
6,-261,-14,16,-1,17
-61,-295,-50,-5,-16,-43
-1,-266,-15,23,-41,20
41,-223,51,12,25,22
-10,-259,14,-14,-4,-7
-55,-300,-50,-33,15,25
-3,-254,10,20,28,5
39,-197,46,-2,10,11
9,-259,23,14,4,58
-31,-315,-40,21,10,-13
-18,-285,-22,21,-43,6
39,-201,33,-12,0,-21
17,-233,11,-17,23,-22
-60,-287,-51,18,-12,23
-12,-281,-38,-19,24,1
44,-223,46,20,16,-6
25,-228,32,-26,17,-18
-55,-279,-71,6,41,-4
-43,-295,-34,-24,-8,-49
47,-216,24,-55,18,18
51,-218,23,-16,-17,-9
-38,-287,-33,-10,10,21
-29,-260,-44,22,-11,22
37,-224,48,15,41,17
40,-219,28,10,-18,19
-39,-280,-25,3,-7,-17
-32,-295,-28,6,16,16
28,-232,34,-2,-13,-9
44,-202,45,16,38,19
-25,-280,-33,8,34,7
-33,-310,-46,2,-14,-29
30,-228,22,-18,30,20
36,-195,49,-40,1,-32
-28,-278,3,6,-6,-3
-59,-306,-48,14,1,5
15,-258,9,-20,22,34
35,-191,38,34,-12,9
-17,-271,-23,20,-12,14
-52,-295,-52,20,6,-1
9,-266,9,22,-30,-15
67,-209,44,2,3,2
2,-254,3,-25,-1,42
-58,-302,-54,-6,23,13
-7,-245,15,-8,8,15
58,-220,36,14,-1,-18
18,-241,3,-19,-8,-0
-45,-294,-60,-26,16,-15
-12,-270,-23,-3,19,11
40,-204,71,-1,-39,-29
31,-226,24,-7,-0,-2
-42,-288,-51,-1,1,18
0,-270,-20,-9,17,1
28,-216,41,-22,-19,26
30,-232,3,20,4,4
-53,-301,-30,3,5,5
-37,-273,-22,16,-21,-6
37,-216,32,-3,11,30
20,-238,18,-2,3,2
-45,-287,-37,-3,17,25
-50,-295,-49,-24,31,40
45,-199,27,10,11,-11
58,-220,37,-15,-20,0
-28,-310,-50,3,42,-14
-36,-285,-35,15,-4,18
27,-240,20,-27,4,42
35,-203,43,5,-11,16
-16,-282,-27,14,-13,-2
-47,-307,-58,14,2,-10
17,-227,13,-16,4,12
35,-206,41,-2,-3,3
-30,-275,-21,2,-8,14
-51,-303,-58,-3,-11,23
18,-240,19,34,-49,38
52,-172,58,-33,37,-15
-5,-250,-9,50,-11,24
-51,-310,-34,-3,30,21
2,-239,11,4,39,-8
57,-191,46,-20,11,-9
15,-274,3,-17,5,51
-48,-285,-33,-9,22,16
1,-251,-7,-9,-8,5
42,-210,45,-11,6,7
-2,-248,13,-18,7,21
-43,-302,-35,-1,21,-5
3,-264,-8,11,-3,17
35,-224,41,-18,26,-24
8,-241,-5,8,3,37
-57,-301,-48,34,7,-14
-8,-287,-35,0,-10,3
51,-224,44,5,1,-4
22,-225,17,-7,2,-11
-42,-325,-42,-20,6,-32
-28,-277,-26,-18,27,7
56,-206,56,20,12,-49
12,-232,19,20,24,-7
-31,-309,-38,-13,20,3
-24,-304,-20,-19,-3,15
45,-212,47,7,5,-13
13,-223,46,-5,1,-33
-57,-303,-47,27,4,39
-28,-314,-35,7,-1,-21
34,-235,39,-1,-8,13
30,-220,56,-16,-12,-24
-30,-278,-31,-22,-13,-18
-35,-316,-47,7,-7,-15
33,-254,29,-30,-13,7
61,-205,27,-13,-0,-31
-44,-267,-32,6,10,2
-47,-287,-40,10,-5,14
16,-255,18,-23,-21,-8
74,-197,57,-61,16,-27
-15,-270,-18,-10,-17,-13
-56,-302,-54,-4,-17,28
12,-255,8,-22,-2,14
34,-193,47,-7,-25,-27
2,-264,-13,6,-12,-2
-54,-310,-47,5,-5,-6
4,-256,2,-30,20,13
51,-180,50,-2,-14,-19
1,-267,8,4,-46,1
-66,-307,-50,-19,-5,-5
-11,-255,-13,34,-22,0
47,-205,47,-6,32,9
10,-228,-7,26,16,14
-71,-301,-59,15,9,34
-7,-281,-41,-6,-7,24
39,-208,41,-17,-11,7
21,-263,25,-32,10,-7
-50,-300,-45,-7,-15,2
-17,-281,-24,14,-16,-8
18,-205,55,11,-5,1
30,-227,15,11,-42,-38
-40,-296,-52,9,-2,-36
-22,-296,-21,-7,22,2
41,-222,39,-47,28,-7
34,-224,36,43,4,-16
-18,-300,-38,-12,16,11
-36,-291,-38,-30,31,-27
39,-225,40,-20,-15,30
19,-222,36,-13,3,-4
-49,-283,-38,6,12,5
-28,-307,-36,-22,-9,48
38,-213,34,20,-13,23
29,-213,27,1,21,-5
-13,-275,-12,8,7,8
-53,-283,-38,31,-3,-9
27,-227,19,15,-10,23
38,-222,52,18,15,8
-33,-254,-10,-6,-9,39
-47,-310,-47,-9,9,10
15,-261,4,10,22,-16
61,-220,66,-28,10,27
-11,-263,-7,16,9,10
-38,-295,-50,2,-2,-1
-11,-252,15,-18,-15,-36
35,-194,64,-29,-13,17
-8,-261,-11,-26,-1,13
-49,-311,-51,-22,-7,-10
6,-279,-7,-18,25,29
51,-208,42,-8,17,-1
5,-246,1,5,18,-29
-39,-298,-53,6,-1,24
-14,-267,-11,-19,6,26
49,-208,42,6,4,6
8,-232,17,12,-13,-7
-41,-301,-60,12,8,-7
-29,-279,-11,-27,-12,10
46,-218,36,-3,-1,16
31,-237,3,-2,-20,-4
-48,-300,-60,-6,-7,-51
-23,-263,-13,-11,11,42
32,-216,38,-5,29,10
21,-227,13,5,47,-14
-42,-290,-60,-17,12,63
-41,-297,-31,21,-14,-8
28,-216,47,-12,17,-2
40,-224,53,-15,9,-14
-32,-291,-42,-13,-35,0
-48,-298,-58,-13,-31,15
38,-222,31,-2,-13,13
43,-217,42,-16,-8,-1
-41,-275,-25,34,-31,1
-49,-300,-48,-33,-29,13
32,-234,12,10,7,-21
60,-182,53,-17,-32,-10
-14,-265,-25,-6,-12,-12
-36,-329,-52,26,-2,-9
21,-238,35,-3,3,9
45,-210,58,3,-16,3
-22,-276,-8,-23,-18,-66
-48,-306,-53,-17,24,19
20,-243,16,-3,-31,-18
46,-197,48,49,-5,-10
0,-242,-10,4,11,-3
-66,-295,-43,7,5,-12
4,-260,6,10,3,-44
51,-212,38,33,14,0
-1,-250,-17,-20,20,4
-37,-306,-61,-52,-18,7
-5,-260,7,40,3,-11
55,-197,59,-3,12,2
7,-250,10,-1,-8,-2
-46,-308,-47,6,-35,-18
-32,-264,-24,24,-17,-18
46,-214,58,16,-10,-8
14,-230,39,2,2,3
-28,-305,-47,25,-5,43
-6,-292,-37,35,-21,12
40,-206,46,-24,-36,-9
33,-248,25,34,26,-5
-49,-299,-56,-36,36,10
-25,-275,-14,50,25,16
55,-212,21,-12,-34,-14
24,-229,37,30,6,7
-23,-305,-42,42,11,-3
-25,-293,-27,39,-1,-8
26,-229,37,-22,-25,-28
51,-216,30,36,15,-11
-39,-302,-35,-6,27,-14
-51,-310,-34,25,27,12
30,-216,31,12,19,41
57,-215,48,25,-8,8
-29,-273,-32,19,27,28
-53,-290,-77,-11,6,-16
20,-241,31,2,-17,25
60,-208,39,7,-3,15
-26,-269,-25,-15,4,13
-45,-309,-38,17,4,34
7,-224,19,-35,-7,-40
32,-201,47,-17,-5,1
-11,-254,-11,-7,-15,17
-51,-313,-43,21,4,54
-2,-254,-2,50,-22,-21
56,-206,52,-2,38,-30
-3,-249,-5,-28,-12,-9
-56,-301,-60,14,-28,5
2,-256,-7,-26,-56,-3
35,-209,56,14,-26,28
13,-235,9,-12,17,27
-40,-309,-44,-50,8,-24
-9,-271,-29,9,8,19
39,-223,45,-6,7,-13
23,-239,26,-14,-5,-48
-54,-292,-60,-2,4,-19
-16,-270,-8,19,43,-14
40,-213,61,7,6,5
20,-239,8,11,-47,-47
-45,-301,-47,7,24,3
-27,-286,-21,50,0,6
37,-214,59,-5,35,-3
17,-214,26,63,1,-3
-34,-280,-54,-18,-23,8
-37,-304,-43,-21,6,-3
39,-220,31,32,-37,-24
21,-207,34,-24,1,-27
-23,-287,-38,11,-23,31
-52,-299,-16,16,17,5
46,-228,34,-6,-23,18
51,-199,32,-13,11,3
-36,-299,-46,3,-2,12
-60,-317,-41,8,5,11
22,-229,26,-1,10,-19
56,-212,69,10,21,-10
-33,-267,-15,23,-21,-7
-41,-292,-43,5,26,-6
26,-246,-6,-32,21,28
33,-225,42,9,12,17
-18,-263,-20,-51,-9,-18
-33,-304,-31,2,16,-17
16,-215,17,-41,-38,39
55,-199,51,-15,-10,3
-1,-272,-9,-7,-17,5
-25,-284,-34,-3,-1,-5
-3,-249,5,17,6,1
48,-227,52,-27,7,-15
2,-245,1,2,-11,-16
-31,-316,-52,-29,-2,-13
-8,-264,-15,27,63,32
45,-223,63,8,1,-9
7,-245,15,-16,4,0
-67,-293,-39,3,-11,-26
-9,-261,-9,29,-7,4
51,-219,67,6,-6,17
6,-238,21,1,-0,7
-51,-298,-54,6,-12,-2
-10,-265,-28,11,-30,-33
45,-229,53,22,-6,22
16,-221,28,-11,-28,-2
-56,-292,-31,-10,-46,10
-30,-282,-31,22,-14,-37
24,-221,39,58,-13,56
30,-210,33,14,-22,16
-54,-291,-19,-23,-23,11
-39,-292,-46,15,8,-8
49,-230,31,21,-37,4
39,-202,50,-21,-14,-9
-18,-288,-10,-45,6,10
-21,-289,-39,-5,27,-11
34,-244,23,20,8,12
44,-226,33,-25,27,-34
-8,-275,-30,-13,-2,11
-46,-314,-44,-11,-7,-24
18,-237,17,-10,-53,5
38,-213,45,-9,-7,-33
-19,-280,-17,-22,-3,25
-40,-296,-57,7,-40,-5
21,-245,17,-16,-39,-32
45,-210,46,16,13,7
-7,-267,-3,12,-11,-7
-41,-303,-38,25,4,-23
-22,-257,-23,-38,-2,-4
56,-217,48,3,10,-2
7,-263,6,11,-4,-2
-42,-300,-44,3,35,18
-9,-247,2,-48,26,-15
37,-204,64,-19,4,10
-5,-237,16,9,2,-14
-30,-295,-49,18,-28,-36
-3,-265,-24,2,38,-3
51,-207,58,1,-28,-14
7,-238,30,-9,-30,-19
-55,-303,-22,0,-14,20
-32,-280,-18,-7,-6,10
39,-206,40,23,6,-20
35,-234,8,19,18,-19
-60,-298,-35,-2,15,2
-22,-291,-27,-6,14,9
62,-231,50,3,-21,20
25,-227,43,-7,-3,-6
-40,-301,-37,30,3,-8
-36,-288,-33,34,14,7
44,-221,25,-3,16,1
25,-207,27,50,24,30
-29,-283,-20,-18,12,-9
-36,-309,-24,-6,12,14
26,-224,20,5,17,3
30,-201,48,-12,1,-13
-22,-296,-19,3,15,21
-38,-302,-27,-0,-23,-6
15,-224,25,-19,19,-0
46,-222,47,3,-16,22
-32,-271,-36,-36,12,-24
-43,-320,-50,2,0,15
9,-243,7,-3,-1,-24
32,-210,44,14,-33,14
-11,-268,-37,-60,5,-28
-34,-296,-55,-8,34,-24
12,-243,17,9,-25,-3
33,-211,55,-10,17,-8
-11,-273,-13,-20,-8,-1
-52,-303,-65,3,-10,4
9,-243,10,16,14,6
44,-208,46,-4,-21,-41
3,-261,3,-24,-7,-20
-33,-312,-57,18,-19,-1
-1,-283,-6,-12,-16,7
39,-221,34,-28,-32,-20
0,-271,25,11,44,-7
-56,-327,-31,15,-3,2
-16,-290,-34,28,13,-1
50,-200,45,-2,15,20
27,-247,30,-22,9,-2
-55,-278,-39,25,7,21
-24,-282,-22,43,27,26
41,-211,19,-3,0,-12
31,-221,36,9,-3,11
-39,-294,-19,0,27,11
-32,-296,-39,-23,26,-15
32,-225,42,10,5,-6
12,-225,57,-32,34,5
-39,-297,-19,4,5,-48
-50,-290,-26,23,-25,15
29,-219,43,-33,-8,17
59,-226,40,-50,21,-27
-32,-274,-28,6,-13,5
-48,-283,-41,-27,-22,45
21,-222,23,16,-14,7
35,-199,43,-6,-28,-2
-30,-294,-12,-10,10,9
-37,-309,-43,1,4,-4
16,-237,26,26,4,3
53,-229,45,-16,-12,3
-25,-281,-31,-26,21,19
-62,-318,-56,-17,21,23
18,-238,0,18,11,-11
51,-208,64,18,12,15
-6,-263,9,7,-1,39
-43,-287,-52,-18,-15,-17
9,-249,-7,9,22,-19
57,-187,61,-4,-1,-12
3,-258,3,-18,24,26
-27,-328,-49,-2,-5,-25
-7,-254,2,1,-13,-6
56,-216,66,17,-13,14
10,-224,4,16,-25,6
-49,-290,-62,-10,2,13
2,-256,-10,29,22,11
59,-206,49,-4,-4,-10
32,-254,-2,17,-7,-28
-30,-301,-53,25,7,-16
-19,-273,-37,-18,-5,-18
47,-200,46,-5,1,-45
37,-227,43,-19,-24,12
-41,-297,-51,17,14,-3
-28,-286,-23,-4,-3,-15
16,-202,37,-8,14,25
23,-224,22,4,-18,-39
-30,-312,-36,5,22,-15
-46,-280,-33,-5,5,-10
36,-210,38,24,4,24
28,-219,25,-13,7,5
-45,-271,-33,7,-5,20
-34,-283,-40,11,-10,-8
29,-230,25,-1,-2,19
59,-220,47,-9,27,16
-15,-272,-10,-35,3,24
-53,-301,-55,23,-23,15
30,-231,40,-4,50,7
38,-222,54,1,35,-25
-32,-261,-25,3,3,6
-54,-306,-43,-4,7,6
-1,-255,19,-33,27,10
32,-212,49,42,-3,7
-3,-272,-10,23,16,-35
-55,-304,-58,-12,6,-45
9,-253,19,24,-22,-2
62,-196,47,-1,8,35
-6,-248,-5,10,10,-7
-52,-313,-44,-6,3,30
-18,-262,1,-8,-12,-16
58,-207,51,5,-9,-10
5,-256,0,-18,4,-11
-22,-301,-36,39,26,15
1,-266,-20,-26,-13,13
53,-211,43,11,27,-19
-3,-240,18,13,20,-7
-38,-298,-53,1,-14,-22
-9,-272,-25,7,19,-30
37,-227,63,1,5,11
25,-225,19,29,22,12
-43,-307,-46,29,11,-6
-27,-273,-27,9,-1,-19
39,-232,44,-4,1,-14
12,-225,49,7,-3,12
-56,-311,-43,-5,26,-19
-32,-296,-36,-25,-18,16
35,-229,27,4,6,20
23,-227,40,6,15,-34
-48,-271,-27,7,29,-28
-46,-292,-22,-28,4,-26
59,-227,41,-4,15,-6
47,-217,45,11,-16,10
-27,-283,-35,-17,-16,-8
-36,-304,-48,20,9,-35
15,-226,28,-31,28,9
41,-242,44,-31,24,12
-9,-280,-34,19,27,30
-56,-303,-47,-17,26,-18
9,-233,12,15,14,-37
33,-211,32,-22,1,3
-35,-264,-22,46,15,-3
-56,-292,-31,6,-6,-32
11,-235,15,13,-1,-35
59,-189,32,-37,-29,7
-7,-260,-12,-43,-17,-0
-43,-317,-57,7,2,-6
-11,-263,-11,8,16,-11
58,-209,55,8,-1,-21
6,-273,11,-22,-22,-20
-62,-320,-52,-17,24,-8
-23,-272,-18,-42,-5,11
55,-199,66,-29,-33,-3
11,-242,2,20,-30,7
-47,-309,-35,-24,29,2
-22,-268,-15,4,14,16
35,-204,51,-2,6,10
24,-231,32,-16,12,12
-54,-309,-60,-36,-9,2
-4,-276,-31,14,-3,22
64,-211,52,68,-10,-14
29,-235,9,-16,39,-14
-42,-303,-51,8,23,13
-26,-302,-32,9,-18,2
42,-217,44,-19,9,-13
31,-203,36,-24,-15,-20
-34,-300,-42,-7,-8,-65
-38,-284,-35,-22,-21,-14
34,-244,50,-3,55,21
37,-212,35,21,-32,-16
-25,-270,-29,8,-4,15
-21,-304,-31,21,8,31
30,-228,33,-14,-33,-15
60,-210,47,-17,4,3
-19,-289,-31,17,27,8
-40,-283,-45,23,-18,28
15,-224,24,10,-37,15
37,-217,43,-9,-29,-30
-15,-282,-14,-16,-19,18
-60,-297,-37,-35,12,-13
12,-252,1,12,10,-18
44,-207,42,-22,-6,11
-36,-256,-9,5,7,24
-55,-315,-57,-27,15,-19
-9,-248,-1,-5,-16,-22
54,-201,73,-18,16,-10
-0,-237,-2,29,-39,5
-59,-302,-51,-6,24,11
-2,-272,20,-4,4,25
61,-190,58,-2,-19,6
23,-250,2,-12,-30,-12
-49,-297,-52,-0,-9,-33
-18,-252,-20,7,8,-42
56,-204,44,16,15,22
11,-249,18,-9,-34,-24
-62,-298,-60,24,-31,-47
-17,-273,-5,32,-4,26
45,-212,55,29,-32,14
19,-219,34,4,8,-0
-50,-298,-51,-43,10,14
-27,-283,-28,-26,3,-7
45,-218,45,-26,-32,-6
16,-220,24,-8,-10,-26
-34,-280,-28,-18,-17,-9
-44,-287,-29,-30,6,0
39,-223,46,-11,16,27
23,-223,28,10,15,1
-31,-294,-34,-25,-36,12
-36,-287,-27,-2,-21,11
40,-243,18,5,-20,16
30,-223,26,-14,-19,13
-51,-285,-45,-20,-13,-15
-38,-308,-54,-10,0,12
16,-224,25,-12,31,15
39,-202,65,-4,55,29
0,-278,-11,1,8,22
-43,-290,-45,-9,-14,-3
23,-224,32,17,1,-18
38,-203,59,-3,-17,-24
-13,-263,-2,20,8,-5
-45,-318,-53,-4,6,14
-12,-264,21,-9,4,-17
52,-201,68,16,-1,16
-14,-249,-13,-5,-3,23
-51,-296,-44,6,-21,-37
-7,-240,0,-44,27,21
50,-211,49,-3,-7,-24
10,-239,8,23,4,-24
-46,-282,-43,-36,-11,27
-6,-259,-17,53,8,8
24,-196,48,2,4,28
22,-231,17,-17,43,36
-50,-310,-47,-9,20,-13
-16,-275,-25,3,-27,12
46,-218,45,4,-23,1
42,-234,25,-7,1,-10
-75,-306,-51,-13,32,17
-30,-269,-32,6,-24,-21
34,-210,46,-13,8,-0
56,-233,15,-12,5,-11
-24,-295,-32,-26,23,-9
-23,-266,-31,8,19,11
48,-211,49,-24,-4,-18
33,-219,44,-34,21,23
-41,-274,-50,-26,-8,21
-65,-296,-36,22,-7,43
40,-232,48,12,26,-3
26,-228,39,15,-14,-6
-15,-269,-37,40,-5,-33
-33,-303,-44,-20,-1,24
32,-234,11,11,1,-21
34,-209,41,-9,8,-22
-15,-267,-24,25,-19,31
-66,-293,-34,19,6,15
26,-242,17,-1,2,32
62,-227,43,31,-31,-21
-20,-291,-10,3,17,-5
-55,-294,-50,-4,28,-26
22,-246,7,25,-16,-15
44,-192,32,-15,8,-4
-12,-270,-9,9,-1,-17
-41,-308,-50,-15,-13,53
17,-260,-9,18,-31,-13
63,-199,50,6,-8,9
8,-245,11,18,-19,5
-71,-297,-58,22,14,12
10,-271,-11,13,-23,8
40,-193,36,-19,5,-12
-2,-243,6,-44,-17,17
-57,-280,-61,-16,13,-6
-20,-274,-5,-5,-7,-3
43,-209,47,-8,7,5
24,-249,22,-15,13,-11
-47,-314,-42,20,-8,15
-10,-284,-12,1,21,17
73,-199,42,-1,6,8
30,-243,18,-15,-2,15
-37,-287,-38,-4,-26,12
-21,-292,-37,-8,10,-4
61,-213,25,-7,-10,19
34,-216,42,-22,-7,-8
-46,-291,-51,18,-16,31
-44,-293,-35,-25,-14,-5
27,-216,29,17,-15,-8
41,-218,34,-26,26,-6
-27,-298,-45,-2,-10,14
-51,-293,-34,6,-10,-6
29,-232,23,-28,12,-32
53,-214,60,12,13,-17
-19,-279,-9,-12,-40,20
-61,-315,-42,-15,20,-7
21,-246,13,-4,14,-43
44,-216,31,-11,17,9
-32,-276,-25,27,-8,9
-44,-301,-30,4,33,24
13,-257,10,3,-5,4
45,-188,59,1,-12,13
-4,-273,-22,7,-18,-6
-51,-326,-51,-12,46,-6
11,-238,9,7,2,-6
63,-210,57,8,-8,-31
-2,-249,18,-17,29,29
-53,-286,-46,1,-7,25
3,-262,10,38,11,15
35,-205,34,24,2,-13
17,-244,-6,29,-3,17
-65,-316,-65,-2,8,1
-5,-247,-19,3,-25,29
50,-194,59,-1,-17,21
14,-247,17,-18,-37,38
-38,-308,-35,-25,6,68
-8,-280,-15,8,0,17
79,-200,56,10,-2,2
23,-232,22,16,7,9
-42,-288,-55,-9,-38,-15
-16,-288,-27,-34,9,23
55,-213,43,-10,-9,29
40,-211,20,19,-23,3
-21,-313,-27,13,-21,19
-34,-297,-24,10,-36,19
51,-217,9,38,40,-15
36,-216,40,22,16,-4
-35,-299,-43,15,-27,14
-31,-298,-40,-17,24,18
28,-236,25,25,-14,-44
35,-223,29,19,-11,-21
-5,-278,-18,-34,-2,22
-42,-305,-53,-8,-51,12
27,-232,23,-43,22,-18
31,-211,33,-9,3,-17
-15,-267,-34,-1,-3,-21
-25,-318,-40,-7,-18,-47
22,-223,17,-38,-71,5
53,-201,54,26,15,-35
-17,-266,-28,5,-20,4
-46,-286,-57,-13,46,-0
-12,-243,-3,-25,11,-15
46,-208,39,16,-4,1
-14,-253,-7,-17,6,-1
-55,-299,-57,4,-10,7
6,-260,-5,-8,-29,-4
51,-216,59,12,-4,12
-3,-248,9,35,1,24
-43,-298,-36,21,26,-6
5,-267,6,-55,-8,7
43,-223,47,-3,10,-6
-1,-239,-9,7,15,-20
-52,-314,-32,28,18,12
-15,-244,-24,-28,34,13
37,-208,64,36,-25,-4
7,-244,13,7,-32,-6
-62,-309,-48,-10,-13,-6
-24,-274,-33,-16,-0,10
45,-212,37,18,2,-1
19,-232,29,14,12,46
-53,-293,-27,20,-48,11
-24,-270,-24,-13,15,24
42,-221,40,-9,4,15
29,-231,29,-12,-20,17
-65,-293,-40,13,1,36
-39,-291,-59,-19,-31,-18
33,-243,31,6,24,-10
46,-239,25,17,21,-18
-31,-276,-37,31,18,2
-61,-317,-47,7,-3,-8
41,-228,17,12,14,28
40,-200,48,-25,-5,-10
-10,-289,-20,-1,-3,2
-55,-305,-48,9,12,-7
14,-229,26,-9,1,15
51,-206,61,31,-32,-19
-9,-256,-30,-11,-8,-19
-57,-287,-37,-30,8,-17
10,-244,5,-1,29,-10
60,-211,50,-8,30,-20
-13,-265,-15,-14,-14,6
-41,-311,-47,-11,-30,-20
23,-245,11,-1,-6,-2
52,-208,55,31,-27,43
11,-264,-5,3,0,-12
-30,-299,-60,-11,8,25
-7,-260,-3,-13,1,11
46,-205,45,-31,6,37
2,-252,7,2,15,6
-39,-301,-35,10,10,-3
-2,-265,-15,3,-20,-21
38,-221,64,-33,18,9
26,-236,17,23,-5,13
-53,-314,-43,-2,-13,-34
-3,-288,-17,-4,-3,12
42,-227,58,-4,-10,22
34,-230,10,-31,7,-15
-37,-299,-45,-34,-22,25
-12,-269,-46,-20,-1,29
35,-237,47,-6,-13,6
37,-215,21,27,0,-10
-30,-292,-32,-16,36,22
-43,-299,-19,12,42,-16
41,-215,25,-26,14,37
20,-218,37,-15,1,-6
-29,-286,-48,-1,-18,-22
-52,-295,-47,13,41,-11
32,-220,31,-8,41,23
30,-217,52,-12,3,25
-34,-298,-28,-32,2,-11
-44,-291,-48,-30,-15,34
39,-229,40,-50,28,27
49,-215,48,-44,35,-10
-28,-288,-32,-9,7,-40
-34,-303,-43,-30,-12,-29
-11,-236,19,3,34,-1
32,-218,25,22,6,3
-13,-272,-8,0,4,15
-64,-289,-49,-4,-6,-0
8,-241,22,-6,-0,7
49,-209,46,-5,29,12
-0,-247,3,-17,11,25
-65,-293,-38,-20,0,10
11,-261,12,4,2,-4
26,-195,47,18,2,-8
-7,-258,4,16,55,-25
-60,-312,-62,21,20,59
-17,-264,-8,-8,8,6
45,-190,52,23,13,28
5,-255,6,-8,-11,8
-53,-323,-55,5,3,-8
-18,-268,-14,-15,12,-17
41,-215,37,-12,-18,10
35,-241,9,-35,-15,22
-69,-321,-63,-6,-10,-20
-19,-277,-24,-20,-14,-21
47,-211,58,15,1,-11
24,-213,46,28,-20,-40
-46,-302,-22,-11,-20,9
-34,-285,-19,-5,0,12
31,-214,44,19,14,-2
30,-223,25,-15,-27,9
-27,-287,-40,-50,46,17
-48,-302,-53,2,2,6
35,-229,35,16,18,-4
32,-226,30,22,-6,-25
-30,-280,-27,-31,13,-16
-31,-290,-41,25,9,-4
34,-233,27,0,18,11
36,-207,58,37,18,-56
-6,-287,-15,27,-23,1
-55,-311,-52,23,22,-3
11,-235,10,-23,-25,9
51,-221,51,-10,-5,-30
-3,-265,-6,10,-11,-1
-47,-312,-50,-13,-69,-15
14,-241,16,20,-31,-0
45,-211,50,27,-17,-6
-6,-267,-6,2,-23,-11
-56,-294,-55,22,11,-12
19,-270,7,19,12,30
63,-227,62,4,26,5
9,-247,-14,-2,11,-16
-37,-305,-53,-14,6,-15
-8,-252,-4,-24,9,-27
48,-204,42,10,-15,5
2,-244,-6,23,-40,-10
-70,-282,-61,16,-39,-39
-18,-267,-14,6,27,-34
55,-209,64,7,3,-37
22,-220,2,3,2,-21
-53,-315,-43,6,0,-4
-30,-281,-3,22,2,-8
41,-205,45,14,-5,-33
20,-226,17,15,8,-11
-44,-310,-46,12,-16,4
-15,-273,-25,-14,-10,-0
38,-227,27,0,45,-1
29,-225,31,-5,10,-14
-63,-289,-47,-7,20,17
-28,-290,-20,21,21,-3
31,-205,19,-11,14,22
45,-225,42,-12,12,2
-33,-277,-30,-14,24,-29
-30,-284,-59,7,-8,-3
39,-213,36,11,22,-14
31,-216,15,-29,35,-37
-33,-268,-28,22,7,-12
-17,-296,-36,-3,-29,19
34,-240,30,25,-12,1
34,-198,57,-20,-8,-5
-15,-274,-22,6,27,15
-57,-291,-65,34,-12,29
6,-261,13,15,4,-3
42,-207,69,14,24,4
-11,-261,10,16,-3,38
-54,-307,-54,19,22,20
-15,-237,2,44,-3,-46
56,-204,58,-22,-8,-6
-12,-251,-3,5,0,11
-49,-319,-50,23,39,13
-5,-261,-11,1,-14,26
51,-208,56,18,-1,43
21,-248,-1,-21,33,27
-59,-307,-53,26,-21,-2
-1,-238,-6,27,16,1
36,-210,50,-0,47,18
26,-248,18,21,9,14
-48,-294,-55,24,10,-3
-23,-267,-11,-10,23,9
55,-193,34,16,20,28
32,-227,11,9,13,8
-43,-293,-45,-31,-27,-35
-31,-266,-30,-0,8,-7
29,-222,37,41,28,11
19,-241,20,-19,-26,-15
-50,-308,-47,6,-16,-1
-37,-287,-40,18,-14,-24
51,-224,50,25,-9,-31
42,-226,17,4,-6,-20
-35,-276,-43,14,20,6
-30,-304,-45,0,-13,26
24,-227,24,-4,2,-7
41,-218,38,38,5,8
-25,-289,-29,-44,-8,-24
-34,-301,-33,-10,1,-14
20,-226,37,13,-17,-8
37,-212,55,-7,58,-17
-28,-283,-14,-19,-7,29
-37,-305,-38,-0,-3,-32
20,-251,21,-17,14,7
50,-198,25,-11,-10,10
-32,-263,-5,-1,-5,10
-53,-301,-43,10,-1,11
19,-250,4,-25,11,11
59,-211,44,26,-8,2
8,-267,-20,-0,-6,23
-60,-309,-58,8,-21,24
9,-256,-0,49,-22,2
52,-209,62,-22,0,8
-3,-261,3,-26,23,4
-68,-321,-59,-6,26,-15
3,-252,-33,-9,17,-8
61,-216,56,-22,-15,-6
23,-244,23,14,17,-17
-63,-312,-60,-9,39,-11
-6,-271,-17,-12,22,-11
47,-185,55,2,-13,-24
27,-241,21,-44,8,31
-50,-310,-36,13,14,-40
-34,-276,-25,-23,-4,-8
46,-217,56,-27,-8,-6
34,-216,34,24,49,-19
-30,-282,-46,-33,-15,26
-24,-284,-30,-25,-39,14
48,-216,46,-8,-8,-32
22,-210,30,5,6,-10
-29,-277,-36,5,18,11
-31,-283,-45,-53,-28,-19
34,-205,48,2,-7,14
45,-217,46,-2,44,-16
-37,-275,-32,-5,3,-0
-41,-313,-35,13,13,-31
22,-235,53,-19,5,-7
50,-220,38,26,-3,40
-27,-279,-28,-1,-15,30
-48,-277,-35,-31,8,-14
23,-248,28,-4,-5,7
62,-204,32,-11,-13,-19
6,-282,-28,-8,-25,6
-56,-288,-29,-5,2,-37
17,-249,10,-35,-22,-20
63,-197,33,3,13,47
-4,-264,-37,-17,-22,2
-26,-289,-55,-22,-9,14
8,-265,9,-45,17,10
43,-201,43,-20,-14,-22
2,-241,1,-10,-15,-35
-27,-316,-32,-33,-29,-10
-10,-250,9,-4,-3,-4
47,-203,38,14,15,-3
-3,-244,2,2,20,27
-36,-310,-45,14,35,1
-17,-270,-23,-0,21,1
63,-216,53,7,2,-16
-6,-240,32,10,-17,-16
-68,-305,-51,-11,-42,29
-10,-294,-8,-13,25,14
47,-206,52,5,-19,23
5,-215,16,19,8,-5
-54,-306,-42,-4,5,16
-6,-295,-32,-12,-7,-8
67,-231,42,-19,25,15
22,-234,29,-22,34,1
-48,-291,-56,15,27,34
-36,-279,-19,-3,-5,-13
27,-209,25,-12,-12,-2
31,-222,34,10,-16,12
-26,-283,-28,-3,-24,27
-39,-287,-47,-7,31,23
38,-219,35,18,1,4
33,-200,44,8,-16,5
-26,-278,-26,12,6,-7
-40,-281,-49,43,11,-43
31,-229,32,-3,-23,72
50,-213,47,-9,-32,8
-33,-281,-23,13,-0,-9
-58,-287,-33,10,1,-31
9,-247,18,-23,9,5
41,-209,67,-36,-43,-23
-6,-268,-4,-32,17,-3
-51,-305,-62,-13,11,10
5,-247,2,-16,7,28
50,-198,54,-30,-15,21
-2,-253,-3,-9,-38,23
-37,-304,-47,39,-24,0
-5,-250,-3,-9,-15,-17
63,-209,48,6,-25,-17
-7,-258,15,-8,-16,-14
-52,-316,-43,1,3,-8
-16,-260,-9,26,-6,52
61,-198,47,-29,49,-51
24,-261,1,-22,6,42
-54,-292,-34,13,2,34
-15,-280,-12,-31,43,11
41,-204,55,-1,27,19
31,-242,3,1,14,-9
-48,-307,-44,-16,2,-21
-27,-290,-23,-7,-43,6
28,-225,41,12,-15,31
21,-242,41,4,-32,5
-46,-316,-50,-27,13,-14
-29,-298,-28,15,5,22
38,-227,37,-9,-0,32
31,-240,25,-7,-13,25
-39,-292,-32,-3,28,4
-37,-298,-40,-38,-1,9
33,-213,22,33,-13,12
46,-215,30,-15,15,-26
-41,-295,-24,-42,-9,31
-19,-295,-53,-7,-53,-3
28,-221,42,6,-11,-11
29,-206,38,20,6,-7
-14,-271,-15,3,-18,-5
-63,-294,-46,-0,1,43
35,-246,14,17,-7,-10
44,-221,49,-35,2,20
-8,-272,-12,17,19,-18
-35,-313,-76,-23,-21,33
30,-252,3,14,10,-17
30,-196,49,-27,-19,-24
-9,-260,-6,-15,-35,-13
-50,-327,-52,20,-28,-11
18,-263,0,37,1,-15
43,-206,58,-11,10,-1
-17,-258,-3,12,-30,-8
-41,-309,-63,4,-22,-15
9,-255,-9,5,-11,-32
55,-218,47,9,6,-8
35,-252,14,5,-12,-20
-60,-320,-46,6,8,36
-12,-279,-17,-26,-29,3
31,-200,27,-9,27,26
43,-224,25,-2,-20,-2
-59,-301,-42,-35,-6,10
-20,-276,9,27,-30,-21
54,-196,29,27,20,-2
18,-244,26,-42,-3,1
-43,-317,-38,-1,-21,11
-32,-299,-30,-19,13,-10
42,-218,36,13,-17,4
22,-222,38,-29,9,-2
-47,-300,-30,14,19,-14
-42,-286,-38,45,-24,-14
24,-224,41,-18,-11,-10
33,-227,42,-20,-9,32
-34,-290,-30,-38,-5,21
-42,-293,-39,-1,-51,27
27,-233,26,4,-23,9
23,-219,45,11,23,0
-48,-287,-34,-21,29,-26
-52,-307,-60,9,31,15
20,-222,24,6,1,-18
48,-205,43,11,-5,20
-7,-279,-25,23,-11,-18
-52,-290,-56,4,-1,13
15,-221,4,-29,-31,3
49,-199,35,-4,9,6
-17,-286,-9,5,23,-14
-27,-299,-59,5,7,-12
8,-249,10,20,33,-10
44,-202,46,39,10,-14
-22,-266,1,-43,8,-6
-42,-291,-50,-26,31,1
8,-258,8,-42,-27,36
42,-186,59,-23,11,3
13,-241,-11,-9,8,-26
-53,-298,-62,47,48,4
-2,-269,-6,-10,4,-20
59,-208,45,24,16,-51
32,-227,21,-21,7,29
-72,-312,-47,-5,-11,0
7,-276,-18,0,-10,8
33,-222,40,-12,-19,-13
-9,-239,28,-26,16,8
-61,-281,-45,12,18,3
-19,-293,-30,-0,-22,5
39,-195,30,-42,-13,-31
16,-230,34,-6,-22,12
-44,-307,-53,-41,25,49
-28,-291,-20,33,19,-12
59,-222,37,-37,-18,-3
15,-226,25,-11,24,8
-29,-299,-35,37,13,-3
-29,-309,-45,-21,-5,25
37,-236,34,-4,-30,-8
50,-218,43,-25,18,31
-36,-290,-37,-23,40,19
-40,-289,-46,-38,9,2
13,-237,18,22,-9,-9
37,-210,39,-8,12,2
-15,-271,-28,-18,-22,10
-57,-305,-54,5,11,14
32,-246,19,-32,29,13
37,-197,49,0,10,16
-9,-269,7,13,11,15
-42,-324,-31,10,-6,22
3,-246,-1,7,29,4
51,-229,35,2,-6,-20
-15,-269,3,32,9,-4
-39,-293,-50,-25,-37,-1
17,-259,-9,63,24,-32
50,-185,42,12,-45,-34
-1,-262,4,-15,-14,17
-58,-303,-48,-3,-13,22
-16,-245,-8,-15,-8,10
56,-215,47,22,-17,2
6,-253,-2,20,17,12
-44,-300,-31,-33,17,10
-9,-277,-0,38,-37,-8
42,-204,59,11,-27,22
29,-236,10,-19,22,-1
-59,-285,-49,-24,3,-14
-26,-277,-6,39,15,-7
57,-227,45,-18,-24,16
32,-223,32,2,-5,2
-37,-311,-51,-34,-19,-15
-26,-284,-29,-17,-30,1
27,-218,42,0,24,6
24,-222,21,-13,-6,15
-45,-303,-32,-12,-17,-22
-36,-295,-33,-20,2,26
57,-209,29,-35,-20,-16
30,-223,46,50,9,18
-41,-275,-39,75,27,-37
-43,-299,-42,32,-14,-28
29,-237,43,-17,-34,31
37,-215,41,-5,-5,-29
-39,-280,-24,4,40,-3
-45,-312,-57,3,-18,4
15,-249,32,2,-33,2
64,-205,41,-9,-10,-3
-46,-272,-11,18,3,-8
-51,-282,-42,-19,-6,-7
8,-242,12,4,-14,8
58,-211,44,6,-23,-15
0,-255,3,-18,-7,19
-51,-299,-61,43,44,20
1,-224,10,16,-8,2
32,-206,48,-1,5,10
6,-260,-3,19,-5,-18
-51,-306,-27,-5,18,11
-7,-246,-12,23,21,48
37,-191,41,-5,-31,-19
7,-251,16,41,17,7
-52,-304,-44,-32,-28,-28
-17,-272,3,17,-0,13
17,-204,39,17,-13,7
8,-214,9,-6,-4,-18
-56,-301,-46,26,-7,-30
-17,-271,-13,-5,-25,-5
37,-210,40,-13,11,5
6,-237,34,-9,-45,7
-37,-298,-34,-33,-7,13
-33,-273,-33,-28,14,-9
57,-210,15,45,-22,-14
38,-219,40,8,16,32
-34,-322,-38,-1,17,9
-32,-280,-20,-10,-22,15
46,-207,37,-8,-13,2
27,-225,48,4,12,-3
-40,-293,-32,-8,-36,-22
-57,-285,-34,-9,-3,21
23,-226,50,-10,-25,-31
38,-230,41,30,12,1
-25,-282,-43,-24,-7,-0
-24,-292,-48,-11,-9,16
34,-225,41,29,-18,-6
43,-202,42,5,-6,-3
-7,-266,-31,4,-15,-3
-36,-294,-39,10,7,8
22,-243,0,33,26,-13
76,-214,44,-10,-7,9
-19,-285,-26,-16,23,10
-58,-314,-56,12,4,2
-0,-248,-0,38,-10,40
57,-203,39,-11,28,-2
-17,-253,-19,-1,8,-30
-54,-314,-68,-19,7,-8
-8,-260,-12,2,-24,5
48,-203,49,3,-5,-16
0,-252,5,13,21,-38
-32,-313,-40,8,3,30
2,-259,-15,40,27,26
54,-215,45,-7,4,-28
16,-259,6,18,10,-4
-39,-309,-67,31,-13,-24
-19,-279,-26,-23,-7,-16
41,-213,53,7,3,19
17,-250,8,7,-3,32
-44,-299,-43,15,-2,6
-14,-265,-37,11,25,-13
45,-211,46,5,15,-4
20,-248,16,14,-12,8
-29,-308,-51,-16,10,-16
-35,-282,-23,23,16,-6
46,-195,40,-5,-7,-2
30,-218,31,8,22,8
-50,-295,-31,28,26,-29
-19,-315,-33,-2,-18,-31
30,-210,30,-6,-14,-3
25,-207,45,-10,-36,-23
-19,-295,-19,-11,26,23
-52,-312,-46,-13,-3,9
31,-237,20,9,-19,15
56,-222,31,-1,6,5
-26,-293,-15,25,-1,7
-54,-293,-61,19,-6,-14
14,-237,9,-9,-0,18
29,-210,34,-37,-2,-0
-31,-268,-25,34,5,3
-47,-285,-49,-13,9,-3
13,-248,11,9,-1,20
51,-189,40,-22,6,-6
-25,-244,-12,37,10,8
-49,-302,-49,10,3,19
-2,-256,-20,3,-36,2
57,-205,44,38,-37,21
3,-257,6,-19,-16,8
-41,-306,-32,21,-39,-16
-4,-254,-8,27,-30,1
56,-186,48,22,-17,5
13,-257,7,-21,-19,-25
-53,-295,-41,18,-2,-28
-24,-285,-1,-14,-6,-19
57,-205,44,18,-26,-18
12,-233,18,-1,-21,-14
-36,-306,-44,-2,-1,25
-9,-297,-8,21,-19,-2
36,-216,22,21,-21,-33
24,-227,24,-33,-7,-24
-34,-291,-37,-28,-16,-14
-30,-287,-26,-36,25,-15
39,-208,55,-23,-4,-15
26,-223,27,13,16,14
-61,-282,-55,-13,41,-8
-32,-281,-44,6,-5,10
47,-224,29,42,17,10
23,-216,29,14,-11,13
-32,-285,-36,-22,-14,18
-60,-300,-31,-2,-28,6
38,-231,38,-6,-4,12
40,-217,67,-11,2,24
-29,-269,-17,6,-10,23
-31,-294,-46,-15,3,12
16,-238,18,3,-15,33
31,-214,44,-25,3,-2
-26,-303,-15,-6,0,-18
-45,-296,-52,4,-4,2
25,-235,33,11,8,27
40,-217,54,-4,14,3
-13,-269,-34,18,44,-15
-37,-298,-59,-3,-12,-11
0,-256,20,31,20,-7
36,-212,39,9,-46,16
-15,-257,-6,-11,-8,52
-43,-304,-69,4,-18,-20
-3,-250,-12,-20,-25,24
56,-208,50,-4,26,37
-6,-258,11,12,-43,-35
-36,-297,-62,-4,-9,-14
3,-262,-3,2,-27,-8
66,-195,53,-29,-31,-3
24,-250,4,-2,-1,-16
-52,-320,-67,5,-4,-3
5,-270,-19,10,-16,-3
35,-197,36,6,-24,-22
24,-232,10,-28,-15,5
-58,-302,-46,-26,-21,-3
-31,-278,-18,-31,-22,-5
38,-227,37,-11,1,56
36,-235,8,13,6,18
-35,-299,-45,-3,19,8
-16,-278,-37,-10,23,3
45,-229,39,-9,-3,16
26,-232,33,20,12,5
-53,-306,-38,-19,1,8
-24,-283,-17,-16,5,-25
38,-211,39,19,21,-2
25,-224,24,28,23,-21
-34,-297,-19,-4,-24,50
-47,-276,-38,-37,14,-21
27,-217,41,50,-3,-7
23,-215,30,20,1,-5
-44,-282,-44,-5,-7,-10
-53,-307,-38,28,-27,-25
21,-241,16,-7,-6,-6
64,-202,30,-3,15,-12
-9,-283,-17,9,2,-18
-37,-306,-62,-4,-40,4
15,-258,24,-19,-30,-16
65,-190,40,12,5,-5
-16,-259,-6,-22,-43,34
-30,-300,-33,-1,3,3
-8,-249,11,2,-2,13
50,-217,44,18,-4,7
8,-260,-10,3,53,-24
-59,-304,-52,-3,19,-17
-12,-282,-12,30,-21,16
51,-214,39,10,0,-8
-5,-237,14,17,15,16
-51,-312,-42,30,-1,-1
-16,-261,-12,-18,-2,-8
47,-198,45,39,-9,-4
2,-230,27,-27,-2,6
-43,-319,-44,18,-0,7
-15,-275,-27,-16,17,16
64,-223,58,10,-0,16
37,-249,29,13,11,-3
-48,-294,-42,-18,3,-9
-21,-276,-14,26,30,18
29,-214,23,-4,2,8
22,-219,41,4,12,8
-43,-272,-36,-18,32,-12
-50,-290,-36,-3,-16,-6
50,-219,42,-23,20,-27
23,-227,49,13,3,12
-33,-278,-54,9,-4,-19
-29,-295,-42,21,-19,-29
28,-216,25,-7,11,-3
26,-218,45,9,7,31
-27,-279,-35,-31,24,22
-63,-319,-45,-6,8,6
20,-231,18,-14,7,12
54,-223,26,-18,10,-13
-27,-276,-20,19,5,10
-56,-309,-29,-26,2,-12
34,-251,6,2,4,2
52,-205,51,-22,-28,-16
-24,-283,-7,3,-26,2
-38,-299,-40,4,-6,-6
-1,-249,12,30,21,15
50,-195,50,-1,7,-33
5,-257,1,12,11,-2
-57,-314,-51,5,9,6
5,-255,10,28,40,0
45,-208,64,32,52,-9
-9,-246,3,7,1,2
-59,-294,-61,-7,-26,-8
-7,-272,-11,19,37,-9
45,-182,48,-9,9,-32
17,-256,18,-44,28,-18
-49,-307,-48,14,52,16
-17,-283,-13,3,-15,4
57,-216,43,13,14,17
30,-236,14,14,-0,15
-36,-300,-44,-11,5,-7
-30,-274,-22,4,26,24
40,-229,39,10,4,-25
25,-226,23,-36,-28,2
-18,-300,-46,1,-11,14
-34,-274,-23,12,10,25
39,-220,49,-18,10,-25
34,-229,47,-1,-27,-13
-28,-291,-31,11,21,18
-40,-292,-37,-17,16,16
35,-224,19,-12,-11,-41
43,-231,28,-33,-19,4
-26,-266,-33,8,-15,5
-46,-278,-22,16,32,12
-2,-242,29,22,11,-5
33,-222,52,2,8,-8
-27,-273,-29,4,-13,1
-40,-316,-34,13,-18,-27
23,-227,38,-4,-24,29
26,-214,44,16,-14,-30
-13,-286,1,-37,-24,11
-30,-298,-38,10,-25,8
4,-234,7,-22,-1,7
54,-205,41,-1,22,18
-10,-253,-11,-10,36,-3
-65,-274,-44,-7,-21,1
17,-247,-6,21,25,-54
54,-196,28,-0,3,1
-14,-266,6,-29,-4,1
-42,-315,-42,-8,-9,15
21,-270,14,-20,22,9
68,-211,52,-2,8,-13
9,-240,7,-12,22,24
-50,-304,-42,-1,-30,3
-3,-265,-10,-20,16,-21
68,-194,77,-7,-7,-18
8,-233,4,22,-19,18
-50,-304,-52,-11,8,16
-12,-279,-10,32,12,-8
55,-221,33,21,-34,-39
18,-231,25,-18,-5,-10
-22,-315,-46,21,7,18
-27,-284,-29,-18,-25,4
25,-214,52,4,-10,-4
50,-221,29,9,-11,7
-51,-287,-56,-14,11,-15
-43,-293,-18,-1,-18,-8
49,-219,25,-5,-32,-31
42,-217,33,18,23,17
-18,-278,-31,-41,9,21
-45,-291,-40,-2,5,-1
28,-217,44,-8,23,-1
28,-220,52,4,-10,-32
-15,-296,-37,10,1,-1
-25,-289,-38,7,-16,-5
20,-240,27,26,33,-36
63,-213,25,-4,40,7
-3,-276,-26,-21,-3,-39
-36,-314,-36,-12,-5,-33
38,-252,29,22,32,-2
80,-196,42,-12,-10,22
-25,-247,-7,-2,20,2
-66,-289,-66,19,-40,-20
10,-244,7,-5,4,3
54,-215,47,21,-30,-3
-27,-254,-8,-23,18,-2
-47,-322,-63,11,-30,8
-5,-259,-9,-9,-36,-20
34,-202,47,-10,12,23
8,-247,-1,3,-24,-12
-41,-291,-44,24,-19,8
-4,-260,-16,-0,-6,41
41,-202,51,-4,6,-42
9,-249,18,15,-24,-4
-35,-313,-32,-7,9,2
-20,-292,-31,12,-12,-1
24,-192,51,4,-14,-4
2,-231,18,22,-7,28
-47,-285,-33,-27,-6,19
-42,-269,-31,9,-5,-5
37,-209,43,-2,-27,-13
35,-229,26,-13,37,-13
-31,-310,-28,-6,5,-13
-31,-304,-46,49,12,18
20,-208,38,30,-20,-24
50,-226,37,-27,-48,-20
-46,-307,-26,40,12,9
-32,-287,-40,14,27,3
29,-214,37,20,-0,12
48,-221,47,28,-10,-0
-27,-276,-25,-21,8,5
-45,-294,-33,4,-12,-4
23,-242,32,-3,1,9
50,-211,41,33,-25,-17
-24,-286,-27,-9,-9,-25
-34,-285,-39,-24,20,-21
28,-225,13,-26,22,-13
42,-212,55,-4,35,-18
-11,-278,-10,-31,12,-19
-54,-300,-30,-5,6,-33
2,-254,15,-1,-5,-16
61,-210,64,11,1,-6
-16,-276,4,-1,18,-4
-58,-297,-46,-11,-12,-6
-10,-270,-8,-8,21,-37
51,-221,62,-8,-8,-28
-16,-261,5,18,10,-14
-74,-301,-72,5,4,-8
-15,-253,-7,-25,1,33
33,-222,47,10,-7,-4
4,-237,22,11,-32,5
-52,-298,-56,10,1,31
-20,-256,-18,-0,-5,-19
50,-213,47,-20,-11,-12
3,-223,21,-3,38,-11
-40,-312,-53,-4,-7,-12
-29,-260,-10,-20,7,15
52,-206,49,-9,-4,40
24,-241,35,7,8,-11
-47,-316,-34,3,-13,-23
-15,-277,-23,15,13,-26
28,-222,26,-20,-22,-4
22,-229,34,3,-9,34
-36,-303,-24,-24,25,-7
-38,-307,-29,16,37,5
31,-223,39,-27,22,2
35,-219,42,19,21,-18
-45,-285,-35,-10,-12,-26
-40,-305,-39,-3,-2,5
34,-226,35,-1,12,-4
37,-223,57,34,-2,-6
-31,-286,-11,-36,-13,-5
-46,-304,-39,-5,-13,2
16,-244,36,-7,-18,7
33,-212,31,6,12,60
-24,-281,-15,21,-9,6
-49,-290,-47,-22,8,11
7,-250,14,-18,31,5
55,-202,44,-12,36,-1
-13,-270,-18,-7,-9,35
-56,-320,-58,11,-13,23
9,-238,7,-14,4,5
49,-212,54,9,7,16
10,-262,-8,-4,2,0
-32,-313,-44,1,-6,20
-7,-264,-10,-32,-5,-16
57,-216,61,-11,-1,-26
20,-244,-1,11,-1,16
-56,-329,-43,-5,-16,13
-6,-282,-14,-13,-13,20
55,-210,68,10,-31,13
-4,-247,28,28,-8,5
-54,-291,-48,31,11,-3
-3,-283,-27,-40,-30,-1
56,-199,58,7,-28,-19
37,-242,24,29,-7,-29
-50,-303,-37,-37,6,-13
-7,-276,-22,0,-13,38
45,-213,40,-17,-19,-25
31,-213,46,-2,-23,3
-34,-294,-32,19,-5,-16
-25,-292,-51,-7,5,-21
33,-228,41,24,18,-6
48,-236,31,26,-34,20
-32,-285,-25,19,4,13
-27,-280,-38,-28,29,-8
15,-211,34,-18,-18,-6
32,-216,33,22,8,-8
-33,-290,-34,-4,8,1
-52,-298,-49,-1,-2,16
27,-236,26,-4,22,-1
38,-224,41,-2,-0,-30
-11,-280,-30,-62,-19,2
-35,-300,-68,-31,-6,9
21,-242,16,14,0,-5
56,-224,33,21,-24,13
-4,-273,-13,20,21,-18
-62,-290,-64,-22,-15,8
-9,-236,1,-30,19,-13
56,-210,58,-11,18,-24
-2,-247,-1,44,15,19
-45,-313,-45,30,2,-3
-3,-270,7,-10,26,9
45,-203,62,18,11,-6
-3,-243,35,10,24,1
-31,-305,-50,-17,27,24
-14,-244,-3,-17,40,10
68,-208,54,-9,-10,11
-14,-241,1,14,-2,21
-52,-291,-55,11,-34,9
-6,-275,-9,11,36,15
36,-196,39,20,2,-5
29,-232,16,-23,-3,-19
-30,-298,-46,2,16,-23
-31,-268,-22,-11,8,20
58,-224,45,-11,2,0
19,-228,23,-10,8,19
-57,-305,-39,-2,16,-9
-37,-290,-15,3,7,-16
51,-215,45,-27,13,6
39,-226,37,7,11,-21
-46,-308,-22,-27,8,-30
-33,-286,-19,12,8,-27
36,-211,22,-19,4,-26
28,-216,23,-13,-3,7
-43,-289,-19,-15,20,-20
-44,-272,-49,15,-20,40
7,-222,37,-25,18,52
27,-219,51,9,25,-1
-46,-289,-32,-9,-29,10
-61,-298,-40,22,-28,0
15,-239,15,-15,-16,-28
32,-213,44,14,-17,-10
-30,-286,-0,16,3,-17
-31,-317,-42,43,-5,-8
-1,-249,31,-14,18,-28
48,-216,43,12,-11,6
-9,-272,-18,-7,36,-23
-57,-318,-68,3,-12,-10
5,-260,5,23,-0,-3
35,-199,49,1,-1,-23
6,-249,-10,-20,-20,-9
-56,-314,-44,29,-17,36
-10,-252,-6,-10,5,11
46,-206,48,10,27,-44
21,-247,23,12,-31,-4
-47,-302,-69,18,-19,-10
1,-268,-17,-3,24,-9
46,-201,64,-24,-7,15
15,-231,19,12,24,-7
-61,-314,-61,17,4,-10
-15,-281,-17,24,20,-20
50,-195,47,6,16,-6
29,-222,28,9,12,1
-30,-290,-28,-9,4,-1
-36,-290,-40,-14,-36,-15
45,-225,33,20,-1,-9
26,-233,31,13,-1,-4
-30,-294,-40,4,-8,-1
-33,-272,-36,-19,8,-31
46,-229,39,-2,-38,13
25,-231,22,-18,1,-17
-37,-276,-36,5,-12,-31
-42,-311,-38,-28,20,28
29,-224,35,-9,33,-0
37,-211,46,4,-50,-30
-26,-289,-24,-20,4,30
-41,-291,-43,1,26,34
27,-233,30,-36,-22,12
57,-213,43,33,19,-13
-4,-279,3,17,37,18
-32,-309,-68,-29,-17,-38
17,-240,1,2,20,-22
49,-219,55,-20,16,8
-26,-261,-3,-16,-17,-3
-54,-310,-66,-28,2,-2
0,-261,9,-18,9,2
56,-182,56,4,29,3
7,-276,2,12,19,13
-43,-292,-51,8,-1,-7
-5,-257,-0,-33,-15,-10
45,-187,53,-28,1,8
10,-253,4,6,10,-26
-55,-328,-56,1,-20,-25
10,-254,-12,-5,-7,15
67,-207,51,-5,3,-17
9,-241,12,6,-6,28
-53,-300,-53,-6,42,-4
-25,-277,-7,-30,-5,23
35,-201,40,3,-17,-3
13,-227,12,-17,4,-36
-44,-309,-41,-13,-3,9
-20,-290,-24,-6,-14,-21
37,-215,39,35,-15,0
26,-216,28,-35,24,33
-34,-297,-49,-0,-4,56
-50,-301,-29,-7,-6,-21
54,-233,44,43,-10,-11
40,-227,31,5,8,-26
-35,-294,-30,-20,-36,-8
-44,-299,-39,-42,6,4
12,-224,31,-6,-2,5
32,-211,54,16,-14,-11
-12,-297,-16,31,1,-21
-33,-290,-37,-14,33,-29
29,-240,25,26,24,53
41,-218,38,9,-10,1
-13,-273,-17,6,3,-0
-35,-312,-73,-5,-14,8
8,-239,16,-20,-23,34
50,-202,51,-2,-8,36
-2,-270,-8,2,13,10
-43,-289,-60,-31,9,2
15,-227,20,8,-7,-3
73,-209,51,9,18,15
9,-269,-3,26,-1,3
-49,-319,-36,20,-0,-11
12,-248,19,-24,35,-39
42,-202,47,7,-20,19
14,-264,2,20,-16,16
-51,-307,-29,20,-21,-5
-17,-253,-12,22,-5,-16
41,-209,50,-0,-31,10
14,-252,16,-21,-2,-40
-43,-298,-58,-16,7,13
-21,-277,1,-15,-20,19
60,-210,36,7,21,-28
9,-243,15,20,13,-10
-34,-295,-48,53,-13,-38
-25,-270,-17,26,-20,-17
31,-216,44,-19,55,-14
43,-231,32,-11,10,-11
-61,-309,-55,16,16,-6
-25,-282,-22,-2,16,34
30,-227,39,3,22,25
67,-222,38,-25,-10,-22
-44,-298,-50,-12,36,19
-35,-285,-38,14,-21,-9
46,-210,29,-27,-6,2
36,-225,47,3,0,-4
-36,-289,-19,-18,17,-18
-56,-299,-34,1,7,-22
18,-245,38,7,-50,41
53,-219,25,26,2,23
-43,-293,-29,26,3,30
-50,-314,-44,-21,-8,10
21,-218,15,29,31,12
33,-205,57,-9,-39,17
-27,-284,-17,10,-15,-31
-40,-285,-49,-4,-11,-12
11,-244,30,9,2,-31
48,-219,66,-21,24,27
-19,-265,-10,-4,-13,50
-50,-297,-33,-10,-6,17
-1,-243,10,-30,2,-24
54,-218,45,-26,12,15
-0,-248,5,-9,-11,-2
-63,-294,-44,20,1,-10
-1,-251,16,-32,17,13
48,-202,48,-21,-37,27
6,-253,-9,3,-24,14
-44,-305,-42,19,7,3
11,-251,4,8,-29,0
46,-218,47,-49,30,-8
4,-253,22,22,20,-0
-43,-311,-72,-2,-27,-29
-22,-276,-14,-31,-9,6
35,-208,51,9,-30,18
21,-226,34,22,25,-10
-58,-304,-43,-18,-5,-19
-36,-270,-33,11,4,5
46,-225,53,11,-27,18
31,-230,17,-29,20,14
-14,-307,-32,16,6,-15
-29,-292,-25,-17,-30,-21
38,-209,36,17,-35,-2
33,-223,61,6,34,4
-41,-270,-41,-14,26,2
-39,-277,-36,8,5,8
22,-234,35,-0,-0,33
35,-226,34,-26,2,-6
-38,-282,-35,-9,25,15
-36,-305,-27,-20,29,-7
34,-253,35,26,21,9
41,-226,33,32,27,-3
-27,-274,-19,41,-17,16
-41,-300,-46,-2,-4,-28
6,-223,12,29,17,12
68,-211,59,-50,32,-4
-25,-262,-3,3,-30,-3
-47,-289,-47,-5,5,-2
14,-232,22,-7,-5,-2
62,-215,48,-28,51,-10
-9,-262,16,7,-13,-9
-47,-305,-61,2,7,-33
-0,-252,13,1,-3,27
70,-208,61,-1,3,-1
-3,-254,-9,15,14,-12
-43,-309,-60,4,13,-25
-5,-256,-2,-32,9,-17
61,-208,53,-19,22,12
20,-246,10,-1,-39,1
-48,-310,-52,-7,17,5
-18,-269,-28,-14,-27,26
36,-214,48,17,14,8
23,-242,13,14,-31,10
-34,-287,-46,5,3,0
-25,-276,-28,3,13,-2
37,-199,44,-4,-22,-4
12,-220,30,-4,11,-31
-37,-299,-40,-16,-5,28
-40,-303,-26,29,5,7
51,-213,44,7,-2,-34
40,-223,35,18,17,8
-26,-299,-44,-1,3,28
-33,-293,-38,10,19,-42
31,-227,32,16,15,7
35,-196,65,-21,-21,19
-42,-289,-15,2,1,-13
-25,-282,-44,3,-4,9
19,-218,31,-13,22,6
42,-202,45,-20,-1,20
-18,-273,-24,-30,-16,1
-46,-292,-40,23,-14,-22
21,-241,17,7,32,-11
42,-201,49,-27,18,7
-16,-279,-5,-15,26,48
-56,-288,-51,-24,5,10
26,-233,13,-27,35,-16
40,-211,52,-6,-6,19
-28,-280,-11,-4,8,73
-57,-313,-45,7,-3,27
-6,-257,-15,2,19,30
68,-213,59,1,-20,4
1,-254,4,-6,-8,32
-51,-314,-54,-37,1,-15
20,-266,3,25,2,4
52,-208,64,17,12,-6
2,-265,18,-49,12,-29
-35,-311,-44,-29,13,-1
-8,-257,-4,-6,-18,-35
59,-209,43,34,-4,-2
-1,-241,7,-22,-30,-35
-56,-301,-44,25,-15,-37
-22,-276,-24,10,-3,9
25,-209,51,-11,16,-3
6,-224,-2,11,-3,36
-40,-300,-33,31,-29,4
-22,-276,-37,53,8,-19
50,-225,45,-14,-1,-6
39,-215,23,-40,23,30
-50,-288,-38,-9,26,23
-41,-253,-11,9,25,3
46,-231,31,-12,-0,17
24,-229,33,-6,-31,-10
-41,-289,-43,-26,-14,10
-42,-306,-40,-18,-7,-11
37,-216,31,-6,23,17
65,-206,22,8,34,-39
-44,-290,-13,19,32,26
-35,-306,-17,-30,25,4
11,-225,18,16,19,-13
45,-206,47,-6,10,33
-22,-288,-23,-20,4,-18
-52,-303,-61,1,-16,12
18,-246,8,-1,9,-22
52,-211,55,-37,-21,33
-12,-274,-4,26,8,-29
-33,-319,-47,-8,-24,12
8,-243,19,1,-9,-2
43,-196,46,18,12,7
-6,-249,3,-18,18,25
-60,-314,-63,28,21,-0
11,-253,5,25,-35,0
31,-200,47,-15,17,33
-10,-242,-6,31,44,17
-56,-311,-51,-38,-11,-8
-10,-259,-7,-21,9,1
54,-198,45,17,12,21
1,-257,24,-29,19,28
-32,-322,-51,-12,-29,9
-8,-268,-28,5,-21,-8
49,-201,57,-1,23,-32
22,-243,20,32,-15,11
-45,-294,-43,-35,9,-8
-22,-277,-24,29,24,-15
48,-228,57,1,-3,12
14,-200,29,-16,-16,24
-40,-292,-49,8,24,12
-9,-294,-16,-6,-17,1
46,-224,30,-12,-24,11
40,-221,35,-4,-25,-5
-32,-280,-23,-15,-33,8
-26,-295,-28,-17,33,-1
35,-215,40,73,-13,19
41,-228,26,-6,-0,-35
-19,-296,-43,-31,-5,-28
-28,-304,-53,-30,-14,3
33,-223,23,-50,-7,8
53,-219,50,2,1,0
-22,-296,-1,9,25,12
-50,-301,-36,-16,5,33
41,-230,24,-6,4,4
33,-221,49,-9,23,-22
-9,-280,-16,12,-44,13
-39,-304,-44,-8,24,27
5,-245,8,36,6,-9
44,-210,52,1,-6,8
-13,-257,-46,2,20,2
-41,-274,-46,-9,-5,-33
21,-249,2,-7,-21,3
45,-204,54,21,-16,-6
-4,-259,5,-15,4,30
-47,-307,-46,11,7,6
-9,-262,-3,-10,-12,12
65,-206,56,37,-14,-27
7,-242,1,-1,11,-25
-63,-321,-32,-22,-33,-21
-15,-269,-23,59,11,14
53,-207,57,14,-16,23
32,-225,30,13,-22,-14
-52,-295,-47,15,4,-16
-20,-275,-8,-8,15,-30
41,-222,48,12,-4,3
16,-235,21,8,-3,-9
-36,-301,-26,15,-7,-6
-30,-276,-33,1,8,30
42,-216,69,-12,12,-27
17,-235,35,8,-33,-7
-42,-299,-50,22,36,-28
-28,-285,-41,-12,-4,18
23,-227,37,-5,38,15
32,-216,31,6,-11,-7
-50,-280,-38,-12,-21,-11
-31,-290,-31,11,13,-13
24,-228,33,4,-0,-24
16,-222,38,5,-21,-24
-29,-273,-40,-17,-9,5
-58,-289,-37,-13,20,6
46,-236,22,53,16,-26
48,-199,56,-27,14,33
-29,-284,-34,-18,33,15
-47,-309,-54,12,42,1
-2,-234,10,17,19,10
49,-185,53,-10,-13,13
-11,-279,-9,-8,-10,-29
-52,-320,-44,-38,-26,8
12,-262,7,-15,-33,6
54,-221,48,-1,21,11
2,-269,-1,-15,-4,-16
-60,-299,-24,-41,-13,-26
-12,-256,-0,-28,20,-0
44,-222,53,-6,20,20
6,-245,4,32,22,12
-48,-318,-44,5,-0,-16
-14,-260,-5,-6,-39,5
45,-200,51,-27,-4,2
11,-223,4,42,30,24
-34,-296,-44,-17,10,-14
10,-275,9,-30,3,-18
40,-186,59,1,2,-7
15,-229,34,-1,-19,4
-42,-284,-37,-31,9,2
-25,-286,-23,-1,15,4
48,-205,40,-5,2,-22
31,-240,27,-26,-18,4
-34,-291,-58,-32,30,27
-33,-288,-29,-6,-21,-8
39,-216,38,2,8,-65
53,-208,47,-13,27,-13
-36,-300,-41,-2,16,20
-39,-276,-39,33,5,-17
48,-221,37,0,37,20
40,-205,49,1,4,8
-29,-290,-41,25,16,4
-28,-303,-22,6,-29,27
20,-239,23,35,-36,18
21,-214,42,3,29,29
-18,-276,-29,-9,-15,16
-47,-286,-49,10,4,-4
22,-237,14,11,-6,34
50,-216,48,5,-11,-6
-6,-245,-13,-6,-31,-22
-54,-295,-40,-2,-25,-8
18,-253,6,31,-18,11
36,-204,56,8,6,8
-7,-257,-12,16,-3,-13
-51,-299,-40,6,21,-7
2,-254,-1,46,-52,10
60,-235,30,23,-32,8
6,-265,-0,-8,-15,46
-52,-313,-55,-39,4,-13
-2,-274,-1,6,32,1
49,-213,45,11,12,13
19,-251,-8,10,42,-45
-48,-306,-41,1,21,23
-10,-281,-26,-0,9,8
42,-219,64,6,16,19
22,-241,14,-7,-3,1
-41,-316,-58,-38,7,-8
-13,-278,-44,46,-9,16
42,-213,41,30,15,-18
34,-225,53,-4,-30,26
-37,-300,-43,49,-26,26
-38,-287,-19,26,-28,-6
40,-215,41,-21,6,25
22,-207,24,19,-55,5
-26,-289,-52,-36,3,-32
-52,-287,-57,70,6,16
44,-200,36,38,17,8
45,-228,34,5,12,-13
-28,-279,-30,3,-8,5
-44,-328,-67,23,-17,39
33,-221,24,-5,8,-9
56,-215,41,13,-14,5
-18,-280,-24,-6,-2,-19
-26,-296,-54,-14,-11,35
0,-221,20,33,23,-10
33,-199,52,6,18,9
-20,-263,-9,-15,9,-21
-56,-302,-50,13,-35,-22
18,-244,24,-13,40,19
57,-202,63,8,-21,-0
-3,-279,-11,10,1,-23
-46,-295,-55,-18,-6,3
10,-249,15,2,5,10
58,-206,52,3,-13,-25
-17,-266,-13,-2,21,-1
-50,-318,-70,-48,20,-32
-2,-265,7,7,9,-22
43,-211,68,-3,34,-17
1,-241,1,-19,18,22
-49,-302,-45,-24,-27,-25
-11,-251,-3,-26,8,-10
55,-222,46,9,8,43
19,-232,26,-10,26,-7
-45,-313,-44,51,2,-21
-21,-255,-19,38,-18,-6
20,-213,35,31,12,5
22,-244,10,21,51,-8
-58,-291,-45,-19,30,-10
-27,-277,-16,-35,5,49
41,-226,37,-11,-4,20
30,-232,32,18,-15,16
-53,-311,-59,-21,12,-10
-44,-292,-33,-1,-15,-10
28,-226,36,-27,-26,-0
17,-239,31,-27,30,-18
-43,-281,-25,-15,-6,11
-44,-285,-38,12,-6,-7
9,-232,46,-9,12,2
53,-212,42,-12,1,3
-34,-280,-14,-12,30,-24
-25,-311,-61,-3,4,6
28,-237,11,36,0,0
44,-223,42,39,13,-18
-29,-284,-12,-9,-15,35
-40,-314,-54,-23,20,17
-3,-236,47,-4,-20,-37
34,-219,33,31,19,-40
-12,-278,-14,-9,0,7
-48,-326,-48,2,-2,-9
3,-246,-11,-5,15,-25
53,-192,48,-6,-14,-22
-14,-257,-3,25,-30,-42
-38,-291,-61,14,-0,-23
14,-265,-0,26,8,-6
60,-206,46,-1,-23,-16
3,-247,2,13,25,-10
-43,-311,-50,31,-39,14
-37,-259,-5,-8,1,-10
36,-211,45,-46,7,25
12,-251,18,41,-20,23
-36,-316,-45,27,4,-23
-3,-274,-3,19,18,22
63,-192,53,5,16,3
16,-242,15,22,-2,5
-53,-305,-52,32,-29,2
-18,-273,-38,-6,-47,-11
58,-205,36,-11,-43,20
28,-246,30,-20,9,7
-53,-290,-39,-13,-4,-21
-28,-290,-19,20,-33,-21
71,-216,33,-9,-7,15
31,-211,18,-34,-25,15
-43,-298,-30,11,1,16
-23,-293,-28,-3,28,-14
29,-220,48,22,16,19
30,-224,34,-19,-7,33
-14,-276,-37,-12,5,5
-41,-276,-29,-2,15,-26
27,-224,26,-6,-6,-22
43,-194,51,25,-23,22
-43,-281,-10,20,-1,37
-38,-300,-47,0,11,-20
27,-243,28,-6,-12,11
35,-203,56,-3,-10,-39
-13,-269,-5,-13,5,-9
-42,-301,-50,58,-3,-34
28,-228,14,-9,-5,10
45,-224,67,-7,5,-21
-18,-261,4,11,3,-11
-43,-283,-58,13,-26,-2
13,-250,21,5,-11,-15
53,-210,45,30,14,-35
7,-251,-13,-1,26,-30
-50,-291,-45,36,18,8
4,-258,-18,-19,23,8
42,-201,58,-27,-13,-3
-3,-259,-7,8,-5,27
-67,-306,-51,-18,5,-19
-4,-286,-5,-22,-3,4
63,-214,39,30,-19,18
36,-243,19,-36,-17,-20
-46,-331,-46,14,-4,-19
-22,-274,-30,-17,25,1
47,-219,38,21,-10,2
26,-246,25,-13,11,7
-45,-306,-42,10,-10,-14
-34,-288,-15,-12,-13,11
50,-203,27,-6,5,2
24,-234,43,-34,14,-4
-47,-289,-39,-37,1,14
-40,-290,-39,-15,0,36
22,-222,31,48,23,-15
47,-217,54,-14,17,4
-28,-284,-26,6,13,-6
-43,-287,-26,37,-34,-1
5,-229,15,27,2,18
45,-211,35,-4,5,-8
-38,-286,-32,-6,29,27
-53,-311,-30,-11,41,-3
34,-233,12,2,-6,7
42,-217,43,-10,1,0
-30,-297,-21,12,-14,9
-44,-289,-58,3,-4,-4
20,-260,18,-26,-1,15
65,-204,50,-9,34,-8
-0,-281,-17,-15,22,-27
-54,-309,-44,-18,-10,-13
15,-232,33,22,8,29
44,-208,39,-21,-13,-10
3,-258,-0,24,-22,-14
-53,-306,-63,19,0,-15
-10,-239,21,21,-22,31
53,-213,27,-4,33,-9
3,-261,-3,7,-25,-1
-49,-309,-61,-11,15,-13
-5,-258,-5,21,-16,12
41,-203,33,-42,35,-8
20,-243,7,-23,3,-7
-43,-301,-34,11,10,19
-4,-258,-20,-12,-15,8
59,-211,50,-19,-22,29
23,-227,33,-6,-31,10
-45,-298,-45,-1,15,-19
-13,-275,-31,11,-18,13
44,-211,32,-3,-50,-8
42,-216,32,4,20,-27
-38,-291,-35,44,1,-15
-34,-295,-27,-20,8,-16
40,-217,29,-11,15,-13
42,-236,40,-17,23,7
-27,-285,-22,-5,-10,-15
-34,-283,-48,-15,16,-23
30,-234,29,18,-45,-39
35,-230,55,-27,57,-30
-54,-289,-19,33,18,-7
-39,-287,-52,8,21,-3
21,-233,31,4,-27,27
51,-215,43,2,-16,11
-21,-301,-18,-22,-17,7
-45,-322,-64,5,16,6
19,-233,17,-20,11,17
42,-196,49,-12,5,-9
-15,-268,-21,4,-39,18
-50,-297,-43,-13,4,34
16,-221,14,28,-1,-25
55,-201,42,-7,-8,-36
0,-264,-2,-27,7,30
-43,-284,-56,-14,52,13
6,-242,-12,-13,-24,-9
52,-183,44,-30,-8,-14
-8,-255,-1,37,-25,-31
-50,-287,-56,13,27,0
-5,-256,-5,-13,5,41
63,-212,39,14,4,-25
-4,-245,14,12,-30,29
-60,-320,-57,16,15,17
-32,-278,-13,12,-16,16
46,-200,61,12,-11,1
23,-253,-2,-12,-28,-5
-37,-289,-38,17,20,23
-30,-282,-34,-23,50,33
38,-217,49,20,11,-11
33,-251,39,-15,14,-6
-53,-310,-33,-31,-9,-8
-23,-283,-31,-2,-16,5
32,-214,39,-21,-13,-44
40,-196,53,-0,8,-28
-42,-299,-19,10,9,-19
-18,-264,-33,-14,15,19
45,-215,26,13,-20,26
32,-216,34,20,8,34
-40,-303,-39,17,-19,2
-48,-296,-40,11,4,13
49,-221,30,-21,-5,-9
51,-218,54,-22,-23,-3
-27,-279,-9,-22,-8,-36
-30,-290,-19,-13,-23,-16
20,-240,40,20,10,-21
53,-222,51,3,48,10
-23,-267,-18,-14,-2,-15
-47,-319,-48,-35,-22,-1
16,-253,7,1,-33,2
27,-206,36,14,33,-8
-6,-267,12,9,18,-23
-48,-299,-26,26,42,-7
7,-274,9,21,-17,4
47,-208,54,13,-13,13
-9,-252,3,4,-23,24
-57,-307,-57,17,-20,8
-2,-257,-16,30,38,4
72,-197,56,-23,6,31
5,-277,4,-10,-10,-18
-35,-312,-32,-7,-27,-1
5,-270,-8,-1,-16,6
61,-217,55,5,-32,-21
11,-255,6,-5,-6,-5
-39,-311,-29,3,-11,2
-19,-282,-1,23,-43,9
51,-199,45,-22,15,9
-4,-268,16,3,-9,10
-56,-302,-48,-4,25,-19
-8,-285,-26,8,-13,-11
26,-195,21,-9,6,26
34,-252,36,28,-4,-18
-35,-299,-54,-2,-9,4
-33,-305,-33,-20,6,26
43,-212,22,-40,3,-29
20,-232,34,5,5,9
-26,-296,-42,-11,4,22
-45,-284,-37,2,-30,7
31,-224,24,20,41,-5
46,-221,30,-39,6,27
-35,-277,-29,-42,-16,-27
-49,-273,-55,28,-8,17
9,-230,19,-0,-17,-13
45,-201,49,-6,-8,28
-18,-274,-16,-3,23,-33
-36,-290,-45,-11,-26,25
17,-233,34,1,-14,15
47,-204,46,15,11,-2
-11,-275,-6,8,-23,23
-42,-304,-43,3,6,-30
28,-239,-6,-9,16,-18
39,-195,50,14,-4,13
-0,-262,5,-15,44,3
-51,-306,-29,13,17,-16
-6,-243,3,-45,-23,-28
59,-208,58,8,10,-30
0,-262,-3,-10,14,9
-61,-299,-61,30,10,-11
-24,-251,-19,4,-30,15
50,-204,51,44,5,-29
21,-256,14,-2,13,-5
-35,-319,-40,-7,-2,-14
-13,-265,-10,-4,-18,27
24,-222,63,22,-28,15
8,-231,16,-24,-10,23
-68,-290,-43,-7,-8,12
2,-272,-11,-2,-1,30
62,-214,39,-19,36,-21
22,-231,15,-1,3,8
-35,-300,-58,-19,2,-6
-13,-286,-27,34,3,-9
33,-229,34,-14,-0,37
45,-207,23,4,6,5
-44,-291,-54,-19,16,-36
-46,-310,-38,-21,-15,16
15,-232,22,-2,-32,17
52,-226,41,-8,41,7
-39,-297,-27,14,10,-12
-40,-306,-30,14,-14,7
24,-231,42,-6,-13,41
38,-195,54,14,-27,-46
-39,-276,-17,-9,14,20
-22,-300,-48,16,15,9
23,-236,23,-38,19,27
34,-217,36,6,3,-22
-13,-275,-10,-9,-7,-18
-60,-309,-35,7,1,-3
18,-230,12,21,-20,0
46,-201,46,30,-18,15
-14,-284,-14,-16,30,30
-54,-298,-41,5,17,-4
-12,-242,-7,24,-7,-17
61,-193,54,-34,21,-13
-17,-267,-7,-1,-22,23
-51,-319,-58,-21,-15,-16
-15,-253,15,4,-30,5
34,-203,43,-10,7,30
10,-258,7,-16,-14,36
-39,-324,-45,8,23,-27
3,-260,-20,-3,-41,12
48,-203,47,-13,-6,8
7,-254,0,28,-12,-26
-56,-290,-35,4,-0,-2
-16,-271,-24,-15,-37,-31
36,-219,45,1,-9,-47
17,-234,14,-3,-5,-14
-30,-295,-41,8,-25,14
-13,-298,-15,-40,11,-4
43,-206,41,16,-20,11
23,-241,39,1,6,19
-45,-291,-40,6,3,-40
-35,-283,-30,-24,-0,-25
22,-229,46,17,-9,23
24,-204,51,-17,10,-8
-25,-302,-41,-25,-20,-10
-38,-289,-47,2,9,34
25,-238,24,-6,-24,13
55,-214,27,-19,-18,-10
-37,-278,-13,11,17,-7
-51,-290,-45,-19,22,2
26,-249,23,-0,32,-9
49,-211,50,6,-14,33
-35,-282,-15,-12,24,14
-45,-304,-34,-19,21,-17
23,-241,17,-31,14,-4
52,-216,55,3,-14,-14
-19,-268,-22,-8,13,22
-47,-310,-45,-33,-37,38
12,-239,-2,9,-22,8
48,-224,42,10,6,23
3,-264,-13,-20,22,-25
-55,-306,-27,59,-3,2
-4,-263,21,15,-9,5
54,-225,50,-10,-25,-6
1,-258,-0,-13,-8,4
-45,-300,-56,25,-6,19
-18,-280,2,22,16,11
43,-204,58,-26,-0,18
21,-265,11,-33,-13,20
-51,-305,-62,4,2,18
-26,-278,7,15,-9,-23
65,-208,24,-25,2,2
16,-226,19,7,9,-6
-55,-303,-40,15,-21,-17
-15,-267,-14,-37,22,-28
55,-220,49,-19,6,2
30,-225,32,-32,3,11
-52,-300,-44,11,-5,31
-4,-288,-7,-10,1,-25
51,-233,30,13,-9,-12
37,-215,29,-19,34,1
-30,-275,-38,-4,6,-15
-25,-310,-44,43,3,-17
29,-227,56,-34,27,17
26,-205,56,-31,2,-1
-56,-295,-28,19,16,-8
-44,-305,-44,10,0,18
14,-222,27,9,-10,12
43,-206,36,-11,11,2
-25,-269,-4,-11,-29,-18
-44,-306,-35,-34,17,30
31,-252,49,-6,-16,21
49,-210,42,-2,-23,28
-27,-258,-17,48,16,-12
-44,-299,-41,-10,42,-17
-2,-241,19,35,34,18
61,-224,55,7,20,-15
-13,-268,-28,-1,-2,22
-49,-311,-47,-0,-12,-32
-8,-256,4,-28,-0,-23
40,-219,40,6,-8,-9
-5,-273,7,34,-6,21
-66,-304,-62,25,-30,-37
-8,-268,-5,1,-7,-36
41,-212,46,-11,7,-15
28,-258,1,-8,-5,-13
-31,-308,-44,-0,-6,-1
-23,-270,-17,-36,27,-13
42,-206,40,6,19,-19
20,-260,-14,10,-1,2
-58,-294,-55,-8,-6,-26
-18,-265,-23,-19,-14,16
39,-215,61,18,-0,8
14,-232,13,40,2,-33
-36,-287,-35,32,15,-11
-18,-297,-48,2,-20,11
31,-232,43,-19,-3,11
40,-213,24,16,-0,6
-31,-284,-56,-26,-26,19
-38,-288,-46,5,-27,10
50,-211,17,-28,-23,14
20,-205,55,15,-18,8
-29,-287,-20,-12,-26,14
-42,-289,-32,-22,-10,11
31,-212,26,-9,-3,12
21,-226,30,-3,29,1
-15,-294,-38,28,-20,-16
-53,-310,-54,15,-3,17
24,-245,22,-38,7,-9
55,-223,50,-1,-24,-22
-27,-294,-5,-0,-41,20
-53,-308,-51,20,45,-17
14,-255,12,-42,-19,17
38,-199,25,-16,-24,-4
-13,-269,-19,28,-20,26
-57,-303,-73,-1,-28,-30
15,-244,2,-6,1,3
49,-200,50,8,-13,-8
-6,-256,-13,4,-7,12
-50,-322,-32,-9,-5,-5
-7,-246,-6,-45,13,10
59,-200,45,-20,5,-27
20,-240,-6,7,1,14
-61,-300,-17,-6,4,3
-19,-253,5,-6,-19,37
55,-216,56,-23,-11,15
11,-231,-3,38,8,15
-34,-295,-45,-11,-6,-10
-11,-253,-12,3,-11,22
44,-212,37,52,-3,-8
35,-234,28,-10,-42,-3
-48,-307,-45,-10,-1,5
-32,-275,-25,-20,11,-3
34,-203,64,26,10,-2
22,-235,33,-11,-9,8
-42,-299,-37,-2,-9,-40
-27,-291,-38,27,5,17
44,-226,41,-2,-0,20
21,-227,31,-9,39,-0
-29,-312,-57,-1,-16,-0
-45,-286,-46,34,40,15
40,-236,41,2,18,-22
55,-227,41,-18,-31,-9
-43,-281,-7,-7,30,5
-39,-310,-52,-14,19,23
36,-228,25,-25,11,10
40,-217,66,-7,-2,7
-24,-284,-9,-25,33,35
-36,-299,-42,-32,12,-18
30,-228,-0,29,-13,-4
38,-208,40,-1,40,-10
-4,-268,-14,-1,27,34
-31,-307,-44,-13,29,1
7,-233,-1,19,6,-17
45,-205,68,-2,19,2
6,-273,-5,-6,-16,14
-52,-302,-71,-16,-28,10
-6,-257,-2,-10,34,16
42,-219,50,34,27,-11
-14,-239,3,-7,11,20
-24,-293,-55,-21,-11,-1
12,-269,13,-4,17,-7
40,-229,34,-19,1,18
-3,-252,10,-47,-20,-18
-29,-298,-51,-9,-10,16
-1,-267,-17,-20,-9,-6
39,-224,56,-10,12,16
29,-254,29,24,0,24
-50,-305,-52,-2,-40,-30
-16,-261,-18,9,-14,33
32,-226,44,-10,-1,-22
29,-225,26,14,3,-2
-54,-279,-52,0,4,15
-20,-287,-44,14,-22,13
21,-226,46,4,9,41
36,-224,16,14,16,45
-39,-298,-30,3,15,4
-38,-270,-37,-5,25,2
32,-220,21,9,11,-2
42,-219,41,32,-20,-28
-27,-282,-33,-11,-6,-28
-42,-290,-46,-22,-20,-0
22,-232,21,29,-6,6
25,-223,42,-6,20,-42
-6,-300,-15,-15,0,21
-32,-299,-46,15,-25,10
31,-246,16,-12,4,-9
65,-201,35,-2,44,-18
-2,-262,-20,20,32,-8
-26,-319,-48,8,2,14
18,-238,8,21,7,28
32,-207,52,-16,19,31
-14,-274,-23,-15,32,21
-55,-304,-24,11,6,1
2,-259,-5,-24,-9,-11
55,-204,46,-46,-31,-30
-2,-275,-1,-30,-21,-25
-49,-323,-66,-40,-16,7
-5,-261,23,28,-10,-2
50,-206,67,-30,-24,27
15,-249,23,-5,6,-14
-50,-304,-31,1,-2,15
-7,-264,3,-30,9,40
53,-212,60,-19,-5,-23
14,-231,13,-20,-8,-18
-45,-316,-46,-8,7,5
-14,-273,-19,-5,23,11
50,-205,32,-22,-10,-23
2,-216,18,-31,19,-22
-40,-302,-35,-21,-5,-7
-27,-281,-24,-12,8,-5
34,-215,30,0,27,23
15,-221,31,-9,-10,23
-50,-289,-48,-32,15,-28
-25,-292,-30,-3,-24,2
30,-236,57,26,30,35
35,-233,28,-1,-2,4
-36,-287,-36,-9,-6,0
-50,-287,-31,34,-35,-54
8,-217,30,-10,0,6
32,-224,35,-20,27,41
-42,-280,-46,-13,0,-17
-37,-305,-26,-5,-4,6
36,-221,29,-9,12,20
36,-206,38,19,0,26
-7,-290,-18,-6,-23,-12
-32,-284,-58,16,5,-14
4,-237,-0,20,13,0
41,-198,40,25,-40,-10
-18,-270,-20,22,11,-17
-41,-286,-42,19,-14,8
15,-234,10,-18,14,-10
45,-195,37,14,-4,-26
12,-251,-7,-7,22,22
-45,-298,-60,19,2,1
2,-246,0,6,24,23
65,-208,46,5,33,8
18,-266,-2,-17,-14,-12
-56,-301,-44,-7,0,-2
4,-253,0,-10,-28,5
53,-193,40,-18,-32,-25
6,-238,8,0,28,22
-56,-322,-34,-5,-41,17
-26,-264,-22,3,19,-22
49,-203,30,23,20,30
30,-225,22,6,-2,23
-40,-305,-56,-19,-6,12
-37,-280,-45,-2,14,-7
32,-206,19,11,20,44
8,-228,6,-27,6,-5
-54,-297,-26,14,-10,33
-23,-278,-40,-31,1,-6
47,-207,51,-2,30,-37
21,-216,29,15,-9,-35
-33,-302,-34,-22,-16,13
-60,-294,-21,-25,46,20
34,-224,40,-2,-23,-0
33,-219,31,42,27,-21
-41,-291,-41,9,13,5
-50,-301,-50,-7,26,-1
22,-231,31,-45,20,-34
32,-220,29,18,3,-1
-34,-283,-30,11,-24,-15
-44,-305,-39,12,-18,-31
50,-234,25,3,-15,37
45,-218,50,-7,-25,-4
-15,-253,-23,8,3,-6
-56,-327,-46,5,-18,6
8,-239,10,-16,-8,37
45,-197,54,-1,5,3
-7,-275,-17,24,-5,-21
-58,-308,-42,-1,2,21
12,-258,9,-13,3,-26
54,-223,64,-13,12,8
10,-259,-13,0,-4,3
-65,-313,-55,14,26,-18
-15,-258,-19,-5,5,-53
40,-210,36,-24,-49,-16
-3,-262,-24,-36,-7,33
-45,-316,-45,2,11,-8
-11,-271,-18,8,-4,7
68,-212,55,-3,-21,-5
5,-237,28,-6,-22,-22
-65,-302,-50,-7,-16,-10
-6,-283,-23,-9,-2,-13
47,-216,31,-1,1,13
15,-232,15,2,-5,17
-52,-300,-41,-21,31,-3
-30,-292,-36,41,-9,1
39,-208,47,-22,-13,31
38,-218,29,15,0,-14
-32,-303,-51,3,-7,-18
-41,-301,-30,-9,-14,-14
31,-208,36,1,29,-24
30,-214,34,8,22,-16
-35,-278,-26,-35,4,17
-45,-323,-43,-12,-7,3
9,-231,19,-29,-21,46
40,-216,30,-12,-18,21
-27,-282,-27,-29,5,12
-33,-283,-39,30,-7,17
32,-227,21,-26,15,32
39,-214,44,7,1,29
-29,-273,-9,-27,-9,-2
-65,-307,-46,-13,2,-8
13,-224,15,-1,-19,-0
48,-224,39,-8,-17,-7
-12,-281,-16,18,-39,-13
-58,-293,-50,12,-6,35
-7,-251,8,-10,-2,-8
51,-200,50,-12,-2,6
-2,-263,8,-16,-7,17
-52,-316,-50,-5,-39,5
-8,-255,0,14,13,-28
53,-200,39,-20,17,23
9,-244,0,6,-23,52
-56,-324,-58,26,-18,22
-1,-263,-2,-17,27,8
52,-204,58,-18,9,-20
7,-252,15,-18,-13,-34
-51,-297,-38,-14,-3,-21
-17,-288,-7,-31,20,-8
37,-208,34,20,-9,-20
9,-224,13,2,9,-26
-40,-298,-44,-21,5,7
-32,-287,-16,-20,27,4
55,-226,35,13,-19,1
37,-237,29,-20,12,6
-32,-287,-41,-35,25,-5
-34,-297,-25,-9,5,4
36,-203,47,-11,4,-13
37,-228,11,24,13,22
-25,-300,-37,10,26,26
-51,-279,-31,20,50,15
30,-214,45,-33,-27,34
37,-243,37,14,-7,8
-20,-282,-44,27,16,-5
-38,-295,-27,-14,64,-19
17,-229,30,10,-20,-4
49,-222,33,-21,9,49
-24,-252,-22,27,-9,-5
-40,-313,-35,-15,29,0
22,-244,33,12,47,-1
50,-199,38,-7,5,24
-9,-260,-17,2,46,2
-45,-302,-48,24,-7,17
24,-247,13,-16,-25,18
44,-198,61,48,14,5
-17,-265,-24,-9,-7,42
-63,-299,-54,-11,19,34
13,-262,2,-10,-2,-5
50,-201,34,-3,-31,25
7,-256,-4,0,-3,-30
-34,-298,-55,-3,3,-5
4,-261,-4,10,34,-33
57,-213,59,14,0,18
18,-251,5,-16,23,-14
-40,-295,-41,6,-1,-8
2,-250,-8,-48,-14,-9
63,-205,48,-4,-20,-7
25,-230,20,1,10,41
-38,-311,-47,19,-8,-8
-16,-283,-27,49,-39,-5
30,-214,48,-21,6,42
28,-223,37,23,41,-21
-47,-305,-54,-5,6,1
-46,-292,-17,20,5,-13
36,-207,50,-16,-27,-23
32,-212,23,-3,14,-26
-66,-287,-53,17,0,-50
-20,-289,-49,8,27,31
35,-226,10,-4,-0,-19
48,-210,32,-4,-5,7
-37,-274,-33,-5,-0,41
-38,-284,-35,-47,45,-14
40,-229,14,25,-1,-19
52,-230,23,-5,-46,4
-28,-284,-35,7,1,-4
-66,-283,-55,-5,34,6
21,-245,31,9,-31,-9
30,-203,41,-6,-2,-6
-8,-269,-25,-9,-25,-6
-51,-314,-52,6,-11,-2
1,-223,7,42,2,19
50,-213,38,2,-32,-8
10,-269,-2,23,-4,-21
-51,-302,-66,-13,-17,11
7,-254,20,-28,33,-11
55,-216,41,-4,-19,16
5,-258,-23,5,-6,20
-34,-307,-38,24,-33,29
12,-271,1,26,-19,24
38,-201,55,8,-21,-1
7,-236,-4,2,-39,-7
-45,-294,-69,-8,13,-28
-9,-260,-7,-37,19,9
42,-206,41,12,2,-4
10,-259,13,13,23,5
-36,-287,-57,-6,13,19
-6,-282,1,27,-13,13
42,-226,37,3,-7,27
16,-252,13,11,-11,14
-43,-292,-50,-31,0,15
-35,-283,-36,1,6,-25
57,-215,55,16,14,-26
6,-233,25,15,16,-13
-37,-288,-35,-13,-14,-3
-13,-281,-26,25,9,18
28,-228,54,-21,-27,11
38,-187,46,-19,48,-4
-27,-296,-40,-19,-3,-3
-32,-303,-44,-2,25,-1
30,-233,32,-2,16,12
49,-227,56,7,28,12
-27,-271,-22,45,-37,23
-44,-288,-64,-8,14,-61
19,-213,16,-1,-1,-16
29,-210,39,-28,11,-9
-25,-278,-31,-4,14,9
-42,-310,-63,-4,21,-16
27,-250,17,3,-10,14
49,-209,47,13,26,-8
2,-261,-29,1,27,36
-55,-314,-62,12,-14,-26
11,-239,8,22,6,-4
34,-209,35,-20,-30,-1
-16,-245,-22,-24,13,31
-55,-314,-41,-41,-29,3
-4,-256,-1,32,-20,7
45,-233,61,10,8,-33
2,-265,-10,-21,8,31
-60,-310,-45,26,-5,-13
-7,-249,6,1,32,1
39,-202,46,14,20,29
8,-237,3,-25,7,-1
-37,-319,-40,30,39,-5
-7,-250,-16,15,-9,11
54,-220,54,2,-17,-11
16,-230,12,9,-0,19
-42,-298,-31,-26,-14,8
-18,-277,-11,24,-12,-10
45,-207,45,-17,-4,23
38,-223,8,-11,-0,-27
-51,-298,-23,31,1,-40
-37,-283,-43,-14,-2,-8
49,-216,53,9,-7,-1
48,-197,28,4,-2,-13
-26,-295,-31,-7,16,2
-41,-284,-43,-14,-28,-46
45,-210,19,25,-1,-8
33,-221,31,-2,15,-26
-37,-289,-45,-2,11,-12
-41,-307,-24,-18,-11,-17
35,-223,26,-20,4,16
44,-197,30,-3,-4,-4
-11,-280,-32,-16,-3,-29
-36,-311,-65,-28,-1,-5
12,-248,23,-3,-15,15
53,-213,45,12,9,26
-14,-277,-6,12,-16,-7
-61,-313,-55,21,57,-24
13,-245,13,41,9,-3
37,-217,43,10,15,-15
3,-281,-26,13,-28,3
-56,-305,-55,14,-26,29
16,-261,15,40,27,-23
57,-211,55,-28,-2,27
7,-247,4,24,-9,3
-55,-310,-54,28,-8,-0
-11,-244,5,-24,-31,-23
54,-229,54,10,-18,9
8,-254,2,-24,-19,-60
-55,-298,-51,-44,7,35
5,-263,6,-3,-12,8
59,-212,49,-32,-9,-24
9,-251,16,-5,13,-4
-33,-297,-41,-45,16,14
-9,-272,-6,2,-8,-5
38,-214,66,36,15,-12
23,-229,13,15,8,-15
-58,-321,-57,-10,12,16
-14,-289,-32,46,-23,33
35,-205,34,13,5,-33
38,-239,44,22,16,-0
-54,-287,-40,-29,26,-23
-47,-271,-35,8,-2,-3
51,-210,30,6,15,21
32,-219,43,17,1,11
-49,-304,-45,18,13,-53
-50,-289,-46,-12,-6,-14
20,-234,43,-23,-30,-0
63,-213,46,40,-18,4
-36,-272,-43,45,7,-22
-48,-295,-42,-14,6,8
29,-220,31,15,18,-4
37,-211,43,43,8,-28
-18,-269,-21,-38,-26,-20
-42,-289,-51,16,-37,29
28,-241,6,29,-9,6
67,-212,48,8,-32,5
-20,-271,-9,5,-12,-17
-71,-294,-53,17,-14,-20
11,-255,10,-20,-29,-33
48,-217,54,12,-10,-50
-2,-256,12,2,-8,-17
-40,-314,-29,27,-10,20
1,-241,2,-18,21,-2
54,-215,45,-11,-20,-8
-2,-232,15,-12,4,17
-44,-310,-49,-38,24,-18
-7,-268,-21,5,37,-7
38,-205,67,-25,31,-28
12,-246,6,1,-22,-26
-44,-293,-37,-13,-7,9
-19,-247,-21,-2,-13,3
50,-213,63,-1,-20,-4
12,-225,19,-17,4,-21
-65,-306,-46,4,-28,-1
-12,-278,-35,2,-2,30
58,-220,36,-17,17,16
31,-216,37,7,0,5
-35,-307,-44,-34,10,-14
-30,-279,-26,-19,-12,4
35,-201,53,-7,-5,-13
37,-239,38,18,62,13
-45,-297,-38,4,20,-31
-44,-282,-43,-39,-14,-18
33,-226,41,27,-26,-2
25,-236,26,12,19,19
-41,-281,-31,26,-10,3
-41,-295,-44,11,-18,-37
14,-210,39,-4,-20,-4
40,-216,52,-14,-16,-21
-27,-295,-6,-18,-15,8
-62,-292,-42,-0,-19,3
27,-208,7,6,18,-10
49,-206,53,19,8,26
-17,-269,0,23,-5,35
-62,-308,-51,27,-11,10
4,-256,24,15,-5,-1
32,-196,50,-13,23,-6
15,-281,-19,15,-19,-8
-44,-297,-48,-3,19,-42
-4,-248,2,8,-8,32
45,-203,49,-10,-19,17
9,-253,-20,15,-17,-12
-47,-315,-40,21,44,24
9,-254,-2,-4,-24,-8
52,-204,47,29,-22,5
9,-228,14,11,18,8
-54,-305,-40,-14,27,16
-17,-272,-5,-6,20,39
28,-209,56,-5,-58,-8
4,-247,26,-11,-46,5
-66,-301,-48,38,-2,-9
-13,-289,-33,6,15,22
53,-206,30,-8,27,-3
35,-237,21,-2,17,50
-54,-307,-39,16,2,22
-38,-277,-39,22,-24,19
31,-207,33,-12,13,1
41,-224,40,-19,-3,19
-30,-297,-44,-9,-1,-23
-49,-286,-34,-24,3,9
36,-216,37,48,-8,7
24,-188,52,33,-28,-55
-34,-287,-52,28,1,41
-39,-287,-51,32,9,27
30,-207,35,16,-21,-12
28,-206,46,3,7,-19
-20,-281,-17,7,4,13
-33,-294,-26,-25,5,-24
22,-234,22,23,-6,4
61,-222,46,10,-9,4
-28,-273,-29,-10,15,-38
-44,-290,-41,5,-10,36
6,-234,19,30,18,9
52,-199,28,-30,11,-22
-17,-267,-16,48,24,-0
-63,-308,-55,17,-40,5
2,-249,20,-5,16,-12
55,-217,54,-6,-19,9
-11,-258,-6,-30,20,28
-49,-304,-52,15,26,26
4,-238,10,20,-39,-12
46,-199,48,-23,-14,-6
-0,-246,-11,9,-25,9
-39,-329,-42,14,14,-17
-17,-265,-22,15,-14,-40
50,-209,53,1,-6,-24
22,-267,2,3,-34,-31
-55,-306,-59,-19,-2,10
-20,-263,-25,12,15,27
42,-212,49,24,-18,51
11,-219,26,5,6,23
-45,-302,-42,-39,-18,-2
-23,-293,-24,34,-4,4
48,-201,33,13,6,-17
21,-251,28,18,25,-6
-45,-278,-53,-10,6,-29
-18,-284,-27,-14,-1,12
21,-203,44,-11,5,4
40,-218,25,-36,-10,30
-22,-294,-34,2,20,-21
-32,-281,-24,35,16,-27
47,-228,24,4,-8,-1
58,-217,25,15,-5,3
-40,-294,-36,-1,-19,-16
-43,-299,-33,9,-18,-5
31,-231,14,10,14,16
36,-210,47,15,-33,-5
-33,-262,-28,15,2,6
-52,-292,-59,-5,-4,48
26,-237,38,-8,22,-10
49,-199,53,17,-39,11
-10,-261,-22,12,-43,1
-61,-300,-16,-29,-30,-23
4,-243,-2,4,-2,-20
46,-209,55,20,-2,-40
-0,-275,-16,-29,-27,5
-45,-322,-58,-26,18,36
-8,-268,5,-50,6,-23
51,-195,49,24,28,14
-11,-267,1,2,-14,26
-46,-293,-52,23,9,-45
-11,-287,3,-8,-43,-1
48,-205,39,24,-27,-12
-4,-248,26,-15,2,4
-55,-302,-41,15,19,16
-17,-266,-6,-3,37,6
39,-192,37,0,9,3
23,-236,14,6,2,-20
-62,-286,-34,1,27,21
-19,-300,-25,-3,-9,14
56,-220,39,-19,7,-10
17,-230,21,22,6,32
-59,-290,-37,-31,-5,21
-20,-274,-31,40,-26,-12
51,-210,49,-11,29,-15
14,-231,30,-20,49,-9
-30,-281,-48,11,49,20
-31,-306,-39,-12,-7,-12
40,-242,40,-6,-9,-1
49,-225,19,16,19,41
-35,-301,-50,16,14,21
-29,-301,-38,-2,5,-11
34,-249,26,15,22,19
39,-211,43,23,6,9
-9,-283,-27,-9,5,-3
-58,-309,-63,-25,-45,-22
23,-232,15,-13,-23,13
29,-225,40,-38,-2,2
-28,-286,-18,-1,5,33
-45,-311,-46,-23,4,-7
6,-229,27,2,-42,53
48,-231,42,-26,-12,-21
17,-273,-13,-1,-1,34
-44,-298,-41,18,-9,-19
24,-235,8,15,-14,66
53,-205,56,11,7,-11
-5,-251,1,1,21,6
-65,-319,-59,13,4,-14
4,-252,-14,-8,14,-18
48,-207,65,2,-14,5
12,-256,0,-4,-16,5
-46,-307,-57,-3,-38,-17
-4,-266,-1,-24,7,-16
53,-188,34,-9,-25,-2
11,-245,7,4,16,-6
-61,-302,-45,22,6,55
-5,-276,-9,-41,-40,15
44,-209,25,32,-23,15
29,-236,21,11,28,-43
-51,-301,-34,19,-34,-43
-9,-277,-14,-4,27,28
48,-216,47,6,-21,6
16,-239,16,3,-25,-31
-40,-290,-49,50,-24,15
-25,-288,-27,-33,-20,-19
34,-229,41,8,-31,12
37,-216,53,20,-17,-18
-22,-312,-26,21,-3,-5
-31,-298,-32,23,-28,-2
36,-224,5,26,-7,9
21,-217,30,-31,-5,11
-27,-284,-45,-30,-19,-3
-52,-290,-44,-3,-1,1
-0,-230,40,23,-12,22
50,-207,47,-21,31,13
-33,-270,-11,9,17,18
-63,-313,-38,9,-2,-10
22,-247,6,16,-0,14
60,-209,33,-13,-2,-14
-22,-282,-21,18,-4,20
-54,-306,-52,-24,-6,-8
16,-239,-5,17,-3,-2
60,-194,40,-8,12,-9
1,-285,-5,-24,-3,5
-42,-319,-52,-3,-11,-17
-20,-240,-3,11,39,15
50,-204,29,-1,15,8
-17,-265,13,28,-17,-36
-50,-306,-55,2,-30,8
-8,-255,5,-9,-1,19
65,-212,60,7,-9,2
26,-266,-7,3,0,31
-51,-293,-49,2,-14,-2
-14,-280,-18,52,6,4
48,-229,57,-9,-16,-7
37,-247,25,6,-6,-22
-41,-297,-52,17,-36,15
-23,-270,-15,-7,12,41
46,-226,46,12,-14,-39
3,-245,17,-10,-28,-32
-49,-305,-41,-28,-17,-14
-27,-285,-33,-22,-29,-22
40,-199,37,8,-13,-26
33,-236,38,-11,20,17
-22,-310,-40,7,12,-37
-38,-309,-33,-13,-14,-13
40,-214,51,47,1,-9
39,-205,34,18,31,2
-37,-299,-10,-10,5,-17
-31,-298,-44,13,-37,-4
47,-221,22,-31,-1,10
45,-221,35,12,-17,-16
-2,-290,-40,-12,-39,-8
-36,-283,-33,-5,-16,9
22,-235,20,13,-13,17
59,-209,35,0,-44,-25
-21,-268,-31,15,5,-14
-47,-300,-54,6,4,12
7,-238,14,-3,25,-18
41,-225,56,12,2,-9
-15,-271,-0,44,-7,-25
-54,-318,-47,17,-17,-11
-0,-258,12,2,21,20
32,-206,52,5,27,-26
-8,-247,8,32,-4,-1
-54,-302,-37,-12,27,-17
4,-259,-2,-28,-22,-19
36,-210,50,-25,10,4
17,-251,20,-15,33,-38
-55,-323,-62,5,16,-35
-4,-261,1,26,13,-22
41,-203,56,-18,9,32
12,-231,17,4,-12,-2
-57,-300,-48,-21,5,-9
-18,-282,-23,-33,-29,-26
38,-227,45,6,-27,24
11,-238,16,-16,-35,-6
-36,-302,-51,-33,6,7
1,-278,-16,17,13,-6
32,-213,27,7,-13,-18
36,-230,23,-14,-1,-9
-34,-308,-49,5,-28,14
-39,-287,-28,7,21,17
42,-229,42,-10,-26,-23
47,-213,20,16,-18,-34
-29,-281,-50,25,-29,26
-19,-306,-43,-12,-19,-2
6,-218,46,25,-3,-17
28,-225,44,-17,-4,-1
-35,-280,-11,-2,18,-24
-45,-276,-35,-21,-13,-20
28,-241,25,-5,56,31
32,-210,48,-26,-8,-39
-22,-272,-15,1,-4,-9
-37,-288,-47,-22,3,39
42,-233,21,12,2,17
35,-202,44,-14,43,-8
-17,-278,-8,5,4,13
-45,-288,-40,14,16,-11
22,-244,-6,5,26,2
48,-211,47,1,-0,13
-15,-269,3,-38,0,-11
-50,-319,-62,20,1,8
-2,-269,8,-9,7,19
30,-217,52,-1,1,-25
5,-238,22,8,-12,13
-46,-305,-34,-24,-28,46
-12,-254,2,-23,1,-19
50,-209,50,5,3,9
10,-247,21,-1,18,-23
-42,-300,-49,-22,-15,14
-26,-255,-13,16,-50,-36
44,-196,51,11,41,-30
13,-238,17,33,-54,51
-37,-297,-59,14,-7,30
-1,-272,-10,7,-18,-2
52,-230,49,-14,-12,-21
21,-212,5,19,20,-2
-34,-304,-51,-14,8,-21
-10,-282,-20,-7,-13,4
44,-220,44,-0,7,12
40,-231,18,-9,28,-25
-35,-309,-32,8,31,-7
-47,-285,-24,45,-1,-5
43,-234,43,24,13,32
31,-219,42,7,-51,-8
-16,-300,-36,15,13,-1
-28,-309,-37,11,-24,-6
26,-208,25,-9,35,26
35,-207,48,-9,24,40
-28,-282,-28,-3,25,-27
-27,-305,-35,-27,-14,-1
18,-237,13,-10,17,-5
34,-203,42,10,-21,25
-35,-283,-37,-13,-26,-15
-46,-286,-54,7,12,-18
11,-237,16,27,-9,-16
46,-210,41,16,-18,22
-39,-270,-17,14,38,14
-71,-313,-38,-21,31,-53
-12,-252,-6,5,-8,-37
41,-203,27,-10,35,-6
2,-251,10,15,28,-3
-49,-295,-59,-6,31,-9
0,-274,-14,22,-3,-3
52,-201,45,29,-3,-9
-11,-249,16,-14,35,12
-47,-301,-43,26,2,5
-27,-267,-11,2,-1,-13
48,-211,50,-41,-11,-19
13,-237,23,-10,6,-4
-48,-316,-28,35,17,23
-26,-281,-16,-1,9,15
47,-231,49,-2,-1,-2
15,-228,18,16,-2,20
-36,-309,-23,-31,0,-18
-17,-284,-30,13,12,-24
37,-220,50,36,-4,-19
16,-220,11,43,-19,30
-59,-272,-36,23,-11,-18
-28,-290,-19,-5,-6,11
33,-202,35,9,-39,-34
26,-221,41,-51,-17,-18
-39,-282,-30,-2,-12,33
-62,-305,-58,26,12,10
26,-232,40,43,-3,20
46,-209,39,-9,7,20
-29,-274,-31,-23,2,-21
-48,-314,-56,-26,10,19
43,-223,14,-25,-25,-26
41,-228,60,-9,-2,20
-13,-271,-28,3,-25,-17
-53,-293,-53,15,42,15
15,-236,25,-4,-4,5
52,-209,49,-23,-4,-16
-12,-283,1,-9,-2,-8
-61,-309,-46,-0,-10,-12
-2,-263,15,-2,10,20
44,-210,55,19,5,-15
-3,-266,-11,-36,-9,10
-50,-287,-60,-13,36,39
-0,-246,-7,9,-6,36
53,-199,53,0,-24,36
4,-254,6,8,-5,-38
-43,-299,-48,5,-6,-25
-5,-293,-13,15,2,-2
42,-221,40,11,1,-17
9,-246,19,-34,-37,-1
-39,-309,-48,3,-6,18
-10,-268,-17,-52,-13,35
49,-198,41,-9,-18,-6
5,-230,21,-33,-33,-11
-35,-306,-39,3,-27,15
-43,-289,-26,11,16,-18
46,-221,61,-32,9,45
34,-229,41,3,-14,18
-40,-317,-34,-31,-32,8
-37,-271,-14,9,-18,-7
35,-218,56,39,-9,12
23,-209,40,3,27,-12
-48,-279,-23,-47,5,-4
-46,-288,-40,10,16,40
37,-229,37,-5,11,-52
35,-206,25,0,13,-9
-19,-280,-19,-25,16,-2
-19,-309,-45,-18,10,-2
31,-235,32,-20,34,6
41,-211,47,-5,-17,0
-34,-268,-16,26,10,-21
-45,-285,-35,-14,7,-30
22,-253,17,-13,-19,17
32,-190,50,8,-9,18
-26,-283,-29,-10,5,1
-48,-286,-60,0,8,-29
5,-238,13,-19,4,-10
34,-216,41,10,23,-12
-13,-269,15,9,14,-21
-54,-306,-46,2,-19,-14
1,-254,-8,15,-24,23
42,-194,42,-23,-22,23
7,-252,7,-3,-4,16
-54,-300,-46,-9,13,-31
-1,-272,-1,2,16,-14
40,-210,59,-5,-14,-2
10,-249,25,-4,-11,32
-60,-306,-53,-24,13,-5
1,-280,-18,-10,12,-13
36,-193,52,-8,-13,-16
12,-230,-2,30,-46,-26
-68,-305,-54,30,-4,-14
-15,-287,-40,27,3,-11
65,-215,53,-17,-2,-0
-2,-238,28,26,-32,-3
-23,-293,-56,26,5,34
-22,-264,-29,5,3,-19
22,-228,38,17,8,-36
27,-221,27,15,-12,-9
-46,-287,-41,8,-2,-1
-13,-297,-40,2,5,30
40,-214,26,17,-3,22
39,-224,28,-50,-25,-35
-34,-286,-33,4,-8,36
-44,-280,-55,15,35,7
32,-224,25,-9,2,10
68,-212,48,-15,36,16
-43,-285,-24,2,13,32
-42,-294,-48,-43,9,-40
29,-228,28,-16,-2,7
46,-216,64,11,-10,6
-31,-279,-7,-23,7,12
-59,-298,-54,-3,14,43
23,-234,11,24,2,7
39,-201,52,-3,-46,-24
-17,-267,5,55,-8,15
-35,-317,-51,-2,10,18
3,-238,7,23,-20,8
40,-213,27,-15,2,12
7,-278,-6,-2,4,-5
-53,-316,-44,-6,-41,-21
4,-261,10,29,-14,-13
50,-211,57,-0,18,8
-8,-242,-0,-18,-14,-3
-50,-302,-37,31,-18,16
-23,-278,-2,-16,6,-8
40,-201,38,25,-4,-58
12,-224,10,-14,-32,31
-59,-312,-39,-1,-18,-20
-13,-284,-9,8,7,25
47,-203,49,7,9,24
13,-246,25,26,-20,2
-34,-288,-40,-20,7,-26
-11,-285,-31,12,-51,-41
38,-224,58,9,-7,-8
4,-239,31,12,-11,11
-35,-300,-61,23,18,4
-27,-281,-31,-52,-1,-11
39,-221,29,2,12,-2
39,-211,27,-2,1,21
-40,-298,-42,-1,-8,27
-50,-294,-49,29,-67,22
29,-226,33,-23,18,-13
60,-212,31,3,14,26
-36,-296,-26,13,-27,-7
-30,-307,-46,16,-12,-9
28,-232,17,9,22,6
62,-199,59,16,7,-17
-25,-285,-1,10,-25,-8
-29,-301,-42,17,38,26
40,-222,20,1,-9,-45
44,-206,45,-16,18,-3
-16,-293,-16,15,-3,1
-40,-337,-64,5,-33,0
1,-244,-2,10,1,1
50,-216,53,21,35,14
-4,-263,-2,-14,-13,-15
-53,-305,-50,-4,11,-5
9,-258,4,33,10,13
47,-194,69,18,16,-8
-8,-266,-2,-16,-5,-6
-50,-305,-49,0,-8,-1
-18,-265,-14,-3,5,22
47,-207,42,18,-10,-13
-5,-246,4,-2,0,3
-45,-296,-45,30,45,5
-9,-255,-30,-19,37,-54
35,-204,65,10,23,-41
10,-240,20,1,-12,2
-28,-292,-44,9,-28,34
-14,-274,-31,-4,-20,16
30,-204,41,-17,2,-13
12,-219,17,3,4,19
-40,-309,-29,22,-11,34
-29,-280,-22,20,14,-6
45,-224,36,14,28,11
13,-210,24,22,31,18
-42,-302,-46,24,13,14
-48,-297,-52,-21,-23,8
21,-200,46,17,0,0
36,-227,33,-22,-17,12
-30,-292,-17,-2,15,4
-54,-303,-36,-10,-2,13
29,-225,21,9,10,5
42,-215,35,-28,14,20
-19,-270,-28,12,-17,-6
-55,-298,-41,-2,-35,-14
28,-229,25,3,-25,-17
50,-209,35,24,-1,6
-31,-285,-21,39,3,-5
-62,-293,-62,-23,19,16
14,-246,13,-13,-64,-22
65,-219,47,8,21,15
0,-270,6,0,-7,20
-52,-273,-55,-31,28,17
9,-250,11,0,-22,-25
45,-212,49,-35,-17,-4
-15,-256,12,-13,13,25
-58,-309,-38,21,-1,-3
22,-258,13,27,16,7
55,-194,47,46,5,-28
-4,-244,-3,16,4,-18
-52,-309,-59,18,11,-26
9,-273,-16,-27,5,-0
59,-192,50,0,-13,20
17,-248,18,-39,16,-11
-56,-309,-45,23,17,4
-29,-268,-8,-11,15,7
29,-211,39,3,-10,4
18,-226,28,5,-3,-41
-46,-308,-44,3,-1,-20
-15,-278,-39,15,9,10
55,-218,33,27,54,1
39,-249,21,-6,5,-9
-24,-278,-49,17,38,-23
-54,-300,-42,-20,2,-30
45,-222,33,-12,1,1
34,-222,40,-4,-18,36
-56,-306,-44,2,40,-1
-37,-308,-39,-16,18,8
29,-213,30,-18,3,-14
41,-210,50,17,15,-24
-31,-286,-42,-20,-23,-27
-50,-301,-34,-43,-23,-5
23,-239,17,-15,-38,20
52,-208,52,-12,-8,10
-30,-269,-15,-11,2,-8
-42,-295,-36,23,2,-16
4,-232,34,-38,1,-28
48,-205,31,-10,-5,-34
-18,-272,-7,-1,16,-25
-42,-312,-50,-9,-3,6
8,-237,3,7,-2,-2
53,-208,48,-15,15,-21
-5,-268,1,-7,8,26
-44,-302,-56,5,12,-8
10,-241,-10,-12,-0,-21
38,-202,66,-17,26,-8
25,-266,-3,45,9,13
-46,-322,-37,-23,26,2
-7,-275,-1,-8,-8,33
42,-223,27,-1,-28,3
17,-249,19,-41,-28,-4
-57,-315,-54,-27,-6,-5
-15,-257,-20,36,-9,26
41,-200,57,6,8,-9
15,-229,13,4,-2,-1
-42,-295,-26,30,26,5
-10,-279,-20,37,49,-17
42,-217,36,-31,-19,-11
34,-230,18,-44,-18,37
-48,-285,-56,-13,-1,19
-25,-265,-34,3,-21,-4
48,-222,25,-7,-19,-14
24,-220,21,-13,-0,-4
-40,-273,-30,29,6,4
-54,-291,-36,7,-5,19
54,-216,27,30,-9,8
46,-218,28,-8,17,-27
-27,-284,-15,12,-34,-8
-47,-306,-51,16,-33,26
8,-217,33,-17,-1,4
46,-219,33,-10,5,-7
-36,-274,-27,1,-10,13
-56,-298,-36,8,6,3
30,-236,9,-2,23,-2
60,-212,61,60,17,-25
-20,-257,-19,-12,9,24
-43,-306,-47,-13,18,7
20,-229,18,16,-40,-16
53,-208,60,14,12,6
-5,-264,10,12,27,-16
-46,-321,-66,-11,-25,48
2,-246,15,-5,-1,-23
52,-208,45,-8,-12,-9
12,-254,4,33,3,22
-51,-307,-66,-3,-10,4
-16,-262,13,-1,21,-4
40,-201,41,6,-29,-12
-3,-241,5,-0,-28,7
-41,-304,-40,9,-25,6
-7,-276,-8,8,15,-13
43,-219,33,-5,35,-29
-2,-228,2,14,-42,-7
-31,-323,-39,-25,-15,-13
8,-277,-8,2,30,31
58,-210,46,22,21,-30
24,-224,16,30,28,-33
-35,-295,-19,10,12,-8
-21,-293,-22,8,2,11
59,-221,34,1,-11,27
31,-233,24,9,14,-3
-42,-282,-51,9,-2,31
-37,-294,-41,-7,6,19
18,-236,43,20,-19,12
41,-215,44,4,-0,1
-25,-272,-50,-11,13,-4
-37,-298,-47,16,-36,36
38,-233,32,-11,28,25
33,-221,37,50,-2,-37
-31,-284,-28,-26,20,-41
-46,-287,-29,-3,-40,18
2,-240,13,3,12,3
37,-199,35,-13,20,19
-2,-287,-7,11,7,-27
-37,-310,-52,34,-21,1
18,-236,9,28,-27,12
52,-199,50,2,0,-3
-9,-277,-38,-12,-28,-5
-38,-304,-43,-27,21,-8
5,-236,12,16,14,9
35,-208,31,3,15,34
-2,-248,-17,-10,4,0
-40,-287,-69,-19,-16,17
-9,-258,0,-8,0,-4
38,-206,55,-24,26,17
8,-233,5,-1,21,0
-58,-315,-39,5,-18,-9
-4,-258,-33,0,-7,-25
42,-208,39,9,6,-52
28,-261,23,-4,-37,0
-52,-299,-57,-15,52,-21
-20,-262,-21,-19,-9,25
42,-206,44,-18,-35,-12
1,-240,27,25,3,-17
-25,-310,-48,-36,-3,-0
-44,-301,-26,21,6,-6
61,-210,48,27,18,-1
32,-240,25,-25,-17,-10
-42,-307,-35,2,-28,20
-21,-279,-31,-25,12,-8
44,-212,25,-14,-15,4
23,-233,44,-28,-60,20
-33,-293,-44,-40,-35,17
-48,-301,-40,17,-27,-7
40,-218,21,-39,-10,-9
43,-219,44,-3,18,36
-37,-275,-20,-4,-2,-9
-45,-296,-48,16,15,-21
12,-243,13,-19,-15,-18
39,-210,53,7,-7,-45
-17,-283,-16,10,10,3
-57,-294,-45,33,-35,20
14,-243,20,1,20,-3
47,-219,55,17,8,37
-36,-281,-15,4,24,-5
-66,-307,-47,58,-22,-8
6,-257,1,20,27,-0
43,-203,45,-28,-35,-11
6,-264,6,20,22,-6
-48,-308,-55,22,-9,9
-8,-238,2,14,-40,37
54,-198,50,-28,40,-0
-8,-242,5,9,-9,23
-34,-292,-59,18,-7,9
-17,-277,-8,11,-19,22
44,-217,57,-4,19,30
25,-242,-6,-13,51,-18
-42,-289,-50,2,-12,-2
-19,-267,-28,-36,-19,-33
42,-210,56,30,-12,24
8,-239,25,-5,4,8
-35,-309,-55,30,-7,-21
-16,-261,-22,-20,41,47
42,-205,51,20,4,9
31,-225,21,-4,3,2
-33,-282,-50,15,5,-35
-41,-291,-16,5,-18,-3
37,-201,53,15,-12,-3
30,-231,38,3,23,2
-38,-284,-27,-25,8,-20
-31,-286,-21,-28,-6,-15
33,-215,21,-25,18,-26
56,-233,53,-26,13,-6
-38,-279,-37,-20,-12,4
-34,-309,-32,-10,-13,-1
22,-220,35,7,14,13
42,-208,17,26,3,21
-36,-302,-20,47,0,-23
-49,-306,-41,-19,34,-4
24,-227,7,-12,33,-8
50,-195,54,23,-24,-4
-28,-266,-20,11,2,21
-54,-298,-38,-1,23,20
2,-240,17,9,-43,-6
40,-223,47,-4,-31,-13
-1,-270,2,17,-6,-24
-49,-290,-54,-40,16,-12
1,-262,13,-17,5,11
63,-190,36,-14,-6,15
-9,-253,-8,-37,-11,-36
-37,-316,-64,42,10,0
17,-254,-3,26,-22,1
34,-214,36,0,15,-43
2,-240,2,28,-2,-4
-64,-301,-55,8,21,-12
-16,-276,-14,20,-25,-51
49,-214,52,-36,-10,0
19,-236,24,-1,15,-22
-34,-288,-41,3,-6,-2
-1,-291,-6,-16,13,19
32,-210,52,5,-14,-20
20,-226,18,18,22,7
-30,-301,-55,-15,31,-37
-35,-287,-13,25,5,-49
57,-218,30,-13,-1,2
24,-226,14,-10,17,38
-45,-301,-45,5,-26,7
-20,-277,-17,-28,-8,-21
39,-201,26,21,-20,6
29,-231,31,21,2,6
-41,-303,-34,-17,-45,10
-31,-288,-36,-26,26,3
32,-231,31,36,2,16
26,-218,45,6,12,-26
-25,-310,-28,4,-17,-5
-40,-294,-26,17,-7,-9
33,-233,34,4,8,16
62,-228,49,-38,-31,-8
-17,-274,-24,-4,12,-4
-62,-287,-47,16,-8,-4
-6,-246,20,27,-13,-1
31,-211,45,33,10,26
-12,-271,-2,18,22,-30
-40,-300,-40,-1,12,8
12,-238,3,3,43,26
44,-204,38,-28,26,-5
-14,-263,-18,0,-23,8
-56,-309,-61,-17,-14,22
-0,-262,19,16,0,-8
31,-195,41,23,14,11
8,-236,-7,23,-24,-19
-61,-316,-68,-26,-0,7
-5,-269,25,-13,3,8
64,-208,60,5,-7,-6
15,-254,-10,11,-19,-9
-40,-300,-47,-2,2,-5
-10,-273,-16,21,49,5
49,-209,52,-7,1,7
31,-235,18,-30,-5,18
-55,-305,-44,21,4,-14
-44,-260,-25,14,26,20
44,-230,31,-23,13,22
20,-227,14,-20,-17,-22
-47,-280,-27,3,-20,17
-21,-276,-29,-35,-11,-16
46,-206,46,-17,-18,33
24,-206,35,13,-6,15
-23,-295,-44,22,-21,-17
-41,-307,-21,-2,-33,20
19,-214,39,-7,-5,-40
31,-231,35,4,60,11
-53,-315,-37,24,14,74
-33,-286,-35,-24,-25,-7
36,-217,24,-41,-11,-31
53,-204,34,3,-4,45
-36,-279,-26,16,-3,15
-33,-315,-50,-36,-4,-36
7,-248,-8,1,5,-2
21,-214,70,2,-17,5
-22,-277,-17,10,-25,14
-37,-301,-36,35,7,-1
5,-238,-0,25,1,20
55,-212,54,7,16,38
-10,-266,-3,-3,1,8
-55,-308,-57,-34,27,-9
3,-260,-0,17,-42,-1
50,-203,28,7,-18,-2
-18,-245,-9,-41,-27,-12
-59,-310,-60,-1,1,-48
-7,-253,3,-5,-2,18
55,-197,64,-16,-7,-6
5,-255,4,-13,16,17
-58,-287,-47,4,-19,-1
-14,-262,-17,-19,-13,32
72,-214,50,-3,33,-31
14,-235,22,-15,1,21
-45,-294,-48,22,27,21
-27,-265,-16,22,-17,-10
30,-222,34,-27,5,-42
24,-228,25,11,-17,-11
-32,-299,-52,18,25,-11
-20,-282,-29,21,9,-0
33,-214,38,20,14,-29
20,-226,42,5,-21,-3
-34,-295,-31,-6,-14,-11
-46,-274,-32,-16,34,39
41,-214,22,32,15,26
38,-226,45,65,3,-4
-25,-285,-21,1,-2,10
-33,-311,-43,-22,14,-11
28,-222,32,3,28,-30
21,-216,43,7,-35,-1
-32,-278,-46,3,-49,5
-43,-291,-48,-6,6,-31
35,-254,32,14,2,12
61,-201,64,12,-9,42
-25,-265,-18,-38,-10,-11
-39,-317,-20,14,19,7
33,-234,17,32,-5,2
43,-186,32,-22,30,39
-19,-262,-12,-21,-11,7
-39,-300,-43,-11,-14,-5
26,-245,7,26,-35,-36
53,-203,45,8,2,-11
5,-244,-11,-12,-3,16
-48,-317,-49,-21,47,6
-7,-239,1,3,-13,-4
56,-195,43,-5,4,18
-18,-241,-7,-32,-4,17
-34,-308,-59,-9,-2,-16
1,-269,1,14,-1,22
62,-188,46,20,15,-12
-1,-241,6,23,22,44
-34,-287,-28,-5,37,-8
-13,-263,-23,-43,45,0
39,-202,62,28,32,-4
1,-237,22,40,20,1
-33,-297,-36,-16,-0,-34
-22,-259,-16,-42,-6,-25
27,-212,41,36,2,12
30,-229,30,12,14,-4
-35,-311,-46,-22,-8,-33
-15,-286,-27,-21,16,22
60,-220,43,31,12,33
29,-219,34,-14,-27,-41
-27,-280,-60,8,18,12
-24,-289,-17,-15,-27,-2
20,-229,42,-18,21,-49
34,-224,34,5,-10,-14
-34,-284,-28,-6,-3,7
-40,-305,-41,-5,3,33
47,-217,41,-18,11,29
31,-206,18,-6,0,-45
-4,-278,-19,-20,8,31
-44,-281,-54,-6,22,12
25,-232,31,14,13,-27
51,-209,49,17,-6,-24
-30,-286,-8,13,-13,-19
-38,-281,-43,-4,-26,6
5,-237,15,37,-19,-8
38,-193,50,3,-31,21
-5,-276,-8,20,5,-21
-45,-311,-67,11,-11,-29
12,-267,2,7,-7,-41
48,-220,55,-2,21,11
-6,-245,2,39,49,-28
-41,-316,-43,-7,6,-6
-4,-252,6,24,-21,12
54,-214,39,-2,-36,7
3,-236,11,8,32,17
-46,-301,-55,43,12,5
-17,-246,-4,-9,-6,-14
59,-200,56,-12,-0,9
22,-233,24,-33,-2,-36
-51,-292,-29,-24,-9,14
-36,-274,-12,30,-11,-38
36,-205,29,6,-22,-11
9,-242,20,1,-5,28
-52,-300,-52,-6,-22,-35
-25,-285,-39,22,-8,-36
44,-219,40,-3,-14,2
28,-232,52,-28,14,12
-34,-319,-47,-29,-17,-12
-35,-297,-27,-16,-57,-1
37,-206,43,19,23,-14
18,-221,38,13,4,-16
-35,-292,-37,-9,-34,29
-63,-291,-28,12,-32,4
31,-214,43,-5,7,-7
49,-215,61,-25,49,15
-44,-285,-28,6,5,-4
-74,-318,-39,5,-9,4
31,-215,14,-23,-4,11
33,-208,42,-22,36,70
-11,-281,-14,-12,-25,7
-34,-313,-46,3,0,-11
15,-232,13,-17,6,13
76,-211,52,-2,27,11
-9,-275,-9,2,31,2
-52,-307,-42,-13,-23,-5
7,-268,22,-33,15,-6
65,-198,34,-2,1,-3
-2,-260,-9,-22,12,60
-44,-309,-51,25,-17,2
2,-263,-4,-27,-23,13
46,-202,54,-9,-0,-29
4,-252,9,11,4,-25
-44,-290,-50,8,16,5
-23,-266,-2,-19,-11,31
54,-221,55,-15,13,12
11,-242,-6,-5,15,56
-45,-307,-61,-21,27,-18
4,-276,-12,34,18,-3
46,-212,59,-17,11,7
29,-228,27,-5,6,-11
-41,-311,-28,-8,28,-22
-22,-287,-3,-5,18,-43
53,-209,48,-6,5,-24
3,-235,9,11,-8,-1
-45,-312,-33,-17,-17,15
-32,-281,-17,21,6,1
39,-231,25,22,-37,7
25,-209,32,6,15,-2
-31,-295,-46,8,-9,-25
-46,-285,-30,1,19,-12
32,-198,35,-20,23,-7
37,-228,25,-29,-33,-14
-31,-282,-20,28,-11,6
-24,-287,-37,-3,-19,24
46,-236,39,-16,-9,11
49,-198,39,1,-7,1
-11,-284,-25,6,-11,-31
-54,-304,-56,2,29,-18
10,-232,18,7,-9,-18
46,-217,37,-12,26,-26
-7,-257,-8,8,1,-11
-68,-321,-35,53,-31,-38
4,-247,-2,7,-42,6
42,-201,41,-25,-31,-16
5,-248,19,-4,10,20
-57,-299,-70,25,-24,11
-5,-252,6,-26,-33,11
67,-220,40,24,17,40
-3,-261,6,18,-21,35
-58,-296,-31,37,14,31
-14,-269,-4,3,-17,12
62,-214,62,9,10,6
22,-231,25,3,15,29
-47,-290,-61,10,4,23
-10,-258,-3,3,31,16
58,-206,41,-31,-45,-24
2,-230,26,10,18,-14
-56,-317,-64,9,-8,-41
-20,-280,-22,25,-8,-18
36,-213,45,-7,-9,-21
18,-241,22,-28,-19,-31
-58,-290,-31,11,-25,-34
-39,-261,-26,-4,-9,-1
38,-241,57,-15,4,-11
38,-247,40,18,-1,-14
-40,-288,-35,-33,-10,5
-20,-299,-38,-35,23,-11
35,-216,40,30,-8,-7
23,-211,14,-9,16,-19
-16,-287,-45,-9,-20,2
-12,-294,-32,-5,15,66
20,-229,26,27,22,-2
17,-219,29,2,17,-46
-13,-278,-29,13,-8,-17
-28,-308,-31,-10,-24,3
21,-248,20,-17,-8,-12
29,-212,48,-12,7,4
-12,-286,-36,-6,-5,-45
-51,-317,-57,-37,1,18
6,-238,13,13,10,27
49,-213,62,44,-26,7
-26,-265,-17,-8,31,21
-39,-317,-37,-39,-5,-19
-11,-257,6,18,-22,-11
55,-208,55,30,-44,-13
-17,-253,-3,6,15,-2
-66,-304,-38,-23,-23,-18
-20,-266,6,-25,-1,2
59,-206,55,-6,-14,-11
-6,-253,5,-5,-12,4
-42,-319,-53,18,-8,-1
7,-258,-3,-36,-24,-36
46,-225,49,5,18,39
10,-257,18,-4,6,-3
-43,-316,-32,-14,6,1
-14,-266,-19,68,-24,-20
59,-221,49,1,11,22
8,-237,24,10,-11,-6
-39,-305,-45,-39,4,8
-47,-292,-18,35,-18,-27
47,-216,41,6,12,7
36,-225,11,-11,-8,2
-41,-276,-42,11,-11,-10
-21,-309,-34,4,-19,45
22,-222,49,2,14,-14
40,-226,30,32,2,29
-26,-279,-41,12,10,-4
-40,-293,-41,17,9,1
50,-218,40,-6,6,-39
36,-226,60,10,14,2
-41,-287,-27,-8,32,-7
-40,-278,-35,4,7,-13
10,-237,41,29,-11,-15
59,-228,37,1,-16,11
-7,-280,-16,-1,-19,-39
-40,-289,-53,-15,24,19
28,-247,-2,30,-31,-21
46,-216,63,-5,-7,-33
-14,-269,-17,-15,-23,-28
-55,-305,-53,9,-4,-24
9,-235,-1,8,37,-32
36,-234,30,-17,6,10
-12,-279,-6,-30,12,-0
-40,-302,-67,-20,5,16
-1,-269,-0,-11,-14,12
37,-203,77,31,31,-19
14,-254,7,12,24,-1
-51,-325,-59,-8,-65,-24
2,-261,-13,16,-32,-1
52,-215,50,-7,20,-46
8,-234,-3,-19,-25,-21
-48,-317,-74,23,-6,-9
-9,-269,0,12,5,-5
62,-214,43,-23,-24,12
33,-237,30,-42,8,2
-34,-294,-56,9,48,-24
-28,-263,-26,-3,-10,-9
48,-203,36,-9,-7,-13
29,-228,16,24,11,16
-47,-303,-60,-14,-11,-19
-43,-293,-16,-14,-17,11
7,-220,38,15,12,-14
11,-217,27,-15,3,-5
-31,-286,-53,-35,-14,0
-29,-291,-24,5,11,-26
46,-214,32,-73,-18,-19
43,-214,45,-46,16,32
-29,-275,-34,-11,-33,-19
-40,-294,-54,11,-17,0
19,-224,26,-21,-18,-24
53,-243,45,15,-8,30
-19,-255,-29,9,17,10
-65,-281,-46,-22,-11,10
33,-226,20,-7,46,14
54,-205,42,17,32,-16
-16,-275,-21,13,48,25
-42,-323,-31,-4,-5,4
31,-228,6,-6,-18,0
23,-216,67,10,-45,-8
8,-258,-5,-32,-15,-20
-43,-302,-22,4,21,3
8,-245,8,6,14,-1
36,-202,56,-29,-6,8
0,-257,8,12,33,22
-37,-305,-43,20,-24,17
-11,-245,-1,5,5,17
40,-189,41,-47,-4,1
16,-263,7,11,-37,26
-57,-306,-51,-8,1,20
3,-268,-3,2,-30,-8
38,-212,51,-10,27,11
11,-238,10,-30,6,18
-51,-316,-59,-37,27,29
-22,-271,-18,24,35,1
47,-203,50,-7,-26,-0
16,-217,17,16,-19,-4
-44,-308,-50,-34,-13,-24
-31,-277,-24,25,-20,8
36,-223,28,17,22,3
43,-212,34,27,22,-0
-38,-302,-52,8,12,14
-41,-301,-49,-6,-13,18
26,-214,37,-11,29,0
18,-209,29,-9,-22,-12
-13,-265,-23,26,11,-0
-18,-297,-42,-1,-23,-6
43,-234,31,37,9,-0
33,-202,44,1,-9,8
-19,-270,-13,3,30,23
-20,-307,-49,-1,6,5
23,-226,18,-16,-10,-4
43,-224,37,21,-28,-1
-16,-261,-28,3,14,4
-40,-293,-38,5,-19,-34
11,-243,15,45,49,34
36,-199,59,22,12,19
12,-267,-12,3,38,-4
-58,-298,-44,-26,21,-9
8,-229,3,-14,1,4
47,-200,42,-5,-23,26
0,-224,-4,-21,-1,6
-56,-318,-52,12,5,-3
6,-242,-3,16,12,5
49,-196,47,17,7,5
13,-267,5,15,-7,12
-37,-323,-34,-14,15,7
-20,-251,-24,-3,7,19
49,-209,44,3,-24,29
2,-226,7,-1,13,-5
-53,-308,-50,11,-11,-0
-28,-279,-13,15,7,-25
58,-211,64,-20,-23,1
31,-233,22,1,1,-2
-39,-306,-58,7,-30,-25
-16,-262,-19,9,29,6
44,-247,44,-20,-30,4
3,-240,33,-28,-24,8
-48,-300,-45,-35,-0,-26
-20,-270,-40,17,-16,-5
29,-224,30,24,-2,-1
38,-206,21,-2,24,4
-34,-282,-20,-37,11,-6
-18,-317,-34,6,-16,23
33,-212,33,-4,-6,8
57,-206,39,38,4,15
-27,-291,-28,-16,-14,-21
-24,-314,-30,-1,-40,6
35,-244,44,-14,29,-10
40,-209,39,-22,33,-5
-30,-266,-23,-31,-3,-44
-47,-312,-34,-29,10,-3
-0,-231,19,1,2,9
54,-218,37,-11,9,-17
-16,-280,-13,18,-16,10
-46,-311,-38,-24,2,16
4,-239,13,-5,-10,20
55,-208,50,17,-15,-3
-11,-273,-11,-3,45,-6
-44,-294,-47,-27,5,28
-13,-263,4,57,0,52
33,-201,52,-6,27,-29
3,-251,10,-43,-14,-16
-49,-310,-52,18,7,-40
-14,-268,-14,32,18,32
28,-194,43,21,-15,-10
18,-241,5,2,-9,9
-61,-301,-58,-1,6,-3
-18,-267,-20,20,24,-14
48,-215,49,-4,2,16
33,-240,34,10,-11,21
-57,-320,-46,-7,-6,1
-12,-261,-12,-8,20,-15
41,-228,66,-15,-25,-3
13,-214,23,15,-20,-1
-43,-309,-32,-7,0,28
-48,-304,-25,-11,-31,-3
