-14,-268,-24,-24,-2,-12
44,-212,56,-1,-5,51
12,-233,5,-8,44,-16
-45,-288,-31,16,-6,19
-33,-312,-53,-24,-27,-8
2,-249,16,-2,8,-31
41,-197,45,-12,-1,-4
-5,-272,-2,-12,-20,1
-33,-314,-63,2,4,7
-14,-271,-20,6,14,-7
45,-212,59,-15,7,10
22,-218,25,5,28,11
-19,-297,-31,-7,-11,-10
-43,-308,-56,13,-30,18
20,-217,8,10,-31,12
44,-200,51,-12,34,-3
4,-249,20,11,-33,-12
-36,-317,-50,9,22,-4
-10,-293,-22,13,13,-31
38,-212,46,15,24,13
28,-192,27,17,26,-33
-30,-278,-46,4,-19,12
-37,-312,-44,8,-3,-26
12,-243,4,-19,10,21
52,-213,55,54,-49,-26
4,-244,-8,-2,-19,-23
-60,-303,-57,37,20,-4
-12,-287,-31,-20,-34,-12
40,-209,33,-18,10,-1
46,-211,36,-4,-19,-34
-18,-273,-15,14,-11,-41
-50,-310,-51,4,7,-34
-2,-264,-7,7,-17,-4
26,-224,65,-37,-12,-4
3,-240,15,24,-42,7
-49,-306,-48,8,1,32
-35,-288,-25,-10,12,-19
25,-249,27,-16,-22,-0
63,-204,36,5,2,20
-27,-268,-8,-20,-3,-6
-39,-296,-40,16,-1,9
-8,-267,10,-4,40,-27
44,-212,46,3,-38,-11
29,-221,26,29,-10,14
-41,-297,-60,36,25,7
-49,-309,-43,35,39,-28
25,-232,30,4,8,3
52,-199,52,-39,-6,-1
4,-258,0,1,16,-6
-49,-298,-56,-42,-14,16
-2,-286,-45,-3,4,-50
62,-201,48,33,15,-1
45,-217,39,-11,8,43
-43,-283,-34,-18,43,10
-46,-292,-44,0,-14,-21
20,-248,17,-11,22,31
50,-224,46,-75,-9,-3
2,-255,13,29,22,24
-41,-317,-53,-10,28,7
-45,-288,-24,-15,11,-13
30,-206,47,35,4,8
37,-230,39,-39,-4,27
-35,-287,-16,9,-22,17
-67,-315,-54,28,9,16
11,-224,11,-2,-14,-7
62,-197,51,11,-19,-26
7,-221,38,30,-21,48
-58,-280,-44,18,40,-7
-37,-285,-30,-18,-31,6
40,-216,16,8,21,30
50,-210,33,25,27,14
7,-268,6,-11,-15,-21
-54,-310,-58,46,-12,15
2,-260,-8,20,12,17
57,-209,49,-5,28,9
25,-235,21,-12,8,15
-34,-300,-50,-13,-5,-8
-30,-312,-27,9,10,-0
33,-243,25,14,2,7
48,-208,58,8,27,4
1,-256,-13,27,-8,-9
-41,-320,-51,14,-31,33
-22,-272,-19,19,-48,6
51,-193,39,-27,-10,-4
25,-222,27,-5,31,38
-51,-290,-38,-26,-19,-7
-28,-305,-45,3,30,5
16,-249,30,30,-18,-2
67,-220,39,-10,34,-33
-13,-236,20,5,-17,9
-47,-311,-58,20,-26,-14
-26,-285,-29,0,-20,-15
43,-212,37,-19,-14,-15
39,-203,48,26,-7,17
-19,-276,-41,24,-33,-7
-42,-307,-41,-16,25,-15
-11,-245,13,5,4,-20
64,-221,69,13,3,-4
4,-223,6,-34,-3,19
-62,-309,-63,4,-32,0
-43,-298,-32,-2,-1,39
36,-215,18,-6,-32,-0
46,-229,23,-24,-3,-21
-20,-262,-26,-28,-2,-15
-28,-313,-54,-5,15,24
7,-258,-0,20,-4,13
44,-192,59,20,-1,-11
37,-241,19,-3,22,-11
-42,-296,-56,-1,12,-8
-39,-297,-41,19,1,21
20,-231,27,-41,13,4
54,-219,34,-3,-6,14
-7,-267,-3,25,-13,4
-43,-291,-53,-5,-1,41
-23,-259,-30,-9,-6,-23
65,-215,44,23,-8,-11
26,-207,37,-7,12,-17
-32,-295,-37,30,-20,18
-35,-293,-57,-33,36,1
24,-231,23,-2,7,19
63,-200,54,-11,29,47
-13,-268,20,-23,38,49
-63,-295,-54,7,-12,-28
-29,-271,-24,25,-15,31
49,-223,34,-16,0,-65
46,-214,58,24,-3,-5
-38,-279,-17,5,17,-2
-66,-285,-45,-25,-5,38
2,-249,16,-10,25,-3
68,-195,60,10,-10,-14
11,-253,-0,-5,-32,-22
-61,-293,-47,-4,18,0
-17,-274,-30,16,17,5
37,-227,37,-15,3,-5
23,-228,39,26,17,-14
-13,-270,-19,-18,-10,22
-63,-290,-49,-9,19,-17
2,-258,6,-6,26,-40
58,-197,54,19,13,-8
18,-241,29,23,7,-10
-46,-306,-36,-2,-2,-16
-37,-293,-41,-21,-5,28
4,-235,24,11,13,-11
50,-204,58,36,-36,-4
2,-255,-11,20,42,-30
-55,-309,-53,7,4,29
-17,-294,-28,-18,35,-10
53,-224,44,-22,-8,33
14,-226,33,-30,-7,-4
-35,-287,-53,-7,39,-2
-46,-290,-53,-1,19,2
22,-235,8,31,8,-4
45,-224,54,49,-8,-14
-4,-248,-15,-2,7,20
-39,-297,-56,21,18,-15
-23,-288,-34,-2,19,-16
44,-203,45,12,-21,18
37,-202,50,8,14,11
-22,-269,-23,-35,22,-13
-44,-299,-54,9,-40,-9
23,-241,12,1,-0,41
51,-194,65,-37,11,17
1,-240,-12,-10,19,11
-46,-310,-31,6,29,-9
3,-301,-34,5,-8,-27
33,-218,39,-6,9,-1
52,-204,38,-24,10,-10
-30,-274,-17,-6,-10,17
-48,-289,-54,-20,-9,2
3,-267,-11,18,-3,-14
63,-206,43,-9,13,-14
26,-244,22,40,7,-12
-35,-296,-37,-8,6,-8
-32,-298,-43,11,-13,20
31,-222,31,-12,5,-45
33,-204,47,7,24,-11
3,-267,-5,0,15,-12
-36,-297,-48,6,-27,-0
-10,-260,-7,0,38,-15
49,-207,39,-23,-11,1
24,-222,22,-33,19,32
-43,-296,-32,17,-56,12
-40,-295,-38,-9,7,-6
35,-234,12,-17,38,11
44,-196,56,23,-40,13
-16,-260,16,-4,-26,-23
-55,-289,-45,4,6,-5
-2,-270,-9,15,-15,13
44,-219,52,34,18,2
39,-225,47,-20,9,-5
-18,-271,-28,-1,1,-1
-52,-294,-53,9,-13,-2
12,-240,19,15,-15,34
59,-192,55,39,42,-24
15,-255,25,-49,0,-3
-48,-318,-59,33,-13,4
-28,-276,-16,38,7,-7
37,-211,32,-16,13,-3
24,-223,47,-5,-59,2
-43,-284,-10,-20,-13,-7
-52,-316,-43,8,-23,8
6,-255,9,28,-22,30
50,-188,65,20,-24,3
16,-245,6,-7,-21,-11
-36,-293,-49,13,-13,9
-39,-306,-43,-9,-25,4
39,-229,33,-3,16,-17
30,-217,51,10,-7,11
-20,-278,-12,-14,-4,-10
-58,-294,-46,-12,14,-20
1,-257,17,-6,14,10
52,-210,45,-28,22,15
25,-228,41,10,-19,-25
-38,-287,-34,-6,-14,37
-30,-299,-36,2,13,-13
32,-218,22,0,2,-17
62,-218,67,-27,-4,-20
7,-255,7,-26,11,-6
-56,-314,-54,-10,-5,30
-18,-277,-30,0,20,11
48,-220,32,23,-10,-6
31,-225,17,-20,-30,-8
-46,-289,-23,2,10,-17
-60,-308,-44,-19,4,-28
21,-246,-3,33,-31,14
46,-208,44,-18,-15,10
9,-255,0,17,33,5
-40,-316,-42,13,26,-2
-29,-280,-38,42,-8,13
41,-218,38,-20,5,35
44,-198,40,26,24,9
-17,-269,-38,27,27,-6
-33,-311,-47,-18,-35,-10
-5,-261,10,-1,-34,5
55,-203,45,-23,1,-11
29,-243,7,-15,27,8
-56,-311,-54,-4,-20,-22
-24,-303,-32,20,-13,0
27,-238,23,-5,-16,-12
48,-212,30,15,-17,18
-7,-267,-12,18,-12,4
-46,-297,-28,-26,3,8
-12,-256,1,9,19,9
29,-223,51,5,-6,-16
5,-250,16,-10,-13,-21
-30,-301,-43,-25,39,5
-20,-301,-28,-23,-25,3
18,-229,5,-9,7,18
40,-225,31,-26,-20,10
6,-276,7,26,-9,-21
-62,-297,-38,-15,-3,-34
-2,-264,-4,1,-1,-20
48,-206,51,13,4,16
22,-229,20,33,31,1
-43,-285,-29,29,-22,1
-25,-307,-46,45,-3,3
23,-232,34,-11,3,-21
51,-218,43,-12,20,43
-10,-258,7,-19,15,3
-35,-286,-55,14,-13,-11
-19,-272,-22,17,-11,-25
38,-214,56,28,-10,-14
35,-210,41,11,2,9
-19,-299,-26,-13,39,-5
-42,-302,-19,-18,44,10
10,-254,10,-8,-2,7
54,-201,51,5,-24,11
13,-235,17,-30,-15,-37
-57,-303,-53,-19,-12,41
-33,-279,-20,-19,-3,6
24,-211,38,4,4,2
56,-213,47,-17,4,-1
-0,-276,-23,-31,-8,-24
-55,-291,-61,15,26,-1
3,-259,10,-25,7,-10
39,-195,45,2,35,19
27,-228,16,23,-8,27
-50,-296,-49,3,20,1
-21,-269,-19,31,3,-34
11,-233,24,1,-2,-2
37,-195,44,22,-21,15
-19,-269,-1,12,-12,-18
-49,-297,-51,13,8,-6
-18,-245,-13,-12,-5,22
35,-206,54,-18,6,-4
19,-220,29,19,1,-8
-37,-281,-29,15,13,15
-42,-291,-48,-42,-4,-1
13,-241,30,-25,-27,2
47,-199,48,-2,38,13
5,-257,-6,10,-7,-17
-39,-287,-43,25,19,13
-19,-270,-8,6,-10,-17
42,-223,46,2,-25,15
37,-223,45,-4,-13,-20
-19,-277,-21,4,-10,7
-51,-321,-46,13,23,-6
-4,-232,15,-2,-6,41
22,-210,43,-45,13,-10
15,-250,5,-21,-1,-17
-54,-289,-34,5,-14,-3
-14,-285,-38,29,-17,-8
32,-213,38,19,17,0
55,-223,46,37,-39,14
-23,-294,-4,4,-1,-47
-55,-292,-48,-3,-17,22
-23,-254,-13,26,6,-13
50,-219,49,-15,23,-3
22,-230,26,-19,-33,-20
-37,-289,-35,-3,29,-14
-25,-286,-37,5,3,4
25,-223,24,12,16,-14
36,-217,61,-3,-4,7
-12,-269,-0,-15,-7,7
-46,-288,-39,14,-8,21
-8,-274,8,9,12,-15
62,-208,32,32,-32,42
27,-221,19,-44,-36,-5
-27,-322,-13,-19,-34,3
-37,-303,-66,4,10,10
13,-249,25,-16,9,2
37,-209,53,12,-36,-36
8,-282,-4,-26,-8,14
-48,-293,-52,-9,18,9
-24,-274,-12,8,32,-3
52,-219,50,24,11,-7
40,-192,26,-16,17,-0
-29,-287,-29,0,32,26
-63,-299,-64,-32,-5,-9
12,-252,-1,34,8,-0
66,-197,69,37,-30,16
20,-234,31,18,13,10
-43,-299,-60,-11,11,-17
-18,-277,-45,-22,17,10
40,-221,35,28,-3,22
46,-213,37,18,3,-10
-30,-279,-7,0,44,-13
-59,-290,-54,8,-11,-4
-23,-256,1,14,-20,2
39,-203,47,-30,-30,14
9,-249,7,9,-1,24
-57,-296,-65,-6,-8,16
-22,-295,-29,-14,12,42
23,-218,28,7,-6,-42
56,-221,48,7,-30,1
-16,-267,-5,-20,6,-16
-56,-305,-55,9,14,6
-10,-262,-2,8,-14,-27
47,-193,42,10,23,-0
32,-226,20,29,5,17
-45,-299,-46,-7,42,6
-20,-296,-36,23,14,0
22,-228,40,17,-20,4
50,-211,47,-1,-4,1
-13,-255,-9,-22,10,-6
-48,-313,-45,23,-6,2
-4,-276,-15,47,-13,-40
62,-197,47,-18,1,24
14,-202,49,3,11,-4
-34,-275,-14,5,34,33
-33,-313,-59,14,-2,7
6,-250,18,-4,-44,19
29,-193,53,16,-42,-17
9,-238,27,-38,-3,-39
-47,-295,-41,-30,24,13
-30,-282,-33,-2,-4,-30
41,-230,25,13,18,35
43,-222,29,5,-4,-32
-40,-260,-21,27,-29,-10
-34,-299,-39,-17,-1,9
-24,-239,19,31,-10,3
39,-215,56,-29,-12,-9
28,-229,8,-8,-16,20
-55,-307,-55,20,12,-29
-39,-280,-44,-35,15,-19
40,-225,25,-16,5,8
41,-195,63,6,-32,2
-1,-283,-21,-16,-6,-7
-46,-298,-33,14,-45,-5
3,-252,-1,-35,-2,-16
48,-211,52,-23,18,-51
18,-243,7,40,-47,11
-44,-312,-50,7,-20,7
-38,-299,-54,0,-14,5
15,-242,38,1,-29,-7
40,-225,57,-4,1,2
8,-252,-3,5,-5,-25
-56,-293,-52,24,5,-8
-17,-272,-2,3,-14,-11
36,-211,54,40,-8,-23
41,-218,21,-1,-5,-30
-21,-285,-40,7,22,30
-53,-298,-43,-9,-36,15
18,-248,25,7,-21,4
59,-205,56,-6,-33,5
-15,-247,3,11,-2,14
-51,-304,-55,41,-7,-7
-14,-289,-23,35,18,3
52,-207,34,-12,32,-7
53,-224,46,-9,-19,-1
-32,-272,-25,12,16,18
-46,-295,-35,12,21,-26
29,-238,13,5,15,-20
44,-195,45,23,25,-18
29,-247,12,23,31,-54
-44,-301,-58,13,8,12
-33,-285,-24,-7,34,1
41,-230,34,-13,-31,17
50,-210,42,-7,5,-11
-18,-264,-0,16,1,19
-43,-313,-69,17,-4,-26
0,-225,13,7,9,11
67,-206,57,-29,-6,-16
35,-241,19,-21,3,-37
-37,-284,-39,-16,15,-0
-43,-297,-26,16,-0,-0
35,-237,23,9,-8,-28
47,-205,32,-2,-22,-15
6,-255,32,-0,5,6
-48,-318,-47,-28,-5,-9
-14,-288,-28,-19,-14,-4
50,-245,38,-5,-22,24
27,-219,31,12,-4,-15
-40,-275,-45,-22,-0,14
-35,-293,-44,8,1,-6
25,-232,22,31,0,-6
32,-205,55,6,15,-7
-24,-234,10,2,-25,-3
-79,-299,-40,16,-2,25
-21,-284,-26,-48,9,-59
40,-211,38,-28,-1,-27
46,-218,35,-2,-12,-5
-29,-263,-24,-28,7,6
-53,-307,-44,-19,21,1
14,-256,15,-2,-2,-14
40,-209,35,33,7,-6
8,-233,27,23,-11,-7
-40,-304,-53,-24,8,21
-53,-293,-44,6,-4,6
27,-223,32,-11,11,-12
37,-221,33,29,-34,4
-6,-273,-23,7,6,-10
-46,-302,-61,6,-12,-14
-3,-253,6,16,11,32
54,-212,50,-17,-21,-8
17,-227,25,-4,-0,14
-54,-303,-42,-23,0,-13
-28,-286,-49,-26,-26,5
23,-221,24,11,9,-5
46,-216,25,8,4,21
6,-280,-19,10,1,-6
-64,-313,-37,-34,-12,24
3,-258,-6,-3,-58,29
38,-212,39,-38,0,-39
27,-248,34,13,-10,1
-14,-281,-37,1,-0,4
-41,-300,-44,-13,11,-24
25,-241,6,18,-13,6
49,-205,61,-27,-23,6
8,-263,-5,-10,32,26
-48,-311,-50,16,-30,-12
-31,-289,-23,7,5,-43
39,-224,38,21,-13,-14
33,-205,41,-0,-23,-1
-27,-285,-27,4,-7,32
-49,-296,-27,-15,12,-6
-1,-267,11,-5,25,12
49,-207,55,2,17,-3
12,-267,15,-12,-40,-14
-42,-292,-53,-11,15,1
-45,-272,-16,-33,24,36
24,-203,32,5,-2,-5
45,-215,51,-16,-12,-24
-24,-272,-21,-10,-9,-37
-58,-300,-41,-26,2,41
5,-254,-13,-30,2,-8
61,-195,41,12,38,-14
22,-238,18,-40,-12,9
-51,-309,-32,38,5,48
-34,-283,-44,-31,5,-38
43,-220,3,-32,6,3
44,-210,57,-14,10,-28
-12,-284,-8,-9,8,13
-34,-325,-51,10,-2,19
1,-262,-5,41,-5,-34
59,-198,57,-18,-37,-33
4,-221,24,-14,20,4
-44,-280,-24,-13,-25,27
-44,-309,-36,1,18,-9
13,-236,16,-48,-18,5
51,-222,54,-18,-2,-22
-7,-237,-4,22,-24,-18
-22,-302,-45,22,3,17
-44,-288,-11,42,9,3
39,-220,55,-1,-4,-30
20,-216,40,9,17,16
-16,-271,-43,29,16,-41
-47,-307,-26,-8,18,-8
8,-235,11,11,16,-46
33,-210,39,-19,-36,-1
9,-240,26,7,-25,-16
-30,-278,-57,4,32,-14
-32,-283,-30,16,-14,-15
39,-229,39,-32,-25,15
53,-192,38,4,-6,-18
-27,-286,-33,8,10,-4
-58,-307,-55,-19,-30,9
-20,-255,9,12,-1,1
64,-216,56,19,-1,14
7,-238,20,3,-35,-18
-38,-289,-49,-3,16,-4
-40,-300,-27,5,28,-11
39,-225,27,8,16,26
39,-214,41,16,6,19
-1,-249,-18,31,-11,-8
-50,-294,-63,16,6,1
21,-279,-24,-2,-5,10
42,-204,46,-6,4,-14
22,-247,22,-24,30,11
-35,-301,-31,-3,3,20
-26,-298,-53,2,11,17
33,-242,7,-4,-22,-24
40,-226,44,-6,38,16
3,-264,-7,14,-8,42
-55,-315,-56,14,-10,-19
-15,-291,-4,26,11,-12
32,-204,55,17,-24,4
32,-226,35,22,32,-23
-15,-286,-27,-22,-3,-13
-43,-300,-52,0,4,5
7,-248,11,6,8,-35
55,-216,54,12,-32,5
-14,-247,7,-28,28,-14
-49,-304,-50,-17,-40,-49
-12,-286,-47,23,39,10
26,-207,32,-3,-7,14
45,-238,35,47,64,-14
-26,-266,-26,-18,-2,27
-53,-289,-66,-9,-15,14
-12,-265,19,9,-2,-66
42,-196,46,-4,24,4
13,-253,35,-18,5,-37
-58,-294,-53,-11,9,19
-24,-294,-24,5,-13,-5
53,-232,15,-11,-1,11
55,-194,43,19,-13,6
1,-278,5,-2,3,-1
-53,-320,-65,46,36,-25
5,-285,-8,-22,-26,-16
45,-227,59,12,-17,-34
24,-238,34,-23,12,12
-36,-299,-32,10,-6,-9
-43,-306,-43,-15,4,-22
29,-234,28,11,6,7
46,-201,47,-6,-4,0
-2,-273,-11,-8,-43,21
-56,-312,-62,-7,-23,17
2,-273,1,-8,36,-8
63,-213,35,-11,21,-18
37,-232,34,-73,-9,-53
-42,-283,-34,-10,-1,-15
-52,-309,-30,22,16,30
13,-240,7,-11,-19,7
46,-201,45,-2,17,52
20,-258,3,-3,-26,-49
-48,-315,-56,8,13,5
-24,-285,-31,9,-65,-21
36,-234,37,0,13,35
14,-227,33,21,-3,-4
-33,-274,-18,-2,-23,47
-46,-288,-46,7,-14,-15
1,-251,3,8,6,17
62,-200,77,10,-21,38
3,-241,1,-22,-10,2
-34,-293,-56,6,1,20
-42,-308,-52,-17,4,-11
35,-197,29,15,1,12
45,-227,60,40,19,25
-22,-270,-20,12,24,15
-49,-306,-46,-4,22,7
-15,-269,1,41,29,-13
52,-197,51,2,10,13
14,-223,20,-6,-22,-5
-47,-306,-42,11,7,-13
-52,-303,-49,15,-7,4
32,-231,22,10,13,-9
51,-201,42,6,38,36
-17,-252,-10,-20,18,-3
-67,-325,-41,15,2,-28
-10,-250,6,21,-8,8
54,-209,25,15,-20,-14
30,-223,44,-2,-7,-7
-37,-264,-29,15,-2,-1
-50,-302,-32,-20,10,25
5,-250,14,16,-18,17
53,-199,66,-13,-18,33
-1,-233,-3,13,-3,-34
-43,-301,-69,24,12,26
-20,-272,-24,10,-29,-15
44,-207,14,-1,-25,-2
45,-227,44,14,-19,20
-30,-273,-46,2,3,23
-35,-296,-59,27,10,-10
18,-260,9,-6,-45,11
59,-212,44,33,-15,41
3,-263,10,6,0,23
-49,-297,-35,-41,-0,12
-22,-270,-48,-35,-27,17
32,-225,27,24,35,-29
40,-239,46,25,27,16
-29,-273,-27,7,-2,-3
-59,-315,-66,-1,-34,-23
-21,-251,21,-29,-14,1
56,-206,53,22,-13,-11
21,-232,29,-26,-0,8
-42,-296,-50,1,8,0
-21,-277,-44,-6,20,8
21,-247,24,-6,17,-31
51,-199,26,-3,13,-16
-4,-268,10,-24,-6,-36
-68,-300,-41,-23,17,10
-22,-275,-20,-20,3,-0
60,-200,43,9,7,-36
29,-240,36,23,3,-9
-37,-286,-34,-12,-9,-11
-56,-296,-60,-23,-23,20
12,-245,21,5,-13,-1
70,-202,46,9,10,3
10,-247,-7,-7,-9,8
-74,-310,-50,30,40,-0
-23,-284,-19,-8,11,-11
53,-224,45,19,-7,26
47,-204,24,-0,-25,-21
-9,-274,-18,-10,6,-13
-45,-303,-59,12,-9,1
13,-247,16,-28,4,-27
48,-202,41,-32,22,9
17,-245,14,16,12,33
-40,-289,-52,8,-10,7
-15,-270,-33,-16,48,1
32,-227,24,1,-13,16
37,-194,53,1,-6,-24
-14,-275,-31,14,4,11
-45,-298,-52,-1,-2,5
-2,-266,7,-38,17,17
51,-213,62,-6,-32,-2
4,-230,24,52,-19,12
-69,-296,-43,-1,23,17
-45,-289,-27,-7,-3,-16
34,-213,11,-11,35,7
45,-196,46,-3,9,11
-20,-280,-3,5,18,9
-44,-278,-42,-17,14,20
-10,-240,-20,16,-3,4
42,-211,57,-19,16,-29
16,-213,31,-5,8,-34
-36,-284,-36,-16,-38,-38
-41,-297,-47,1,-27,-7
25,-222,9,-44,-11,-24
63,-188,53,-32,29,-29
-14,-262,-7,-11,5,18
-52,-299,-32,16,20,-4
-31,-268,-19,7,-9,5
37,-207,45,17,-13,-1
38,-231,39,-12,-9,-35
-27,-274,-27,1,8,-20
-35,-303,-52,4,12,-11
26,-253,2,-3,-13,10
30,-212,50,3,7,-8
12,-253,-2,-6,-22,10
-56,-294,-46,9,22,-7
-28,-286,-8,-30,13,-16
40,-224,38,-17,22,-35
51,-195,48,17,9,28
-22,-272,-28,5,-24,30
-42,-298,-58,2,-20,-4
10,-243,-9,35,-3,-3
39,-210,35,14,-11,-13
16,-246,8,-13,-5,19
-44,-311,-58,2,15,7
-25,-296,-34,11,-52,-3
28,-234,44,4,-9,31
42,-212,46,14,-28,-1
-10,-274,-1,35,-1,-15
-28,-296,-52,-5,14,-1
-3,-254,-14,-6,-10,32
52,-206,58,-21,-13,-43
50,-243,17,-14,25,36
-45,-298,-41,-14,34,-18
-49,-304,-25,10,-20,-22
33,-241,23,-6,-1,5
41,-201,44,22,-10,22
9,-251,10,-9,0,-2
-42,-303,-54,10,-8,-7
-13,-263,-3,20,8,-37
34,-222,48,5,17,3
30,-218,22,-6,2,-3
-31,-292,-37,-14,-16,30
-54,-315,-45,-25,8,17
8,-239,5,5,4,9
46,-207,49,-38,-19,-10
10,-234,-9,-25,8,39
-78,-323,-44,-18,-25,-13
-12,-281,-22,-2,-23,21
32,-229,34,-25,-2,-28
34,-218,31,-14,8,18
-59,-260,-20,11,-20,-4
-61,-291,-56,4,25,2
-10,-253,-8,-17,5,12
47,-213,57,33,-0,-4
11,-261,36,-11,-21,-13
-59,-305,-43,-16,18,-5
-48,-292,-50,-17,20,-15
30,-234,43,10,-14,-8
28,-210,45,-23,31,-21
-10,-271,7,-3,12,31
-59,-298,-51,-13,-18,-8
-8,-267,-7,8,-14,22
53,-212,55,-13,4,5
26,-220,-3,-14,-14,29
-31,-297,-35,5,-14,29
-38,-281,-33,-30,-22,-20
18,-222,35,-42,5,-34
46,-218,44,22,-8,-43
-5,-261,-6,-24,-20,-33
-57,-298,-43,-11,-1,10
-9,-286,-12,16,-17,-26
30,-224,32,-41,2,-26
33,-245,41,43,1,11
-37,-303,-27,-29,-31,-10
-40,-268,-38,29,28,-1
31,-247,16,-26,-21,-8
62,-211,42,-0,-15,-11
1,-237,19,3,-12,6
-55,-307,-50,3,-3,5
-20,-266,-39,12,-5,-17
19,-215,46,3,-27,19
17,-208,32,10,-20,22
-32,-286,-25,19,12,3
-49,-305,-39,1,15,34
8,-241,4,-2,-17,-31
49,-191,35,52,-46,-8
20,-240,11,38,22,-20
-29,-291,-44,47,1,-11
-41,-293,-22,8,-58,-1
32,-228,21,2,15,-13
20,-236,34,-4,5,13
-20,-274,-12,3,26,27
-37,-290,-55,-25,-12,16
-7,-251,8,-0,-4,5
58,-211,38,6,40,-19
24,-245,18,4,40,14
-36,-299,-49,1,19,22
-17,-305,-34,6,-8,-21
18,-228,12,19,-2,18
53,-189,26,10,-17,-12
7,-263,-29,-19,-22,79
-55,-286,-55,-45,-15,-28
-11,-274,-14,5,-15,49
48,-194,63,26,-15,-9
29,-226,6,22,6,7
-32,-283,-36,5,2,-25
-41,-293,-38,13,41,49
14,-223,1,18,-27,-8
44,-207,46,4,20,12
4,-263,2,31,14,26
-41,-296,-55,24,18,4
-26,-280,-40,-19,42,20
28,-216,53,-51,-12,36
40,-227,34,-6,5,-12
-37,-287,-14,9,14,4
-43,-301,-46,-14,-8,8
-4,-264,18,18,-1,1
52,-195,58,10,-11,-10
-1,-245,13,6,-31,-15
-39,-299,-64,-28,-20,7
-33,-277,-21,-27,15,34
27,-214,24,-19,-20,29
27,-210,50,2,-24,-3
-8,-267,-27,25,-4,3
-51,-321,-21,9,1,6
-7,-242,-3,7,22,-10
38,-206,39,-28,20,28
16,-218,28,3,-19,3
-21,-287,-42,-17,20,-17
-16,-295,-48,-13,2,33
31,-234,42,20,20,4
59,-210,68,-11,-14,1
-28,-253,-12,-11,-14,-2
-36,-297,-59,-9,39,30
-8,-270,-19,14,26,-30
62,-216,46,-8,-23,-42
28,-239,19,-4,7,9
-27,-288,-36,-13,-14,-30
-41,-294,-42,9,-12,-24
27,-226,24,-13,31,11
63,-214,40,-10,-35,-4
-2,-237,1,-8,10,10
-49,-312,-34,-1,-0,36
-21,-280,-14,20,9,-9
49,-223,29,-10,7,-26
36,-230,35,13,-26,-29
-41,-272,-31,23,36,29
-40,-305,-39,8,-6,22
21,-267,-17,-20,18,22
56,-206,50,0,-38,-35
25,-256,-5,2,-16,-3
-40,-302,-39,13,-23,26
-39,-305,-33,-2,24,32
47,-231,26,-15,12,7
41,-230,37,14,-24,-13
-34,-265,-29,-55,24,26
-34,-289,-57,-54,-22,-9
-5,-258,11,26,3,18
49,-208,74,8,11,-16
31,-231,13,2,3,26
-66,-306,-39,-6,-18,15
-31,-293,-52,19,-47,22
25,-217,41,-15,2,-35
64,-212,36,20,0,26
-25,-266,-21,-14,60,16
-38,-308,-79,-10,9,30
-31,-274,0,-28,25,-5
50,-200,43,20,46,12
25,-236,37,3,-9,24
-38,-295,-67,-20,-2,1
-25,-306,-48,18,-9,-23
9,-229,10,5,10,-26
58,-215,52,-27,-6,23
-5,-261,10,-21,25,18
-68,-289,-53,3,-17,25
-13,-287,-24,-14,-9,8
44,-212,43,-9,-30,-8
43,-206,44,-8,6,-7
-42,-294,-27,-20,-4,-9
-38,-281,-36,23,9,15
3,-250,18,-9,-20,-23
46,-210,43,-14,38,-67
23,-256,-4,-6,-21,3
-46,-300,-53,-12,-21,-35
-26,-286,-33,28,11,-34
30,-222,41,25,1,-1
46,-224,28,26,-28,-12
-11,-273,-18,33,-25,7
-65,-303,-49,-10,-19,11
4,-229,4,-6,-14,-20
54,-206,47,-5,5,9
26,-236,3,-34,26,21
-47,-298,-24,20,-16,-21
-38,-286,-28,47,1,-38
36,-232,29,25,30,-7
36,-224,37,0,-9,-12
-18,-274,-19,2,1,38
-67,-311,-60,31,-6,-19
-19,-256,9,-25,-9,18
60,-207,41,-12,2,16
9,-239,16,-13,-0,-44
-42,-297,-21,-7,22,-12
-31,-284,-41,24,-9,-8
7,-235,27,-23,13,-24
54,-213,33,-21,27,26
-12,-274,16,22,31,41
-61,-303,-58,19,-10,-3
-18,-270,-25,13,-4,36
45,-206,46,-31,-18,-0
22,-220,19,28,-42,15
-50,-279,-25,12,-8,-36
-54,-298,-40,9,7,22
-1,-239,0,28,3,39
50,-211,49,-3,3,-42
12,-257,-3,4,3,6
-46,-299,-33,21,-12,-12
-26,-281,-25,-20,38,28
50,-202,41,14,35,4
61,-221,40,5,17,1
-19,-286,-25,-4,-15,2
-32,-303,-39,7,-38,10
7,-251,12,15,-8,-6
56,-192,43,-1,-7,17
9,-231,4,7,-10,6
-50,-305,-30,-30,-9,-13
-28,-285,-35,33,-9,-24
23,-220,30,6,-9,-12
23,-207,48,24,-8,-12
-24,-281,-25,7,-4,-12
-51,-316,-54,-8,4,-16
8,-254,-21,-18,36,-7
48,-209,56,11,-28,-11
37,-233,32,2,-22,-4
-28,-308,-44,18,-5,2
-48,-288,-45,53,-33,31
17,-242,25,-4,26,13
46,-188,44,-30,-3,-40
-12,-268,-9,5,29,-10
-52,-300,-44,-5,8,-19
-13,-279,-14,18,11,-11
55,-197,46,28,15,-9
52,-217,48,-18,0,-7
-39,-286,-31,43,-2,-18
-72,-302,-50,20,-13,-15
4,-250,23,32,-12,19
39,-230,52,-24,10,19
-13,-259,-5,-7,-9,6
-50,-307,-54,4,9,21
-22,-279,-5,-29,15,-5
32,-214,28,41,-22,18
38,-224,28,-12,9,-2
-36,-276,-25,-20,10,-30
-62,-295,-51,9,-7,17
-3,-252,20,-18,7,22
37,-228,38,-35,-34,-0
4,-235,0,2,9,-3
-47,-290,-44,-12,5,-9
-46,-295,-23,6,-5,-19
42,-233,51,9,9,-4
46,-218,42,19,26,-0
-0,-284,-13,29,-14,-40
-45,-287,-52,-57,-3,6
-3,-254,1,-7,20,24
24,-190,56,-33,-18,7
17,-238,30,-21,-10,-18
-27,-303,-29,23,-27,10
-47,-311,-31,-5,-11,-26
34,-212,25,-51,2,-6
52,-211,42,21,-20,14
-8,-280,4,17,10,19
-35,-307,-50,-22,17,-9
-11,-255,12,-4,-6,20
45,-220,48,-30,8,52
32,-230,7,-39,-32,-0
-59,-282,-31,22,35,10
-49,-302,-27,-51,9,-45
14,-222,14,33,2,7
56,-214,57,-21,-10,9
4,-266,-10,9,-15,24
-38,-308,-38,-8,-29,-13
-22,-265,-32,3,-33,-27
40,-225,50,11,13,-6
42,-212,34,28,-6,12
-22,-292,1,-21,30,1
-70,-302,-34,17,8,9
6,-262,-4,41,47,2
54,-203,53,-14,-32,17
6,-246,18,-9,20,-24
-38,-305,-43,18,3,-12
-34,-285,-35,-8,-6,19
26,-210,43,-1,6,-8
26,-213,30,20,4,-3
-29,-266,2,-6,-2,14
-53,-308,-41,-4,16,-15
14,-252,-9,-3,34,24
42,-200,70,-11,14,11
11,-249,20,11,8,-19
-61,-291,-43,38,9,33
-44,-299,-22,-39,24,-3
24,-225,26,13,15,24
30,-216,39,-1,20,-11
-23,-280,-11,-9,-30,27
-50,-309,-55,-16,16,-21
-0,-285,2,6,-26,-25
68,-209,53,-1,25,-41
38,-220,28,-7,13,4
-33,-301,-28,-3,8,-0
-41,-298,-42,-10,-16,7
23,-235,20,2,-2,-11
68,-204,61,21,-1,6
25,-240,-15,-14,-12,-14
-64,-308,-55,44,-2,-7
7,-270,-16,19,29,-12
47,-210,57,-22,17,16
32,-222,27,-41,5,4
-21,-281,-36,0,7,12
-24,-297,-30,20,12,1
19,-240,-5,1,-20,27
56,-212,48,-7,-13,-30
15,-253,23,-5,-27,-13
-40,-284,-58,1,-8,-3
-16,-264,-38,17,-24,-3
39,-207,22,24,7,-30
41,-220,54,-9,17,4
-20,-274,-1,10,-7,-8
-39,-313,-42,12,-18,-6
-8,-244,23,-2,-5,-7
42,-209,54,14,30,-22
4,-244,21,2,2,-29
-45,-281,-36,-1,16,16
-33,-288,-31,2,10,-5
21,-232,37,2,-11,-43
36,-230,47,7,-0,20
-16,-241,-18,-5,39,30
-59,-301,-47,-2,-26,11
-7,-261,-7,-20,-5,-0
58,-206,48,-3,-5,-23
28,-219,17,10,22,-27
-74,-294,-40,-3,17,-4
-33,-298,-36,-5,5,-14
17,-234,8,36,8,19
54,-220,49,-3,30,18
-15,-250,-5,-23,-4,14
-56,-308,-60,-18,-43,1
-1,-259,-21,11,9,-1
33,-185,56,-8,-1,23
41,-234,44,-0,-18,7
-16,-286,-31,51,8,4
-48,-287,-34,-12,-13,2
12,-241,13,14,-6,-1
32,-203,48,6,-17,7
2,-254,16,-25,-17,10
-43,-316,-58,8,9,-12
-45,-282,-44,-7,33,37
58,-234,57,7,42,12
32,-213,27,7,-7,19
-15,-292,-38,46,-34,-6
-51,-299,-58,-9,20,-13
4,-266,13,13,4,29
57,-219,51,16,13,11
16,-249,3,-8,9,-8
-40,-295,-43,23,-3,18
-24,-300,-30,6,-14,-5
34,-221,34,43,9,3
39,-212,46,-1,-4,45
-4,-274,-13,4,20,-12
-50,-312,-45,21,26,4
8,-259,-8,-2,10,13
70,-199,37,9,31,-27
33,-239,30,-24,-21,20
-61,-288,-40,12,3,-3
-33,-295,-33,-7,-3,0
16,-234,28,-11,-8,12
55,-218,44,-36,48,11
12,-260,-2,5,-56,14
-43,-289,-55,10,-5,2
-1,-268,-20,-1,-5,1
36,-209,32,39,-24,-4
35,-234,40,16,-25,-27
-40,-288,-21,19,-11,19
-53,-310,-41,-19,-6,21
36,-251,6,-32,-21,35
50,-193,51,11,4,-21
20,-233,2,-35,18,6
-48,-293,-54,15,-11,-19
-23,-261,-26,11,9,4
30,-213,30,-2,38,12
27,-221,51,-0,9,11
-46,-289,-26,-19,32,2
-42,-300,-59,20,-36,-3
8,-262,-4,20,53,25
38,-206,62,2,24,28
6,-232,13,-2,-6,-5
-44,-310,-17,44,-22,-17
-21,-310,-42,38,-6,43
44,-219,29,-7,-5,-1
51,-212,44,-61,-33,9
-15,-276,4,4,-10,10
-42,-306,-51,33,35,-27
-6,-262,0,-0,-7,21
39,-221,52,-3,4,7
25,-237,38,-29,-23,27
-44,-308,-37,-16,-2,3
-54,-312,-46,-4,-11,11
25,-246,-2,14,-18,2
59,-222,59,21,-6,7
-10,-235,6,12,2,12
-41,-309,-51,-3,8,-7
-28,-261,-4,-12,9,-16
41,-214,45,1,0,23
36,-209,35,1,-41,12
-38,-284,-39,-8,15,2
-36,-287,-51,14,4,8
13,-256,18,-8,-18,-6
52,-201,61,30,14,14
6,-246,-7,-14,15,-25
-54,-314,-40,3,-37,-13
-32,-291,-28,4,43,-12
57,-222,46,17,-3,-3
42,-204,25,13,1,16
-35,-290,-22,-18,9,7
-35,-298,-48,-12,-28,35
14,-262,-1,-31,5,50
31,-202,48,12,30,8
27,-236,9,-3,-48,23
-29,-300,-36,26,-15,-14
-33,-291,-11,-15,53,23
25,-230,45,26,32,-20
55,-215,28,-34,-24,-24
-7,-287,-7,27,19,4
-80,-318,-56,0,-22,14
-12,-251,9,20,-29,-25
49,-216,53,19,7,-6
29,-234,21,-5,-10,21
-41,-290,-41,-10,-20,15
-24,-285,-15,-4,-2,-13
40,-224,16,-17,29,0
53,-195,27,-24,14,-6
1,-262,-11,28,19,-12
-59,-301,-47,-51,-1,-14
-15,-250,-6,-12,14,-23
47,-211,27,16,22,-12
20,-221,20,1,4,-10
-44,-300,-29,19,14,23
-44,-283,-60,16,-25,-20
7,-234,22,14,6,21
43,-212,51,10,-21,13
10,-256,11,-26,2,52
-48,-310,-50,-7,30,11
-11,-294,-20,1,-15,-35
34,-208,31,-13,12,38
22,-221,35,-32,-11,31
-42,-285,-19,5,45,-9
-32,-311,-32,1,25,24
7,-253,19,-20,18,-37
44,-209,59,-23,32,-7
0,-242,2,-6,13,34
-60,-304,-49,-10,-16,-19
-39,-285,-27,14,-15,-17
30,-206,36,19,0,8
32,-218,41,-8,-5,-20
-15,-281,-16,8,1,21
-50,-304,-55,-1,19,-20
-9,-243,-3,9,-9,-17
66,-208,48,18,-29,-11
13,-244,29,-33,1,21
-41,-318,-28,35,7,-14
-28,-297,-33,-6,2,-10
29,-233,31,-18,-8,-40
29,-223,31,14,-32,-28
-22,-270,-22,-36,-8,-10
-60,-307,-39,-6,-7,22
-22,-278,-12,-35,27,-3
52,-215,51,-7,-5,3
24,-212,31,-16,83,16
-31,-286,-39,-29,2,-15
-60,-301,-66,4,6,-4
15,-241,17,-11,1,-9
58,-215,57,-17,30,32
2,-269,-8,-12,-2,29
-42,-310,-47,-15,-7,15
-23,-269,-20,-11,-16,-10
34,-217,66,-5,6,9
30,-221,40,-27,-16,-6
-28,-286,-19,-3,-24,-17
-33,-300,-37,-7,-28,-23
17,-254,2,-34,-6,-4
66,-202,64,12,-22,-9
3,-238,-2,-7,-5,-29
-33,-296,-39,-15,-1,16
-44,-283,-22,-25,13,8
50,-221,31,44,5,14
43,-215,27,-1,-6,10
-33,-277,-26,33,17,10
-49,-306,-64,-16,-13,15
-13,-256,-4,-15,32,19
58,-212,51,7,-15,2
16,-244,13,39,2,-4
-29,-292,-48,-1,1,0
-45,-277,-23,8,21,-23
27,-221,20,32,10,-1
43,-190,54,-8,-10,31
-2,-261,0,-21,-10,-10
-57,-297,-66,-1,-15,3
-13,-272,5,-16,-18,-9
61,-206,40,2,-23,2
31,-231,34,-1,-7,-7
-36,-297,-42,5,-9,-3
-24,-293,-57,0,4,-43
19,-240,18,3,-2,-2
39,-214,62,5,13,19
-12,-248,-2,-12,11,-1
-51,-308,-45,-22,-20,4
-25,-287,-20,-8,16,20
56,-210,38,-0,2,-9
32,-210,30,17,-0,-4
-25,-282,-36,7,13,20
-50,-290,-21,-0,3,-24
12,-233,19,-3,-4,-3
45,-209,42,2,-11,26
12,-252,37,47,-38,-0
-54,-300,-41,3,0,27
-35,-300,-27,15,-2,13
42,-219,46,-24,20,-1
33,-232,32,-3,-18,34
-7,-288,-23,39,-22,5
-48,-289,-56,-31,25,27
2,-236,-12,5,8,-2
49,-183,54,-14,-2,31
28,-234,24,6,17,-10
-39,-275,-42,-8,7,-12
-27,-274,-31,10,1,20
22,-230,55,-37,20,-6
40,-188,59,2,-26,13
-9,-278,-25,-2,6,8
-67,-294,-50,-13,31,19
-28,-256,-19,-13,10,11
58,-207,51,-36,-6,-5
18,-219,17,-16,-39,4
-32,-300,-31,-4,-13,-6
-44,-289,-25,-10,-7,-11
35,-238,34,-3,-11,14
40,-212,52,6,-60,-4
-19,-278,-17,8,-3,17
-53,-295,-49,-16,23,30
-10,-254,-11,11,23,17
56,-236,39,3,5,-5
31,-224,22,6,18,-28
-27,-292,-32,-24,20,-10
-46,-292,-46,-15,31,5
9,-244,18,-5,-6,18
33,-212,34,21,-4,-14
16,-254,33,2,-20,3
-76,-301,-53,-36,-27,14
-12,-273,-21,6,-40,37
25,-218,31,5,2,-3
35,-227,39,2,1,-22
-16,-284,-7,-5,-3,16
-44,-284,-62,-14,44,15
15,-241,-5,30,-19,-3
48,-214,46,10,40,-2
18,-240,7,-12,-3,-16
-48,-323,-46,11,22,-5
-32,-283,-31,-13,-32,54
26,-235,42,18,-13,-10
41,-231,50,40,10,-31
-11,-261,-5,-6,-8,-17
-69,-300,-52,9,12,-22
-14,-288,1,41,-43,-19
43,-196,46,-2,6,-9
32,-245,12,-12,-22,-30
-22,-312,-21,-29,-11,-24
-36,-287,-40,0,11,-9
24,-225,16,5,5,-22
34,-200,44,-28,-6,-16
-3,-262,-8,6,-7,-8
-74,-313,-39,-6,8,16
-1,-292,-15,-2,-13,-33
53,-198,38,1,3,-12
14,-220,31,-20,-30,11
-39,-289,-45,-21,-11,-4
-40,-309,-46,11,-11,6
19,-251,19,-28,-5,4
69,-212,48,13,-24,-11
8,-250,8,10,-3,2
-43,-291,-48,-30,-4,-17
-10,-291,-19,1,-8,-16
56,-214,40,17,-35,-10
21,-224,36,10,-5,20
-37,-289,-41,6,8,-28
-60,-306,-44,26,-9,-3
19,-233,-3,26,26,7
60,-205,55,11,1,-8
10,-239,11,-20,-22,-13
-34,-304,-74,21,-7,34
-46,-280,-25,-12,13,2
39,-209,26,-25,32,-8
53,-201,30,10,-23,18
-35,-283,-20,49,19,-34
-60,-306,-32,-34,-20,9
9,-270,5,12,-16,-23
61,-204,59,-6,-11,-10
33,-232,19,25,-26,11
-58,-293,-22,-34,25,-11
-43,-291,-48,15,-12,7
9,-230,22,7,-11,28
40,-204,72,-9,-5,17
-20,-266,-3,-15,7,32
-65,-287,-39,0,19,-12
-7,-279,12,-49,-5,-0
56,-213,49,-31,-4,0
24,-228,44,0,-12,23
-19,-270,-35,-18,1,26
-36,-283,-64,-6,-2,-5
26,-233,15,-5,1,-28
42,-198,46,-23,-9,-42
-23,-240,4,25,-19,5
-54,-300,-56,-27,1,-1
-22,-259,-9,56,-13,29
43,-226,41,3,-2,26
25,-229,40,19,-15,6
-30,-284,-14,-11,-29,-3
-51,-309,-32,6,48,-12
1,-248,29,-0,-13,29
45,-215,61,37,11,18
28,-264,21,39,-19,-21
-52,-313,-45,-6,7,-11
-38,-270,-34,-17,-23,-19
35,-204,53,-1,24,-12
56,-216,44,-14,-2,-13
-27,-264,-18,14,27,-31
-72,-325,-51,13,-1,19
-2,-271,5,-9,-20,40
44,-198,40,23,21,-7
23,-246,41,8,2,-4
-23,-306,-38,6,0,-19
-29,-302,-29,28,-1,-21
25,-213,6,4,16,10
48,-202,43,-14,-18,-15
-1,-275,-22,26,-5,-1
-51,-316,-41,6,-11,-12
-5,-265,-3,-2,-2,-20
41,-213,61,0,1,-20
27,-221,29,-12,-12,1
-46,-307,-38,27,-1,13
-58,-287,-24,-5,7,3
15,-241,3,-16,-20,-5
61,-208,38,54,-15,2
4,-260,1,9,34,1
-56,-314,-54,-21,-9,31
-8,-294,-23,16,-4,-11
54,-216,43,-16,-2,-13
46,-209,17,-28,-33,-13
-17,-298,-18,-27,-10,-40
-45,-288,-46,-3,-38,9
-9,-255,22,20,-17,-29
71,-207,62,-8,-22,-2
4,-258,-3,-15,4,-4
-52,-295,-67,-7,21,10
-35,-278,-31,22,34,9
39,-222,24,-21,-2,-1
61,-219,44,-2,24,29
-21,-291,-22,-25,-8,-4
-59,-302,-47,-6,28,-23
10,-235,-7,59,-18,40
49,-188,69,13,-10,-8
24,-250,19,29,6,1
-41,-307,-45,13,-22,8
-17,-278,-38,19,34,-46
24,-217,18,-10,-32,-0
44,-209,38,-5,18,14
6,-275,-30,-7,-9,2
-56,-308,-61,-15,5,-11
-7,-271,9,-8,7,27
53,-220,57,-5,-20,33
35,-217,30,23,-21,4
-45,-281,-63,38,24,11
-33,-301,-39,27,-49,30
12,-225,35,23,19,-22
40,-214,43,1,-10,-42
-1,-257,-13,6,-23,-25
-55,-327,-50,-7,-4,-44
-22,-259,-18,-19,3,-33
47,-212,47,-8,-12,5
29,-215,39,27,15,7
-29,-275,-22,-1,-6,2
-50,-288,-24,-27,10,-12
26,-236,4,3,-25,-8
52,-216,64,10,-41,-19
7,-255,9,-9,-46,-15
-41,-313,-52,-1,15,-6
-27,-281,-9,-15,13,-31
33,-235,17,-10,4,5
52,-246,27,-6,12,-2
-29,-290,-23,-26,5,-7
-57,-304,-54,-4,-21,32
8,-263,-10,-2,-17,-10
64,-204,47,-21,27,-29
34,-239,2,-3,24,0
-41,-293,-40,33,15,-4
-13,-282,-47,-13,-3,-15
37,-221,12,-21,-4,14
45,-204,30,-16,26,9
-17,-274,-16,7,4,-19
-52,-302,-44,3,13,5
1,-243,-7,12,-29,-18
41,-198,56,15,6,13
27,-240,41,3,4,44
-40,-294,-39,-40,1,-13
-48,-292,-28,17,-2,-5
19,-240,6,34,6,-35
40,-205,44,20,-27,-37
11,-249,-6,22,-28,-10
-50,-313,-41,-14,-25,-15
-2,-286,-22,-0,-1,7
64,-223,41,16,9,-14
41,-222,29,-19,-18,9
-23,-283,-41,-2,-2,20
-53,-311,-56,-31,15,-20
10,-241,9,16,-31,-1
35,-208,42,16,5,5
13,-264,7,-7,-1,-29
-34,-312,-42,-15,-24,25
4,-267,-21,-20,26,-19
32,-219,40,-10,21,-8
54,-215,34,15,4,1
-23,-288,-32,6,13,17
-52,-299,-32,-1,4,-2
-1,-251,4,7,21,30
37,-196,40,23,-24,10
10,-252,28,40,10,12
-43,-293,-45,-31,-25,38
-26,-286,-19,5,-4,2
22,-225,22,-13,-26,36
48,-207,57,-20,19,-16
-18,-253,-16,37,-6,-23
-45,-309,-48,2,-11,16
-5,-250,-4,20,2,-9
61,-212,50,-2,22,17
21,-239,24,28,-22,-26
-42,-295,-35,-15,6,-13
-36,-294,-41,32,-16,28
32,-219,26,-35,4,13
41,-199,47,-5,16,7
-4,-261,2,36,-6,42
-78,-295,-50,-6,-17,5
-17,-260,-10,2,1,17
39,-224,48,-3,47,11
36,-221,30,-0,-12,15
-32,-275,-30,28,2,-2
-59,-289,-40,-1,50,-1
10,-222,18,-29,62,-10
53,-226,47,9,7,-24
-13,-274,8,30,28,5
-51,-328,-56,-40,-4,-27
-30,-288,-16,-12,4,-4
42,-215,48,-40,-3,43
33,-220,44,-2,-7,-7
-32,-282,-33,28,11,9
-63,-302,-43,1,-10,-11
5,-262,22,25,-55,-7
54,-202,67,25,-12,-39
4,-246,24,6,10,-42
-29,-293,-55,1,-23,-25
-25,-291,-34,-37,-17,-0
37,-222,43,-12,26,-11
42,-208,33,-49,14,-0
-10,-270,-33,-16,-8,-32
-54,-294,-48,-11,-21,17
-4,-263,-15,2,6,9
71,-205,43,23,-34,16
22,-232,26,-7,6,11
-41,-294,-60,13,8,14
-35,-291,-33,13,-26,-27
28,-235,48,-13,8,17
53,-194,63,-9,-14,-57
-14,-256,-4,17,-18,27
-57,-315,-47,1,7,-12
-21,-265,1,1,-10,28
40,-215,49,-34,-15,11
55,-215,14,12,18,-23
-20,-292,-28,-8,-15,-22
-34,-297,-46,7,-7,-8
27,-245,17,-2,-32,-14
48,-204,59,-1,-16,-20
6,-236,-10,-11,3,-20
-35,-323,-45,-10,-8,-1
-16,-289,-27,17,-18,-11
41,-220,56,-13,16,-12
53,-217,24,-16,9,11
-24,-281,-30,-11,7,-42
-53,-305,-55,16,-28,6
18,-246,6,10,44,-34
46,-208,51,-41,2,13
4,-253,13,21,17,21
-55,-306,-33,-16,-11,-3
-20,-301,-38,2,18,-11
43,-221,63,-9,7,0
42,-206,57,19,16,-36
-30,-254,-34,-16,14,20
-55,-310,-42,7,9,10
-9,-272,-10,-15,-22,-1
39,-215,64,-12,-45,-11
27,-227,23,7,5,-12
-39,-302,-24,-7,-38,24
-21,-270,-31,14,3,-6
29,-234,24,-37,4,-7
35,-217,45,16,15,-14
-17,-265,-0,14,4,-11
-66,-308,-51,-25,-1,35
-4,-249,-2,-2,-15,-8
48,-189,33,9,23,16
41,-229,31,-5,13,-9
-26,-296,-40,2,26,-16
-38,-306,-33,28,-6,-9
29,-241,27,-7,-7,-8
42,-203,52,0,-12,54
-15,-255,-21,-23,30,-30
-53,-328,-58,-2,-0,29
-6,-281,-16,-0,-2,-29
55,-215,31,3,12,-38
43,-224,31,6,-2,24
-34,-292,-39,24,-16,16
-34,-325,-51,20,-3,7
15,-237,-4,-15,12,11
46,-198,52,-9,19,-9
7,-239,28,-19,-37,-23
-67,-307,-53,1,19,-14
-38,-274,-18,-30,-14,-11
45,-216,42,18,-29,-39
37,-216,42,9,1,-23
-21,-275,-26,34,18,25
-34,-296,-47,50,-17,-14
-2,-249,-8,-22,-33,18
46,-193,23,1,33,-20
-4,-244,8,-7,-4,17
-44,-285,-37,-11,-7,-23
-29,-286,-34,-20,-19,-15
41,-209,47,21,6,-8
43,-220,42,6,-22,28
-28,-280,-32,13,25,21
-67,-305,-47,-16,-32,6
-12,-273,-9,9,-25,-1
55,-197,51,-28,5,-14
27,-257,22,8,-9,-9
-27,-296,-26,-4,-19,-8
-37,-308,-48,17,18,12
18,-219,17,36,-5,-57
40,-212,40,5,13,8
1,-262,-14,-5,15,-2
-36,-307,-58,6,2,-24
-25,-261,-27,-2,-3,12
39,-208,46,27,3,-4
13,-218,19,2,48,-5
-41,-295,-32,13,-13,5
-40,-308,-56,6,3,1
-4,-230,21,-5,8,-28
60,-209,33,-10,-14,24
-6,-248,5,15,-24,4
-44,-307,-62,-27,14,49
-27,-286,-7,6,6,20
41,-215,54,-54,41,-19
36,-213,21,-21,-31,-8
-11,-274,-25,-17,-24,-44
-61,-326,-52,-2,18,32
5,-247,14,5,-8,3
48,-194,61,19,-24,-2
11,-238,16,6,-40,19
-47,-288,-42,-10,-2,27
-20,-270,-36,22,-34,1
21,-242,24,-9,12,16
46,-206,53,7,17,13
-17,-265,-17,-16,21,-6
-61,-302,-57,-28,13,-8
2,-266,-15,-13,43,4
48,-217,48,6,3,-1
9,-210,20,19,27,24
-33,-303,-42,-10,-3,11
-28,-296,-49,-18,-3,23
23,-240,36,-11,0,9
53,-205,50,-13,29,-3
-18,-270,-13,9,14,12
-40,-318,-48,9,1,-17
-19,-266,-35,-18,-6,14
44,-218,37,-23,16,-25
37,-235,36,-22,10,-6
-33,-275,-32,-12,16,-4
-65,-297,-47,-16,27,-33
16,-242,21,-5,16,15
61,-199,52,14,-29,-34
5,-249,-9,1,5,-0
-58,-306,-47,-49,13,13
-6,-276,-20,35,-16,-36
43,-191,36,11,-48,0
35,-208,30,-8,2,-20
-24,-286,-18,8,15,-1
-43,-299,-42,25,21,-23
26,-254,-5,-23,-22,25
77,-183,61,9,9,42
10,-239,4,8,-14,-12
-47,-292,-23,-8,-1,17
-26,-269,-26,-14,-14,-3
29,-225,22,-5,-19,-7
32,-216,40,-25,-7,9
-17,-273,-16,29,-17,-17
-54,-325,-60,-24,-28,35
-4,-261,-6,11,-12,-11
41,-197,67,23,-3,-7
34,-233,14,-7,5,25
-40,-287,-30,8,-23,-5
-46,-312,-33,5,-43,45
14,-247,20,-8,13,15
55,-210,36,5,18,-13
-8,-266,-19,-20,-21,-27
-47,-306,-45,-7,-55,-12
-5,-252,7,1,34,5
49,-211,47,-13,-10,-4
15,-233,38,6,3,-16
-31,-285,-36,14,-4,6
-58,-323,-24,-20,18,26
23,-240,22,12,16,-11
47,-206,35,6,-49,5
13,-251,3,1,29,16
-50,-292,-53,-46,20,-17
-2,-269,-16,-3,-29,30
42,-238,40,4,-50,1
23,-230,27,-5,-17,40
-19,-276,-28,9,35,3
-52,-322,-66,-24,12,24
8,-241,0,11,-8,-6
64,-216,48,-3,12,-3
-1,-258,4,-13,-15,-14
-47,-306,-58,5,-27,7
-28,-285,-20,7,4,14
19,-205,33,43,32,-24
46,-201,44,-18,35,23
-24,-258,-18,-12,17,-2
-47,-312,-43,25,-15,21
-15,-253,1,-39,-21,-6
52,-209,44,12,7,7
20,-248,24,5,28,3
-30,-300,-42,21,-16,34
-51,-304,-22,4,-4,-16
39,-238,38,-6,-14,-14
43,-201,46,-1,44,-10
-12,-254,-15,6,-53,1
-53,-313,-22,-5,3,16
-22,-247,-21,-9,-13,-26
32,-202,43,9,26,-1
21,-227,34,-14,0,-13
-33,-287,-34,-27,-30,-13
-43,-318,-57,-6,-5,36
18,-225,35,7,9,-35
56,-195,50,-10,-42,-15
-11,-246,-0,-4,29,-49
-52,-310,-39,6,-18,-13
-12,-270,-32,7,-31,-24
47,-201,33,-21,-19,-12
40,-235,45,1,6,-12
-29,-282,-24,-23,3,25
-52,-293,-59,-29,-5,11
-9,-247,18,30,-8,25
57,-221,46,8,-2,15
15,-262,14,3,-1,3
-37,-313,-32,8,35,-17
-19,-291,-37,-5,-6,24
31,-220,46,-10,10,34
50,-212,59,-1,-13,10
-27,-256,-32,-14,-5,-10
-48,-325,-46,-25,1,-28
-10,-237,-1,-15,-13,-17
39,-202,42,-26,-6,20
20,-249,13,-15,-15,13
-46,-295,-47,35,12,-29
-43,-281,-38,-4,12,-24
33,-222,19,-9,5,1
44,-217,40,5,15,-22
-40,-272,-17,-11,-24,2
-48,-330,-41,5,4,-35
-17,-253,9,23,15,6
26,-224,50,7,-7,-24
25,-227,24,-11,-35,14
-24,-284,-28,-1,12,-23
-38,-298,-30,23,-25,7
17,-236,22,-28,-1,-9
40,-207,62,-24,-2,-38
-8,-248,18,-31,14,-0
-42,-314,-41,-1,7,-43
-12,-271,-32,-27,-15,-9
70,-206,22,9,-11,-4
42,-221,23,-16,2,-18
-33,-290,-18,20,46,5
-42,-291,-53,32,-18,-2
0,-246,-7,-23,-18,34
64,-199,35,-4,-29,-25
6,-253,18,1,-19,24
-50,-305,-42,17,11,-16
-28,-271,-40,-9,-22,3
45,-201,32,17,26,42
34,-215,24,-3,-13,21
-25,-266,-26,-1,2,-8
-51,-292,-42,14,-24,-14
3,-247,-11,-1,-52,-13
59,-197,66,-5,25,26
21,-232,17,-20,8,-12
-45,-314,-32,-19,-6,20
-39,-297,-35,-34,1,-15
28,-215,28,-12,19,-24
56,-211,41,6,-33,-3
-20,-252,-30,1,2,24
-45,-302,-56,-18,-21,6
-22,-251,-6,5,9,13
63,-216,60,-46,12,-13
31,-236,28,-3,-4,10
-45,-297,-45,20,-10,23
-37,-290,-34,9,7,-17
11,-246,28,3,20,-5
45,-216,62,-2,-24,-31
7,-245,19,-16,-1,16
-47,-307,-64,11,-5,11
-27,-264,-16,-2,19,4
40,-229,47,-4,28,-3
29,-228,30,9,-0,-11
-28,-291,-32,-3,1,-2
-32,-304,-36,-6,8,-0
15,-261,27,27,6,17
48,-200,45,-15,-27,41
7,-264,-11,6,22,28
-70,-297,-48,-44,-9,-16
-7,-294,-23,-22,-8,-8
27,-213,46,-20,-17,-28
36,-227,59,30,-12,8
-9,-283,-15,-20,15,6
-55,-306,-45,-9,-21,4
-14,-253,9,7,21,2
66,-212,31,-7,-4,-18
12,-252,-11,2,-12,18
-54,-317,-44,15,-14,-13
-47,-288,-38,-16,31,0
31,-239,37,-9,-5,-25
59,-212,44,3,-3,23
-25,-252,-21,41,27,-10
-65,-311,-57,-11,-6,-23
-18,-292,17,-23,6,22
53,-212,30,15,12,-14
14,-219,18,22,50,-5
-39,-298,-22,8,-32,-17
-42,-296,-27,-15,35,23
22,-233,18,-14,-10,-11
60,-208,59,2,-28,28
-18,-252,-7,13,-2,-20
-50,-309,-52,-11,-14,-30
-14,-265,-6,-19,11,-0
54,-210,30,-5,28,-34
28,-215,42,16,-8,-13
-34,-303,-41,-13,2,-20
-53,-307,-63,-20,39,1
22,-233,19,-21,8,-8
52,-183,49,11,-2,-6
-13,-268,-6,3,-3,18
-32,-308,-40,-5,-1,24
-23,-279,-18,12,7,-0
40,-231,29,14,15,-8
32,-235,29,7,-8,13
-24,-271,-51,0,13,31
-47,-304,-53,-7,14,11
1,-253,9,-3,17,-34
41,-207,51,17,25,-24
17,-237,9,43,-7,-21
-57,-294,-51,-2,-12,-5
-37,-292,-38,-25,32,1
44,-239,21,11,-13,-17
46,-205,23,15,-0,-17
-40,-275,-17,-19,12,-14
-51,-294,-54,-24,17,-37
-6,-250,-3,15,29,9
47,-203,27,7,-28,23
19,-253,27,7,-5,-3
-45,-307,-31,4,-10,-0
-22,-304,-23,25,-1,2
34,-231,20,16,-6,-32
28,-199,46,-11,-15,25
5,-268,-16,-11,18,1
-64,-297,-36,11,-12,-4
-13,-262,8,-28,28,-2
34,-212,53,38,37,14
28,-237,36,-5,-13,-3
-18,-287,-50,-24,13,12
-51,-290,-47,-36,-23,-23
19,-227,18,-1,-19,-50
48,-180,59,19,-10,4
1,-247,10,18,-16,-23
-46,-305,-46,5,-23,1
-5,-278,-24,19,6,-20
49,-214,36,-30,4,-15
40,-197,27,-26,-18,-26
-25,-281,-31,-24,-17,-39
-44,-287,-50,-4,-24,29
3,-247,22,-13,1,1
46,-215,56,-11,14,28
14,-250,17,27,-30,-21
-56,-298,-39,-18,-24,26
-4,-281,-32,10,15,-31
33,-203,50,2,2,-32
41,-225,34,1,13,12
-13,-291,-20,-7,-11,-63
-55,-299,-51,-48,-17,-15
3,-249,-1,16,33,-46
50,-218,54,-2,26,-37
20,-238,53,-11,-20,23
-27,-300,-57,-27,4,-1
-35,-296,-24,13,-5,-1
31,-243,37,-36,21,-4
40,-201,52,14,5,-23
-2,-251,7,-15,5,0
-52,-303,-39,-21,-7,-6
10,-265,-16,14,-3,2
32,-185,32,13,-2,26
29,-235,30,-6,-8,29
-39,-284,-25,-7,-39,4
-24,-295,-24,16,0,-23
5,-248,24,16,-5,-19
52,-216,43,11,-31,2
-13,-264,-15,-20,-9,62
-34,-296,-41,24,0,19
-8,-287,-10,8,19,12
41,-229,41,-36,-8,-52
33,-206,51,19,33,-9
-43,-281,-39,-44,-14,1
-74,-286,-37,17,-14,21
11,-257,29,-4,-3,-37
30,-207,48,-11,11,-4
18,-255,11,-17,-9,-29
-65,-308,-52,29,-28,10
-2,-262,-22,20,-22,-2
22,-224,55,-33,13,-24
55,-196,66,-10,4,-30
-11,-277,-28,4,-65,-30
-43,-299,-51,-5,20,-22
13,-249,15,-3,-8,-4
72,-195,51,-27,43,-7
11,-224,11,13,30,31
-34,-304,-53,-2,27,38
-46,-298,-38,13,7,-26
30,-228,39,22,-27,-37
41,-221,47,-10,-8,-6
-12,-272,-21,-15,-31,8
-53,-309,-50,-21,-6,-13
-34,-269,8,16,5,-40
34,-198,40,-27,-4,-1
48,-227,6,-11,-0,-15
-33,-292,-27,15,49,-8
-31,-285,-41,-0,-19,33
7,-226,20,-2,11,23
45,-199,42,0,-4,23
-4,-264,-16,31,23,13
-59,-301,-65,11,37,12
-7,-265,-7,-43,5,-35
42,-197,38,-27,-17,-11
27,-225,30,4,21,2
-46,-307,-20,-27,-2,16
-61,-288,-45,-16,-25,-37
-0,-258,27,-4,-33,-5
45,-190,53,13,-21,3
21,-246,14,13,19,-3
-59,-298,-57,14,-39,-20
-33,-281,-31,39,-34,3
29,-227,33,-26,26,39
38,-233,45,-5,-18,26
-18,-264,-22,-3,-7,-22
-29,-317,-49,-3,-6,-6
3,-265,10,-31,10,-20
60,-186,61,14,-6,-4
-3,-247,18,-67,-14,-35
-47,-296,-54,-1,-35,39
-40,-303,-32,8,-34,17
29,-227,45,-12,2,-20
47,-203,53,26,17,12
-2,-274,-7,17,-22,4
-38,-304,-27,-8,0,-1
-9,-261,-1,-6,-24,-60
42,-196,48,-30,22,-19
20,-223,19,13,-9,-19
-36,-298,-40,-21,-4,-18
-32,-299,-39,24,-6,-30
34,-231,13,-0,12,11
40,-214,68,5,6,-2
-1,-274,3,20,-3,-24
-54,-285,-45,24,-1,45
1,-266,-19,0,-1,-36
26,-201,46,18,9,1
22,-227,24,-32,2,-2
-21,-277,-37,38,-28,10
-41,-313,-32,13,-15,2
0,-256,6,9,18,20
38,-207,19,1,11,-1
-12,-243,12,-27,-5,11
-49,-302,-71,14,24,-36
-35,-286,-6,17,-21,14
45,-226,53,-26,-36,9
31,-225,37,-4,-20,-11
-32,-278,-25,28,20,-11
-59,-314,-37,2,7,-27
10,-235,4,2,6,-20
46,-204,51,-10,7,17
3,-249,14,31,-1,-11
-39,-297,-48,9,-0,16
-39,-282,-46,-14,-4,7
41,-234,24,-28,11,-1
37,-227,34,-29,-6,-6
-17,-279,-15,-13,-10,21
-49,-324,-64,-17,-6,-16
8,-253,-6,-21,14,-27
48,-196,39,-17,23,12
16,-234,23,-3,29,-21
-41,-302,-39,-19,11,-7
-37,-299,-35,13,-5,-17
16,-236,24,-14,10,40
48,-221,56,9,6,-25
-20,-279,8,18,36,26
-38,-319,-31,7,-15,-3
-21,-288,-5,-50,-3,-11
21,-206,48,21,32,-49
25,-223,35,-0,-3,40
-27,-296,-19,-3,15,-13
-52,-290,-59,10,17,2
23,-238,17,-17,-6,4
56,-204,48,42,-2,5
4,-259,9,-36,-19,12
-28,-301,-41,41,-26,4
-1,-269,-18,9,0,-7
49,-222,33,10,3,-27
61,-226,50,5,14,-24
-28,-285,-2,-13,-24,-42
-40,-309,-52,-0,-28,2
27,-256,14,14,-21,-10
58,-209,69,-15,-22,26
6,-236,4,3,9,2
-61,-296,-51,44,-0,-23
-17,-281,-36,28,-34,-11
23,-207,36,-3,30,21
36,-200,35,7,7,-3
-14,-281,-21,25,-37,-3
-60,-300,-43,-9,-15,-9
-4,-275,-11,24,41,-4
39,-234,61,-13,13,-4
29,-253,27,25,4,-5
-45,-301,-44,13,-5,-0
-20,-289,-32,-8,14,0
33,-230,35,-2,12,-2
33,-218,45,22,10,48
-4,-265,1,12,-2,-2
-59,-306,-56,8,14,15
-28,-261,-24,6,12,2
52,-206,40,-29,25,30
25,-222,20,19,-5,-10
-26,-296,-41,-7,-18,30
-61,-297,-43,-46,18,6
18,-224,6,-31,-6,-15
31,-196,64,-9,17,9
1,-244,10,12,-10,25
-73,-301,-55,-3,-9,-6
-6,-286,-24,-12,-24,1
36,-208,36,30,-11,15
22,-222,28,17,-20,2
-25,-281,-16,-22,2,-9
-48,-301,-57,15,-47,38
23,-268,1,10,-34,12
51,-208,42,-6,-17,-11
-10,-249,9,-27,-4,-20
-51,-322,-40,-12,6,6
-21,-280,-17,7,-8,-3
30,-218,29,4,-7,-1
49,-227,35,-12,-37,7
-4,-286,-16,-2,-3,2
-47,-313,-44,-5,-21,-10
-4,-249,25,-7,5,23
42,-220,49,23,-27,5
19,-229,27,2,-16,-2
-37,-302,-40,-24,3,-8
-32,-301,-49,-3,32,8
26,-230,22,11,4,-8
45,-195,32,2,-4,-14
10,-267,-11,38,-38,16
-51,-296,-34,-12,-3,22
-2,-268,-19,-39,-5,-12
76,-225,47,-7,38,-7
43,-230,17,14,12,-9
-31,-320,-28,17,-48,9
-37,-302,-29,-7,29,-18
2,-226,15,-37,1,-4
56,-178,43,-3,-2,13
19,-265,2,-22,-10,1
-53,-308,-55,2,3,-7
-24,-283,-15,15,-14,11
40,-205,35,-14,18,-17
44,-244,46,-17,-25,-7
-17,-282,-24,-15,-7,33
-51,-308,-50,21,-4,-23
10,-248,31,-17,15,-9
44,-214,42,17,31,23
14,-247,7,45,-19,-34
-43,-304,-54,18,-5,-19
-33,-272,-31,15,-10,-13
59,-223,56,17,-22,-13
20,-222,43,0,2,3
-19,-272,-18,-4,-13,-22
-50,-310,-53,17,34,15
11,-255,-2,-5,7,-26
41,-218,66,6,-11,-1
17,-235,-0,-26,-23,6
-39,-307,-45,-6,6,-7
-28,-287,-33,23,-7,29
37,-220,40,-2,-2,-16
28,-215,30,-34,-26,-23
-34,-268,-15,-10,23,-3
-57,-314,-58,-15,-27,6
4,-254,4,9,-9,38
64,-205,43,-18,19,21
30,-228,28,5,-23,10
-29,-301,-49,-17,15,-4
-39,-302,-55,8,10,-19
15,-217,31,-24,16,-2
57,-205,39,36,-2,16
4,-264,10,3,36,-13
-48,-299,-69,-40,-18,17
-40,-272,-3,-9,-25,-5
26,-203,55,-1,-8,1
27,-222,33,37,-11,-14
-36,-283,-13,48,-17,-12
-31,-300,-48,-9,41,-24
-9,-234,-2,15,-14,3
56,-206,57,7,40,34
11,-255,-8,1,-26,-12
-41,-296,-55,13,60,-35
-30,-274,-27,20,-18,-43
36,-215,53,-1,6,-32
53,-211,34,1,10,-20
-18,-276,-18,14,-15,-31
-34,-310,-54,-0,-17,1
8,-243,8,-7,-40,-2
46,-216,34,-5,19,6
28,-236,13,-6,-14,-8
-34,-297,-60,-18,51,-3
-23,-273,-31,9,-16,26
35,-215,31,5,6,3
31,-208,34,-8,22,-25
-12,-262,-20,5,-7,1
-55,-290,-43,8,-11,-16
-9,-265,-16,-9,15,22
45,-203,34,-28,22,11
42,-225,21,-29,-2,-23
-45,-291,-51,22,-4,-32
-42,-303,-46,-53,2,-24
24,-233,17,-4,3,11
44,-211,59,-48,12,42
2,-248,-2,38,-16,20
-65,-310,-53,30,12,13
-14,-275,-4,4,14,15
42,-218,44,15,-14,-27
22,-221,41,-4,14,-25
-23,-264,-46,5,17,29
-53,-303,-23,-54,11,-16
17,-229,39,3,-6,-17
46,-196,53,-7,-3,-34
7,-236,2,8,4,14
-66,-291,-62,15,12,9
-17,-274,-24,-20,44,26
39,-222,54,-1,-0,13
40,-226,36,10,12,-18
-29,-276,-27,10,-38,-22
-52,-292,-50,-31,12,-10
8,-228,-4,17,18,-16
51,-199,59,16,-6,12
21,-239,21,-5,46,-20
-51,-289,-47,-15,-34,3
-38,-286,-11,-15,-5,-8
41,-231,34,-19,-15,40
46,-199,44,-30,18,-11
-25,-283,-16,-3,31,-30
-46,-311,-53,10,-11,-1
7,-266,-5,27,5,-11
50,-202,47,-19,-11,-5
23,-246,29,21,-7,-8
-26,-301,-56,-39,13,-26
-49,-301,-32,55,4,-6
16,-227,27,13,4,-39
51,-220,38,-12,33,-2
-10,-267,-13,-16,-14,-39
-41,-308,-41,6,31,-16
-13,-253,-12,11,-36,19
43,-216,41,8,34,-3
34,-235,25,-35,-11,-11
-33,-306,-44,-14,12,13
-32,-287,-32,20,-27,6
35,-250,4,11,-18,21
66,-206,55,-19,-20,10
-5,-250,10,48,12,-15
-35,-318,-56,18,7,53
-12,-276,-4,-12,6,-3
38,-218,40,-9,-2,-4
44,-217,34,-44,20,9
-31,-289,-35,-9,6,-20
-45,-299,-43,-35,-12,-44
6,-246,11,-3,54,-16
52,-218,48,2,-8,-17
8,-236,28,27,15,1
-44,-304,-46,27,40,9
-30,-284,-27,13,15,16
43,-225,50,-17,3,38
41,-224,43,23,6,-10
-18,-279,-7,19,-9,-1
-49,-306,-50,-16,15,-5
8,-274,-4,48,36,-2
46,-207,45,-4,56,-2
11,-231,31,31,4,10
-49,-296,-47,3,-15,-1
-36,-279,-41,-26,11,-41
28,-218,18,-37,17,13
49,-204,25,-23,-2,8
-10,-263,6,-17,14,-4
-58,-304,-68,7,-1,-15
-22,-260,-32,-12,-7,-10
38,-213,35,-8,-29,23
24,-212,37,-6,19,40
-33,-284,-28,4,25,-33
-48,-315,-39,-16,32,23
28,-240,14,-12,1,-23
58,-210,73,-48,24,13
6,-241,-1,-27,-12,14
-44,-316,-42,21,-5,-5
-28,-275,-4,-14,5,-10
43,-221,31,-20,-15,-18
49,-227,48,12,-6,-6
-20,-277,-24,11,22,-3
-45,-312,-36,18,-35,-10
3,-240,-6,10,-13,2
62,-219,63,-24,-3,19
14,-243,15,-5,2,-20
-55,-320,-37,18,-29,25
-39,-280,-31,-23,-23,28
41,-229,49,-4,10,-12
62,-204,50,-13,-29,21
-24,-274,-23,6,5,11
-59,-322,-59,-10,-13,-26
-7,-246,4,1,1,7
54,-199,50,21,-14,-25
25,-236,8,-24,11,-18
-37,-293,-39,-28,40,-5
-43,-280,-20,-18,8,1
26,-236,18,18,-11,-29
35,-208,33,10,8,36
-20,-291,-18,-0,-51,13
-43,-301,-44,20,0,10
-15,-248,-13,9,32,12
53,-200,44,12,-25,6
24,-238,22,-14,-17,27
-33,-268,-24,-14,-4,-7
-34,-298,-41,-26,23,22
17,-225,30,-61,42,4
60,-214,53,-13,-7,-18
-21,-266,-17,-11,22,-4
-35,-296,-55,13,-4,21
-8,-276,-13,-7,-27,-24
38,-235,40,-6,-26,-14
43,-231,43,-9,-18,27
-34,-281,-44,-24,-12,9
-37,-297,-28,14,5,-1
-0,-233,8,-20,-7,8
46,-193,50,-13,-34,14
20,-251,-3,-8,7,-6
-25,-303,-55,6,-10,26
-17,-276,-9,-2,-7,21
27,-214,46,-6,-0,-4
52,-225,52,0,30,5
-21,-278,-18,15,-11,14
-33,-304,-58,33,-4,-32
-15,-255,-10,30,15,16
61,-204,59,-20,23,-36
21,-249,5,15,2,9
-32,-298,-57,-47,-15,17
-17,-277,-29,1,1,11
16,-234,27,-1,-14,38
60,-211,58,-51,18,-4
-3,-266,-11,-9,-10,12
-54,-325,-47,-11,3,6
-19,-245,-10,-17,0,-51
50,-206,50,28,-38,-22
33,-238,33,-31,-26,1
-21,-285,-34,-1,22,-26
-49,-294,-32,19,16,3
11,-238,30,-18,-2,8
56,-214,51,0,4,-16
-10,-252,2,-17,13,-10
-31,-295,-50,-10,14,41
3,-255,-6,2,4,-25
30,-223,55,-9,-1,12
35,-208,29,12,3,17
-15,-276,-37,-12,18,-17
-48,-293,-59,-12,-19,-26
24,-235,7,37,-14,-19
52,-193,62,5,-10,14
1,-233,-5,-11,-17,-6
-40,-303,-59,10,1,17
-23,-276,-27,16,-5,26
40,-220,40,17,15,-9
41,-189,39,-26,-35,-1
-11,-283,-26,32,-47,-19
-64,-310,-41,32,-4,-16
13,-262,-10,14,0,12
44,-193,52,39,17,33
5,-239,7,-20,20,5
-35,-301,-28,4,27,-41
-19,-286,-50,-9,-17,23
50,-237,29,-22,-10,12
40,-211,43,-17,-5,-8
-3,-275,-12,-4,-9,12
-48,-302,-47,-9,-18,-5
8,-253,9,8,-14,-0
46,-219,58,4,-31,11
45,-229,11,-36,-14,37
-33,-283,-67,-13,-24,21
-53,-285,-38,-11,5,-27
9,-237,22,-26,-23,25
52,-219,34,-14,-16,9
-14,-240,-13,19,25,13
-59,-305,-51,11,8,23
-13,-294,-25,-28,9,-10
53,-208,27,-4,-9,34
14,-218,29,-14,-2,-11
-43,-279,-26,-39,12,23
-61,-306,-37,8,-14,17
0,-247,17,-2,-19,51
37,-211,47,-20,-11,-34
8,-227,0,-4,-28,-13
-40,-290,-53,-4,-11,-1
-26,-279,-33,-16,4,-15
28,-230,43,16,-24,31
30,-204,55,19,33,-14
-16,-310,-33,-18,-7,-2
-48,-309,-47,38,7,2
9,-264,3,20,3,-13
56,-181,55,-28,34,50
29,-238,16,-25,26,-19
-63,-306,-43,46,1,12
-19,-287,-37,21,2,13
23,-222,34,-8,13,7
54,-214,27,9,-16,-3
-35,-276,-6,-8,-14,11
-45,-309,-40,-21,28,12
16,-251,10,4,7,19
57,-209,45,-31,8,-13
28,-234,32,-14,22,-3
-40,-285,-31,11,-10,-1
-52,-284,-40,3,-17,3
31,-238,32,37,34,-22
46,-237,45,14,16,8
-10,-267,-2,-27,-7,19
-54,-297,-48,-8,-2,7
-5,-289,-33,17,-4,-9
28,-217,50,0,-26,-19
30,-236,22,1,-0,15
-55,-292,-42,1,3,1
-47,-312,-54,-32,-17,-28
13,-226,23,38,-41,19
47,-223,42,1,-5,19
-6,-256,6,4,1,7
-52,-320,-38,-5,30,-8
-17,-274,-32,19,12,9
24,-211,30,-46,14,-32
23,-217,36,42,-27,-1
-28,-284,-22,-18,-4,2
-54,-299,-58,14,2,-29
30,-245,-0,11,-1,34
44,-216,61,7,-10,21
-7,-249,7,25,-12,-41
-32,-309,-43,-31,5,13
-42,-265,-26,-16,-0,50
35,-206,26,-2,4,-17
43,-226,30,-28,-13,-13
-18,-265,-10,-19,18,47
-46,-316,-48,4,43,-13
10,-253,6,-35,-21,13
44,-197,59,-11,-5,12
10,-233,6,4,41,-15
-61,-299,-57,18,-21,33
-42,-317,-31,-15,2,11
31,-222,34,-23,-30,23
24,-224,63,30,-18,0
1,-261,-33,10,2,-23
-22,-300,-41,13,31,-15
-8,-279,-40,-44,11,11
51,-195,33,20,-2,24
35,-206,43,-8,3,-18
-39,-294,-39,-33,-39,28
-46,-308,-34,4,-9,7
27,-251,28,26,5,19
41,-201,60,16,5,11
-0,-250,-9,3,-1,9
-46,-287,-39,42,-1,-26
-9,-265,-32,-25,18,-37
43,-234,39,-31,-9,-18
14,-215,39,-36,-13,-10
-27,-290,-16,-3,19,6
-37,-305,-56,13,2,19
8,-259,-7,40,-20,-3
48,-195,56,9,-24,13
15,-257,24,-19,21,-3
-23,-295,-71,-5,-27,-16
-38,-278,-19,3,-21,-14
38,-216,19,3,17,-18
32,-227,51,4,-16,7
0,-274,-28,-10,-21,-0
-26,-303,-41,25,9,-22
1,-254,3,15,-1,9
53,-206,38,-23,4,-4
27,-251,27,-18,-27,-20
-42,-285,-40,22,5,18
-33,-287,-16,-14,9,1
8,-234,17,-13,-28,45
42,-194,55,35,-36,-6
-8,-268,-9,24,-31,-22
-54,-303,-64,-20,-0,-24
-4,-263,-22,-11,-42,1
34,-239,44,6,-16,-22
41,-240,27,11,-21,11
-39,-293,-22,24,-18,-36
-31,-288,-34,10,-31,35
32,-244,31,4,-12,24
38,-208,59,33,-32,12
11,-256,27,16,-28,-26
-36,-314,-62,21,29,-23
2,-279,-30,20,41,17
29,-209,44,6,3,-16
37,-227,26,24,-37,-7
-54,-273,-26,-15,-40,0
-43,-300,-44,-19,37,-22
-1,-229,29,14,37,28
39,-210,52,-31,6,18
10,-241,-6,-11,-5,-17
-51,-306,-55,-3,10,5
-34,-266,-26,-3,11,37
39,-213,31,31,10,24
25,-221,51,-14,29,-26
-25,-272,-25,37,18,15
-38,-317,-38,22,-15,23
-2,-236,8,1,-22,-20
57,-218,54,20,-19,4
24,-242,13,5,-19,-20
-48,-304,-63,63,-2,7
-32,-281,-32,15,7,52
30,-229,27,-18,13,15
44,-212,38,-11,-4,-11
-19,-263,-15,46,9,2
-46,-318,-44,-19,-56,8
-1,-266,1,19,28,-23
37,-213,49,18,-26,-28
35,-237,32,12,1,-2
-42,-310,-32,1,-22,2
-35,-287,-21,-29,-3,37
15,-245,34,18,45,-2
57,-194,40,28,19,-24
-1,-239,-22,15,-19,-25
-36,-294,-58,-4,-24,42
-23,-270,-6,5,-8,6
40,-215,28,-5,16,-17
32,-218,46,-6,26,5
-32,-284,-17,44,40,6
-33,-306,-49,-14,7,1
-9,-239,-2,4,-53,4
51,-210,48,-29,-6,15
13,-252,2,-20,-13,25
-51,-279,-48,-13,-20,28
-29,-290,-20,34,8,-12
42,-204,27,-2,13,-14
28,-224,36,-37,-5,19
-31,-262,-31,4,3,37
-40,-305,-39,-19,4,2
22,-269,-6,13,-19,-15
47,-200,46,34,22,-5
8,-240,22,-5,2,6
-43,-275,-71,0,12,-25
-28,-284,-50,-2,-9,22
27,-217,19,12,22,-25
41,-213,57,-14,18,14
-15,-264,-19,13,1,16
-54,-305,-54,1,-32,-15
-21,-261,-8,23,2,-4
33,-195,46,-17,-31,21
22,-230,25,46,-32,0
-18,-308,-61,24,-5,-8
-37,-296,-20,7,-11,13
37,-230,25,-7,-9,-3
56,-214,42,-16,-17,24
4,-255,-2,12,-1,6
-42,-302,-37,8,-1,42
-21,-271,-8,10,-1,14
54,-211,53,1,-10,-2
24,-199,26,29,-0,-20
-36,-288,-57,14,-25,4
-53,-286,-33,-0,-18,11
9,-246,10,18,2,-37
35,-212,70,5,10,3
5,-260,-13,8,18,-47
-61,-292,-54,-7,-2,12
-28,-296,-24,-17,-4,3
38,-216,41,4,3,-7
34,-217,40,-38,-12,10
-11,-284,-18,20,-20,11
-46,-296,-38,-30,39,-1
-10,-253,-4,-13,-11,4
44,-219,53,-8,-6,-24
-21,-262,27,4,10,-16
-35,-304,-45,-25,-16,0
-32,-283,-44,-8,-46,24
39,-228,35,9,4,21
44,-194,35,-19,5,35
-19,-269,9,18,-18,35
-49,-305,-40,-15,-5,9
-13,-242,-7,0,14,-11
43,-200,54,-18,-25,-13
7,-237,27,34,-28,6
-47,-282,-52,8,12,-4
-43,-307,-47,3,8,8
15,-219,8,9,-13,-4
49,-210,65,8,-24,-15
-9,-282,-1,10,11,16
-44,-305,-55,19,-23,51
1,-275,-18,-13,-27,-17
35,-228,15,-7,29,39
24,-227,31,24,-15,-12
-39,-288,-32,11,-57,13
-45,-294,-46,-17,-31,-27
4,-248,16,15,28,-7
55,-191,43,-32,34,-13
-4,-261,5,-11,4,-6
-49,-293,-54,-7,-5,34
-20,-275,-22,9,-34,24
29,-208,42,-27,-28,-33
17,-213,49,-19,-35,-1
-25,-266,-22,-2,-0,-13
-37,-300,-71,11,-6,-8
26,-242,5,15,-5,-23
46,-163,45,-11,-3,30
-0,-238,11,-5,36,-7
-48,-297,-46,-17,16,14
-35,-274,-41,1,-41,11
35,-235,28,36,-7,-2
20,-214,41,-6,1,-3
-25,-264,-5,-41,37,-9
-53,-299,-52,-28,21,-27
-7,-247,-15,-17,-4,-12
59,-215,29,34,-7,-18
24,-256,25,17,34,5
-62,-303,-40,-1,30,2
-38,-289,-31,31,4,-29
28,-231,46,0,-10,-3
50,-218,61,7,-13,-15
-11,-262,-10,-2,26,3
-43,-308,-44,17,4,12
-10,-253,-16,25,5,-25
62,-202,33,-12,35,-24
32,-230,25,15,-3,-6
-35,-292,-41,11,28,10
-28,-289,-34,-1,4,10
39,-228,21,-17,-41,8
47,-200,59,17,12,23
1,-260,10,-3,1,-20
-49,-303,-55,-15,16,-2
-12,-278,-18,-4,7,5
35,-210,59,-29,10,8
48,-219,25,17,31,-18
-23,-271,-44,32,-1,-17
-62,-293,-61,-5,2,19
20,-246,8,-23,-14,9
63,-191,53,-41,-2,-41
-1,-247,10,25,6,-11
-58,-306,-48,18,6,-2
-26,-276,-31,23,46,13
48,-225,27,-17,-5,-16
53,-222,42,-23,-7,12
-0,-274,-26,2,-27,1
-48,-315,-45,-35,11,5
-4,-250,-5,-31,-8,-2
52,-202,63,7,-5,13
6,-211,24,7,-14,-1
-59,-276,-50,37,-20,11
-38,-290,-28,18,4,33
15,-241,34,-14,6,11
33,-207,38,-3,-4,20
1,-258,-13,-32,1,14
-48,-298,-58,23,28,-9
3,-272,-5,3,-30,-13
33,-211,39,-11,-10,22
14,-223,29,6,37,16
-42,-299,-48,-4,-14,3
-34,-304,-38,-9,-13,23
12,-252,19,-47,-31,12
43,-220,61,-0,-30,-24
18,-263,-15,13,3,-17
-36,-314,-56,16,-6,12
-33,-268,-14,27,9,-4
58,-219,56,-4,-2,-3
25,-223,16,15,-22,-16
-26,-298,-26,19,-9,-5
-50,-307,-56,-45,0,-1
-4,-241,1,2,10,-3
43,-209,38,20,-17,-8
-16,-239,21,1,5,-2
-59,-296,-37,-17,-27,9
-33,-292,-6,35,-4,15
58,-222,20,5,10,24
51,-220,36,1,20,11
-1,-256,-11,-8,-20,-30
-54,-313,-57,24,16,0
9,-260,6,13,-4,-7
53,-214,45,23,9,31
21,-233,27,-24,-3,-10
-54,-294,-45,21,23,-25
-37,-294,-42,3,-21,12
44,-236,10,17,-30,27
65,-212,34,4,-4,-25
-11,-262,-12,-40,-2,8
-77,-297,-42,4,-2,-7
-22,-258,-31,-30,38,-40
50,-192,48,-54,-12,-3
2,-208,22,1,-22,-24
-55,-295,-43,-25,21,18
-26,-284,-45,44,-1,2
29,-238,18,10,-6,-35
60,-202,45,1,5,-23
-1,-271,-6,-23,12,1
-35,-318,-50,-24,30,11
-6,-252,-27,-39,-14,15
49,-225,32,-18,61,-13
26,-229,58,10,3,-1
-36,-298,-50,17,11,7
-39,-296,-62,17,-15,-12
15,-235,36,-17,-17,-3
49,-229,43,-5,-19,-20
-0,-252,-0,7,-28,5
-46,-305,-49,-2,33,2
-15,-272,-35,17,-16,-21
45,-213,35,21,42,11
43,-205,47,15,-5,15
-27,-281,-24,3,-5,-0
-54,-320,-39,-3,12,-5
-2,-252,4,-24,-5,-20
57,-199,54,-3,-19,-6
17,-234,26,8,10,-1
-51,-307,-22,14,-6,8
-39,-306,-38,22,34,3
42,-229,31,-2,20,-41
21,-201,53,6,8,12
-30,-263,-17,0,0,-9
-43,-308,-44,-2,-1,33
-12,-282,-18,20,-1,7
43,-227,47,-6,18,-32
41,-225,9,-10,11,-32
-41,-282,-24,-5,-16,-28
-25,-295,-18,-21,-15,12
39,-229,20,-16,9,-3
56,-199,58,8,18,9
0,-259,-12,-14,23,-24
-55,-306,-33,9,-13,5
-15,-258,-14,32,-37,7
36,-208,45,-27,-16,3
29,-225,31,-15,2,-2
-34,-273,-23,5,15,-11
-44,-302,-51,12,-15,13
7,-228,18,11,-4,-3
42,-194,40,9,40,-1
27,-251,0,-7,-19,5
-43,-317,-53,15,5,-1
-19,-297,-26,-22,-13,2
45,-232,38,-39,48,7
25,-206,32,18,-10,12
-35,-262,-36,-15,23,5
-55,-316,-54,-22,-10,18
23,-249,0,-11,-52,-20
47,-206,51,-17,10,8
15,-248,8,-50,10,32
-61,-307,-37,-5,47,-15
-39,-274,-45,2,-42,-37
46,-238,31,-30,-28,12
40,-200,22,22,-1,-6
-23,-291,-26,29,-8,-22
-44,-297,-51,-5,3,21
2,-280,4,11,18,-26
52,-194,53,-18,-22,-20
20,-245,27,-9,-2,9
-43,-294,-34,4,-30,13
-32,-299,-47,-23,-2,-8
25,-217,34,6,-3,18
70,-219,30,9,-1,-24
-17,-269,-11,17,19,-17
-52,-297,-46,-9,-18,32
-6,-277,4,13,8,34
41,-213,28,15,39,-28
20,-227,40,8,5,9
-35,-293,-42,-3,33,-18
-45,-289,-65,-13,-6,16
5,-231,27,-13,0,-20
39,-219,42,36,-6,21
-11,-259,1,-4,10,21
-41,-302,-45,19,28,10
-21,-270,-28,10,29,19
34,-240,26,11,-15,-23
50,-230,33,26,-27,3
-10,-285,-40,11,-4,-10
-42,-300,-50,5,-27,-29
-7,-250,12,-3,-4,29
56,-213,59,28,-32,36
19,-237,12,-16,15,15
-38,-305,-36,-46,15,2
-27,-301,-25,4,12,20
31,-221,39,13,45,4
63,-209,37,7,6,39
-22,-261,-18,12,-14,14
-37,-301,-39,-36,28,26
-5,-265,17,-9,6,-48
62,-208,50,26,20,14
-5,-259,9,-27,6,16
-44,-309,-48,10,52,5
-35,-283,-25,-34,-39,10
14,-226,33,18,25,21
60,-185,59,31,-13,1
-21,-249,-18,-26,-15,6
-54,-314,-54,-24,-3,18
-16,-258,1,-10,-54,30
35,-185,39,14,-3,-3
20,-242,45,14,-5,10
-42,-295,-34,14,13,3
-46,-298,-66,20,-20,27
20,-241,19,12,14,-24
45,-205,56,-13,9,-21
19,-271,-19,20,9,26
-48,-310,-56,-9,32,34
-22,-275,-13,-50,-10,12
41,-242,38,2,-3,-2
29,-227,36,-23,-9,0
-42,-274,-31,19,5,-18
-19,-293,-38,-10,-23,14
16,-237,-14,25,2,0
39,-196,48,-1,-12,-16
34,-252,15,15,29,-5
-36,-300,-55,1,24,-4
-39,-297,-32,13,-3,17
43,-221,68,25,37,-17
31,-203,45,12,-46,26
-16,-282,-25,-2,-35,-41
-54,-299,-38,-19,6,-14
20,-262,11,-17,-14,-46
41,-201,60,-6,10,-31
12,-235,11,6,-13,27
-56,-305,-54,-15,6,-21
-39,-280,-36,-19,12,2
41,-211,48,-4,6,15
38,-213,51,-20,9,-27
-8,-268,-26,9,38,-4
-56,-305,-63,64,-0,7
-1,-276,8,17,-27,-7
30,-220,67,-3,-22,-16
26,-245,35,16,3,19
-53,-305,-25,8,1,16
-50,-280,-25,-29,4,-3
13,-236,24,9,-3,-16
26,-194,67,2,-10,-12
-12,-260,9,26,-33,-12
-37,-294,-40,-1,22,-19
-20,-270,-16,5,8,-11
38,-207,47,-8,31,21
34,-209,38,15,1,14
-31,-299,-41,-10,-41,-8
-48,-284,-38,20,4,6
12,-244,18,1,23,9
37,-211,49,10,5,43
5,-241,14,6,1,7
-52,-298,-47,-11,-8,12
-36,-277,-32,-9,-5,-10
49,-234,36,12,26,45
29,-228,50,-3,-46,-6
-33,-296,-40,-2,-10,-8
-40,-311,-63,-7,-6,38
9,-250,15,-23,-7,33
55,-213,53,32,17,6
22,-248,9,18,45,1
-72,-292,-45,-19,7,12
-31,-279,-31,42,2,-8
30,-219,21,-32,-7,2
22,-218,38,14,25,-3
-17,-273,-18,-25,9,-20
-48,-301,-51,-5,-15,18
-4,-239,-20,-23,-4,20
53,-196,53,-18,-3,14
24,-250,17,-17,4,-2
-23,-281,-42,-5,-6,-7
-38,-293,-8,-15,7,-10
12,-230,14,-7,-3,25
45,-225,51,37,7,12
-4,-267,-18,-18,14,-32
-64,-303,-32,12,2,-40
-25,-261,-10,-38,-30,13
50,-218,51,-1,7,-9
40,-238,26,-11,-35,3
-43,-293,-27,13,-2,-32
-44,-299,-50,25,5,26
15,-241,2,14,17,7
28,-203,55,2,25,-11
5,-269,-14,-33,3,-4
-53,-309,-45,-32,-12,-43
-10,-282,-26,-6,-8,13
45,-226,27,15,-40,-8
37,-233,53,-23,-3,2
-27,-269,-31,-8,-0,6
-46,-306,-40,-10,-17,21
-6,-249,6,-27,-15,0
65,-209,60,35,11,-15
12,-243,11,-30,44,12
-52,-309,-38,9,-10,7
-20,-290,-24,-20,16,3
37,-216,38,-7,-20,14
58,-204,34,-42,-30,10
-19,-270,-28,-11,7,-12
-46,-302,-44,11,-2,18
-29,-264,4,-7,-18,-53
53,-196,47,-18,11,39
19,-232,32,6,-7,-32
-34,-296,-53,8,33,-29
-26,-282,-42,3,13,-5
20,-220,35,18,-7,-19
31,-226,38,-8,25,-31
-22,-262,-2,6,-41,28
-49,-287,-43,15,-46,21
-17,-255,-3,-8,-8,-14
38,-205,42,-17,1,-35
35,-230,30,30,-2,-18
-35,-296,-34,-26,-2,36
-49,-309,-44,-11,11,1
7,-236,9,16,12,7
35,-198,50,-16,3,3
-10,-236,9,-22,29,16
-49,-304,-47,6,-27,-6
-15,-286,-31,2,-14,-10
26,-208,36,27,-3,8
28,-229,33,-33,-29,-7
-35,-277,-21,8,-14,20
-53,-301,-47,-2,2,27
1,-253,-2,21,-2,-33
58,-203,50,5,-9,0
1,-244,14,-7,16,-7
-45,-309,-45,-19,23,10
-32,-287,-37,-4,24,-31
21,-229,35,-6,12,-27
41,-221,46,17,21,6
-16,-273,-17,-12,16,-1
-36,-296,-39,-13,5,-1
-6,-244,-11,32,-4,-21
51,-188,50,11,20,7
22,-240,13,45,22,-11
-37,-291,-44,21,-8,26
-16,-306,-32,-2,-23,-9
42,-224,34,21,-2,-29
37,-203,40,34,5,14
-8,-234,-18,-14,-6,-0
-50,-319,-35,7,-7,20
14,-265,-6,-27,-25,-7
46,-221,52,16,-2,6
32,-212,26,-1,-3,-2
-35,-279,-32,36,-23,-18
-42,-308,-30,31,2,47
13,-224,23,-3,-6,-17
49,-207,54,21,14,-11
0,-267,1,-41,-23,17
-52,-305,-33,-0,-5,30
-13,-278,-5,29,2,-15
42,-215,28,30,12,22
29,-231,34,-4,39,-16
-39,-278,-36,35,8,-20
-64,-306,-65,4,-21,-5
1,-245,19,-33,21,13
42,-204,60,0,12,-42
8,-255,15,-0,-6,12
-49,-302,-43,8,-11,11
-27,-274,-31,13,-7,-30
26,-214,40,35,12,33
38,-211,50,-22,-5,2
-14,-279,-16,8,-3,-21
-35,-317,-46,37,-3,-46
-1,-259,-16,-32,19,1
60,-198,48,6,15,-9
28,-227,20,2,-22,-51
-46,-290,-50,15,-12,-42
-34,-290,-28,-2,20,-5
26,-220,25,-8,19,15
46,-206,43,-24,3,15
-27,-277,8,-9,8,-15
-27,-298,-41,-11,-8,6
2,-277,-3,-8,-10,-15
36,-214,52,-49,19,-7
21,-228,22,-10,6,31
-27,-268,-34,-13,13,16
-46,-278,-42,1,-30,-13
9,-251,25,-26,15,-20
61,-196,55,-14,-11,-8
12,-251,-13,21,16,4
-34,-289,-56,7,1,-25
-8,-287,-32,-15,-26,-28
35,-189,51,-18,2,-21
19,-208,28,-9,25,24
-24,-274,-25,-7,-16,8
-48,-300,-44,-22,-3,3
2,-248,8,-10,4,-16
43,-217,43,-28,-7,-10
12,-256,-9,-3,-31,-8
-41,-280,-35,-0,-14,-13
-24,-297,-32,-3,-19,-18
59,-233,44,41,-30,-25
47,-221,31,-41,-13,-15
-16,-261,-18,4,-25,37
-69,-299,-53,-11,-2,-16
3,-247,-5,-16,32,2
51,-203,49,-25,-2,17
17,-233,18,15,4,26
-55,-304,-36,-18,-8,-7
-42,-277,-28,15,5,-19
33,-209,33,1,-0,11
46,-227,38,-12,34,5
-23,-278,-15,-2,-10,1
-48,-296,-58,19,-15,-0
-15,-285,-13,-0,-51,-30
49,-207,37,-10,32,30
14,-224,27,-26,12,19
-43,-286,-29,3,12,17
-40,-292,-23,6,-8,20
23,-233,-0,10,1,-6
42,-206,45,17,26,10
22,-265,-19,-44,8,6
-50,-310,-48,12,-1,-2
-15,-271,-26,14,6,3
19,-194,57,-47,12,-28
32,-209,30,-10,21,-22
-40,-287,-33,-7,3,-16
-52,-300,-33,26,-6,-45
25,-239,9,-22,-24,-25
59,-190,50,-2,4,10
16,-234,3,3,-49,-3
-40,-308,-62,3,-4,16
-5,-288,-28,9,29,9
35,-235,44,11,24,37
30,-244,35,45,-18,-50
-24,-273,-14,28,-35,-1
-62,-300,-46,23,8,8
2,-239,26,21,-41,-30
23,-192,37,4,29,25
21,-253,10,-1,-4,-30
-61,-304,-38,8,-26,15
-29,-276,-40,-13,3,-36
45,-226,32,-9,-2,-19
40,-213,53,-5,34,4
-25,-261,-5,4,-14,-38
-63,-313,-48,-7,-8,-4
2,-259,1,16,-20,-1
57,-202,38,13,10,-28
12,-227,38,-32,23,26
-25,-290,-27,22,-13,-11
-29,-302,-23,-3,11,-8
21,-229,20,-7,-18,-6
36,-226,62,-25,-20,2
1,-253,-10,-20,2,-17
-60,-301,-63,34,41,-15
-23,-264,-17,18,-14,59
50,-199,39,36,4,12
26,-227,19,30,3,-16
-42,-296,-35,-40,18,18
-74,-289,-35,-6,-17,-14
21,-260,27,12,-12,-5
42,-212,46,9,-10,23
-16,-231,12,-24,-24,-9
-31,-300,-62,-10,-14,0
-30,-269,-31,-20,-1,-5
37,-223,43,-11,-17,-3
36,-221,39,2,-2,-12
-20,-277,-34,4,-5,3
-49,-317,-32,7,-10,-24
6,-247,18,3,26,6
47,-210,55,4,24,-23
-9,-242,11,-20,-14,-16
-56,-285,-34,-19,-3,4
-47,-284,-28,8,-7,-13
48,-212,35,9,-5,-24
52,-218,52,-1,7,13
-11,-275,-13,-3,-12,2
-49,-310,-38,8,-17,23
4,-238,-16,-2,25,-11
37,-214,66,-27,-4,-9
15,-260,11,6,5,19
-32,-285,-54,16,-38,8
-36,-306,-30,1,-21,14
19,-223,27,-5,-21,-19
45,-208,62,44,-9,21
-0,-258,-2,-14,1,12
-69,-311,-45,-10,-19,20
-21,-268,-4,11,-12,9
39,-217,61,-4,21,-12
36,-218,33,-19,17,3
-33,-278,-33,-8,11,-27
-41,-296,-45,19,-36,-23
-13,-231,24,-1,8,-27
61,-211,48,67,22,9
-5,-256,-0,26,28,1
-52,-307,-31,-12,19,-10
-19,-275,-13,8,44,-51
36,-209,42,2,-19,-37
15,-226,58,-9,17,-15
-32,-277,-26,-24,-29,8
-40,-326,-33,-18,-10,14
20,-243,5,-24,-9,29
45,-216,31,-11,1,-0
21,-247,25,-0,-24,15
-46,-315,-49,12,8,5
-40,-283,-33,22,1,27
30,-224,28,3,3,20
40,-212,48,35,32,12
-36,-282,-13,-7,-42,-5
-37,-291,-49,-13,12,25
-12,-245,-6,-6,-33,-1
57,-215,65,19,-32,-1
22,-236,9,-8,30,-43
-40,-281,-26,34,15,6
-34,-291,-34,-34,-4,-42
37,-218,12,-6,-15,39
85,-214,38,-21,-9,-7
-5,-260,1,-18,-32,-0
-63,-302,-57,-34,23,-13
-13,-279,-15,-10,-9,-16
31,-212,48,10,-9,1
28,-237,22,-33,45,42
-26,-300,-34,-3,-9,-38
-43,-304,-49,32,25,-7
6,-234,33,21,-41,-7
31,-212,46,7,45,-1
-10,-258,5,-28,18,3
-38,-295,-56,-24,-19,-9
-4,-275,-33,18,-9,-34
52,-230,60,22,-40,-28
20,-235,28,-34,20,-16
-25,-292,-32,-19,11,20
-54,-290,-44,-25,-9,-34
2,-252,14,24,-5,-4
57,-216,49,-23,-2,-11
13,-246,9,9,-11,30
-31,-323,-54,10,-13,37
-44,-281,-29,-27,-6,21
37,-224,38,-9,14,-44
38,-218,37,-16,3,-3
-20,-298,-36,-6,-39,18
-37,-304,-55,-26,46,-12
-3,-240,3,-10,12,5
52,-216,31,-9,-20,10
11,-242,28,4,-16,-10
-39,-286,-28,32,16,-12
-30,-291,-43,-16,-2,-37
21,-227,30,-16,-37,11
46,-208,43,-10,15,-2
-12,-265,-9,6,-23,-13
-64,-307,-44,-22,8,14
0,-257,-18,-20,22,34
39,-216,48,10,-23,19
24,-214,41,15,-7,-9
-34,-284,-55,3,15,-10
-16,-287,-30,-18,-48,-17
18,-236,29,3,-31,15
53,-214,38,7,-13,11
-12,-248,0,4,-9,-14
-46,-298,-63,-18,7,-32
-3,-265,2,8,-10,6
51,-220,35,16,-1,-10
38,-222,35,-20,-5,-16
-42,-284,-41,-9,24,-9
-50,-307,-45,6,9,13
2,-233,21,14,-10,-20
68,-211,42,30,-25,30
-1,-241,21,7,-15,-11
-43,-325,-43,-20,-7,9
-16,-279,-33,46,-26,16
40,-228,32,-25,-32,-6
38,-199,34,-29,15,-14
-19,-279,-6,-51,-23,6
-41,-312,-55,16,-48,50
-3,-231,-4,-26,20,7
42,-212,50,61,15,-6
16,-251,20,14,14,-3
-44,-288,-49,-5,-19,-31
-24,-282,-26,5,-6,-12
40,-222,38,11,-6,-6
33,-221,43,18,28,-49
-20,-271,-4,-0,7,30
-46,-282,-40,-10,29,-6
-26,-263,-19,51,-29,42
32,-199,51,-1,-10,28
20,-233,42,-12,-16,15
-45,-272,-18,8,24,14
-44,-311,-34,-21,-12,-1
31,-235,31,-5,-1,-5
44,-207,55,32,6,-10
10,-257,-1,-4,-17,51
-45,-310,-37,-5,-15,-34
-17,-272,-9,18,3,19
32,-217,49,18,15,-9
37,-236,21,-47,-6,-31
-32,-275,-41,-19,-11,-6
-56,-297,-45,-10,-20,-10
13,-229,22,-12,0,-7
44,-203,49,-13,2,-12
8,-248,-4,-35,-6,-12
-39,-293,-47,17,20,-14
-31,-276,-28,-35,42,-5
52,-247,47,-10,-27,-28
41,-215,54,4,-2,-8
-53,-281,-22,11,24,23
-44,-315,-56,-6,28,-8
8,-251,11,19,35,-8
64,-210,53,-10,21,31
24,-248,8,9,18,17
-52,-323,-44,10,-28,33
-25,-279,-26,-25,26,3
46,-217,34,-3,7,34
42,-225,32,18,14,-25
-21,-266,3,8,-7,10
-60,-304,-65,1,-16,-29
0,-269,-0,-10,-9,2
58,-223,34,-22,-27,-22
6,-231,26,-4,-21,6
-59,-304,-53,22,3,3
-40,-276,-17,-2,-15,31
33,-241,24,-9,6,38
54,-218,27,3,3,9
-8,-261,-2,-33,-18,21
-62,-318,-27,-2,13,-12
-12,-261,-14,33,-10,25
35,-194,61,1,-22,-31
26,-241,23,-18,-51,-9
-22,-281,-43,40,-0,16
-45,-301,-39,30,-22,-1
9,-234,28,14,-8,-10
67,-208,58,5,18,2
10,-253,12,-20,24,3
-25,-293,-55,12,-12,-14
-0,-268,-29,24,0,-3
46,-226,43,-8,11,-25
26,-228,49,-12,9,-16
-35,-276,-30,-17,55,-27
-51,-307,-52,30,-4,-3
14,-242,3,11,-15,22
62,-198,40,20,7,-0
6,-258,1,-18,-22,-12
-54,-311,-57,28,-27,-9
-32,-284,-32,-23,-28,24
56,-225,30,-31,47,-8
47,-197,35,-31,-18,5
-12,-262,-17,0,2,-7
-52,-305,-57,47,-12,-5
7,-253,-13,9,1,35
42,-216,28,-30,-2,-10
20,-248,8,18,-28,-8
-43,-294,-50,-23,-24,-28
-25,-279,-31,9,9,-2
33,-233,36,-31,37,-19
58,-206,36,-11,31,8
-22,-256,-14,3,25,-9
-43,-300,-68,-12,20,20
-29,-269,-10,-2,-6,-9
41,-195,41,-21,-22,8
21,-245,35,27,23,22
-28,-312,-34,30,8,17
-58,-281,-34,-24,-24,-13
32,-236,5,6,23,-6
48,-225,55,-8,18,3
15,-264,-5,-3,-10,-14
-44,-295,-46,-33,-17,9
-18,-273,-26,0,-17,0
43,-229,41,6,-0,33
45,-229,35,5,11,-36
-35,-300,-27,-13,-8,-49
-46,-303,-51,-8,-9,-17
16,-244,-6,2,24,-17
54,-217,48,11,22,41
6,-249,2,19,-24,-23
-50,-315,-57,32,16,1
-44,-294,-27,-15,29,-17
46,-208,38,-35,-34,-8
40,-228,40,4,2,22
-16,-284,-9,7,9,33
-66,-308,-43,-5,-21,-26
5,-271,-5,-1,-9,-9
43,-221,55,7,-7,-29
-1,-229,18,-15,9,-4
-33,-301,-46,-12,-3,21
-20,-291,-39,-16,-33,17
10,-218,15,-9,18,26
46,-217,46,-14,3,41
-32,-255,-10,-25,-8,7
-64,-310,-34,-11,-35,11
-20,-263,-8,-0,-10,-16
46,-206,53,2,-2,14
40,-210,21,-73,15,17
-48,-286,-38,14,14,-8
-50,-293,-35,35,-5,-18
18,-231,15,-9,3,19
42,-211,55,-36,-21,11
-12,-252,3,-32,-41,-31
-47,-297,-48,-14,-9,-18
-24,-270,-24,5,9,20
41,-213,40,19,40,0
17,-225,30,-12,12,8
-20,-290,-42,33,-20,0
-41,-304,-53,-22,-27,-12
19,-249,13,-46,9,18
56,-206,56,-7,24,-26
2,-246,4,9,-33,-22
-51,-291,-58,3,3,12
-19,-307,-28,-9,16,-26
23,-211,36,2,21,-8
33,-207,40,-3,-32,18
-21,-268,-30,27,6,11
-44,-309,-57,-28,11,27
1,-277,-14,14,-15,-8
59,-193,43,24,-13,-14
19,-240,29,-13,7,-19
-25,-302,-48,-5,-1,18
-29,-271,-45,12,-21,-17
8,-216,27,-23,-18,3
54,-212,22,13,10,9
-15,-272,-5,-0,20,14
-56,-307,-48,-10,-16,10
-25,-253,-3,37,-19,10
46,-206,47,2,9,-2
12,-225,27,27,1,16
-49,-298,-68,22,-27,36
-45,-304,-50,-8,27,-24
32,-238,23,20,-1,-20
59,-210,69,-13,45,-9
-3,-266,-20,21,29,0
-66,-288,-50,8,-37,-15
-11,-283,-15,27,-3,-5
51,-211,37,2,28,-34
60,-233,38,-17,15,-2
-39,-283,-34,-29,35,2
-55,-288,-59,-36,-1,-6
17,-251,21,-28,21,10
50,-210,47,12,-19,-26
-11,-236,6,-5,-38,-5
-57,-309,-51,11,-8,-3
-37,-280,-16,-9,-26,-16
49,-204,35,-16,12,21
45,-226,25,-41,2,-3
-14,-289,-34,-6,3,24
-42,-312,-46,10,19,-1
9,-251,6,32,-37,-25
57,-206,53,16,16,-24
35,-250,17,-3,22,9
-58,-271,-45,23,-5,-10
-26,-301,-14,28,-10,13
21,-209,39,-19,-53,-9
44,-203,37,22,32,41
2,-266,-19,-32,-8,-22
-47,-304,-42,-29,-20,-14
1,-257,2,5,-5,-5
39,-211,41,-26,-4,-9
9,-250,16,6,-13,12
-54,-293,-22,22,-14,6
-32,-301,-44,-12,-7,-22
26,-228,15,6,31,20
67,-202,44,-26,14,-36
-9,-245,-13,45,2,-29
-43,-305,-41,-9,8,-12
-1,-278,-9,-4,32,16
34,-207,44,21,-10,-7
41,-213,30,-2,-0,-4
-41,-292,-39,-19,-6,-8
-54,-312,-52,32,-1,-7
22,-260,21,-39,52,19
52,-193,55,-38,12,3
16,-239,13,-5,-22,2
-31,-312,-70,27,-22,15
-19,-286,-34,-34,5,-56
47,-203,46,10,8,35
35,-218,30,-14,25,3
-21,-279,-9,27,-22,-22
-51,-308,-49,6,-0,-1
11,-251,-5,-3,-34,-15
42,-191,47,-2,-21,-4
-9,-244,17,-10,1,-13
-47,-298,-37,-15,10,-10
-30,-279,-36,-22,5,-5
44,-208,10,36,15,3
37,-200,32,2,13,18
-14,-285,-16,8,5,-4
-53,-303,-44,12,-3,-5
23,-246,-14,6,40,-26
40,-189,48,-51,-12,-11
8,-236,25,26,26,-20
-29,-292,-40,4,6,-44
-39,-285,-38,5,-13,8
20,-242,31,20,-7,5
51,-196,38,-38,0,28
-5,-260,-5,21,-12,-22
-50,-298,-49,-5,-15,54
4,-264,-23,-41,7,29
21,-209,27,24,5,-20
41,-208,37,28,-16,-18
-26,-264,-31,-21,-10,-14
-35,-285,-28,-17,5,9
13,-244,23,20,6,15
60,-200,57,-13,2,-42
-3,-250,15,14,31,14
-58,-299,-25,15,-4,-12
-26,-282,-21,-19,14,14
22,-217,42,24,-11,-19
34,-217,43,40,-14,-25
-44,-285,-35,5,3,-23
-52,-312,-50,-3,10,-8
-1,-240,-2,38,-9,20
53,-189,53,-3,-1,-19
14,-232,-1,-19,-19,-17
-55,-293,-41,12,48,-4
-33,-291,-28,1,-4,3
32,-210,28,-27,2,6
43,-225,47,-7,12,23
-19,-275,3,29,-12,-3
-54,-307,-38,-22,-20,25
-1,-258,5,8,27,-13
67,-225,66,-4,18,15
18,-250,18,-8,-17,28
-21,-300,-59,37,-54,24
-46,-288,-35,0,2,-19
38,-226,14,5,9,-25
45,-214,43,21,11,-19
-15,-267,-8,-6,26,10
-45,-326,-50,-7,-16,17
-19,-271,-21,14,26,-5
55,-206,68,-44,31,-17
44,-220,28,-18,24,-4
-31,-291,-38,9,-51,14
-37,-299,-45,41,-9,-25
9,-235,17,-15,-5,-4
50,-213,40,19,-2,9
-2,-283,2,9,32,5
-58,-305,-45,11,30,11
-14,-264,-32,-30,36,57
44,-220,33,14,-13,28
33,-234,29,7,30,-18
-26,-284,-16,10,11,15
-42,-299,-47,2,-16,-4
22,-255,16,33,4,18
56,-205,66,3,8,2
7,-248,10,28,-11,-13
-65,-318,-56,-10,-2,-16
-2,-281,-24,30,-12,21
46,-235,35,-11,25,15
48,-215,47,-3,24,18
-18,-265,-18,29,11,-6
-37,-299,-49,28,-16,-41
5,-251,12,3,-0,-2
37,-217,49,-8,-4,-26
27,-219,19,-7,10,-14
-45,-306,-41,-5,-30,18
-30,-289,-54,-8,-18,-7
54,-223,24,4,11,-6
29,-205,58,-31,-16,5
-8,-268,7,-3,-26,-13
-47,-301,-44,16,10,-15
-1,-253,-22,5,18,0
31,-213,42,6,-15,-40
16,-233,28,6,-32,-10
-37,-278,-26,-9,-27,-4
-21,-299,-42,-5,-17,25
31,-246,9,-4,18,-4
49,-207,41,4,-28,7
-10,-251,-2,-1,3,-12
-39,-296,-49,53,-12,-17
-4,-283,-23,-16,4,14
44,-234,68,-12,9,2
15,-210,39,25,34,-19
-38,-300,-35,32,-8,15
-50,-299,-62,30,-18,4
7,-260,22,-17,8,11
38,-222,50,-7,28,-17
7,-244,-5,-17,16,-33
-49,-296,-51,5,-2,-17
-11,-295,-22,-24,28,1
37,-213,32,-28,45,-6
37,-222,45,53,18,-34
-23,-284,-21,-8,-15,-46
-51,-308,-57,22,12,3
9,-256,-13,-11,13,-6
33,-216,31,-17,-8,36
16,-246,5,7,17,2
-53,-301,-56,-13,-3,-5
-19,-278,-66,-10,-22,18
47,-242,30,0,7,-25
48,-213,29,29,6,45
-2,-285,-19,-23,52,-11
-51,-305,-34,14,-4,-11
-7,-265,-12,16,5,-16
48,-209,36,21,20,-8
17,-254,23,-1,-11,-23
-41,-284,-25,8,11,0
-26,-290,-45,-7,-20,-12
24,-232,17,6,-1,14
57,-221,46,12,-13,30
19,-241,7,15,12,-29
-50,-313,-48,3,37,10
-11,-277,-7,15,-12,-11
35,-219,31,-31,8,16
28,-227,18,-17,-8,7
-32,-289,-38,-13,-6,19
-48,-306,-53,17,15,-22
6,-235,6,-2,9,-34
38,-225,46,29,-8,58
1,-248,17,-12,-12,13
-50,-282,-55,-30,-21,28
-16,-270,-27,13,26,24
35,-221,41,-18,-12,-20
24,-223,69,-30,34,-23
-22,-274,-9,-31,-10,28
-28,-296,-52,16,-24,2
3,-250,15,-13,-2,22
59,-209,52,-5,35,29
13,-245,10,21,-24,0
-39,-312,-40,59,12,23
-45,-304,-34,-9,-35,-0
27,-220,37,31,-9,22
43,-198,54,6,33,20
-11,-262,-10,-16,-10,-27
-38,-301,-34,-27,-43,-18
22,-249,7,-14,-15,17
55,-205,41,18,-2,-38
22,-244,28,-14,-24,-16
-38,-299,-39,-18,5,-8
-54,-297,-23,11,34,-15
29,-228,23,15,-29,5
34,-199,57,3,6,13
-5,-266,8,-20,-15,11
-43,-314,-50,11,2,38
-20,-250,-8,-8,-24,43
52,-213,32,-10,48,4
35,-225,42,-11,8,22
-23,-299,-33,-18,9,7
-36,-304,-49,-1,38,-22
-1,-232,7,-9,10,-19
44,-217,40,-18,-12,-11
17,-246,3,20,30,11
-45,-307,-53,-14,-6,33
-33,-273,-20,12,14,4
50,-230,45,21,-38,-35
34,-204,48,1,18,-13
-19,-296,-25,-20,-1,19
-26,-303,-55,12,29,4
6,-248,12,-27,21,16
58,-193,43,-37,-26,-4
7,-233,14,-1,-31,-3
-49,-304,-39,-20,10,21
-32,-286,-44,21,18,-7
38,-217,33,15,19,2
43,-210,42,16,-10,10
-20,-266,-13,-5,-1,-21
-48,-293,-46,-10,6,9
-8,-247,8,-14,12,-12
41,-232,66,-0,28,5
27,-236,31,-46,-28,10
-32,-284,-47,13,-13,-22
-24,-301,-41,-6,37,5
45,-232,45,1,13,28
49,-217,49,1,4,-29
-24,-283,-2,-33,22,27
-65,-302,-52,-10,-10,34
-5,-277,-16,12,19,14
29,-208,49,27,-44,3
47,-228,43,-1,16,-13
-29,-286,-30,-8,-16,3
-29,-289,-41,-29,-7,-12
-8,-256,7,-24,-7,-19
57,-214,64,2,3,54
2,-256,-1,13,6,-29
-44,-300,-54,5,-18,-7
-4,-291,-23,19,-33,-1
42,-216,46,-25,11,14
42,-214,40,1,-18,-22
-22,-286,-27,0,21,12
-43,-308,-37,-27,21,-27
7,-239,7,1,9,-10
52,-204,58,2,19,-1
10,-251,12,-4,1,5
-28,-292,-59,-20,-1,-44
-36,-287,-23,10,1,1
35,-222,42,-7,-14,75
35,-208,45,-7,15,-16
-7,-288,-17,9,-7,8
-59,-313,-61,-15,8,28
-4,-247,-0,-11,-21,11
54,-217,57,40,-50,-1
17,-252,20,22,8,-14
-49,-286,-55,7,32,10
-36,-297,-38,-31,-3,-19
22,-223,27,6,-6,3
63,-207,57,-18,-7,-9
-8,-252,-3,-29,-9,32
-56,-308,-57,-28,26,2
-14,-254,-7,7,1,44
61,-209,54,19,7,8
13,-225,35,-4,5,-18
-25,-284,-33,22,-9,2
-53,-293,-29,-21,29,-3
18,-232,13,50,3,4
56,-203,39,-12,11,0
20,-256,16,8,-22,3
-52,-282,-42,-15,-19,29
-25,-271,-27,2,17,20
38,-216,27,12,-7,0
42,-243,36,-2,-2,16
-9,-284,-24,-24,16,-25
-58,-297,-80,-22,27,24
-1,-267,18,12,-17,-40
49,-203,54,2,36,12
16,-248,14,11,-48,-9
-56,-311,-53,-34,-5,-23
-18,-291,-37,-16,-11,-40
41,-198,33,6,7,-12
51,-211,36,5,15,-17
-22,-290,-11,27,22,-53
-26,-318,-37,-13,26,6
12,-247,21,41,16,10
54,-199,64,-19,5,25
22,-238,23,2,17,31
-40,-296,-56,3,6,-23
-52,-281,-23,-4,27,-19
30,-208,23,-10,22,10
51,-211,51,1,1,10
17,-259,-27,25,19,-14
-63,-328,-52,4,-20,28
2,-280,-14,-8,-21,3
41,-219,51,-14,-14,-57
24,-235,23,2,-14,-25
-49,-294,-56,-28,-2,6
-37,-303,-38,-41,-41,-19
2,-228,26,-13,17,-4
38,-194,40,-27,-5,24
-3,-266,-4,-4,-23,24
-39,-302,-37,-31,-27,-7
-9,-283,5,2,-31,-23
43,-231,27,-6,7,18
44,-221,48,-8,-1,-11
-21,-275,-34,25,11,-20
-39,-314,-50,-0,20,-1
16,-243,9,-8,2,-24
50,-202,48,30,20,-14
-5,-231,3,19,26,-0
-38,-287,-44,14,25,19
-26,-288,-27,-7,29,30
38,-226,33,-5,-24,51
42,-211,49,-3,-8,-9
-2,-278,-25,-15,-3,33
-46,-305,-47,-6,-17,39
-21,-255,0,11,-1,-6
55,-214,45,53,21,-52
15,-239,14,-20,-5,18
-48,-292,-42,-41,-11,-2
-29,-275,-38,56,2,26
27,-221,29,-25,22,15
37,-213,49,7,28,-6
-25,-270,-19,11,-24,-13
-46,-307,-55,4,-11,-33
-8,-263,1,22,-12,-16
57,-193,58,-41,29,-18
22,-227,19,-5,13,40
-39,-299,-31,19,10,5
-47,-306,-36,-11,-40,-6
17,-242,20,-13,-18,1
58,-203,44,3,20,-22
7,-266,10,4,-44,34
-51,-304,-55,17,0,-9
-23,-259,-22,-23,-2,-20
40,-219,43,-6,36,-26
33,-228,51,13,19,14
-27,-305,-28,-1,18,-19
-43,-293,-42,0,-9,15
12,-235,12,28,-14,-7
39,-210,57,-9,1,-0
16,-240,8,-18,2,35
-46,-289,-44,-1,-13,-3
-28,-265,-24,-18,-6,-16
38,-224,47,-42,16,45
36,-229,45,-21,47,25
-26,-297,-19,33,9,-15
-38,-287,-59,9,21,-26
13,-241,17,-10,15,19
59,-207,40,-28,11,12
19,-236,8,-14,-17,21
-55,-283,-40,22,13,6
-31,-272,-44,2,-1,39
26,-226,0,14,-41,10
45,-212,39,2,2,-18
9,-280,-27,45,19,16
-43,-299,-45,-13,-12,-15
-1,-267,-3,-1,2,14
59,-205,48,-23,-13,26
28,-229,23,32,-38,-32
-36,-282,-32,0,-2,-10
-49,-327,-46,5,-13,21
15,-255,29,-16,-9,26
60,-227,49,13,-7,0
-17,-242,-7,-1,-30,-32
-65,-315,-54,47,6,8
-15,-281,-23,-18,15,40
62,-205,60,-46,-12,-2
40,-225,19,32,-31,-24
-33,-284,-35,19,-3,-0
-41,-304,-49,-3,-40,8
12,-248,25,-41,25,5
53,-192,30,20,2,-11
10,-240,-5,-6,-6,12
-55,-292,-51,48,26,-23
-16,-276,-16,-13,15,-33
47,-217,44,-5,15,30
36,-215,35,3,-14,27
-41,-312,-13,1,-13,-6
-56,-284,-39,-6,1,-26
5,-248,-1,9,-25,-13
45,-203,43,-18,14,2
32,-259,19,2,-23,14
-38,-306,-39,3,1,-23
-15,-290,-55,33,-24,22
39,-240,29,-6,-23,22
38,-212,45,17,35,-28
-29,-279,-23,-6,-26,-10
-67,-295,-68,24,-15,-8
2,-266,-11,7,-13,-4
48,-209,44,5,-19,-11
35,-221,2,31,-26,27
-29,-297,-45,-2,29,-5
-9,-281,-31,-3,8,30
35,-248,25,-35,-31,8
48,-206,57,28,58,9
2,-237,1,5,-11,4
-38,-287,-39,-0,-8,-7
-19,-266,-0,-23,11,-28
47,-211,37,24,-12,-12
30,-242,17,-7,15,-0
-37,-287,-41,-16,21,25
-59,-291,-40,7,6,23
14,-222,25,20,16,3
71,-200,38,11,7,6
15,-247,5,7,13,3
-66,-296,-64,-45,34,-44
-16,-272,-27,-16,37,4
28,-214,43,-22,26,27
34,-229,43,-27,-0,-27
-33,-281,-18,-21,-9,2
-66,-289,-51,1,2,40
13,-252,-1,-4,-19,-1
29,-216,57,30,-18,-46
12,-224,-1,16,-21,21
-47,-316,-51,-26,-64,28
-15,-277,-11,12,13,38
55,-221,28,-0,-27,21
30,-217,36,23,40,-4
-9,-278,-36,2,30,4
-54,-306,-54,-8,2,-14
-13,-243,3,-14,-17,29
59,-222,59,21,-3,-25
31,-230,22,-26,11,-2
-38,-299,-56,-32,9,-7
-40,-291,-40,-16,11,-10
25,-229,40,17,13,-29
57,-211,54,-2,-11,28
6,-276,-12,7,41,23
-41,-309,-66,-18,27,26
-10,-265,-7,4,16,5
48,-208,55,-2,-20,8
22,-219,45,20,-16,33
-46,-300,-39,4,-23,8
-46,-289,-38,-8,34,-13
17,-233,27,8,14,43
36,-208,37,-32,1,1
-9,-247,5,8,-5,9
-51,-296,-60,15,33,-59
-18,-268,-30,-0,-16,-7
41,-221,51,-19,4,-4
26,-243,30,-10,26,9
-31,-295,-37,-15,7,18
-50,-315,-45,-11,17,-21
10,-247,-1,4,11,10
48,-202,51,2,-8,5
4,-244,9,2,-31,8
-44,-309,-31,-16,-7,-7
-40,-281,-29,-23,8,7
36,-221,14,11,-13,22
39,-203,34,-30,-30,6
-25,-264,-11,-12,-23,8
-53,-323,-37,-0,6,-3
14,-235,13,-10,-1,-5
43,-185,41,17,-0,-5
11,-242,27,26,-16,-20
-45,-302,-39,-10,-12,11
-62,-294,-27,15,32,17
31,-256,25,-3,3,-5
45,-225,50,-6,49,-66
11,-267,-15,22,19,-16
-53,-324,-59,26,26,-25
-9,-259,-12,6,6,-13
66,-193,45,-4,3,-20
10,-228,16,24,20,-11
-37,-273,-35,-44,-60,24
-32,-304,-44,21,-17,-11
7,-238,25,7,7,38
33,-203,41,7,-7,4
6,-249,-1,1,-17,0
-61,-302,-34,23,-22,26
-9,-267,-7,-18,-26,-8
53,-212,47,-9,51,17
40,-236,25,1,49,-37
-12,-306,-20,29,33,17
-50,-305,-52,56,-12,-3
22,-248,2,-37,10,-18
65,-206,31,1,7,12
3,-250,3,-19,-3,-6
-59,-312,-57,-23,-8,-24
-23,-294,-1,-28,-39,8
27,-229,38,-23,59,-7
42,-223,29,24,26,14
-33,-282,-17,14,-8,8
-54,-294,-35,-7,32,-7
-3,-245,4,-19,-13,-24
39,-206,42,-3,4,-9
8,-255,23,8,-1,-25
-53,-300,-41,18,-12,-29
-15,-304,-42,13,-16,-2
38,-225,34,-2,27,-2
60,-209,59,31,1,-14
-8,-252,-33,0,9,6
-49,-313,-58,-6,35,-20
3,-297,-23,29,-18,-0
46,-224,38,40,-21,13
28,-211,24,41,-6,3
-20,-281,-34,-12,-1,-26
-52,-295,-37,-7,10,4
35,-232,16,13,-47,-7
47,-215,51,33,4,-13
-32,-246,-17,-11,47,-8
-53,-310,-50,-49,4,2
-15,-272,-0,-10,42,11
26,-211,51,24,-32,-19
21,-219,31,-19,-23,-0
-33,-295,-33,-1,-6,4
-46,-320,-57,10,-8,-11
29,-262,13,24,6,2
52,-197,46,-19,38,-7
5,-267,-7,-11,-23,-23
-50,-316,-49,6,21,30
-12,-277,-24,-3,4,-20
62,-203,40,6,21,15
51,-206,10,-21,-17,10
-14,-268,0,14,2,0
-48,-300,-49,2,17,-18
-16,-242,-4,-6,-15,-3
49,-210,30,-32,14,32
15,-244,7,-20,-15,-12
-57,-283,-43,-5,0,17
-49,-281,-22,5,8,24
44,-210,54,-3,-7,-16
33,-205,50,-43,-25,-31
-19,-269,1,5,-4,-10
-37,-308,-68,-11,20,-23
8,-262,-17,2,-20,20
59,-207,36,0,43,-25
25,-232,41,-25,-25,11
-26,-304,-24,5,34,-29
-56,-299,-32,42,-30,10
36,-224,27,-6,-2,28
42,-211,45,-1,3,-17
-19,-258,-16,-52,-20,56
-33,-313,-44,-34,26,32
-6,-274,-8,-35,20,-8
21,-204,39,-12,4,4
33,-228,24,-2,-28,20
-21,-301,-43,-6,-13,13
-54,-281,-40,-19,7,-10
11,-242,13,-16,7,-23
50,-219,47,-9,-5,16
13,-241,-4,33,24,27
-45,-327,-45,17,23,17
-20,-263,-26,-36,-6,19
39,-187,57,12,-7,-4
36,-224,48,5,-9,-9
-26,-280,-20,10,-16,12
-59,-309,-41,7,10,-11
17,-256,-6,8,32,-12
44,-196,31,23,18,-3
5,-253,24,26,-21,-29
-51,-292,-45,28,1,13
-22,-292,-33,-19,8,32
25,-222,40,7,12,-2
42,-215,55,-6,-8,4
-20,-268,-3,-7,-32,-7
-66,-303,-56,10,26,-14
2,-265,-2,25,-3,32
53,-199,40,18,8,16
19,-241,29,40,11,-50
-21,-308,-49,-26,-16,-33
-34,-286,-45,-7,-6,-18
37,-231,33,-30,16,-24
45,-204,52,8,-47,-15
-17,-265,-7,4,21,-1
-42,-319,-52,43,20,39
-20,-259,-4,-32,-13,23
60,-199,46,2,9,-13
23,-218,29,1,-30,-12
-40,-295,-36,31,-15,1
-45,-309,-28,4,21,8
13,-238,35,-1,-21,6
47,-202,56,-1,14,-14
27,-273,-11,5,8,-19
-53,-279,-49,5,-0,1
-12,-285,-12,41,-6,33
41,-235,52,-8,-3,28
29,-222,36,13,18,42
-11,-275,-49,-35,-8,21
-27,-285,-46,11,-21,25
3,-258,17,-0,8,18
52,-219,40,6,15,-5
5,-246,17,-27,1,-12
-33,-302,-53,5,-36,-25
-22,-267,-36,1,-38,33
36,-208,51,5,11,-24
40,-226,38,2,19,-13
-7,-254,-38,-21,4,-10
-52,-310,-33,-12,-49,29
-8,-269,5,28,-13,12
52,-203,55,-6,37,-18
8,-222,10,-10,3,-2
-38,-306,-47,8,-24,-7
-47,-303,-35,-15,-12,-16
11,-219,34,-14,4,25
48,-212,67,41,3,29
4,-268,4,-19,18,6
-56,-321,-47,-16,-33,-41
4,-276,-3,-11,9,-30
58,-219,53,31,14,3
36,-230,11,11,-27,-13
-30,-282,-40,13,-17,8
-36,-286,-47,15,-22,-2
17,-236,33,13,12,-3
59,-201,49,-9,-22,-13
15,-247,-4,5,-13,34
-69,-301,-42,51,40,-32
-23,-285,-43,-3,36,-16
45,-223,32,-4,-51,4
43,-210,46,-5,11,-5
-15,-283,-57,20,15,22
-45,-290,-56,-4,20,1
5,-247,27,5,9,-1
56,-202,49,4,7,-16
16,-263,18,-21,-18,5
-50,-311,-60,-19,-3,-23
-42,-285,-21,32,7,-8
28,-206,31,8,-26,-2
47,-215,56,52,7,14
-4,-276,-33,7,3,-17
-51,-299,-43,-36,-17,-15
21,-250,8,28,-4,-14
41,-205,56,19,26,-1
16,-236,-2,0,2,8
-32,-289,-77,-15,-5,20
-33,-288,-29,9,-27,29
10,-236,36,-27,-12,8
40,-207,32,13,-6,-3
-13,-281,-16,-29,17,-1
-54,-314,-40,12,-18,10
3,-287,9,-79,-10,-19
30,-195,53,-12,-10,-7
23,-221,33,-10,-9,11
-45,-279,-52,-2,24,14
-31,-291,-39,33,8,11
15,-246,24,2,-10,-31
48,-204,48,-15,-18,-25
-3,-242,-5,-16,-3,32
-41,-289,-49,29,26,1
-13,-270,-17,-39,-9,17
38,-219,56,7,22,10
34,-226,30,-1,44,20
-51,-288,-16,0,-22,19
-48,-290,-41,17,-22,34
20,-245,24,1,-16,-5
57,-195,45,2,-20,21
7,-234,13,-11,-42,2
-28,-292,-38,13,-6,-30
-48,-280,-15,-4,-12,30
40,-214,27,8,-8,-20
50,-210,42,9,19,-50
-22,-295,-26,-1,-40,-3
-58,-297,-43,-7,31,-4
15,-254,12,-7,3,18
59,-206,40,10,6,30
23,-243,14,-21,8,-12
-43,-309,-49,37,-8,-4
-25,-294,-22,10,-20,-1
44,-219,35,0,-8,-20
42,-227,26,-34,29,1
-0,-282,-19,6,4,-11
-60,-306,-31,-34,-12,-12
-2,-268,1,11,-33,-5
58,-212,59,30,11,-14
14,-243,18,16,-24,-5
-39,-290,-40,42,-25,3
-44,-314,-26,15,5,10
29,-222,32,16,-2,-32
52,-215,37,24,-10,-13
11,-263,-1,15,-41,-6
-43,-305,-32,-26,-7,-5
-22,-255,-19,-18,-18,-2
46,-195,51,7,30,-30
41,-207,47,-14,-18,-41
-38,-288,-31,37,-3,20
-48,-299,-34,6,21,-32
25,-241,14,-19,-8,-11
46,-207,51,21,-15,-10
15,-250,7,-21,13,-19
-40,-304,-66,-30,15,-17
-16,-285,-28,12,-18,20
44,-199,41,12,-11,6
35,-216,61,-19,-9,-1
-22,-298,-2,3,27,-15
-35,-304,-45,-24,-19,-8
-1,-260,-7,-48,18,-7
43,-207,41,22,-9,-21
14,-254,13,-15,-20,-9
-29,-283,-37,25,-36,-0
-28,-282,-35,1,-24,-4
12,-224,23,10,45,4
59,-213,46,-10,22,-29
-12,-288,-3,-1,26,51
-52,-300,-36,-1,-31,14
-4,-260,-2,-12,-14,-3
35,-205,54,11,-13,7
21,-237,20,16,2,-44
-38,-285,-57,41,13,28
-30,-299,-52,13,-39,-48
25,-231,2,24,-18,9
45,-206,45,-32,-15,-29
-1,-263,5,-40,3,1
-45,-317,-43,8,22,4
-30,-260,-2,-18,-15,14
59,-230,43,-7,-5,-19
25,-224,47,3,10,-23
-35,-294,-35,-6,-21,-23
-45,-306,-53,-4,-35,5
10,-250,11,-24,-14,-0
32,-204,46,-13,15,53
-2,-253,-3,20,-20,-11
-66,-291,-46,-11,-24,-3
-12,-292,-10,1,-53,-6
27,-212,29,-8,-43,-1
43,-231,29,-5,7,-18
-16,-300,-27,8,-7,19
-44,-308,-54,16,17,9
0,-259,9,9,33,-31
59,-202,36,3,-11,-23
18,-246,10,10,-13,-14
-41,-309,-39,-5,37,-12
-50,-279,-35,-18,28,41
29,-232,31,20,3,-1
56,-205,62,10,-15,18
-4,-267,-16,-5,-14,-5
-45,-299,-35,-24,-5,-11
8,-249,-4,-16,-16,20
51,-222,38,26,-46,-23
28,-251,9,19,2,-9
-29,-311,-43,-4,17,25
-28,-283,-45,37,-24,-21
16,-245,37,-6,-9,11
47,-214,52,-1,-26,5
-11,-271,3,16,27,-4
-50,-309,-68,10,37,-16
-9,-272,-20,-8,-9,3
35,-207,28,23,8,23
20,-228,25,13,-8,-15
-31,-284,-35,10,16,-27
-31,-292,-48,10,-29,10
-7,-237,23,21,-10,-26
57,-205,64,15,-25,30
8,-263,-6,-38,12,5
-63,-307,-62,27,-25,-1
-49,-276,-15,18,0,-35
45,-199,42,7,13,7
47,-218,38,10,-18,-17
-42,-287,-17,-26,-3,-8
-45,-313,-44,-7,-14,-22
-7,-251,-19,-4,-22,-26
40,-204,32,-25,3,-12
9,-250,18,-12,-8,-26
-51,-287,-58,-25,-21,33
-30,-275,-33,-22,10,43
43,-227,35,24,14,19
35,-203,43,3,-28,7
-32,-273,-14,-51,-11,13
-39,-304,-41,7,-18,4
-4,-256,-14,6,35,12
56,-208,49,-5,-3,8
24,-238,7,-6,-22,15
-46,-279,-35,-34,-20,29
-36,-294,-35,-45,15,31
19,-230,23,15,-7,-1
40,-216,74,3,-41,-16
-16,-275,-16,-9,20,-14
-49,-305,-52,38,-31,-11
-7,-274,-21,10,-4,37
61,-219,44,-24,0,-16
19,-215,18,9,-6,14
-44,-310,-39,-44,-21,-1
-58,-287,-37,-0,-41,7
33,-236,-3,-18,25,38
43,-212,37,-24,5,-21
1,-259,-16,11,-16,21
-54,-288,-42,22,-17,24
-12,-262,-23,7,26,20
42,-225,50,3,14,41
27,-224,42,19,-9,17
-37,-288,-30,29,-46,-8
-44,-300,-56,-17,11,10
14,-240,-1,-10,23,18
49,-209,50,11,12,9
7,-255,9,22,-26,0
-47,-302,-58,-22,-33,-5
-12,-276,-20,-7,7,-32
35,-205,59,37,-24,3
49,-232,43,-37,-1,-5
-19,-286,-14,11,-8,15
-68,-305,-47,22,-3,-1
-4,-246,-8,-4,9,-22
60,-203,36,-2,5,-14
14,-244,35,-10,8,12
-34,-300,-39,-6,26,-7
-30,-297,-19,-1,-30,22
26,-240,40,-24,-16,12
46,-232,56,22,-7,-26
-14,-255,-16,2,-9,-34
-60,-310,-54,6,-19,-5
-26,-275,-3,32,26,-4
46,-204,44,-35,-8,-2
23,-234,50,-14,-37,-27
-26,-280,-45,13,4,-15
-31,-299,-47,-17,-7,3
24,-237,19,26,8,-22
53,-208,32,-20,12,0
-1,-264,-9,-1,-16,23
-64,-317,-35,11,-1,0
-10,-269,-23,5,1,2
52,-220,52,-21,8,28
38,-224,35,15,-20,-16
-21,-265,-19,-2,-34,14
-40,-301,-33,-17,-6,-21
33,-241,6,-53,2,40
39,-200,56,-17,-2,-12
5,-243,-8,-10,-32,5
-49,-315,-49,7,4,8
-46,-262,-56,-28,-13,0
42,-226,33,20,24,-35
42,-216,30,3,-12,19
-27,-261,-24,-22,-21,-24
-63,-293,-50,20,3,2
0,-246,4,28,-24,-0
49,-198,37,3,-2,-22
20,-239,25,-5,26,8
-43,-321,-37,-28,-32,26
-10,-287,-50,13,-14,-36
19,-217,28,-1,8,-8
49,-215,45,19,-5,20
-34,-278,-27,-15,-6,9
-48,-295,-58,0,17,15
8,-256,-4,39,5,1
39,-218,37,-8,-4,-20
22,-232,34,-6,7,-29
-23,-295,-37,-34,-16,-17
-34,-299,-30,9,-13,5
11,-247,31,-33,35,29
58,-211,56,24,5,27
-3,-267,1,-33,-9,-19
-51,-309,-61,16,-41,-21
-15,-272,-9,-27,4,4
44,-214,63,15,4,-21
39,-240,17,31,-38,3
-36,-290,-12,-25,-16,-14
-25,-284,-44,-22,-4,8
23,-236,11,15,18,-1
62,-198,50,-3,-20,-30
18,-269,3,22,10,-29
-40,-301,-65,-27,6,34
-15,-279,-25,7,-2,-27
43,-212,51,-6,-42,9
33,-211,41,-41,16,31
-25,-287,-25,-14,15,-5
-58,-313,-33,-8,-27,9
-8,-246,1,-12,6,41
43,-189,46,-2,41,2
18,-244,11,19,-26,-29
-53,-307,-41,0,-26,1
-31,-300,-37,4,-11,30
38,-224,37,-8,2,-10
42,-205,36,-33,17,-20
-15,-278,-10,6,-0,29
-42,-321,-39,-30,7,-8
-1,-251,-3,-2,16,3
44,-222,43,13,-39,4
17,-239,17,-23,-6,-41
-35,-296,-45,-0,-40,-12
-48,-292,-32,-12,-28,7
39,-226,43,-20,-6,2
54,-195,44,11,-11,-19
7,-292,-22,29,-34,-14
-62,-326,-47,-4,15,9
-18,-275,-20,-15,19,-12
35,-223,36,41,23,26
22,-223,37,-2,-20,-5
-26,-314,-32,18,10,-27
-65,-293,-32,-6,15,21
17,-249,25,-7,3,20
40,-200,50,-20,12,26
-20,-249,18,-24,4,-28
-30,-300,-51,-16,28,21
-11,-248,-31,1,2,-4
46,-218,36,28,5,2
41,-219,29,-5,21,13
-23,-282,-19,45,-33,34
-35,-288,-41,9,53,-5
-5,-253,-18,-14,-7,10
33,-208,37,-34,-4,-5
11,-256,1,-7,8,-24
-42,-306,-29,-3,-44,-10
-25,-281,-13,-15,-6,9
21,-216,37,-25,-3,-18
49,-197,37,-37,10,34
-20,-274,-31,-16,-31,5
