25,-239,0,-145,36,-66
23,-142,0,-121,5,219
36,-228,0,284,32,80
71,-162,0,130,-43,48
51,-148,0,154,-476,395
-42,-96,0,-16,-95,-3
69,-151,0,-285,-96,-144
33,-111,0,12,-188,-213
44,-158,0,192,200,71
122,-27,0,-52,245,-254
134,-25,0,64,-200,78
119,-10,0,-34,-72,175
116,5,0,-76,-107,342
203,-23,0,-265,-17,-167
191,-7,0,199,-102,-20
169,75,0,-242,-90,109
119,-21,0,508,226,35
79,58,0,-106,187,-32
154,9,0,-339,-52,94
209,-10,0,102,-70,13
127,94,0,278,-258,16
197,55,0,143,45,43
114,44,0,133,94,164
215,-65,0,4,-4,126
76,-44,0,-368,20,18
86,61,0,208,202,270
71,96,0,-386,-303,-150
85,32,0,-128,48,457
167,-78,0,43,-202,58
148,-5,0,-137,104,-280
136,-87,0,165,185,-22
-30,-149,0,-278,-289,-201
113,-34,0,282,304,113
127,-136,0,-224,-201,35
82,-178,0,-83,-158,-5
156,-149,0,338,-125,-138
-22,-228,0,-269,59,-174
-8,-239,0,-404,-28,-406
21,-229,0,-251,104,146
41,-216,0,48,340,-131
-15,-274,0,256,201,39
-10,-313,0,19,663,-114
-101,-319,0,201,77,7
-68,-405,0,-74,29,-315
-44,-356,0,37,240,14
-53,-440,0,237,-62,324
-82,-491,0,-19,-181,3
-149,-402,0,79,187,-68
-23,-428,0,-499,188,152
-109,-456,0,139,341,169
-147,-520,0,-216,213,-82
-183,-565,0,-27,-177,78
-29,-527,0,10,-109,134
-156,-528,0,136,-225,-174
-225,-521,0,301,-46,-59
-252,-545,0,135,-59,22
-171,-582,0,-363,35,-116
-182,-568,0,101,11,270
-179,-528,0,231,-18,310
-262,-492,0,-146,206,149
-159,-601,0,23,-417,412
-205,-555,0,-115,-37,362
-139,-590,0,46,154,-107
-74,-535,0,-35,288,-75
-191,-520,0,-3,-43,-154
-153,-447,0,160,-37,-152
-199,-492,0,9,303,-133
-170,-415,0,74,139,42
-92,-395,0,16,457,-65
-70,-477,0,-69,-28,-239
-217,-507,0,14,-153,-226
-131,-337,0,-62,154,-455
-84,-428,0,-0,581,246
-112,-326,0,-79,-622,113
-31,-383,0,27,-37,-107
59,-280,0,224,-353,237
-66,-298,0,283,-145,181
-68,-261,0,59,129,96
151,-282,0,-249,-308,232
36,-167,0,-206,-52,-75
-25,-245,0,23,165,-157
33,-190,0,-90,-161,-220
-6,-309,0,123,-9,-85
-32,-77,0,-190,14,-138
77,-86,0,-218,-305,-56
49,-88,0,-3,-105,86
7,-146,0,-148,81,-64
148,-43,0,66,287,177
122,-112,0,-3,-30,-344
153,22,0,-289,46,411
43,-48,0,-98,218,297
85,28,0,-69,-313,-210
116,101,0,-248,-150,190
195,-76,0,64,3,-261
139,-55,0,234,-146,-167
173,79,0,-43,86,-8
184,98,0,-92,-124,-35
221,-94,0,-13,114,-61
177,6,0,122,231,-63
125,17,0,-86,47,-54
94,-38,0,55,-467,-29
104,18,0,-272,99,145
134,-35,0,-183,-53,5
172,93,0,5,62,-258
123,47,0,-327,-91,82
201,-64,0,159,-136,160
131,-19,0,127,-312,365
205,-52,0,146,-22,25
90,-68,0,-143,-407,-36
154,-2,0,-385,-123,17
208,-137,0,125,-101,174
117,-141,0,-194,-58,421
85,-210,0,-399,45,156
69,-155,0,-317,-166,473
58,-235,0,421,-104,41
102,-174,0,-121,-254,245
45,-137,0,135,131,342
-7,-262,0,-8,-32,-55
66,-260,0,20,-15,108
-22,-324,0,320,-186,-74
-28,-334,0,68,583,212
-70,-399,0,-183,230,92
-3,-314,0,118,162,-197
-18,-301,0,137,-182,71
-124,-399,0,22,146,52
-143,-388,0,-46,-302,121
-83,-531,0,277,-436,9
7,-447,0,-444,-10,-16
-109,-547,0,-150,-83,4
-144,-507,0,-71,-39,-199
-89,-537,0,-216,154,140
-209,-435,0,88,56,186
-59,-392,0,-224,-126,-475
-79,-516,0,226,156,120
-105,-608,0,-132,58,-123
-67,-552,0,106,-121,452
-54,-514,0,306,36,-218
-131,-552,0,-144,23,-350
-247,-532,0,-148,-393,-500
-231,-602,0,-213,-44,104
-144,-604,0,-3,-589,100
-114,-588,0,434,345,9
-89,-549,0,-383,27,234
-101,-506,0,101,218,-314
-48,-523,0,268,-27,-358
-156,-515,0,-315,-164,-431
51,-411,0,-335,-258,55
-151,-611,0,-48,366,-86
-137,-549,0,113,21,-173
-81,-406,0,-69,253,256
-107,-410,0,-196,-25,-268
-56,-328,0,-55,-212,-351
-18,-410,0,111,-193,-92
-90,-314,0,40,518,329
-35,-340,0,-76,-55,-45
-104,-368,0,71,200,-79
-7,-271,0,142,148,-27
-1,-245,0,173,45,-134
-59,-193,0,82,-345,-221
16,-158,0,151,116,144
108,-166,0,-440,356,-7
-14,-152,0,-247,268,85
106,-60,0,0,-82,27
49,-155,0,66,16,-34
145,-23,0,-131,-13,-158
70,-108,0,237,-80,326
66,-78,0,-92,-386,-440
81,-15,0,202,191,-744
225,-85,0,-38,-180,293
217,-33,0,-58,421,-89
142,57,0,-50,19,-139
92,1,0,369,-144,280
66,107,0,-213,-184,114
147,70,0,-203,11,-372
129,127,0,-89,-129,-160
78,63,0,232,164,107
152,89,0,55,-4,159
255,101,0,7,136,-124
264,136,0,44,-18,-58
255,178,0,43,-373,-42
90,-1,0,76,-25,-245
150,26,0,-325,-34,-319
98,73,0,179,-176,-540
156,60,0,58,-150,224
124,-104,0,35,-13,-59
88,1,0,-273,124,94
181,24,0,46,-156,-382
60,-49,0,67,201,59
41,-49,0,137,235,-342
75,-68,0,31,-76,298
122,-150,0,-194,62,43
52,-35,0,147,-355,-147
97,-153,0,382,130,-14
20,-160,0,82,164,-148
-102,-214,0,186,-263,-64
27,-282,0,-102,-242,158
-1,-257,0,-82,-99,-171
-54,-338,0,55,-382,9
-71,-349,0,-172,-110,-74
-28,-267,0,28,-210,-113
26,-410,0,48,72,40
-65,-465,0,-117,71,-144
-79,-384,0,160,-17,-114
-2,-472,0,180,-174,-141
-84,-450,0,-113,19,-104
-87,-517,0,76,-13,-146
-66,-493,0,-58,-130,-177
-175,-505,0,102,-1,200
-170,-491,0,-165,-116,-24
-106,-531,0,-257,-100,-142
-119,-507,0,-89,9,310
-200,-583,0,-205,-246,-151
-120,-531,0,163,281,310
-88,-619,0,-8,-18,29
-137,-541,0,-6,64,22
-233,-568,0,63,-427,-85
-207,-453,0,111,206,-163
-104,-624,0,-279,121,330
-125,-579,0,274,363,526
-84,-527,0,85,-65,-110
-244,-530,0,127,-86,-45
-215,-519,0,-293,46,-170
-87,-541,0,-190,-175,273
-71,-508,0,50,-23,253
-70,-538,0,47,212,199
-235,-621,0,-378,-44,326
-155,-415,0,30,-176,70
-127,-371,0,309,-202,39
-74,-368,0,30,25,-245
19,-380,0,114,240,-27
36,-357,0,188,22,-19
2,-373,0,-170,-174,-151
1,-286,0,-156,-75,217
22,-303,0,-184,206,62
46,-293,0,-340,80,346
-36,-224,0,383,-78,5
17,-160,0,277,-109,276
-33,-224,0,-89,-511,239
-21,-235,0,-196,91,238
23,-217,0,131,-30,181
-77,-189,0,-17,-355,-226
10,-217,0,173,-85,307
61,-80,0,421,44,17
29,-139,0,-91,203,-59
136,-46,0,-31,133,-122
114,-36,0,378,133,-203
166,-75,0,-168,-194,95
107,30,0,479,9,30
78,86,0,-36,187,259
118,-47,0,-7,-101,152
155,-1,0,296,81,-49
100,121,0,-148,-180,-328
159,92,0,2,132,-166
96,34,0,-215,9,-33
91,6,0,113,-237,-95
242,146,0,312,39,-162
107,68,0,103,264,-50
244,55,0,279,27,95
190,-6,0,8,73,-65
127,-54,0,-64,-34,305
137,-23,0,-285,175,144
266,30,0,-2,-300,209
137,-57,0,138,99,63
121,-19,0,-4,-246,-74
192,-93,0,484,-190,-366
92,49,0,141,5,-476
120,-38,0,-329,121,5
131,-72,0,-424,25,28
32,-108,0,197,-121,59
1,-134,0,-216,-8,157
80,-70,0,150,61,147
30,-96,0,-239,358,327
130,-213,0,-413,260,351
-19,-220,0,-145,96,88
-25,-232,0,-70,190,21
-36,-325,0,40,-144,-453
-68,-260,0,-0,219,312
-53,-370,0,-170,127,-103
-4,-274,0,-169,110,-97
-39,-346,0,-125,59,-257
-89,-324,0,228,-57,-56
-175,-438,0,217,80,-64
-117,-476,0,208,231,81
-96,-402,0,255,81,40
-24,-467,0,-470,394,-1
-95,-452,0,-424,476,-91
-28,-471,0,83,86,-193
-137,-535,0,1,-41,-236
-131,-496,0,85,-188,160
-69,-519,0,478,-41,-91
-48,-592,0,242,-52,-35
-180,-557,0,349,-157,-135
-149,-617,0,-224,62,96
-154,-541,0,-191,-9,-193
-145,-440,0,494,2,-10
-168,-584,0,-438,-19,351
-138,-588,0,34,596,-291
-168,-577,0,-92,-268,-21
-158,-553,0,-45,46,177
-181,-527,0,-448,14,7
-90,-472,0,-226,246,-59
-174,-457,0,-249,-153,71
-118,-494,0,265,-153,383
-111,-379,0,171,-168,-137
-141,-523,0,77,-11,198
-68,-467,0,-26,28,136
-47,-527,0,34,-124,74
-95,-398,0,256,-5,-5
-44,-292,0,-35,-169,168
-98,-368,0,-124,-217,40
-101,-403,0,-43,101,110
-70,-250,0,96,-202,262
31,-300,0,245,-173,-407
-32,-310,0,107,-9,-171
-5,-257,0,-49,326,-293
-74,-209,0,116,58,164
76,-220,0,-5,444,232
4,-131,0,-30,-35,-87
-5,-108,0,168,-207,19
96,-124,0,-223,117,405
125,-126,0,-53,-181,185
51,-75,0,-128,-289,-24
38,-141,0,-196,288,21
178,85,0,19,-130,-212
175,-33,0,-127,-12,-1
73,-27,0,-222,-163,-244
105,22,0,323,-79,-37
176,46,0,-70,243,-474
126,-1,0,-82,-269,-119
158,-17,0,32,110,41
95,-46,0,303,-48,49
235,53,0,-204,4,82
74,-29,0,-109,-44,358
145,52,0,204,-390,238
162,127,0,49,238,138
87,-2,0,-154,132,96
162,85,0,-121,-201,-308
123,62,0,355,-228,134
204,37,0,115,-227,132
210,-72,0,-131,-51,17
94,-37,0,220,30,-228
125,-48,0,49,371,286
62,-26,0,46,133,346
61,-18,0,-115,-241,-302
135,-181,0,33,363,132
80,-157,0,-26,91,-242
4,-71,0,-175,-202,82
35,-137,0,-336,326,-59
-13,-96,0,210,172,-117
68,-126,0,437,44,53
47,-158,0,-233,346,-94
27,-248,0,-43,119,130
3,-166,0,-89,-67,235
-10,-273,0,18,-144,-272
31,-258,0,-191,-283,-355
-75,-236,0,145,-296,171
-114,-328,0,-147,454,-313
43,-365,0,31,-142,-243
-109,-338,0,30,274,289
-116,-505,0,480,92,10
-101,-401,0,-38,132,365
-90,-382,0,-54,130,73
-81,-517,0,130,-12,8
-116,-514,0,-232,-28,24
-93,-482,0,213,122,227
-33,-438,0,-173,-101,-189
-79,-492,0,327,-219,110
-127,-604,0,86,255,112
-170,-449,0,92,212,-6
-239,-562,0,-206,326,-97
-104,-553,0,-204,-133,129
-128,-540,0,-82,-288,-4
-227,-445,0,-213,61,-74
9,-552,0,50,117,-82
-141,-538,0,-261,39,55
-177,-589,0,455,-101,-273
-177,-537,0,-297,-45,-1
-181,-478,0,-33,295,317
-119,-535,0,-359,140,55
-58,-472,0,-152,351,-129
-169,-492,0,493,-16,116
-49,-461,0,60,75,216
-202,-504,0,-49,-284,-13
-48,-436,0,-292,-19,116
-83,-419,0,-342,-156,116
-35,-382,0,199,-365,185
-28,-470,0,-147,296,-362
-83,-470,0,-156,-207,-140
-17,-325,0,-143,-47,180
-49,-420,0,324,165,358
-23,-260,0,-344,-168,220
21,-346,0,318,-10,142
61,-256,0,304,-178,-220
-50,-197,0,-164,292,-501
-36,-93,0,-88,-45,-157
36,-139,0,-495,360,-111
4,-92,0,31,67,-80
26,-142,0,-26,117,-50
91,-106,0,-514,-344,-80
52,-100,0,-169,-8,23
51,-45,0,138,-151,316
44,-50,0,178,167,-378
82,-42,0,320,-115,79
147,21,0,244,64,-34
172,48,0,-298,-214,-5
119,34,0,-307,171,-103
82,33,0,164,82,74
113,141,0,66,21,150
160,84,0,355,15,-13
197,18,0,107,68,-112
169,1,0,-118,-52,-171
158,14,0,165,-141,-296
134,87,0,226,-173,-250
167,96,0,-208,225,-85
90,34,0,-323,-81,-196
83,128,0,-133,-428,72
127,67,0,-389,130,-9
69,-58,0,-135,-154,53
164,3,0,-211,-141,-366
130,-61,0,-189,-27,-161
91,-10,0,-82,-176,-185
150,-72,0,-6,-111,-401
58,-56,0,-4,92,42
178,-18,0,423,250,-189
86,-73,0,298,25,-291
125,-80,0,223,-81,97
83,-93,0,-273,341,130
44,-172,0,-29,21,-440
87,-121,0,356,129,-40
22,-234,0,-82,44,-309
26,-208,0,269,211,238
-48,-255,0,280,-264,334
-55,-202,0,87,103,-404
-33,-384,0,138,489,72
-27,-308,0,-291,195,-293
-62,-351,0,194,77,-263
-74,-360,0,189,170,112
-86,-327,0,-164,304,19
-103,-438,0,244,381,179
-133,-453,0,-45,454,498
-139,-540,0,-2,-336,-202
-53,-454,0,280,149,92
-85,-457,0,-17,-434,-31
-140,-537,0,65,-348,223
-161,-494,0,-61,220,-200
-159,-497,0,-524,112,-170
-113,-576,0,-242,-21,-437
-102,-497,0,160,-233,11
-127,-588,0,41,190,-166
-204,-512,0,91,121,-98
-161,-530,0,169,-217,-17
-171,-695,0,321,-8,3
-103,-521,0,208,-26,73
-184,-544,0,148,239,23
-101,-594,0,-92,-160,-281
-166,-505,0,60,-405,-101
-160,-554,0,200,152,-50
-155,-504,0,28,271,430
-162,-511,0,-44,62,22
-59,-468,0,-43,86,-186
-118,-472,0,-89,375,-108
-156,-458,0,-128,-35,-86
-86,-422,0,174,-228,310
-20,-509,0,-440,177,135
-52,-405,0,-13,-148,276
-99,-357,0,196,-297,230
-41,-389,0,345,2,26
-87,-376,0,336,-285,175
25,-352,0,36,-81,-310
29,-288,0,1,132,-297
29,-240,0,-237,44,-171
7,-261,0,56,208,23
144,-232,0,-62,259,-218
44,-92,0,-321,37,276
57,-166,0,32,-164,-102
86,-172,0,415,-68,35
49,-133,0,313,7,86
63,-108,0,-255,-367,-200
76,-8,0,-298,19,84
35,-72,0,20,-4,195
106,-87,0,-46,-139,-125
159,-27,0,-90,86,97
165,-1,0,-86,52,-121
87,43,0,-65,480,-71
127,-40,0,-266,41,-119
192,39,0,405,-15,-237
178,16,0,70,-174,573
197,-53,0,-52,25,79
224,-29,0,261,85,131
146,-12,0,183,166,15
112,108,0,-178,-32,-378
168,92,0,-196,-373,-171
154,54,0,251,56,-87
142,44,0,-290,-137,-105
152,-56,0,-16,116,67
90,68,0,470,377,-51
56,5,0,220,209,273
138,36,0,-11,169,126
147,13,0,45,-64,-17
156,-27,0,-147,-285,-132
73,-87,0,13,-319,144
180,-122,0,110,-242,68
-8,-54,0,340,166,166
79,-43,0,-25,178,-154
134,-254,0,-95,152,-328
110,-135,0,147,69,-95
-12,-188,0,-256,60,-116
65,-197,0,-543,-98,-276
-34,-159,0,281,362,427
17,-201,0,236,122,141
45,-287,0,-172,95,193
11,-274,0,-435,-107,-101
-35,-366,0,-66,-194,197
56,-344,0,28,-184,65
-149,-369,0,227,-228,54
-145,-427,0,-39,69,341
-62,-504,0,-304,76,486
-107,-432,0,118,404,-2
-68,-519,0,4,-178,72
-51,-503,0,7,124,30
-143,-428,0,95,-298,-510
-82,-515,0,-340,80,-83
-145,-452,0,189,141,-176
-42,-526,0,-523,253,8
-84,-632,0,119,-153,16
-80,-493,0,281,202,-56
-257,-585,0,-33,102,198
-160,-569,0,-272,146,33
-181,-603,0,158,-203,235
-104,-449,0,96,-87,-114
-203,-526,0,-196,96,101
-69,-565,0,-113,155,-276
-56,-572,0,-238,122,239
-172,-521,0,18,-441,231
-150,-483,0,-21,40,-286
-0,-496,0,28,172,53
-162,-500,0,367,-62,-338
-114,-549,0,-119,36,555
-142,-450,0,-76,242,-91
-133,-478,0,242,15,381
-109,-435,0,29,-37,-57
-65,-449,0,-296,22,71
-31,-428,0,-161,327,-217
-92,-396,0,-85,107,-31
9,-360,0,-246,526,31
-34,-298,0,231,166,-308
-7,-252,0,189,-150,-97
-116,-346,0,266,261,-134
39,-236,0,-242,-224,-2
37,-206,0,343,-10,-182
18,-162,0,-80,-260,83
-37,-230,0,305,-118,32
24,-54,0,158,9,7
50,-118,0,-219,272,80
106,-104,0,-265,166,-141
107,-127,0,26,21,42
27,-80,0,62,287,-693
-18,-73,0,45,-263,-115
131,14,0,-88,190,-89
8,8,0,213,-94,103
119,2,0,-229,96,-124
96,-23,0,-29,75,301
179,-3,0,-90,-61,121
124,108,0,-186,85,143
143,29,0,342,87,-31
112,49,0,-206,-0,-39
119,77,0,122,-155,105
134,53,0,-74,-308,-192
57,-15,0,148,-104,155
91,121,0,462,139,19
236,89,0,305,265,-368
99,76,0,-335,-198,127
143,39,0,-183,197,84
167,-78,0,-166,-95,145
163,-33,0,122,223,393
49,8,0,-237,41,-167
183,-64,0,-25,-150,-22
123,11,0,161,104,-77
56,-95,0,-384,-292,28
148,-109,0,-403,77,-235
58,-136,0,429,184,-156
110,-121,0,162,-80,-44
47,-29,0,79,-114,-304
50,-125,0,-42,183,24
50,-133,0,242,-175,-130
6,-187,0,131,-296,-82
64,-103,0,-186,79,-100
-46,-214,0,-305,393,60
-103,-403,0,20,-166,-7
-98,-410,0,24,100,293
-11,-296,0,-169,-17,-44
1,-335,0,-241,-101,-103
-65,-300,0,-157,-117,285
2,-396,0,224,324,129
-20,-379,0,-70,-77,196
-61,-422,0,326,-168,-138
-155,-376,0,369,-161,-97
-85,-432,0,-99,-55,126
-255,-534,0,-123,29,-616
-137,-520,0,297,-232,55
-172,-500,0,228,-30,-245
-180,-465,0,161,258,-299
-158,-488,0,82,-22,-483
-116,-580,0,136,-184,-158
-92,-518,0,-31,-170,-136
-105,-574,0,14,-61,-236
-135,-559,0,-66,-147,-232
-121,-506,0,-121,233,-125
-171,-558,0,71,286,145
-58,-604,0,49,229,-142
-300,-507,0,-212,-242,91
-183,-539,0,321,230,105
-216,-560,0,23,-63,715
-246,-453,0,-114,-189,-29
-243,-439,0,-274,-14,22
-121,-422,0,204,-91,-65
-92,-514,0,-72,-192,-241
-163,-475,0,120,-55,291
-109,-451,0,19,190,-27
-114,-367,0,-85,56,237
-112,-343,0,327,-183,231
-79,-405,0,-171,-317,-96
-7,-377,0,-166,-265,-15
-113,-339,0,-179,142,-7
-60,-408,0,-261,-355,-41
-10,-258,0,104,-110,-11
58,-323,0,142,-135,-43
-42,-339,0,52,-124,108
6,-317,0,-162,-51,59
68,-255,0,-144,-50,-93
85,-246,0,-234,-141,287
112,-266,0,-424,165,24
58,-71,0,-42,-253,108
78,-121,0,-645,-51,-50
83,-123,0,31,327,-41
139,-111,0,108,172,-354
-27,-136,0,166,113,284
138,-95,0,120,17,-111
77,-30,0,-114,-126,55
70,-56,0,157,-17,-90
111,-38,0,320,-234,78
232,-9,0,-210,180,243
239,-4,0,37,48,-76
158,47,0,-72,-50,-155
113,-81,0,-257,-67,-93
167,61,0,-63,-26,149
191,-11,0,-219,-2,-319
165,67,0,161,145,82
211,44,0,-303,54,126
161,27,0,-48,194,-159
126,86,0,15,86,26
250,-69,0,-407,-192,-60
151,65,0,43,160,-49
150,31,0,202,69,-222
169,2,0,9,-76,199
145,-37,0,-281,-216,-182
177,-74,0,233,228,-2
12,-44,0,-79,-22,12
87,-165,0,98,239,165
45,-77,0,287,101,-398
38,-199,0,21,162,191
80,-174,0,37,0,38
62,-124,0,-187,-89,-127
110,-200,0,205,-245,-398
-57,-197,0,-326,-212,-59
39,-239,0,-149,395,-61
-48,-341,0,151,-372,-54
-96,-249,0,-208,28,-50
-21,-246,0,15,-138,61
-25,-295,0,118,7,-49
-48,-264,0,205,48,-80
-98,-272,0,234,289,-309
-126,-343,0,-181,270,-271
-60,-406,0,212,-406,-230
-185,-392,0,-376,2,476
-112,-432,0,69,134,-109
-59,-488,0,-52,98,-13
-51,-555,0,203,23,-51
-18,-574,0,-138,16,-182
-232,-492,0,-303,-214,142
-134,-516,0,-72,-304,-83
-54,-532,0,492,129,88
4,-583,0,124,215,137
-36,-541,0,9,-180,227
-61,-594,0,-144,-41,129
-239,-545,0,83,42,45
-187,-546,0,85,151,-16
-183,-600,0,-463,142,-221
-100,-662,0,-81,-126,-276
-172,-550,0,-546,-143,-36
-119,-463,0,-126,-284,145
-81,-388,0,-5,191,249
-35,-539,0,212,277,-147
-206,-516,0,123,-54,-66
-38,-553,0,71,-306,234
-145,-459,0,-9,-87,-6
-92,-405,0,-27,58,-148
-135,-411,0,144,272,-228
-117,-328,0,-130,-99,149
-38,-300,0,14,53,236
-54,-389,0,-59,88,-138
-37,-376,0,-299,428,295
-60,-287,0,-94,268,-51
-25,-298,0,109,-290,-90
59,-257,0,98,-174,-334
18,-227,0,305,154,147
16,-187,0,135,3,-254
36,-210,0,282,325,-46
9,-166,0,-112,124,-27
96,-166,0,320,-96,-246
43,-232,0,209,259,-170
45,-45,0,-111,16,-5
76,-104,0,-60,-190,91
82,8,0,22,-162,-360
154,-20,0,255,84,185
151,-34,0,98,390,259
143,-78,0,-3,-75,-51
111,-14,0,-41,143,104
148,3,0,-24,194,-211
203,-130,0,-153,135,26
82,35,0,239,-355,9
111,-64,0,-209,71,85
132,-27,0,-342,297,410
109,87,0,41,43,100
185,51,0,-11,46,-2
95,7,0,-149,161,-304
177,70,0,-162,430,192
138,67,0,-115,67,-310
133,15,0,-198,-486,53
175,-14,0,-311,-186,122
154,-34,0,-237,54,-133
151,-24,0,-133,-48,125
231,-56,0,-234,138,142
-4,-48,0,379,186,-179
52,-34,0,-211,-29,140
102,-91,0,-331,39,-138
101,-57,0,190,-195,-115
29,16,0,189,123,-102
-10,-116,0,234,-100,26
52,-199,0,-11,-99,-18
136,-181,0,305,-47,109
62,-163,0,50,-233,-465
-26,-209,0,38,3,-230
22,-272,0,-240,120,110
98,-284,0,209,12,156
-51,-169,0,-10,-14,-91
-30,-332,0,-36,169,-230
-60,-269,0,-14,-451,-20
65,-346,0,-14,-177,-32
-86,-415,0,316,-30,8
-57,-450,0,-38,-174,209
-30,-398,0,-137,80,118
-100,-504,0,249,-211,-383
-11,-403,0,-161,83,116
-149,-454,0,-55,-122,21
-51,-557,0,-168,84,-211
-97,-546,0,103,-359,13
-40,-554,0,130,123,-141
-224,-481,0,-444,49,-210
-217,-484,0,-75,3,366
-168,-532,0,-437,-9,322
-41,-597,0,-244,-261,-64
-129,-598,0,138,-63,54
-49,-514,0,-244,-28,-150
-180,-562,0,-333,-98,390
-120,-616,0,-232,-191,-194
-153,-517,0,-421,163,426
-160,-617,0,118,-51,22
-127,-625,0,482,433,-75
-135,-564,0,-156,308,-31
-150,-490,0,-129,-134,131
-89,-547,0,-170,-172,29
-68,-585,0,95,-164,57
-144,-505,0,245,-205,367
-87,-447,0,-218,39,118
4,-463,0,-227,-154,148
-110,-432,0,21,-159,173
-63,-364,0,-77,-424,261
-88,-403,0,109,-293,109
-162,-419,0,-52,-60,-116
-156,-248,0,-220,-162,-289
-52,-243,0,15,54,395
-46,-282,0,-85,-137,184
20,-224,0,-334,-167,-68
53,-234,0,-73,-90,198
45,-265,0,470,-167,-1
-5,-185,0,-142,202,34
-14,-165,0,68,190,68
103,-168,0,-413,-306,-81
75,-106,0,361,-269,-74
147,-119,0,-246,54,-40
21,-96,0,154,-422,357
54,-161,0,-148,-193,-154
151,-41,0,-35,-437,-244
108,-37,0,-166,26,124
106,-29,0,-30,57,-251
68,6,0,128,30,223
167,105,0,-83,-100,93
185,-53,0,-301,-52,246
139,157,0,-205,-57,-348
93,-26,0,-41,103,-401
179,68,0,-18,272,367
182,17,0,313,287,284
165,24,0,118,-117,-69
196,-15,0,178,-150,-71
142,12,0,81,-10,311
134,33,0,307,-102,268
237,82,0,14,92,87
97,-55,0,-25,-49,-104
138,16,0,-6,9,-191
128,23,0,136,162,94
42,94,0,104,-74,227
147,-72,0,-40,-11,-144
25,-4,0,156,202,174
105,-64,0,261,-74,-117
104,-127,0,-157,-250,238
31,-85,0,-302,322,157
173,-95,0,-169,189,78
-6,-172,0,267,-17,-199
42,-209,0,78,172,173
20,-246,0,204,-62,189
9,-191,0,-29,-173,406
-46,-252,0,-88,-124,-75
46,-207,0,340,-27,-193
-28,-253,0,-189,-92,-339
-19,-293,0,188,79,71
35,-336,0,-217,-271,-8
-91,-378,0,-252,197,233
33,-457,0,-65,-20,244
-35,-396,0,-92,-114,250
-48,-429,0,-258,-115,-176
-129,-394,0,-198,257,-27
-56,-377,0,-365,-13,-124
-158,-550,0,91,27,113
-99,-515,0,54,-362,200
-151,-470,0,-99,-352,-37
-95,-535,0,240,19,119
-183,-524,0,40,-199,193
-157,-543,0,-51,-100,237
-179,-589,0,-7,29,-172
-137,-540,0,-264,78,-214
-122,-583,0,116,-12,409
-103,-516,0,-234,-41,-62
-77,-546,0,-23,2,43
-123,-555,0,239,-0,-167
-200,-503,0,36,279,-59
-234,-563,0,-108,62,120
-164,-535,0,52,499,-194
-142,-535,0,25,369,-127
-167,-527,0,-71,103,-2
-134,-551,0,92,-36,-111
-125,-495,0,-49,-108,-77
-35,-523,0,-276,243,30
-79,-443,0,-287,-24,-54
-192,-466,0,-4,21,-10
-107,-370,0,-41,144,68
-75,-380,0,-146,-121,-129
-22,-416,0,-77,278,-145
-152,-359,0,-346,-214,50
25,-287,0,-18,-35,-156
87,-310,0,5,287,-346
14,-292,0,-240,146,-101
52,-300,0,174,243,-39
-0,-217,0,39,-107,142
15,-249,0,58,11,330
-1,-212,0,394,167,-160
33,-115,0,-282,317,152
104,-110,0,128,95,-234
92,-238,0,2,111,-122
104,-87,0,-86,114,-216
176,-90,0,-102,243,135
108,-8,0,-116,-216,9
99,-37,0,-549,-64,-118
182,59,0,308,156,-317
175,-18,0,-20,90,199
143,-45,0,79,-171,-368
269,26,0,145,-183,21
136,-17,0,-137,-197,213
102,78,0,-369,28,211
152,166,0,-51,-184,76
154,16,0,-58,-29,173
71,95,0,-102,-164,426
170,65,0,199,137,250
176,18,0,-28,-92,110
286,49,0,-22,106,-267
178,-81,0,12,288,-107
152,25,0,-6,44,-91
125,-56,0,-61,107,219
106,-39,0,-204,-69,-278
121,-2,0,77,-39,-173
65,-92,0,151,29,53
130,7,0,-66,-331,-85
120,-67,0,-24,192,91
174,-22,0,222,-4,-273
157,-36,0,-29,224,210
99,-146,0,-134,66,-415
68,-131,0,-180,117,144
51,-176,0,-312,177,-23
8,-127,0,-196,352,-328
32,-223,0,-45,-149,-191
26,-189,0,-312,127,127
81,-181,0,198,108,-2
-42,-193,0,91,-99,-258
-96,-363,0,405,-150,33
-104,-335,0,-225,-196,-241
-80,-420,0,-76,-125,-303
-89,-369,0,47,-229,161
-81,-373,0,300,322,151
-156,-430,0,-231,201,-125
-103,-387,0,184,-122,-364
-77,-471,0,149,172,65
-128,-442,0,68,32,158
-141,-485,0,-120,214,72
-119,-425,0,-281,406,-351
-129,-467,0,-244,-164,-150
-166,-502,0,120,324,255
-146,-461,0,-263,11,113
-63,-453,0,-38,320,77
-179,-524,0,-90,68,158
-159,-571,0,-463,-37,250
-182,-479,0,50,-443,212
-215,-440,0,156,118,-125
-173,-611,0,153,-13,-262
-182,-554,0,18,-359,-161
-209,-552,0,-285,78,-210
-104,-576,0,488,-112,298
-128,-557,0,214,-4,-274
-134,-556,0,320,-2,6
-161,-541,0,-8,7,-166
-148,-437,0,5,-12,-177
-148,-476,0,45,287,201
-80,-367,0,-27,-119,150
-119,-504,0,20,151,-38
-120,-376,0,-144,145,288
-70,-337,0,198,-165,-95
-9,-362,0,6,-46,201
-19,-347,0,-2,302,-345
-30,-345,0,318,-229,25
80,-303,0,126,454,78
-130,-219,0,150,-5,-200
-50,-325,0,-172,-68,331
-26,-279,0,337,-91,-261
17,-181,0,111,-234,220
70,-218,0,-118,-217,57
58,-208,0,-291,-83,-9
83,-164,0,208,260,26
166,-177,0,86,503,156
16,-37,0,-165,55,-311
102,-73,0,9,137,-36
102,5,0,-77,190,370
50,-64,0,-246,-261,6
132,49,0,-66,-108,-226
111,-50,0,-152,-156,87
92,-45,0,-64,131,-101
108,113,0,-274,277,-73
183,-10,0,105,-53,139
136,-58,0,111,232,231
191,-10,0,0,43,72
186,2,0,-318,79,-258
199,13,0,253,239,-203
193,27,0,-54,-255,24
144,96,0,-78,399,374
223,27,0,-50,3,-384
146,104,0,-239,-234,1
146,-4,0,257,-144,164
135,1,0,-37,-13,313
130,-25,0,-87,-119,-191
149,129,0,-329,-205,186
96,4,0,263,301,-239
100,-99,0,86,-344,340
93,-56,0,142,50,-236
131,-74,0,119,-148,-262
138,-16,0,-24,186,42
73,-199,0,-348,64,-283
160,-141,0,-17,-348,-165
104,-157,0,-28,77,20
32,-145,0,-22,22,-112
53,-200,0,-70,-44,-541
-35,-137,0,-47,102,-43
-68,-256,0,90,-205,-186
33,-318,0,-130,-59,332
-11,-267,0,256,-48,140
31,-336,0,-16,212,324
-45,-327,0,-227,-377,68
-63,-402,0,90,156,-368
-28,-404,0,-424,300,396
32,-389,0,27,83,61
-56,-460,0,-70,287,99
-63,-432,0,462,226,68
-46,-509,0,-99,-231,-73
-101,-459,0,-69,-32,-55
-185,-412,0,-396,78,132
-211,-550,0,132,-208,100
-182,-549,0,-146,-263,121
-140,-579,0,82,-148,-234
-143,-528,0,-389,343,-94
-32,-532,0,-19,-169,197
-129,-618,0,99,178,-62
-132,-443,0,80,142,-80
-116,-532,0,63,126,-167
-106,-603,0,-122,-18,29
-121,-526,0,-39,-5,69
-145,-531,0,-237,-116,-274
-110,-501,0,-83,261,224
-143,-524,0,-179,23,203
-103,-514,0,34,350,242
-53,-529,0,153,16,-445
-71,-585,0,-91,45,-172
-140,-436,0,-178,279,-234
-55,-404,0,-37,-92,-114
-111,-465,0,267,-178,-38
-74,-450,0,-450,95,67
-70,-522,0,-69,190,-111
-255,-449,0,58,-115,-28
20,-366,0,-73,113,-395
-43,-429,0,-76,303,140
-74,-434,0,105,53,151
16,-281,0,91,7,-296
46,-331,0,-168,322,-207
-43,-223,0,199,-182,-58
-111,-264,0,-25,-144,279
31,-171,0,12,-138,25
-37,-124,0,-203,-23,-231
33,-157,0,41,-40,-66
166,-137,0,218,-43,61
51,-159,0,-32,13,101
124,-148,0,-3,231,160
186,-118,0,122,-91,-281
165,-54,0,-470,-90,6
90,-19,0,220,-312,108
120,-60,0,167,20,375
88,22,0,266,-80,279
117,-41,0,-492,-104,226
139,25,0,302,-122,196
98,57,0,495,15,-156
164,32,0,156,202,-247
160,149,0,-180,-173,263
177,120,0,-263,5,20
98,9,0,6,-95,22
104,-3,0,94,89,29
155,46,0,170,75,21
142,46,0,-108,130,-211
154,4,0,19,-260,-242
80,37,0,343,-80,-191
100,64,0,-241,-100,179
112,44,0,240,-28,142
161,8,0,10,-272,-180
180,-73,0,71,486,-210
112,-40,0,14,-237,308
58,61,0,25,-20,-125
-42,-125,0,-472,205,-299
152,-104,0,204,134,25
27,-118,0,-354,7,-51
-35,-133,0,-334,162,236
21,-103,0,-35,-42,-35
63,-219,0,-38,-221,-107
82,-208,0,-120,-230,38
65,-217,0,262,-188,-45
-79,-200,0,-123,-354,-305
-58,-255,0,15,-89,300
-92,-368,0,306,-234,-76
-131,-240,0,254,-189,295
-67,-357,0,65,376,-338
-52,-375,0,-46,-129,-1
-151,-343,0,-4,-58,-8
-87,-380,0,116,244,163
-99,-395,0,-48,-23,-94
-10,-474,0,-208,-140,152
-95,-409,0,-5,-93,71
-131,-518,0,29,-265,178
-36,-414,0,201,-113,-370
-95,-510,0,221,-15,-344
-45,-544,0,126,-336,-74
-116,-540,0,12,-90,28
-99,-507,0,183,242,109
-106,-590,0,-83,8,42
-79,-506,0,152,217,-133
-149,-606,0,102,-353,-207
-143,-584,0,283,259,-225
-186,-554,0,14,-63,-42
-160,-616,0,116,183,-306
-97,-496,0,-391,-29,-298
-201,-557,0,-602,-161,424
-136,-478,0,-232,216,-5
-73,-560,0,27,-112,-316
-31,-570,0,62,-116,-451
-97,-490,0,-261,91,86
-85,-419,0,-33,-118,-33
-14,-400,0,-81,305,-223
-50,-417,0,-227,278,69
-181,-439,0,-48,-80,-456
-98,-379,0,-74,375,-236
-42,-506,0,92,-48,-176
-25,-330,0,-311,45,46
-30,-241,0,0,-158,143
-5,-300,0,159,194,-114
33,-311,0,-199,-46,23
-12,-259,0,338,189,-198
60,-153,0,-80,-263,142
9,-175,0,-496,206,16
-65,-117,0,-375,600,322
45,-186,0,127,-173,80
29,-107,0,321,-17,176
66,-143,0,-138,-333,-14
128,-102,0,125,-154,106
34,-116,0,-403,37,-237
92,-17,0,244,215,303
32,-66,0,-288,-406,66
135,-42,0,-127,348,-24
133,52,0,194,-265,-17
199,-100,0,257,6,0
58,157,0,67,-161,-7
169,15,0,15,246,-284
74,78,0,-29,92,84
88,11,0,-103,72,-113
207,93,0,-294,53,123
204,98,0,98,152,153
205,67,0,58,-157,94
201,-19,0,-11,-253,-195
124,66,0,-280,191,-85
159,59,0,70,-68,26
231,68,0,-23,56,-17
145,84,0,-251,216,-350
101,-39,0,-81,-196,160
135,110,0,110,105,-99
104,25,0,333,11,474
164,61,0,-15,109,-31
120,21,0,149,53,120
129,2,0,23,141,-24
59,-158,0,208,-141,260
30,-155,0,46,-151,26
78,-186,0,13,214,-84
74,-93,0,192,-125,-283
-13,-186,0,-2,-93,171
39,-131,0,18,273,-583
-22,-363,0,-84,-346,169
15,-149,0,-207,13,174
31,-281,0,307,-20,260
-97,-321,0,82,120,-41
92,-321,0,138,81,-81
7,-371,0,-145,-123,-36
30,-291,0,-243,262,-107
40,-398,0,-178,184,178
-68,-384,0,189,-486,114
-136,-403,0,-20,-376,257
-116,-395,0,-197,-90,-295
-108,-465,0,379,-50,-122
-165,-544,0,-470,-152,206
-108,-486,0,-241,-390,-155
-262,-537,0,91,-17,105
-170,-510,0,-525,-230,-225
-46,-528,0,357,-372,-188
-92,-524,0,-5,155,-267
-163,-522,0,404,-127,-400
-146,-630,0,-290,83,-425
-123,-571,0,-309,-158,43
-173,-571,0,-21,-300,236
-137,-584,0,-73,71,334
-198,-592,0,-286,-399,-82
-146,-606,0,18,17,333
-204,-531,0,-0,173,-74
-166,-457,0,354,-112,-367
-112,-507,0,-280,86,-154
-116,-376,0,56,255,377
-69,-492,0,98,95,-183
-102,-538,0,276,114,107
-47,-527,0,-343,-390,245
-65,-479,0,-227,23,260
-154,-419,0,-119,-57,138
-96,-414,0,-77,151,-112
-148,-249,0,55,291,-201
-110,-364,0,90,65,51
30,-286,0,479,72,121
-158,-315,0,142,75,-7
-14,-277,0,-226,-55,155
91,-291,0,322,-59,-289
16,-227,0,141,-160,-164
58,-129,0,108,-19,41
-3,-111,0,54,-335,81
48,-117,0,320,74,-56
-27,-175,0,280,203,-39
117,-136,0,167,190,-395
66,-167,0,58,166,-90
12,-28,0,-195,212,-31
92,-22,0,30,-39,-487
166,-42,0,109,28,125
33,-58,0,47,-528,-111
120,-18,0,-179,-323,236
123,9,0,83,79,-143
130,15,0,327,-8,-221
206,-14,0,44,163,-311
154,46,0,-45,-514,27
178,80,0,59,-57,-21
151,-30,0,33,-322,-154
47,44,0,0,-224,92
146,202,0,-16,16,140
109,87,0,161,-219,-189
120,8,0,-61,40,-189
90,83,0,-55,-43,83
195,8,0,174,169,345
185,8,0,-206,-98,-282
120,78,0,121,252,357
76,-66,0,-152,1,-73
39,-52,0,213,-171,2
134,-34,0,179,247,-88
-4,-82,0,-198,-24,-174
101,-61,0,-141,93,62
147,-66,0,-34,-170,-48
115,-162,0,507,384,-187
67,-196,0,-224,132,-162
88,-220,0,116,-99,117
31,-138,0,-466,-360,-38
124,-235,0,74,-203,-77
30,-190,0,197,37,226
-92,-268,0,-20,-20,-85
-39,-205,0,-94,-451,154
-45,-396,0,323,-171,246
-18,-309,0,188,-315,174
-92,-366,0,78,361,-208
-39,-433,0,-169,-242,233
-26,-395,0,94,5,86
-17,-405,0,-159,248,-254
-67,-389,0,105,175,-79
-106,-375,0,50,33,172
-88,-429,0,316,-17,-68
-34,-492,0,-413,174,-8
-234,-413,0,-216,-283,124
-116,-475,0,-42,176,59
-74,-507,0,235,13,-73
-198,-612,0,-68,167,-185
-100,-552,0,-208,-19,36
-196,-561,0,242,-48,-278
-47,-543,0,-233,87,175
-96,-628,0,-80,176,-581
-166,-495,0,-418,29,-390
-166,-441,0,234,-373,-362
-160,-633,0,-171,117,79
-108,-590,0,210,-35,215
-79,-577,0,120,-300,298
-71,-585,0,-25,-111,-55
-100,-557,0,-266,54,73
-233,-475,0,53,-404,129
-98,-524,0,5,152,227
-186,-519,0,299,-93,-120
-130,-494,0,-80,-30,-120
-44,-502,0,309,-128,-58
-106,-479,0,-216,81,-245
-71,-403,0,-340,-136,198
-108,-361,0,-135,173,55
-108,-437,0,12,-27,9
-33,-340,0,283,205,97
42,-389,0,137,270,7
-13,-339,0,-48,-105,273
-86,-344,0,307,-430,-40
-45,-283,0,-320,313,122
-15,-340,0,-182,-336,-561
-49,-236,0,68,-329,-66
19,-198,0,523,-127,-69
25,-150,0,107,50,-40
62,-72,0,268,333,86
103,-159,0,-5,-144,-302
77,-63,0,-2,95,29
124,-123,0,323,-4,-291
199,-130,0,216,-237,324
124,-61,0,30,434,-245
73,-66,0,214,-68,105
146,-37,0,-414,-41,-9
94,-6,0,-96,-30,152
145,28,0,-20,437,287
170,-1,0,-360,-69,198
102,-12,0,-122,252,617
190,37,0,-315,-30,-356
198,69,0,-91,262,-123
145,33,0,350,-208,146
162,-105,0,-83,-132,-307
171,-52,0,267,-366,44
26,-58,0,30,105,-88
88,-82,0,415,337,299
128,53,0,-560,-440,-165
165,-29,0,-56,-134,99
188,-72,0,-231,149,165
123,-6,0,-392,-158,-77
97,30,0,17,-110,-35
49,-6,0,27,23,116
102,-30,0,68,-297,307
113,-64,0,69,-123,144
103,-119,0,166,5,38
114,-159,0,287,295,411
58,-190,0,-17,-9,452
-7,-158,0,137,86,109
87,-87,0,-18,-104,6
13,-184,0,-423,41,-141
41,-246,0,-284,-27,40
-17,-328,0,-40,-293,-36
-79,-281,0,377,379,100
-41,-315,0,-194,432,27
-31,-283,0,44,-58,335
-52,-373,0,-105,40,-141
35,-330,0,43,454,-95
-135,-472,0,-63,-261,-372
-27,-421,0,-165,-79,149
-126,-487,0,-89,126,12
-92,-396,0,173,166,-166
-36,-427,0,-76,-285,-379
-140,-461,0,-135,-113,-48
-73,-535,0,361,336,132
-111,-577,0,-85,-547,-20
-198,-491,0,157,-314,-162
-197,-573,0,-106,101,-14
-22,-548,0,-183,-253,45
-205,-491,0,174,274,-685
-88,-437,0,465,-9,-21
-217,-633,0,-146,191,292
-81,-482,0,55,-292,119
-136,-538,0,-91,69,-107
-139,-575,0,142,126,-152
-87,-595,0,62,62,7
-49,-529,0,-140,204,94
-91,-557,0,-193,112,-185
-159,-578,0,266,-327,81
-166,-459,0,40,-149,610
-65,-568,0,-39,-226,60
-120,-596,0,531,-45,143
-43,-523,0,-263,-134,-232
-110,-432,0,147,-172,1
-91,-412,0,144,81,-354
-12,-355,0,-100,-223,151
-68,-414,0,-378,-153,30
-79,-423,0,395,59,-84
-69,-316,0,-12,-79,291
-10,-321,0,114,-221,118
17,-307,0,341,-169,-142
-31,-333,0,-351,-44,288
-6,-165,0,-430,407,-42
15,-209,0,-42,-44,-48
94,-255,0,186,-131,152
31,-116,0,-469,25,42
96,-94,0,-302,-45,170
-35,-119,0,-75,8,97
100,-38,0,220,-115,-236
73,-88,0,-118,165,291
98,-124,0,-139,-308,-57
106,-17,0,305,-294,91
161,-192,0,180,67,109
119,57,0,-130,-264,111
63,21,0,104,240,-85
130,61,0,-115,-238,157
236,42,0,106,158,109
206,-37,0,-275,-178,227
173,66,0,38,-7,-55
145,73,0,689,-286,-109
84,29,0,-98,207,25
152,54,0,180,62,-101
119,88,0,-2,-48,62
160,25,0,-126,6,-218
131,38,0,120,139,506
170,-5,0,46,200,150
141,-31,0,-223,165,17
199,40,0,-201,412,158
153,11,0,-271,229,41
103,-30,0,-129,17,-126
129,-87,0,146,-63,-25
105,-5,0,49,-95,-53
95,-85,0,286,-266,463
75,-18,0,-115,-131,-138
67,-71,0,-40,-92,666
147,-63,0,-65,-59,116
55,-182,0,-28,-102,-106
-63,-140,0,114,210,-254
12,-260,0,-176,77,387
68,-230,0,-25,18,94
74,-225,0,273,24,128
39,-292,0,256,-127,10
33,-259,0,251,-19,280
-129,-281,0,-168,571,157
-1,-403,0,124,122,69
-91,-224,0,24,-67,246
-75,-370,0,129,158,329
-93,-462,0,371,-249,-66
-56,-503,0,253,-87,198
-53,-389,0,-313,240,-43
-70,-483,0,278,-20,-56
-196,-524,0,-271,-73,-89
-37,-464,0,248,-420,-58
-162,-519,0,-20,15,309
-72,-538,0,218,-81,-390
-199,-552,0,7,-195,-212
-131,-595,0,30,21,-162
-197,-529,0,-194,-56,74
-93,-568,0,480,49,99
-158,-577,0,496,-159,306
-120,-597,0,-341,-184,-542
-167,-539,0,-76,290,124
-197,-631,0,229,101,48
-155,-493,0,187,-1,-160
-129,-456,0,-178,216,13
-168,-695,0,-29,-250,230
-173,-491,0,241,101,-84
-170,-488,0,151,14,168
-149,-528,0,62,-55,187
-179,-434,0,-594,-215,-199
-68,-448,0,316,-11,-189
-69,-467,0,72,-119,211
-86,-411,0,-414,-85,-29
-92,-427,0,98,188,-143
-127,-268,0,44,-169,35
-96,-355,0,-52,119,98
45,-296,0,129,-49,-268
-75,-401,0,-37,88,9
-9,-399,0,22,-333,-138
-26,-250,0,-69,-471,-0
28,-239,0,-215,320,-13
-6,-175,0,49,41,131
-68,-145,0,229,-110,-54
26,-115,0,-295,39,-97
-20,-190,0,-238,-154,-428
100,-107,0,-314,429,-47
85,-89,0,194,203,426
66,-121,0,133,224,-157
60,-146,0,-80,217,153
74,-2,0,151,-45,-9
169,-15,0,-88,-235,317
153,63,0,-386,-83,-188
132,2,0,298,389,144
14,2,0,-323,-10,270
66,-2,0,34,219,-86
124,48,0,-286,-242,-71
61,-90,0,311,108,126
200,-16,0,76,194,-62
217,44,0,-49,445,55
275,51,0,46,-8,-76
139,56,0,34,-7,45
130,-8,0,2,220,162
-0,135,0,137,-84,-143
192,39,0,274,23,55
190,-106,0,-214,12,106
106,34,0,-251,176,-82
78,11,0,-216,-21,26
158,-77,0,-96,-94,206
125,-30,0,97,62,286
102,-62,0,538,-158,314
155,-38,0,-85,233,115
107,-67,0,-83,-9,23
68,-187,0,370,-44,63
122,-155,0,312,92,-5
50,-95,0,-262,103,1
76,-210,0,-184,-105,-77
56,-138,0,68,-38,77
46,-184,0,86,-300,-8
-102,-235,0,-190,-74,84
-97,-251,0,469,92,259
-48,-196,0,-91,-312,106
-37,-263,0,54,-320,-0
-62,-226,0,-28,-81,-23
-76,-341,0,155,-124,10
-145,-386,0,12,-361,-101
-82,-373,0,-155,94,-156
-37,-379,0,343,-394,-265
-122,-360,0,141,-141,121
-53,-361,0,-177,120,43
-152,-492,0,-14,-44,-76
-102,-420,0,-103,-28,141
-141,-500,0,236,-268,169
-106,-482,0,78,40,179
-114,-498,0,-113,287,-151
-45,-444,0,138,-172,-338
-147,-552,0,175,382,-126
-144,-557,0,31,-0,36
-140,-511,0,211,349,-101
-97,-593,0,-453,-205,96
-185,-678,0,144,-335,408
-167,-621,0,127,-82,140
-177,-599,0,-71,35,255
-78,-509,0,-39,-104,117
-139,-565,0,194,21,107
-143,-606,0,23,-26,-790
-113,-515,0,-430,-50,9
-180,-486,0,-17,-103,-47
-176,-627,0,-183,533,-232
-77,-509,0,261,160,39
-100,-458,0,-427,39,12
-128,-374,0,-61,-20,320
18,-442,0,-233,60,92
47,-350,0,85,255,66
-115,-358,0,48,176,-222
-40,-290,0,-489,172,-180
-79,-373,0,142,-261,-217
-17,-316,0,-72,325,105
-29,-326,0,156,-131,-629
96,-202,0,-182,127,245
23,-278,0,-155,197,-205
108,-192,0,-97,-345,97
26,-119,0,-148,-60,43
17,-193,0,129,99,25
-65,-85,0,-331,237,-38
99,-97,0,-31,72,-120
112,8,0,-632,486,5
24,-118,0,-69,347,81
104,-61,0,222,142,-109
-26,-48,0,169,-7,-64
153,16,0,160,-9,-151
65,32,0,199,252,56
165,-31,0,-90,-17,-403
41,31,0,63,-233,-209
121,1,0,372,-93,-183
189,22,0,296,-48,-61
181,-65,0,196,148,27
216,39,0,-552,-192,-97
139,115,0,-87,-193,-117
198,-14,0,-129,44,551
143,99,0,69,-75,22
153,55,0,348,-13,107
153,48,0,36,440,-123
187,103,0,-39,-21,331
140,-50,0,-137,269,76
149,67,0,262,-75,288
111,-89,0,227,357,-250
115,-44,0,-18,-162,182
60,-47,0,2,-52,142
78,-117,0,16,-38,178
58,-46,0,-100,-191,-11
1,-70,0,-51,124,-69
14,-72,0,-326,-172,-129
-12,-108,0,-143,352,-94
27,-202,0,243,-133,110
34,-180,0,147,265,-208
98,-143,0,-37,-273,60
98,-180,0,228,165,-232
9,-302,0,76,-194,-264
18,-223,0,169,30,-125
80,-281,0,199,1,72
-51,-298,0,-63,365,256
-60,-414,0,254,135,126
-41,-330,0,300,14,6
-114,-386,0,-68,-239,-27
-89,-369,0,11,-24,31
-110,-477,0,-331,-468,75
-135,-415,0,-5,-55,242
-85,-448,0,-9,-382,-171
-185,-489,0,110,62,68
-167,-494,0,-41,500,-57
-72,-585,0,-438,33,172
-206,-584,0,-43,196,80
-70,-522,0,-180,-28,2
-178,-586,0,-173,234,-46
-64,-513,0,34,-374,104
-157,-650,0,-74,-50,-86
-115,-489,0,134,44,182
-148,-550,0,-104,-296,219
-131,-398,0,-118,-151,-76
-170,-488,0,-22,-56,17
-123,-488,0,170,46,-134
-122,-541,0,-153,245,190
-182,-533,0,258,-169,-478
-143,-469,0,-75,-132,288
-243,-532,0,-259,-195,-143
-132,-512,0,115,-16,177
-124,-498,0,-337,254,-58
-31,-490,0,-91,-40,-71
-118,-408,0,-34,10,182
-88,-366,0,362,254,-475
-70,-427,0,-320,-155,-148
-46,-330,0,-224,-172,-205
-59,-367,0,-187,-238,-196
21,-405,0,311,-194,-74
-34,-314,0,159,-3,162
-65,-418,0,140,-131,-203
53,-228,0,357,-254,-251
-10,-308,0,-360,-163,-185
44,-276,0,57,229,-162
56,-203,0,39,-28,-227
38,-80,0,-300,97,-223
111,-122,0,-24,-22,-97
-58,-41,0,134,-440,263
90,-77,0,179,-143,-13
161,-145,0,-129,-178,54
77,-131,0,141,13,319
136,-52,0,271,-181,-206
122,41,0,-56,-17,-248
167,28,0,-62,230,-96
82,49,0,-25,198,168
181,31,0,164,89,-77
129,-46,0,300,385,126
209,-13,0,-3,-95,67
127,24,0,215,-152,-318
110,43,0,-34,-3,42
160,-58,0,274,-216,14
161,-26,0,-52,-157,190
159,92,0,-80,-174,84
102,-12,0,-215,16,61
162,54,0,9,-462,286
144,76,0,-152,117,-11
26,73,0,-19,81,209
150,16,0,175,-188,-12
71,58,0,-244,-108,281
63,-74,0,8,55,-47
57,-44,0,-194,-87,95
162,-3,0,-242,-89,-122
121,-2,0,-79,-93,-23
24,-83,0,132,205,-284
20,-68,0,200,261,50
44,-132,0,294,-115,35
108,-134,0,-103,106,-322
60,-244,0,412,-78,227
56,-229,0,115,-466,-176
-72,-181,0,-133,97,491
3,-141,0,-281,299,-255
22,-257,0,-45,-104,56
15,-291,0,99,158,73
-103,-270,0,-32,140,-210
-69,-329,0,-38,146,49
-76,-283,0,152,-48,-341
-63,-357,0,180,124,166
-33,-336,0,-87,155,-134
-105,-433,0,91,155,-76
-159,-378,0,10,-371,-85
9,-413,0,379,-264,-59
-217,-478,0,348,-33,-113
-48,-420,0,131,268,-332
-109,-507,0,-511,131,222
-119,-482,0,63,-95,277
-127,-595,0,-2,53,-132
-15,-620,0,-120,-199,111
-89,-539,0,-160,58,317
-249,-604,0,-68,263,-89
-175,-579,0,-215,67,239
-194,-583,0,-23,128,-221
-53,-557,0,21,299,-160
-126,-583,0,20,149,59
-124,-527,0,144,53,-435
-129,-582,0,265,-103,341
-228,-529,0,-57,56,144
-167,-505,0,161,-54,100
-126,-479,0,79,21,244
-96,-531,0,78,130,-184
-70,-477,0,-101,-114,26
-72,-415,0,-2,-3,131
-51,-417,0,103,-31,-376
-94,-479,0,-228,186,-327
-135,-360,0,5,-118,65
-50,-378,0,72,-33,-150
-86,-366,0,-4,182,-5
-88,-360,0,-212,-3,-233
-51,-435,0,279,-150,291
48,-321,0,-41,30,107
56,-319,0,-146,115,12
17,-322,0,17,161,166
-40,-303,0,-117,62,-40
20,-201,0,36,-153,242
55,-200,0,155,60,-50
54,-242,0,200,-119,91
30,-153,0,115,-72,114
28,-83,0,-31,394,73
128,-156,0,-142,-66,-13
40,-102,0,288,-228,-13
96,31,0,337,-332,-189
112,-105,0,-135,-86,-615
14,-6,0,279,65,-78
103,39,0,-246,-42,-15
206,-34,0,-207,95,100
132,-78,0,32,-80,-24
107,15,0,-265,-173,-114
167,7,0,-96,-36,79
115,-80,0,48,-130,-156
237,108,0,244,216,-11
85,76,0,289,-234,463
103,138,0,18,59,176
145,28,0,-160,-56,158
110,79,0,281,14,4
116,-24,0,-189,-258,210
102,1,0,-177,513,-314
150,28,0,88,327,-323
79,-22,0,1,-220,375
240,20,0,-163,-37,37
150,-21,0,413,-68,-427
116,-51,0,105,-151,26
199,-54,0,-279,241,114
59,-95,0,-302,-99,408
30,-104,0,-133,378,-190
152,-181,0,-108,-109,107
185,-160,0,24,316,346
-47,-189,0,55,-416,101
-5,-198,0,278,250,-330
13,-268,0,76,309,-213
16,-299,0,-248,82,-15
13,-306,0,-256,75,-280
-25,-273,0,-181,-137,-23
-67,-308,0,301,-268,-78
26,-369,0,26,-83,-215
-58,-378,0,-153,-71,27
-43,-413,0,48,-244,96
-148,-338,0,78,89,-410
-67,-390,0,20,57,90
-105,-395,0,176,-10,203
-128,-437,0,178,132,-130
-59,-466,0,146,169,-56
-180,-482,0,4,-24,439
-138,-558,0,-36,-138,16
-145,-589,0,-290,193,-154
-159,-516,0,137,176,1
-224,-563,0,-220,-363,-125
-114,-511,0,-221,-180,305
-212,-566,0,87,-8,-96
-129,-585,0,-286,379,-113
-77,-579,0,41,41,201
-170,-682,0,177,251,-181
-160,-548,0,194,26,-104
-243,-513,0,-79,117,-163
-99,-551,0,-56,376,35
-116,-453,0,-233,-99,-406
-169,-583,0,-120,44,-224
-206,-608,0,133,-144,-214
-98,-512,0,27,14,-14
-256,-701,0,140,67,-108
-86,-599,0,-184,-62,-218
-198,-447,0,90,-185,117
-49,-451,0,140,122,-13
-34,-446,0,-15,278,117
1,-430,0,6,-9,105
-98,-345,0,-276,42,-206
26,-347,0,1,136,-147
-120,-210,0,-87,-185,-377
-85,-394,0,68,59,-172
-26,-307,0,151,-188,-73
-52,-291,0,105,203,170
-2,-308,0,-98,158,-119
58,-243,0,-147,171,-222
141,-197,0,211,96,146
-16,-142,0,369,-64,-190
42,-168,0,240,16,-59
50,-153,0,158,100,141
80,-33,0,-182,74,208
126,-33,0,-282,-54,-24
99,-4,0,83,-62,-221
175,21,0,263,196,117
88,33,0,94,9,-31
121,24,0,-96,317,-20
194,-49,0,-192,-64,-35
217,-6,0,-236,-130,222
277,16,0,-272,307,-61
198,111,0,-107,523,-392
180,22,0,126,-254,-367
106,22,0,-256,-177,72
197,179,0,338,5,-173
187,63,0,-296,51,147
157,1,0,-201,-8,23
124,30,0,-120,-132,164
117,14,0,-225,257,19
134,63,0,219,105,-3
236,20,0,4,55,-10
188,13,0,111,-34,271
149,-146,0,-314,-215,23
156,11,0,-151,179,198
117,26,0,104,-313,410
61,-99,0,378,110,-247
41,-28,0,54,33,-95
-66,-62,0,142,225,235
25,-73,0,-76,57,235
53,-82,0,-264,56,-434
87,-178,0,-234,-42,-242
5,-222,0,106,-241,-70
103,-140,0,59,340,-178
68,-305,0,112,-212,-229
-51,-256,0,9,385,88
-18,-321,0,399,-219,174
-5,-297,0,172,-48,-84
-67,-344,0,-44,116,79
-64,-357,0,144,347,-112
-29,-534,0,120,228,77
-44,-368,0,265,244,301
-89,-435,0,107,228,-83
-36,-432,0,-78,-101,280
-61,-466,0,192,508,173
-104,-471,0,-277,298,143
-58,-540,0,187,-143,117
-61,-408,0,-113,-25,-121
-68,-492,0,28,-147,-95
-161,-526,0,83,139,-263
-101,-612,0,-231,-269,51
-170,-439,0,-49,124,108
-182,-527,0,271,-20,-195
-144,-596,0,-161,-84,-185
-172,-573,0,-317,4,-352
-155,-537,0,-85,26,-327
-217,-420,0,-22,-22,163
-136,-562,0,-14,-18,110
-154,-550,0,-368,275,95
-188,-545,0,195,-102,20
-94,-489,0,278,297,167
-116,-519,0,186,-349,20
-132,-507,0,462,-416,111
-177,-514,0,-339,112,-0
-64,-574,0,-185,-105,-131
-92,-457,0,198,-122,156
-130,-432,0,154,-35,429
-56,-430,0,17,-119,379
-63,-424,0,161,58,-130
-59,-335,0,-58,-365,23
-15,-329,0,347,132,-154
-24,-318,0,-63,-152,-79
21,-285,0,-47,99,-137
-3,-329,0,162,241,-153
-16,-301,0,-464,284,-201
8,-327,0,214,-267,-21
93,-213,0,316,-118,-19
30,-222,0,-75,217,-176
106,-212,0,125,37,-303
58,-123,0,161,24,388
138,-201,0,251,6,59
23,-130,0,-305,350,-223
110,-100,0,-345,232,-195
53,-105,0,-290,-28,-286
92,-54,0,-260,-164,246
80,-65,0,-402,-4,-435
76,38,0,-21,19,347
114,46,0,-187,164,-345
220,42,0,-54,-71,104
161,-93,0,-46,-66,-202
151,31,0,54,126,-309
133,50,0,-8,93,154
173,95,0,194,-130,-339
115,11,0,147,-154,-172
112,45,0,-323,274,33
182,66,0,202,-203,-155
174,65,0,112,-1,138
84,54,0,-293,-185,-260
92,-32,0,56,113,238
88,23,0,-398,-5,495
144,-37,0,-254,111,-393
134,-36,0,-93,266,28
165,80,0,-182,48,-366
106,-71,0,48,120,15
49,53,0,-202,164,-261
69,-47,0,-54,73,-448
131,26,0,-38,-78,-161
104,-123,0,22,-5,-168
48,-179,0,183,86,-46
95,-124,0,-124,34,-234
3,-179,0,-124,-138,120
84,-230,0,237,-346,123
42,-229,0,-73,-232,114
89,-281,0,-209,187,46
-60,-255,0,369,-37,-145
-4,-224,0,-235,-182,244
21,-347,0,-115,-137,-41
-51,-336,0,-415,-29,-587
21,-343,0,49,119,302
-88,-303,0,73,-203,295
-34,-413,0,-9,-401,-286
12,-388,0,-299,120,70
-88,-429,0,-63,-223,245
-101,-467,0,-95,207,22
-147,-422,0,-87,367,-107
-138,-523,0,24,-343,-92
-224,-570,0,154,-179,135
-106,-452,0,228,291,-164
-142,-608,0,308,-337,-27
-137,-561,0,-38,-335,226
-124,-479,0,74,117,202
-2,-547,0,-207,66,-44
-150,-630,0,-359,233,-228
-124,-454,0,-185,315,74
-71,-567,0,-192,-339,-297
-226,-535,0,127,31,-237
-85,-631,0,-111,-193,-12
-173,-535,0,202,-47,450
-176,-469,0,114,-344,-296
-176,-664,0,-51,-427,-304
-180,-538,0,34,123,115
-55,-541,0,61,-193,-44
-38,-479,0,-254,97,113
-78,-531,0,-80,59,-222
-44,-452,0,-104,12,295
-129,-510,0,-81,-29,-399
-36,-393,0,112,-5,-147
-133,-394,0,-40,59,52
3,-377,0,169,-373,-155
-44,-345,0,-141,-279,-43
-37,-342,0,-43,-324,-2
-35,-353,0,-33,-26,111
63,-316,0,-318,-165,380
-4,-296,0,-112,-105,-158
-6,-322,0,-311,107,-98
34,-288,0,130,65,-77
45,-164,0,123,-314,-122
111,-145,0,286,-129,75
106,-157,0,19,54,-102
62,-29,0,-26,118,63
116,-109,0,549,-226,111
61,-72,0,-347,246,-31
120,-88,0,397,307,-4
67,-44,0,377,-90,336
156,-1,0,-36,95,-109
172,22,0,-46,-219,-87
108,-51,0,20,-127,-272
165,33,0,-627,-92,-99
97,-18,0,-175,-285,-256
97,-108,0,79,-98,77
197,148,0,227,-111,248
185,46,0,267,153,52
65,-38,0,-89,-202,61
66,21,0,479,-125,-310
110,19,0,49,69,180
197,-44,0,-74,132,-222
103,84,0,-184,-155,329
148,-60,0,133,-34,-88
157,-12,0,83,115,324
126,-59,0,19,69,-122
149,-52,0,-68,34,-270
68,4,0,492,-122,-122
135,-55,0,-242,-145,360
19,-74,0,156,159,30
121,-76,0,-85,87,-208
118,-75,0,46,62,-31
135,-106,0,147,171,71
72,-138,0,77,12,-6
94,-225,0,32,-162,-89
49,-230,0,-65,117,-71
7,-230,0,-137,168,40
-21,-296,0,130,-58,-73
-21,-252,0,99,83,-180
12,-304,0,10,-156,268
-89,-300,0,445,299,-393
-106,-243,0,-65,-2,-63
-65,-357,0,20,-249,95
-38,-352,0,216,-323,-1
-74,-297,0,94,-42,-261
-30,-342,0,304,-67,97
-73,-452,0,289,-17,88
-101,-399,0,-76,-89,128
-173,-531,0,-33,234,-63
-69,-478,0,344,154,-99
-127,-466,0,198,137,-288
-163,-546,0,-127,39,207
-111,-554,0,-148,89,-270
-276,-535,0,-147,-150,149
-82,-526,0,-173,17,41
-139,-578,0,-50,-90,107
-22,-510,0,56,55,29
-93,-560,0,271,28,-192
-190,-633,0,8,-99,258
-118,-558,0,284,-100,-57
-161,-641,0,579,-469,-151
-94,-506,0,-242,76,255
-66,-451,0,-132,74,-66
-83,-489,0,-55,46,-39
-159,-633,0,154,125,102
-78,-490,0,362,-1,17
-121,-419,0,69,79,-256
6,-560,0,-25,-108,-260
-147,-495,0,-142,209,-172
-84,-461,0,-85,-383,-112
-90,-396,0,14,99,-321
-100,-461,0,45,70,-230
-58,-372,0,110,169,-139
-72,-384,0,193,3,47
7,-367,0,-345,-123,89
0,-337,0,30,-139,24
-68,-296,0,-253,28,71
-7,-294,0,248,-55,-201
47,-259,0,-196,208,236
63,-240,0,-54,55,304
-26,-115,0,-41,352,10
100,-109,0,122,182,55
86,-136,0,-93,-222,72
29,-126,0,-13,143,-326
105,-166,0,204,-269,120
145,-118,0,-69,-139,8
147,-8,0,-37,-4,80
-12,-126,0,-79,-236,-291
114,-95,0,119,-365,-33
41,4,0,78,223,109
66,25,0,203,-184,-338
102,73,0,-56,-24,6
102,-11,0,-63,-129,153
143,87,0,214,52,327
81,95,0,-89,80,38
103,94,0,135,56,65
204,14,0,48,315,-133
111,-70,0,420,-126,96
48,109,0,53,-301,-284
147,147,0,268,58,-143
166,32,0,-278,-290,282
122,-29,0,121,32,-126
124,62,0,-110,108,-2
141,7,0,78,-18,179
54,6,0,81,10,47
74,-43,0,-107,-120,116
223,-5,0,-24,-21,138
115,-68,0,-33,105,-109
82,-61,0,249,63,77
136,-114,0,246,-202,84
58,-178,0,-324,-203,94
29,-58,0,159,149,289
122,-114,0,23,-105,-253
82,-135,0,369,54,248
-67,-163,0,-73,9,-91
53,-300,0,10,30,129
29,-137,0,148,-161,89
-47,-253,0,-85,115,-49
