-20,-276,-17,-28,18,21
51,-206,65,5,-15,-15
-15,-291,-12,30,28,10
-47,-316,-41,9,-6,-4
27,-218,26,-21,-15,-4
47,-222,34,-0,2,24
-38,-292,-46,-38,-7,-8
-2,-282,-29,-25,13,-29
48,-188,43,-4,-10,-40
0,-259,-7,-1,18,49
-50,-298,-79,11,25,0
16,-238,12,-4,-14,-9
40,-215,46,-39,16,11
-34,-267,-37,28,6,2
-40,-299,-42,-21,-22,32
41,-218,40,25,5,-5
4,-233,19,8,27,32
-46,-317,-35,3,-1,4
16,-241,3,2,2,-19
43,-199,53,-20,-30,9
-22,-274,-16,3,-11,2
-38,-298,-52,-5,-9,-3
28,-222,46,25,8,-23
13,-229,30,15,1,12
-48,-295,-40,31,10,-36
-8,-285,-31,22,39,6
37,-200,62,5,-10,2
3,-264,18,28,25,-29
-40,-307,-52,-17,-20,45
4,-237,8,-9,-26,8
39,-215,41,-23,7,8
-17,-315,-47,4,7,1
-4,-279,-45,-13,-8,11
37,-225,34,-28,-6,-5
24,-237,22,11,-0,27
-48,-292,-59,8,-9,24
4,-256,-11,6,-12,3
41,-208,54,6,-2,4
-31,-266,-14,7,4,18
-57,-289,-29,12,-16,23
20,-222,46,-10,18,6
32,-211,33,17,-1,21
-46,-295,-33,-7,8,-12
-31,-286,-14,8,-4,4
66,-206,47,17,-13,-8
17,-254,6,10,-1,-32
-56,-309,-43,-7,17,39
19,-227,13,5,-6,9
21,-202,51,-13,19,-1
-30,-287,-11,7,-12,-1
-27,-284,-37,10,-19,-0
35,-203,32,-13,3,10
2,-230,13,-8,-42,9
-54,-301,-64,13,16,12
-14,-250,-0,4,8,-8
55,-201,39,-19,-21,-2
-24,-261,-20,-33,-12,10
-51,-289,-42,-48,-17,39
36,-247,17,-21,-38,26
30,-214,35,-7,-1,-3
-34,-280,-59,-17,28,-20
-21,-262,-23,-35,4,4
64,-204,58,-40,2,-24
-4,-240,-10,10,-30,-20
-53,-299,-41,-3,4,-8
19,-245,22,18,43,13
55,-215,47,10,-10,-16
-11,-291,-32,29,-16,15
-41,-297,-24,-15,14,-14
25,-200,28,-30,16,10
26,-234,30,-8,17,5
-45,-313,-54,-7,-0,-11
-16,-275,8,-10,-1,-18
51,-209,44,-9,32,-1
-19,-262,-13,-14,-20,-10
-49,-292,-52,-31,11,-29
19,-231,30,13,-13,-17
53,-218,25,-14,-8,-1
-31,-288,-37,4,-25,11
-6,-275,-17,14,8,-10
47,-207,35,-28,4,17
-4,-245,1,5,-0,2
-74,-321,-35,11,15,-25
20,-245,2,-19,-8,16
57,-196,48,16,-10,-20
-32,-280,-28,34,-6,9
-34,-297,-43,-20,24,31
48,-217,36,-3,-6,41
34,-228,27,12,-24,9
-41,-313,-42,-16,11,32
-20,-276,-5,14,-45,12
24,-211,40,-6,-10,-13
-9,-265,-25,-12,-13,16
-47,-285,-37,6,-10,-17
34,-235,40,-36,-2,19
31,-221,45,-11,-29,-15
-34,-292,-47,17,4,2
-24,-276,-14,3,9,23
50,-193,59,12,-19,-4
22,-255,13,-35,2,33
-56,-309,-47,19,-50,3
15,-258,16,7,37,14
58,-203,31,-26,-2,6
-28,-281,-27,31,14,5
-31,-283,-40,2,-4,17
48,-227,31,0,-16,26
24,-235,21,10,-18,8
-44,-296,-46,19,-30,2
-0,-279,-7,11,4,7
46,-191,47,3,-34,16
-7,-281,8,-1,2,19
-51,-287,-79,13,13,-2
32,-237,26,16,-17,20
50,-213,36,-14,-11,9
-35,-306,-33,5,1,5
-35,-270,-33,-9,25,-5
45,-200,67,-24,-13,-21
-3,-258,15,49,-13,19
-43,-306,-39,18,-3,-35
20,-256,15,1,-11,16
35,-218,52,20,-10,-22
-32,-286,-43,18,-9,13
-56,-298,-39,-26,-7,-3
36,-231,32,40,9,8
23,-219,46,-24,-58,-19
-62,-309,-55,7,-13,23
-16,-263,6,-28,-17,-26
36,-208,47,25,-36,-45
-14,-267,-5,-3,-13,28
-60,-306,-44,-2,31,-4
24,-248,12,-16,-2,43
38,-216,24,-23,7,-18
-37,-292,-35,38,26,12
-32,-276,-6,28,17,18
39,-213,59,10,-13,15
9,-242,5,-27,15,18
-59,-308,-39,29,-36,12
3,-274,-9,-9,13,-6
46,-209,52,-7,1,24
-38,-267,-14,-7,13,-2
-47,-289,-28,-63,16,-35
24,-217,30,-9,-32,15
19,-239,22,2,16,8
-48,-310,-54,-32,10,9
-24,-271,7,15,-1,-4
35,-217,71,3,-13,2
15,-275,8,8,-27,-16
-41,-295,-51,17,24,-10
26,-238,6,-2,-7,-26
44,-235,41,9,4,-15
-25,-312,-38,-18,-14,12
-32,-287,-40,34,18,-10
46,-197,34,-8,-17,-16
28,-257,7,7,-37,16
-53,-319,-40,-8,-3,-14
18,-254,7,-19,-4,8
65,-203,55,17,-21,29
-20,-301,-9,-19,1,28
-56,-293,-32,-25,24,-15
45,-196,45,-0,17,5
29,-215,15,18,15,-7
-54,-297,-44,18,2,15
-24,-271,-20,24,-4,20
56,-202,50,-16,-20,19
16,-242,-5,-3,-37,10
-53,-306,-69,-5,22,26
29,-251,20,5,12,14
33,-211,51,5,-1,19
-53,-292,-44,-17,4,-21
-33,-290,-23,20,-12,9
54,-208,27,-10,17,-11
24,-266,15,8,24,12
-62,-312,-54,-2,2,8
14,-250,10,17,-2,-11
47,-196,49,-7,20,32
-26,-278,-19,7,16,31
-42,-288,-42,3,27,3
53,-216,43,2,2,-33
26,-224,23,-15,-4,10
-40,-303,-65,-33,-4,16
-29,-278,-1,1,2,6
53,-214,52,20,14,-14
-30,-280,2,13,16,-32
-62,-305,-44,-15,11,-17
41,-245,14,9,-28,8
41,-217,45,-4,22,14
-22,-275,-13,-14,27,-19
-46,-287,-5,-3,27,5
50,-203,53,0,-4,-11
-2,-241,16,-21,-7,24
-51,-326,-29,-3,-17,20
25,-261,1,13,9,-24
44,-226,27,0,38,35
-12,-279,-34,-4,2,41
-48,-299,-40,-4,-12,38
47,-224,26,-8,13,19
23,-232,41,-1,19,6
-44,-311,-41,-12,-28,15
-18,-244,-19,19,-6,9
48,-189,67,28,-20,27
-17,-250,-8,-12,-1,26
-70,-301,-38,29,21,-38
16,-229,14,20,13,20
42,-215,42,1,-43,-33
-22,-281,-10,-3,-2,-4
-40,-294,-11,2,12,13
56,-210,45,26,1,1
15,-266,18,-19,-4,-33
-61,-305,-44,-6,21,-17
3,-244,-15,8,-10,-27
50,-205,51,-22,-5,-23
-31,-266,-9,-7,-7,-10
-55,-302,-54,25,-21,-6
26,-220,24,-15,-1,8
16,-223,48,-9,3,16
-48,-296,-42,-2,-35,-25
-13,-287,-2,-16,-39,29
60,-209,49,-50,-9,25
12,-264,-15,-6,0,27
-62,-317,-50,-22,-1,-19
7,-243,21,-20,-1,-12
55,-212,40,18,9,-14
-27,-293,-48,-0,20,18
-36,-288,-47,27,9,17
58,-230,40,18,34,6
-6,-234,18,-2,36,-3
-57,-290,-38,-20,7,22
11,-248,13,-27,18,18
67,-210,66,-4,24,0
-9,-279,-6,46,-10,2
-52,-305,-60,20,-24,-7
29,-242,23,13,-42,-16
30,-228,35,-10,11,-10
-48,-305,-56,-10,33,-19
-40,-275,-5,0,-21,-7
48,-209,58,10,-1,46
-9,-242,-5,14,7,-33
-38,-305,-26,-22,-26,36
19,-230,21,26,8,19
64,-209,37,-20,-34,-16
-33,-289,-43,-5,19,-8
-14,-305,-34,-2,-4,-15
30,-214,36,3,13,-31
30,-223,16,7,15,-6
-57,-315,-34,8,-28,-47
8,-261,-1,7,-18,3
51,-196,25,-36,22,-3
-17,-262,-18,2,-9,-3
-49,-306,-44,24,-15,26
44,-207,54,-16,-28,21
23,-215,28,-19,-6,47
-39,-293,-54,-18,34,-26
-14,-268,-29,-3,-8,-2
50,-200,55,-7,5,15
9,-254,3,22,12,-10
-46,-304,-54,-29,-19,7
8,-238,23,13,2,44
48,-199,39,5,1,45
-20,-285,-23,12,16,23
-34,-292,-26,-9,5,9
57,-219,31,6,-30,15
25,-251,-0,-9,9,2
-59,-302,-59,-5,-10,-35
-19,-249,6,25,25,19
47,-205,44,-17,-14,-1
-21,-279,-22,30,-1,-20
-46,-291,-34,-10,10,-36
30,-225,40,37,14,-12
40,-217,38,12,-1,8
-47,-298,-35,23,-5,34
-35,-273,-25,13,41,-5
37,-213,35,-2,-10,-19
-4,-247,-1,16,8,12
-45,-304,-49,21,9,18
19,-256,29,-25,-10,-0
56,-199,48,4,-26,-0
-39,-286,-29,15,-6,14
-29,-304,-35,9,-4,3
23,-220,29,-18,23,9
36,-245,24,10,-2,-38
-45,-304,-47,-28,4,11
14,-278,-10,12,4,17
54,-202,44,8,-19,-10
-18,-264,-13,15,23,4
-51,-302,-47,-9,-5,-17
34,-240,39,10,9,2
40,-227,28,-36,25,7
-33,-283,-39,35,16,-11
-12,-256,-10,0,3,18
40,-217,32,-1,43,6
13,-238,-5,6,33,-9
-56,-298,-48,17,-20,21
1,-269,15,18,-29,-24
37,-210,39,-13,-10,11
-42,-279,-36,17,5,-11
-21,-300,-41,23,-24,17
25,-212,52,-6,-9,-9
23,-224,32,17,5,19
-37,-278,-38,1,-26,-26
5,-262,2,12,-9,25
49,-219,53,17,29,45
-10,-263,-8,34,-23,-0
-51,-292,-41,-61,14,-8
11,-232,16,-14,-1,-3
12,-237,24,-15,-8,7
-36,-289,-34,0,23,5
-39,-262,-32,-8,-13,30
45,-243,62,-26,1,19
9,-250,13,-17,-19,45
-46,-308,-61,15,2,-23
21,-228,8,-17,14,-23
32,-217,28,30,4,1
-20,-280,-32,18,-8,8
-23,-287,-36,1,-15,28
23,-202,23,-8,-27,0
39,-242,19,-13,-8,16
-51,-304,-31,-27,15,7
-9,-256,-13,-11,-17,-11
29,-225,57,-4,-29,-48
-10,-258,-25,-6,-4,-24
-29,-292,-47,-17,-20,-9
25,-233,22,-22,27,40
24,-202,44,13,-28,-20
-43,-301,-43,3,2,-22
-18,-283,-15,-4,10,7
32,-208,23,23,38,-13
3,-235,11,13,3,-7
-49,-293,-41,35,29,-7
11,-233,24,-36,72,-8
53,-210,50,-31,6,11
-38,-283,-17,38,17,-27
-56,-295,-31,-4,10,-1
24,-222,44,-5,-15,-27
32,-234,30,-34,-11,17
-51,-304,-47,14,-21,-7
-23,-282,-7,4,24,-3
53,-212,65,9,28,-32
-4,-252,-31,11,-9,8
-45,-300,-50,12,-40,-38
14,-221,44,-23,18,-0
37,-213,41,-14,5,0
-31,-285,-54,-23,8,-17
-45,-291,-24,-29,28,-24
35,-203,49,-13,-16,35
5,-265,20,-13,0,4
-45,-304,-44,45,-35,-27
15,-231,32,-47,15,1
32,-209,48,25,-10,-4
-31,-272,-10,-14,-8,-35
-40,-292,-40,23,-1,8
38,-210,27,-20,24,13
11,-234,23,1,0,-20
-60,-306,-21,-12,-20,-23
-17,-260,-18,-10,-26,-17
61,-207,49,-6,40,-6
-21,-256,3,10,5,-13
-49,-296,-44,5,-29,18
22,-250,25,-2,-28,9
39,-204,32,-18,22,13
-39,-281,-43,-38,-0,-25
-22,-284,-23,-1,3,-5
52,-208,48,22,16,8
9,-244,13,-25,-30,-23
-57,-314,-44,46,4,30
3,-245,12,-17,9,-11
43,-205,47,7,-15,-21
-27,-275,-27,11,23,-0
-24,-319,-24,19,-21,9
35,-215,34,37,-4,19
16,-235,36,-1,19,24
-45,-297,-49,-40,-29,-11
-22,-265,-5,3,-4,-6
52,-217,42,2,-6,8
-10,-259,-2,-33,3,-25
-42,-306,-61,-5,15,-46
37,-228,22,-13,40,-31
49,-201,47,-7,18,4
-38,-291,-13,-31,21,-37
-34,-277,-38,7,6,-28
63,-214,50,-19,-29,-14
-4,-231,-3,4,-8,35
-56,-311,-54,-44,11,42
18,-251,-15,8,-1,35
55,-195,47,9,-12,-7
-22,-284,-18,-0,8,-5
-53,-300,-51,-4,9,-49
54,-217,42,-22,-18,-29
44,-224,27,-14,-3,45
-47,-303,-46,-24,1,-30
-33,-280,-24,-13,-24,5
39,-204,51,17,3,12
7,-273,-1,-26,-27,48
-47,-302,-51,-32,0,-41
38,-230,7,-1,7,28
34,-208,43,37,-3,32
-26,-288,-21,2,-31,20
-23,-283,-27,-6,-14,-1
64,-225,51,24,15,-7
11,-244,24,6,-4,-1
-37,-317,-44,-17,-23,-5
-2,-250,-12,-4,1,1
53,-204,51,9,-22,9
-7,-273,-21,-6,25,-8
-44,-305,-46,16,20,7
33,-241,26,22,-12,-17
40,-226,20,18,2,-16
-51,-291,-50,4,6,-2
-15,-275,-11,-5,-18,-11
37,-210,53,2,-17,13
17,-258,-3,23,10,-13
-51,-298,-44,13,-12,5
15,-235,26,16,-18,8
53,-196,40,11,9,-30
-22,-299,-32,6,-32,15
-41,-282,-25,-9,-12,9
42,-198,57,-11,10,-12
13,-242,4,13,-15,14
-52,-297,-57,21,-1,-3
-6,-248,-7,-20,-44,2
46,-205,34,20,7,-3
-29,-275,-21,21,1,-7
-44,-319,-52,31,-0,14
22,-235,30,-15,23,24
29,-222,29,-14,9,-19
-47,-285,-43,39,42,8
-35,-266,-20,-22,-13,-20
54,-193,53,1,12,1
-5,-258,3,10,-52,-25
-59,-296,-57,24,7,23
19,-243,22,24,17,7
40,-217,41,-38,18,-11
-22,-288,-55,17,-14,-19
-27,-280,-32,-30,-29,-3
51,-205,39,3,-31,-8
18,-237,17,-24,7,-11
-44,-302,-45,-27,-11,16
0,-264,18,-0,19,26
51,-222,25,4,6,-0
-15,-290,-13,26,6,28
-33,-304,-36,37,7,-23
35,-214,22,0,-5,-13
32,-215,19,-5,8,2
-51,-310,-48,8,-1,-37
-20,-268,-21,17,13,-8
40,-202,49,-3,-17,-16
-16,-264,4,17,-11,-7
-60,-300,-48,-7,3,8
3,-233,13,10,31,-12
41,-205,47,-9,-18,-6
-32,-306,-33,6,-7,50
-27,-283,-49,13,7,0
45,-205,32,-29,-15,5
3,-240,14,-10,17,17
-71,-300,-44,-27,-8,26
-29,-263,-21,2,-37,8
45,-220,56,-26,8,-28
-26,-268,-16,24,-2,-21
-56,-290,-56,-29,-13,-18
41,-234,29,29,-16,-27
33,-223,37,-26,-13,-9
-55,-286,-58,6,-4,11
-7,-303,-5,-3,4,-3
62,-208,41,2,-6,4
1,-261,-13,15,31,28
-50,-307,-56,40,3,27
24,-228,13,-16,4,26
45,-201,63,11,20,21
-16,-295,-36,14,-6,18
-25,-297,-24,-7,-13,-13
27,-209,44,-16,9,-10
20,-256,23,-14,-12,11
-51,-295,-57,-31,12,17
-22,-265,1,-13,-44,8
50,-214,54,23,-5,-38
-0,-275,-9,-8,-5,-11
-61,-295,-54,1,-38,9
16,-219,29,-15,6,18
38,-216,23,-8,-12,33
-53,-309,-22,-8,-5,26
-18,-263,-32,8,11,3
18,-201,44,32,-15,19
-6,-260,12,-14,48,-32
-60,-287,-65,-5,17,-4
16,-248,33,4,4,2
46,-207,38,5,-24,-14
-20,-296,-28,6,6,-3
-35,-281,-34,-4,-25,-2
59,-213,53,-6,-23,24
28,-215,5,-13,4,26
-36,-294,-49,-29,10,32
-12,-277,-5,11,8,10
71,-205,64,11,-4,-6
-21,-281,-21,-7,-11,12
-57,-299,-36,-23,13,37
22,-237,41,-6,12,17
25,-220,44,10,-3,10
-36,-273,-46,-17,-12,14
-24,-269,-33,-15,7,22
47,-209,37,-3,-4,16
-5,-247,17,-7,35,-9
-42,-290,-47,7,-5,5
10,-231,8,4,-12,10
54,-215,60,-6,-51,-33
-35,-269,-17,9,-15,39
-33,-314,-34,16,5,-23
40,-218,61,-22,2,24
7,-252,10,5,3,48
-43,-301,-51,-21,-19,8
-4,-269,-10,-15,11,37
43,-202,64,8,17,16
-11,-271,0,-27,13,16
-55,-281,-54,-12,3,-3
24,-241,31,-20,-7,15
38,-218,39,27,7,12
-45,-304,-47,24,17,5
-35,-281,-26,1,15,-8
53,-215,56,13,-3,7
21,-250,-7,13,46,1
-59,-294,-39,9,8,34
8,-239,14,-15,23,18
51,-192,48,-14,-39,-17
-36,-295,-31,12,23,-21
-54,-282,-36,11,-4,16
32,-211,64,14,4,15
23,-240,22,-25,-20,-10
-51,-313,-45,-10,38,-0
-35,-266,-14,-29,46,25
42,-217,60,23,-5,0
-20,-259,-15,14,30,7
-68,-294,-69,40,18,9
32,-233,11,-17,10,-1
35,-212,47,8,10,-16
-33,-296,-44,9,-11,-9
-21,-278,-34,-31,9,21
41,-211,32,17,-20,31
-9,-249,7,1,49,-44
-56,-305,-50,-14,3,20
13,-237,6,34,-23,2
15,-190,45,12,19,48
-36,-270,-31,41,-38,-9
-36,-277,-27,18,-2,21
47,-220,38,39,2,-0
39,-227,21,-21,-1,-20
-29,-308,-44,1,-18,-10
-14,-272,-19,25,-18,10
68,-209,48,-9,7,21
-20,-250,4,10,20,15
-53,-304,-35,27,5,-28
22,-218,34,15,-36,6
39,-227,26,-4,22,31
-51,-309,-60,-14,1,-8
-31,-287,-22,22,4,1
72,-205,43,45,-1,7
8,-248,6,18,-21,-6
-52,-305,-52,7,-32,15
4,-236,3,-28,-23,-17
62,-209,42,-1,-20,20
-12,-279,-14,11,-9,22
-39,-287,-36,-21,-44,-7
43,-218,38,18,-0,-16
41,-247,28,-13,-3,-30
-53,-316,-59,1,-45,2
-3,-275,-9,-8,-11,15
61,-209,55,9,3,6
5,-277,5,-25,35,10
-46,-308,-48,-4,-13,2
8,-230,39,0,10,-11
57,-220,26,24,-49,3
-24,-287,-27,-38,9,-44
-26,-290,-34,15,-39,-16
38,-206,32,-1,4,22
10,-242,10,-3,2,-6
-60,-306,-34,2,16,16
10,-243,16,2,-12,-6
55,-214,49,-24,17,-10
-17,-274,-15,9,-24,-28
-43,-305,-32,-9,10,13
31,-224,38,9,-10,-12
27,-232,40,-6,19,13
-45,-327,-41,3,1,-13
-14,-262,-8,-8,-6,37
57,-203,38,1,10,11
-8,-259,-7,-5,-2,-21
-61,-300,-47,-21,7,14
25,-239,20,6,0,5
50,-213,35,29,1,5
-29,-285,-18,-3,12,37
-26,-288,-35,10,-0,-8
57,-212,44,22,0,18
21,-245,9,28,-15,3
-49,-293,-40,23,16,-24
21,-246,3,-1,10,-22
60,-205,48,12,-36,-34
-26,-279,-29,19,-20,16
-38,-278,-47,42,3,-14
29,-202,31,-2,-3,14
18,-233,37,9,60,41
-45,-302,-47,-24,2,2
2,-260,-11,-11,19,20
44,-204,45,19,43,34
-0,-243,-10,-10,-9,25
-58,-283,-50,0,-8,64
25,-231,9,-26,36,9
20,-212,58,-14,-8,18
-40,-301,-23,-21,35,-35
-22,-280,-24,-3,-20,-5
37,-223,43,12,-10,44
11,-256,10,17,-16,30
-51,-313,-43,37,-34,-9
16,-268,21,-17,-24,-23
48,-198,48,9,7,15
-31,-301,-29,-8,17,-24
-45,-302,-44,31,16,-27
39,-225,34,-19,-7,10
25,-197,26,-33,23,-26
-52,-297,-40,-25,13,-27
3,-261,-18,2,-33,-29
30,-210,40,28,-18,10
-8,-268,-15,-3,-8,26
-56,-295,-53,-4,13,18
18,-230,37,13,10,4
35,-211,28,3,-1,-12
-32,-294,-24,13,-27,-11
-37,-266,-33,21,15,-10
55,-203,46,44,-39,-4
17,-242,22,-7,-29,12
-59,-317,-46,9,32,14
9,-248,14,-10,2,5
44,-201,52,-31,24,9
-14,-281,-29,-28,3,-17
-38,-323,-54,3,13,-14
32,-229,16,4,21,1
42,-223,34,-15,16,-16
-40,-300,-33,47,-20,-3
-18,-284,5,13,-2,-20
61,-192,57,18,-15,-58
-12,-264,-8,20,7,31
-40,-301,-50,-11,10,-20
12,-244,15,-22,33,-38
37,-209,25,-7,20,-49
-30,-271,-39,-14,-54,-30
-43,-285,-20,46,22,-7
31,-210,61,1,6,-28
-5,-259,4,18,-0,-12
-49,-311,-40,33,-9,-30
-20,-261,-10,18,0,-14
33,-197,59,-13,-30,-13
-20,-274,-20,45,28,-8
-43,-311,-21,9,10,0
45,-225,47,-53,-20,-2
33,-228,34,-14,-7,4
-43,-293,-48,11,10,-20
-13,-265,-1,21,-3,-0
47,-219,62,-28,-15,-16
-0,-247,6,21,7,9
-50,-303,-65,-0,4,-9
7,-236,9,18,7,-3
39,-205,53,20,10,11
-24,-295,-30,-0,-2,8
-31,-286,-33,5,16,6
43,-221,36,6,11,-16
12,-249,39,-9,15,-7
-57,-290,-67,-16,15,-9
-11,-272,-5,7,-29,-13
60,-214,53,-2,-3,-38
-26,-256,-4,-8,17,-27
-40,-294,-46,12,-24,8
44,-219,40,-13,19,7
37,-231,42,-9,-28,-15
-36,-298,-42,-24,11,12
-18,-286,-22,3,-37,-25
60,-198,53,-3,-1,-3
5,-261,-1,-39,6,-7
-45,-312,-47,-2,-3,-25
14,-233,15,-13,-11,11
36,-204,34,9,-25,-11
-25,-284,-28,-14,52,-1
-23,-288,-35,-14,-22,-24
27,-213,34,15,20,-5
26,-259,14,-19,14,7
-52,-301,-41,-5,30,17
-3,-255,5,-31,-15,35
35,-219,60,-11,9,-15
0,-276,-8,-12,-9,-17
-46,-294,-37,22,25,-19
19,-211,25,-7,-7,-4
18,-214,37,-6,-11,1
-41,-292,-53,-11,-20,-4
-20,-290,-11,-18,-38,-4
55,-212,37,24,7,-25
4,-243,-3,5,-44,-14
-63,-302,-53,30,-26,6
12,-231,12,1,-21,36
62,-188,26,7,-14,-2
-46,-291,-45,1,3,-47
-36,-289,-31,43,-6,-16
39,-211,40,-5,-9,33
13,-226,7,42,28,13
-32,-322,-43,-5,-15,14
10,-272,4,-13,12,-1
62,-201,38,-4,6,-12
4,-264,-17,-14,-6,19
-55,-324,-59,16,32,13
31,-227,26,9,-18,8
41,-223,34,-12,-29,-9
-41,-305,-58,18,5,-25
-30,-292,-0,27,-3,13
32,-201,53,-29,16,35
13,-241,-9,15,32,10
-63,-304,-46,21,-20,14
4,-233,24,13,11,15
46,-227,50,-22,11,30
-45,-287,-43,-36,-29,-9
-18,-286,-48,5,9,5
27,-217,48,12,-17,4
10,-244,5,4,-5,16
-57,-309,-35,-4,16,-41
5,-261,-0,27,38,11
57,-188,52,-5,-61,-18
-30,-278,-9,-29,-9,7
-46,-295,-35,2,19,-21
25,-221,32,-12,-3,26
31,-233,27,24,32,-33
-35,-308,-43,42,-26,-10
-21,-251,-46,0,-9,-23
44,-201,27,7,-11,-20
9,-263,5,-34,-4,-3
-48,-321,-49,22,23,-3
10,-241,2,9,8,5
27,-212,42,12,-1,-5
-35,-295,-24,46,10,6
-44,-283,-24,-3,-44,-25
39,-216,38,23,-36,14
22,-229,23,-3,-3,-8
-53,-315,-53,9,5,-12
-11,-258,-16,-34,1,-47
46,-210,59,-13,-3,16
-21,-246,-14,-1,16,-3
-60,-305,-43,-10,7,8
29,-230,37,-29,7,22
27,-217,32,-35,22,14
-34,-295,-37,-33,21,-2
-27,-279,-27,19,-11,-10
45,-214,46,-17,-6,-15
14,-269,8,-32,3,-17
-56,-309,-56,-31,20,-5
35,-243,3,11,-9,3
45,-204,38,23,10,7
-16,-283,-31,-10,12,37
-31,-310,-32,-26,-28,-12
37,-216,47,-13,-12,6
32,-219,20,19,13,15
-62,-318,-50,-2,-9,32
-5,-267,-20,-30,18,33
69,-208,35,6,11,6
-14,-259,-10,-49,26,-9
-29,-301,-46,-24,-44,3
25,-230,15,17,33,7
60,-209,38,6,-63,-14
-49,-268,-42,-7,-8,-12
-11,-283,-17,-14,1,2
42,-204,54,26,-8,19
4,-252,6,18,-2,6
-41,-296,-67,30,12,-29
11,-233,20,20,61,3
26,-194,61,8,-11,18
-25,-268,-30,-5,-37,8
-55,-291,-33,40,-2,9
32,-208,27,-41,30,-3
31,-227,22,-13,21,28
-34,-323,-27,21,-20,52
-14,-265,-14,2,-4,26
37,-196,51,-14,-9,-22
2,-270,-11,-16,17,14
-55,-318,-39,7,37,-19
22,-229,18,26,-5,13
45,-222,43,-43,-24,32
-18,-292,-23,-18,11,68
-31,-298,-47,-11,15,7
33,-202,33,-18,-14,23
2,-263,17,27,18,-30
-56,-302,-70,-23,24,36
-4,-246,-6,12,-39,-13
48,-209,55,12,20,14
-41,-280,-18,-31,24,-11
-46,-293,-50,-8,-9,11
51,-220,34,-4,2,-17
26,-224,26,4,-33,-57
-49,-296,-47,-9,23,3
1,-282,-4,11,11,-9
62,-212,58,33,9,5
-33,-253,3,-9,13,-12
-31,-308,-42,-19,-10,11
26,-218,29,13,25,-7
70,-224,51,-18,20,-4
-35,-293,-23,-6,-5,-17
-20,-286,-38,-25,-1,-3
34,-203,54,22,-8,3
8,-258,2,12,11,30
-42,-305,-52,-17,-18,-49
11,-239,9,-30,12,6
36,-218,37,27,-44,-6
-31,-294,-18,4,-20,-26
-32,-300,-33,6,-22,36
51,-230,34,21,-12,17
29,-231,31,18,24,-2
-60,-297,-34,-16,-3,10
-29,-267,6,21,-12,31
62,-203,59,7,-1,5
5,-256,13,7,23,4
-49,-291,-39,-13,13,-7
25,-234,28,41,-8,13
37,-228,47,-2,39,-12
-35,-295,-47,40,32,-19
-23,-279,-21,-6,-4,7
58,-211,28,-11,-19,-5
10,-248,-11,25,40,-8
-53,-295,-52,-24,-23,-60
4,-241,-6,-16,-32,-39
40,-199,34,-14,43,28
-17,-267,-1,2,3,-5
-44,-293,-48,-12,9,-26
47,-215,19,-28,1,-11
20,-226,31,37,2,-28
-58,-297,-48,6,-1,25
-9,-266,-9,5,-17,1
56,-201,64,4,-4,29
-7,-250,-17,-73,-19,-22
-48,-301,-51,10,-26,7
47,-241,16,33,-39,-32
43,-219,56,3,-22,32
-37,-302,-39,7,-14,2
-31,-275,-42,31,14,-6
34,-220,27,-8,18,-4
23,-240,26,-2,20,10
-52,-306,-50,-5,-2,-24
3,-251,-10,-3,-33,20
42,-212,56,27,-12,27
-33,-263,-32,34,16,-17
-51,-305,-42,-35,26,-10
34,-210,42,-0,32,-20
26,-215,44,-9,-11,23
-65,-281,-37,33,17,27
-3,-254,-32,-4,-17,-21
51,-212,47,7,-12,8
-11,-258,9,-15,32,13
-46,-314,-46,37,25,26
20,-248,1,-13,11,-38
45,-229,51,-3,-36,-12
-26,-305,-20,15,-10,-33
-39,-276,-26,6,-45,-3
49,-192,46,-29,19,9
19,-225,25,-11,-7,-7
-50,-308,-51,-2,11,2
-3,-274,11,4,21,-3
63,-212,45,1,7,16
-3,-275,-18,-13,16,5
-47,-295,-53,-16,14,-26
20,-240,26,15,-31,19
26,-223,31,1,11,30
-50,-292,-55,-15,-1,-27
-9,-280,-18,-7,39,9
30,-221,61,3,-17,-22
-1,-252,3,-10,24,-28
-59,-324,-40,-10,21,15
25,-261,31,26,0,11
43,-213,39,27,12,1
-30,-289,-8,-17,-22,-10
-36,-272,-36,31,11,-18
30,-200,43,12,21,0
24,-245,26,9,1,-6
-50,-302,-52,-21,-17,9
7,-260,12,0,-11,24
55,-187,37,3,10,12
-11,-273,-3,-2,29,6
-28,-304,-54,-29,-6,0
35,-222,24,-7,-11,18
20,-226,32,30,37,-16
-36,-272,-42,-12,18,30
-5,-269,-29,26,23,13
55,-206,53,2,11,-18
6,-254,-1,-1,16,-3
-47,-309,-44,-9,17,15
21,-231,20,-22,15,1
34,-192,58,-11,-17,15
-37,-289,-38,29,36,0
-40,-284,-18,-13,43,28
51,-199,35,11,-2,5
-0,-235,0,-7,-8,27
-40,-295,-56,12,37,15
6,-260,3,-23,-24,-1
47,-204,42,-6,-21,-28
-19,-278,-35,-12,25,-7
-36,-298,-46,-21,-6,24
34,-238,36,43,11,-7
27,-227,28,9,15,22
-34,-297,-34,60,-23,-7
-23,-278,-17,-19,5,-15
55,-202,62,-17,19,-7
6,-258,18,-5,1,-11
-69,-305,-43,17,38,6
12,-238,19,-21,14,6
27,-209,31,-5,-9,32
-30,-281,-36,8,-9,20
-53,-286,-28,-26,-2,14
46,-208,48,-30,7,-33
17,-226,29,28,-4,-56
-36,-319,-50,19,-42,17
3,-260,-11,12,-12,7
44,-207,23,1,0,1
-30,-271,-9,1,15,-24
-41,-308,-71,17,8,-20
37,-221,32,0,-23,-3
32,-231,44,-38,-14,-29
-48,-301,-49,-6,-23,-15
-19,-273,-26,7,-35,12
35,-209,31,3,28,23
-6,-244,-2,-26,14,-35
-77,-298,-56,-25,-16,41
21,-246,21,2,3,4
48,-202,47,19,-19,-2
-40,-288,-34,-47,-49,32
-45,-296,-22,9,-22,7
39,-219,43,1,-6,40
41,-231,19,12,-48,-2
-52,-312,-32,0,-4,-32
-2,-258,-11,-21,-3,12
54,-223,51,1,-14,28
-9,-272,-6,-11,-31,-45
-45,-301,-46,-25,-5,-8
29,-211,35,26,-24,32
45,-220,45,9,8,-17
-53,-304,-35,-20,-5,23
-18,-266,-9,11,7,-13
34,-213,51,-35,10,28
-2,-259,15,-12,7,21
-43,-307,-38,-27,-5,-3
-2,-249,-9,41,2,5
56,-215,39,-9,-2,4
-15,-273,-34,-19,-32,12
-46,-295,-33,-18,18,24
47,-221,51,-24,10,-12
14,-219,48,12,18,-24
-45,-298,-51,11,-11,33
2,-259,-6,35,-20,-22
42,-217,40,26,-11,34
-2,-250,-8,3,-35,35
-48,-304,-43,-3,-62,-2
23,-225,29,-25,-5,-34
39,-227,38,-25,-19,-13
-24,-292,-61,34,-22,13
8,-293,-35,15,3,25
53,-200,30,6,1,4
29,-263,3,10,-17,18
-40,-300,-52,23,8,-3
8,-247,25,-8,56,28
60,-222,31,9,-17,-20
-26,-298,-38,-7,-39,16
-43,-286,-40,-5,2,8
40,-204,50,2,16,2
31,-223,14,-10,12,16
-58,-293,-49,-13,-27,36
-8,-273,-0,-30,18,-12
45,-202,46,1,-16,18
-11,-267,4,13,2,21
-55,-304,-57,1,-14,5
29,-227,15,23,-8,-28
36,-216,43,12,3,26
-34,-292,-41,-4,-20,-3
-27,-276,-8,15,24,21
54,-203,42,8,6,8
29,-244,-16,-8,-44,-17
-41,-289,-57,5,23,23
9,-242,-2,-0,18,-14
41,-210,41,14,17,-35
-13,-283,-31,-15,-11,7
-39,-285,-41,-22,30,4
44,-231,39,3,36,24
25,-224,37,26,-11,16
-44,-293,-51,13,-10,2
-4,-270,-2,-37,-8,-0
50,-201,56,13,-11,4
-13,-254,-6,-5,-25,-12
-56,-311,-50,-48,-10,7
28,-244,39,47,4,-8
53,-223,29,6,-3,13
-34,-281,-44,-37,-4,21
-21,-285,-7,15,-2,-14
31,-206,43,26,-8,-21
2,-243,7,-13,17,-0
-53,-303,-46,10,-23,-12
3,-244,4,-16,-24,21
42,-218,26,18,3,-16
-26,-283,-9,0,-12,3
-45,-304,-36,-16,-18,-29
28,-235,36,-6,7,-6
27,-235,33,-14,-29,45
-38,-300,-48,-8,-22,23
-14,-269,-18,33,17,21
50,-220,42,-6,4,6
2,-265,11,7,-22,-3
-51,-300,-49,-26,-7,28
37,-215,29,-22,-6,-7
37,-213,33,29,-6,7
-34,-282,-40,-46,2,1
-40,-279,-33,9,-45,6
36,-207,50,4,38,-23
-4,-253,5,-34,-19,-10
-58,-319,-47,24,9,1
16,-248,14,-3,-6,18
41,-197,44,-5,7,-3
-25,-286,-21,3,-22,2
-44,-302,-45,-1,-5,15
21,-220,31,10,4,11
23,-223,34,-4,-9,-30
-43,-288,-43,-10,45,-2
-9,-282,-17,16,-22,13
53,-200,67,-4,5,-23
1,-256,-8,10,-7,-14
-60,-300,-53,-28,17,-9
9,-236,7,-8,4,54
47,-235,32,-23,-16,-38
-28,-293,-16,45,14,-0
-30,-292,-27,-16,-19,-8
31,-219,55,34,-4,-11
9,-233,7,6,-6,-32
-63,-297,-52,12,0,17
3,-251,-1,33,-5,24
53,-201,63,2,8,5
-3,-264,-4,32,-7,-2
-20,-296,-52,-16,-37,2
19,-232,23,10,26,-36
24,-205,27,7,-14,8
-48,-306,-31,-4,-3,22
-2,-270,-17,15,-59,-36
45,-213,51,-26,-9,-13
-17,-241,10,-0,-20,-1
-64,-309,-53,-0,-9,-1
17,-233,27,-11,-7,-2
33,-211,66,39,-8,-14
-24,-288,-44,-1,-9,-16
-23,-283,-1,-3,18,-41
41,-222,36,25,21,-23
-0,-248,12,53,-15,6
-63,-319,-38,20,17,-11
2,-254,-6,16,33,-30
53,-197,39,18,33,13
-27,-282,-27,-1,21,25
-43,-271,-60,41,8,-9
39,-208,23,-23,15,27
22,-241,43,-22,-19,8
-31,-285,-36,-13,40,-45
-25,-274,-20,-2,26,9
60,-212,55,-2,-16,-11
6,-256,12,52,7,-1
-50,-314,-54,5,-13,1
34,-242,5,-7,10,-30
47,-232,24,-9,-21,32
-41,-294,-37,-41,11,-3
-21,-293,-24,-0,5,10
39,-205,23,8,32,10
2,-226,21,-14,24,3
-66,-291,-56,24,26,15
10,-245,21,-25,8,5
55,-188,27,-23,-20,25
-14,-277,-11,-51,-5,-41
-40,-305,-28,27,-25,8
24,-243,33,1,2,-12
50,-220,30,0,-18,8
-44,-310,-30,14,6,-20
-17,-279,-22,27,-4,-37
44,-184,51,18,-30,4
13,-271,-20,56,-1,-26
-64,-316,-50,12,14,13
14,-236,51,-13,-40,0
47,-203,51,-28,-5,14
-40,-291,-29,-46,17,45
-27,-281,-23,-19,-2,-13
51,-225,33,-13,8,4
24,-226,-6,-10,60,29
-32,-311,-51,28,-42,7
-4,-256,-1,-2,13,-0
31,-195,65,-18,11,31
-14,-274,-28,12,8,21
-49,-309,-39,10,8,10
40,-224,38,-21,-24,8
29,-227,28,-11,-43,-6
-55,-300,-59,-32,13,-32
-32,-272,-27,1,-3,-5
63,-233,40,4,5,12
-8,-235,-12,13,-16,12
-65,-295,-50,35,4,19
21,-243,9,-10,-1,1
26,-219,48,-17,-7,-25
-28,-289,-43,29,-43,1
-40,-294,-42,8,-6,-16
34,-224,46,1,-1,19
15,-255,38,-18,-0,21
-31,-300,-44,4,-8,13
-4,-254,6,6,3,5
41,-198,66,6,10,0
-3,-273,-11,4,-10,31
-25,-298,-55,4,18,-5
21,-240,38,3,-4,1
37,-211,43,25,-32,3
-40,-295,-36,19,7,-11
-19,-279,-21,-42,19,22
35,-195,33,3,-14,17
-1,-250,-7,2,23,-31
-46,-297,-33,45,-30,6
2,-249,9,-13,28,-19
31,-212,29,13,-3,-15
-1,-269,-22,42,3,3
-27,-285,-24,36,30,-19
42,-222,24,-17,-31,-12
30,-244,16,-16,-4,23
-59,-324,-34,22,11,-52
-5,-251,-19,19,-33,-27
38,-204,45,19,21,4
3,-273,-17,13,1,-21
-49,-298,-45,3,18,-28
20,-220,31,7,17,10
19,-215,26,32,-40,10
-52,-308,-46,8,-2,23
-21,-276,-22,-37,-2,-22
52,-205,48,22,2,-5
-31,-244,-3,-19,23,34
-46,-315,-60,31,-12,-2
9,-236,13,6,6,52
44,-211,38,-12,7,5
-28,-282,-22,-12,15,19
-44,-282,-37,41,3,14
59,-204,35,4,-14,-18
15,-242,20,-26,-9,-44
-45,-308,-62,-8,8,10
-2,-253,-6,38,-34,-28
72,-204,30,-2,-8,21
-26,-277,-9,-7,7,-9
-54,-302,-47,-3,8,-12
35,-242,26,13,31,24
34,-222,53,-38,-9,-56
-67,-287,-38,-33,-12,5
-21,-271,-28,-30,-10,19
50,-196,35,32,-16,-33
9,-251,11,-36,16,25
-40,-299,-50,4,-31,-32
0,-242,-3,29,-20,33
41,-220,30,-26,-12,-27
-36,-292,-23,-6,7,-8
-35,-302,-30,-19,25,-32
53,-207,57,5,-49,27
25,-223,15,3,25,-23
-46,-308,-53,20,-8,-33
-7,-257,8,30,14,-4
41,-210,58,20,5,58
-9,-263,3,0,-15,-15
-47,-328,-35,7,-31,-13
23,-226,15,-26,-23,-17
49,-224,40,13,6,-23
-41,-291,-39,8,-10,-26
-20,-281,-14,23,32,-19
61,-179,44,-32,-7,12
13,-250,14,-20,-1,4
-50,-310,-58,-10,22,-7
16,-244,11,-30,-3,3
42,-216,33,30,-12,-0
-18,-287,-26,43,16,-35
-27,-301,-31,4,-0,-2
19,-207,36,11,10,-38
2,-235,22,41,8,-19
-39,-296,-48,3,52,-27
14,-267,-16,2,5,-3
54,-212,47,-15,-15,17
-7,-235,-26,-26,1,-14
-42,-302,-60,28,33,28
17,-221,18,-6,-7,30
57,-214,29,9,7,-33
-37,-284,-51,-32,8,2
-16,-276,-24,-20,18,-33
53,-215,39,14,-21,7
-6,-252,17,11,6,-1
-63,-297,-52,-1,-10,-3
17,-229,5,-15,7,22
54,-207,56,-16,-3,-13
-20,-279,-29,-4,23,25
-38,-305,-39,23,9,-16
45,-213,57,-13,-15,12
32,-234,45,-5,-35,-40
-52,-292,-58,-34,13,9
-19,-265,11,6,-13,2
48,-224,54,9,-37,39
-20,-278,-9,24,0,18
-41,-313,-69,-21,-9,-2
21,-235,14,24,34,3
35,-219,42,8,-24,26
-40,-295,-43,11,2,-11
-29,-287,-32,4,-10,-19
51,-198,51,23,-7,-19
10,-247,11,33,-17,8
-54,-303,-53,23,-22,-24
-4,-241,18,1,2,3
50,-203,39,8,-1,-39
-28,-284,-18,26,33,-25
-30,-303,-24,-55,16,29
54,-214,32,6,-20,-15
26,-235,8,-34,-41,-14
-39,-310,-63,8,-0,-21
-8,-261,-5,20,-9,-34
37,-207,56,-4,-20,-24
-7,-252,-16,18,-20,-6
-49,-306,-44,9,-4,7
10,-221,4,-17,-28,-4
41,-204,43,28,20,-26
-34,-288,-37,-21,37,-40
-27,-276,-14,-4,2,-16
44,-215,50,13,10,-19
29,-237,6,-6,29,30
-44,-303,-55,13,15,-8
24,-249,8,37,-26,22
36,-204,18,-11,-7,-17
-10,-256,-29,3,1,-22
-21,-293,-43,-17,8,15
26,-225,23,21,-32,-24
45,-236,24,-22,6,-26
-52,-304,-54,-22,35,-20
-6,-269,-16,-5,31,-53
55,-221,45,23,-4,28
6,-259,8,6,-18,6
-41,-317,-46,-6,13,-12
27,-243,19,-3,20,8
29,-208,24,6,-26,2
-42,-305,-44,-4,-30,-4
-44,-294,-36,7,-0,-5
43,-218,51,24,13,5
8,-249,-2,-33,-10,-14
-43,-294,-40,-9,28,-3
9,-237,-3,-43,5,21
45,-223,40,-21,23,1
-30,-275,-29,-15,5,21
-33,-308,-32,-24,16,-6
28,-231,36,2,-5,-25
23,-217,20,9,27,28
-42,-302,-40,-7,18,2
2,-274,-24,-4,11,-3
58,-187,56,-19,25,-35
-0,-258,11,-3,-21,-24
-66,-314,-44,10,20,1
34,-233,18,25,15,18
43,-204,45,44,9,-25
-19,-291,-32,38,28,30
-25,-278,-29,-33,0,28
56,-204,10,-38,-16,7
23,-239,16,3,8,-18
-41,-307,-43,-12,-15,-10
10,-243,3,-11,1,-15
69,-224,42,2,42,-2
-16,-284,-10,-3,-7,4
-34,-310,-40,-25,-10,21
37,-218,35,2,3,4
24,-235,31,28,10,43
-31,-306,-64,13,-8,-25
-9,-267,-5,12,20,9
59,-202,51,20,15,24
-5,-245,-6,1,-20,17
-33,-303,-53,32,9,10
41,-236,25,-24,16,23
52,-219,46,-38,18,-4
-30,-308,-23,-3,6,6
-34,-298,-16,-27,3,-14
41,-235,40,21,-13,-12
9,-256,13,-10,-6,4
-68,-311,-42,11,-30,-1
-9,-256,7,27,8,15
44,-200,72,-1,-7,-3
-22,-264,-21,-18,14,18
-52,-306,-20,15,1,-18
40,-237,35,8,-8,-12
48,-239,27,21,28,-14
-59,-302,-42,15,24,-33
12,-274,-43,5,-3,4
45,-205,50,-6,-9,10
-14,-243,9,-10,4,3
-54,-312,-57,16,-12,8
22,-220,33,38,-24,29
38,-219,32,3,12,-4
-43,-275,-41,-1,24,27
-14,-305,-27,10,-1,-18
63,-230,40,-18,-19,-4
14,-241,22,10,-39,28
-43,-300,-49,-2,-29,-14
-12,-274,-12,-9,5,25
73,-201,51,-2,10,10
-16,-273,-34,-7,6,39
-51,-315,-41,-29,-20,-26
15,-209,46,29,-26,-6
24,-199,25,1,-18,17
-34,-319,-45,14,3,11
-11,-279,-14,23,25,-24
48,-205,42,-16,-33,-37
-14,-275,4,10,8,-3
-59,-303,-27,-17,3,-13
12,-232,28,-10,20,-15
51,-224,43,-42,-12,-11
-32,-285,-47,2,-12,-22
-24,-293,-32,-8,-15,1
33,-208,25,-23,16,18
7,-234,28,34,-7,28
-32,-308,-35,1,6,-15
23,-245,8,-21,10,9
55,-215,49,-22,-1,1
-23,-270,-16,40,30,31
-52,-303,-39,-0,39,-37
38,-233,33,-15,12,20
25,-219,56,49,-6,-10
-43,-296,-37,3,22,-16
-11,-268,-33,14,3,-36
55,-219,42,7,-1,-6
-4,-252,-2,4,16,16
-36,-303,-53,29,6,-4
12,-230,21,-10,-15,1
41,-211,28,13,-18,1
-36,-285,-34,-4,-5,3
-40,-278,-33,2,-8,13
46,-223,38,21,-50,-20
42,-224,15,-8,-9,-8
-56,-313,-62,17,47,11
-5,-257,7,1,8,2
54,-205,40,-28,-3,-22
-33,-267,-16,-46,5,10
-29,-325,-35,26,-14,-39
27,-232,15,4,-35,15
19,-243,34,20,17,-7
-41,-292,-35,51,-3,-2
12,-280,-33,-2,9,-16
45,-201,62,7,-46,18
9,-273,9,24,-40,-7
-38,-301,-58,10,-5,-9
26,-236,8,6,21,49
32,-207,56,-0,-2,22
-7,-284,-44,-9,-12,8
-41,-286,-33,-4,3,-15
45,-205,57,6,7,-30
12,-230,40,52,22,30
-56,-309,-45,10,-12,33
10,-271,10,-23,6,10
68,-194,58,32,-3,13
-14,-258,0,6,-2,13
-56,-295,-45,16,24,-34
33,-250,29,7,-8,-42
39,-207,44,8,36,7
-50,-305,-53,2,22,24
-26,-299,-26,-1,-21,12
39,-221,29,-2,-0,47
18,-255,-10,21,7,3
-54,-311,-53,-1,42,-14
15,-229,10,6,9,-2
45,-213,45,-2,21,-13
-30,-285,-17,-39,-24,-0
-44,-284,-28,-17,11,-3
37,-203,50,-17,-25,-27
25,-248,20,-16,-6,1
-43,-294,-44,-48,-36,31
-7,-262,-3,26,1,-12
42,-222,38,25,12,24
-6,-273,-22,26,-19,-40
-59,-284,-45,-9,-38,-20
25,-227,31,-1,20,-17
45,-210,10,32,-34,-8
-27,-296,-40,23,6,-21
-37,-266,-24,-8,20,-33
40,-198,42,-26,-14,-8
10,-281,5,15,-13,-29
-69,-312,-49,-11,-3,14
6,-251,1,-4,12,36
42,-227,28,-5,16,19
-31,-284,-7,-2,-1,15
-32,-285,-46,-5,-3,31
30,-220,19,16,27,3
18,-245,27,-17,-1,6
-59,-297,-51,-6,-1,-12
-17,-260,-3,29,-9,4
69,-204,61,26,22,-13
-15,-251,-18,18,-2,53
-52,-296,-36,26,-11,-5
42,-235,32,8,-3,-5
46,-232,35,-1,-6,-24
-39,-302,-23,29,22,33
-27,-275,-25,-3,11,16
47,-218,34,-5,-29,-17
26,-240,18,11,5,-30
-57,-290,-55,-13,-41,4
2,-243,-5,1,1,9
38,-207,53,-4,-4,27
-1,-266,-34,-5,18,-16
-54,-287,-47,5,15,45
50,-229,31,40,35,9
33,-236,9,35,12,30
-52,-313,-41,-7,-15,-8
3,-251,-11,37,-3,6
59,-205,44,7,-11,14
-8,-285,-10,-0,-22,-19
-50,-314,-40,17,-3,-15
21,-220,18,5,16,-5
40,-202,19,-20,-17,-31
-42,-303,-39,-60,-27,-21
-13,-273,-20,-9,29,25
57,-215,46,-30,12,-43
11,-265,16,6,-12,45
-56,-315,-58,-2,-2,5
10,-256,31,16,-26,-13
51,-206,56,-0,-11,-27
-17,-285,-6,6,2,34
-36,-273,-39,-15,12,-18
41,-210,55,17,-13,35
32,-235,24,13,-5,15
-55,-312,-32,-26,-16,12
-27,-254,-17,-21,40,-16
60,-212,54,-17,-27,1
-24,-271,7,1,24,-27
-48,-300,-46,-13,-6,18
29,-237,28,-12,-1,2
39,-214,39,-7,-12,7
-31,-277,-54,-12,-6,19
-36,-277,-9,10,29,-15
27,-203,44,-2,-3,10
29,-241,13,9,-11,9
-70,-314,-46,21,-1,8
5,-252,11,-12,-12,-25
50,-210,50,11,20,11
-3,-280,-7,28,0,-11
-45,-311,-28,-25,16,-15
25,-217,17,14,-31,41
26,-230,28,-8,25,8
-42,-285,-36,-24,15,1
-3,-262,-17,-9,-6,33
37,-216,56,12,-4,-1
-12,-259,17,3,-40,-29
-40,-307,-56,-27,-19,-1
35,-246,21,-15,5,5
19,-220,36,16,-20,-29
-35,-278,-29,26,24,-33
-25,-296,-28,8,-18,-11
44,-206,38,12,29,-3
13,-250,8,-33,2,20
-69,-301,-47,-20,20,7
15,-251,13,-48,-6,6
67,-205,45,15,6,9
-18,-279,-11,11,-1,-4
-30,-286,-38,-14,-21,32
30,-217,19,-24,-8,-25
39,-209,38,14,-19,27
-55,-316,-48,12,-1,18
-6,-269,4,23,-6,-16
56,-202,59,-1,-10,-4
-8,-257,14,-6,2,-8
-50,-300,-41,4,61,-13
23,-238,49,25,-15,4
32,-223,47,-34,-19,21
-50,-305,-51,16,-33,22
-27,-294,-32,7,-9,-3
42,-199,61,-22,4,20
6,-243,24,-8,-35,-50
-50,-291,-46,4,-15,-8
15,-257,-1,-4,-40,39
53,-197,52,30,-15,-4
-27,-288,-17,-3,-7,-13
-35,-289,-44,-11,34,22
24,-228,46,5,15,-45
30,-234,40,37,10,-31
-40,-301,-33,0,-15,12
-2,-252,-15,7,18,-13
53,-210,49,31,-11,-24
-6,-261,7,-8,-7,-3
-37,-317,-50,-5,-22,21
22,-253,32,31,-23,28
37,-217,42,-2,20,45
-33,-285,-35,25,-18,3
-32,-289,-49,-19,36,4
48,-204,34,6,10,-2
-6,-232,-8,-12,20,6
-47,-314,-61,20,10,-1
-11,-260,-1,-18,5,2
65,-208,45,-5,-24,25
-9,-259,-17,2,-10,-20
-42,-288,-51,23,4,-26
35,-210,35,0,-1,17
16,-198,36,-15,10,14
-73,-290,-25,42,-4,7
-14,-256,-10,48,5,2
55,-201,39,14,-25,29
4,-260,2,12,12,22
-41,-305,-38,-15,13,-4
20,-244,12,-5,-7,-16
56,-221,42,-11,-13,5
-30,-301,-34,-6,17,-12
-33,-279,-23,-3,2,-6
38,-225,59,-8,-5,-17
11,-244,12,-16,17,-9
-50,-307,-57,9,-24,1
-8,-257,-3,16,-5,-10
69,-200,56,35,-14,-1
-22,-262,-24,-4,31,-39
-40,-284,-29,-38,15,33
40,-211,44,-45,9,-18
43,-217,32,27,-31,-51
-49,-309,-39,-1,16,31
-7,-276,-20,-16,-52,-20
55,-207,53,5,-1,11
18,-256,25,-31,-4,29
-54,-307,-61,2,17,16
22,-247,18,27,13,40
46,-202,43,-1,45,-8
-28,-284,-32,-8,-19,-29
-45,-299,-38,-13,-25,-10
42,-209,36,-6,14,-13
23,-236,22,17,27,-24
-40,-307,-23,15,-15,22
-27,-269,-4,-18,14,-0
44,-203,64,9,-44,-2
-12,-277,-21,-2,-12,-1
-58,-308,-34,20,-18,-12
33,-218,19,-16,-3,12
31,-229,36,16,-34,-8
-37,-296,-43,12,-6,9
-9,-279,-29,13,29,55
43,-207,52,4,19,-23
7,-260,5,16,-3,-37
-50,-308,-41,-31,-11,11
24,-246,16,-2,-8,-8
39,-222,49,-24,-32,-10
-17,-275,-50,5,21,-7
-35,-291,-39,5,1,-48
54,-208,53,13,-18,-8
23,-224,10,9,12,-6
-67,-306,-50,-5,11,23
-7,-261,2,-39,-15,-14
45,-208,60,-11,-4,15
-11,-272,-4,-9,-10,-6
-42,-277,-35,27,1,22
23,-236,17,0,-8,2
43,-230,33,22,32,4
-54,-290,-32,-24,-18,-24
-20,-267,-20,2,-1,-18
61,-217,49,12,-14,-10
-20,-257,6,5,7,-4
-52,-296,-43,-7,-13,-8
12,-244,13,-18,-33,-10
38,-203,47,5,-3,9
-22,-293,-37,25,-1,23
-27,-298,-25,-0,-11,-20
59,-216,48,-7,-25,-9
-7,-232,35,-3,12,-24
-37,-316,-49,-7,-11,23
2,-274,-0,-2,-6,-2
50,-204,48,-29,-5,-21
-10,-301,-13,-13,0,-10
-45,-292,-48,28,-6,36
9,-215,23,-19,10,7
27,-199,48,1,10,1
-54,-297,-38,-9,-10,-7
-26,-264,-27,-2,-5,4
56,-212,42,3,24,-1
3,-252,8,16,11,12
-45,-316,-38,-41,-19,-41
15,-246,5,-13,-14,19
42,-188,41,-4,-37,9
-36,-277,-28,-16,7,38
-27,-289,-37,8,8,9
41,-202,31,-10,15,8
24,-271,37,21,7,19
-60,-302,-47,21,4,-6
-11,-241,-13,15,14,-21
54,-216,41,-3,4,-17
-13,-272,-2,-34,-3,17
-36,-301,-51,14,14,3
24,-225,28,13,10,6
36,-215,22,21,-22,8
-45,-290,-51,-27,3,9
-14,-286,-12,-17,-1,-13
57,-224,34,17,-13,-9
13,-238,18,-38,-6,-52
-55,-298,-48,6,29,-6
0,-234,17,14,26,-38
54,-207,44,-7,2,-26
-18,-290,-28,-15,-14,1
-37,-309,-34,15,31,-21
51,-204,41,-10,-31,11
29,-219,14,-16,22,59
-36,-276,-38,-14,-15,35
-14,-249,-8,17,-11,-24
52,-221,43,-27,15,-15
-18,-285,-8,2,-23,-2
-64,-300,-49,-17,-8,13
36,-235,24,10,-6,34
55,-218,49,-14,-10,18
-46,-292,-37,-13,39,9
-26,-276,-17,4,-1,-43
55,-226,37,-7,-10,-9
14,-236,0,-7,21,40
-41,-310,-45,-37,2,-1
-5,-222,22,5,6,-7
52,-229,43,12,-18,-19
-38,-310,-34,-9,-7,29
-32,-291,-33,-21,24,16
22,-231,36,9,1,41
21,-247,18,-9,-17,-40
-57,-301,-43,7,-20,-39
-11,-248,-20,-25,-14,16
51,-204,49,6,-5,14
-9,-255,-7,2,-10,18
-45,-298,-65,-24,3,-8
23,-220,43,14,5,-26
53,-226,54,-7,25,-6
-42,-287,-36,29,-10,14
-38,-292,-13,-34,19,9
55,-209,41,-50,-10,20
-3,-265,18,33,-33,11
-54,-301,-48,19,-16,-18
-4,-263,-4,15,32,12
64,-211,45,17,-12,9
1,-284,-10,11,24,19
-22,-293,-25,-8,3,3
43,-223,30,18,-46,-8
33,-247,13,-6,-14,-1
-50,-317,-52,6,2,8
-15,-270,-21,-34,-26,2
41,-212,47,11,12,8
11,-282,17,25,-30,3
-33,-296,-44,5,13,6
11,-219,31,12,-1,-15
30,-230,41,25,-8,8
-54,-281,-46,11,-15,10
-20,-284,-42,-1,7,-8
41,-203,40,-16,-21,5
3,-251,5,40,1,-12
-69,-308,-60,8,-26,9
16,-261,-2,-25,6,16
48,-208,45,-22,16,7
-24,-277,-49,6,1,-2
-33,-299,-41,-16,-1,19
26,-228,30,15,28,-13
16,-219,4,7,25,-11
-52,-300,-52,22,21,6
-5,-277,-10,33,-12,-24
77,-209,50,4,0,2
-7,-268,-1,22,-23,-3
-46,-287,-33,9,-14,37
24,-234,49,36,39,24
40,-241,52,-7,3,-16
-39,-285,-29,1,22,-38
-16,-281,-16,0,12,-33
57,-193,26,-8,-10,42
10,-243,13,0,60,-32
-58,-301,-36,1,19,-32
15,-242,8,-2,-16,5
56,-211,55,-25,3,23
-9,-259,-21,7,-16,3
-42,-310,-33,-21,23,-2
51,-216,37,50,-9,-10
35,-231,40,25,2,7
-59,-286,-37,-25,11,11
-8,-262,-19,-55,46,27
48,-198,36,-21,-4,21
7,-264,-26,-9,25,-22
-41,-304,-29,15,17,6
24,-229,20,31,14,34
41,-204,33,3,-7,26
-40,-296,-51,-27,6,1
-41,-290,-21,37,24,-19
48,-215,48,-7,4,-6
13,-237,-5,-22,-11,-28
-40,-298,-26,-22,37,-5
0,-255,1,15,-1,-7
40,-205,63,61,-28,26
-22,-289,-28,-3,-0,5
-50,-292,-54,-19,-0,-11
60,-225,35,51,23,-6
31,-208,26,-14,4,-8
-53,-287,-41,-6,29,15
17,-273,-2,-25,-12,-8
43,-218,53,10,26,-35
18,-258,16,32,-15,-37
-56,-301,-55,-10,-3,27
24,-225,20,-30,7,29
33,-219,40,-15,19,6
-29,-280,-42,-13,-22,20
-14,-306,1,-5,-39,6
42,-217,59,4,-26,-12
27,-236,25,26,1,14
-40,-288,-56,-28,5,7
13,-253,27,-2,10,-32
56,-199,52,-21,-35,-4
-20,-292,-35,-1,-9,-15
-26,-299,-41,-1,-17,5
32,-215,64,-10,26,4
26,-213,29,41,-41,-2
-35,-293,-50,21,1,43
1,-265,-22,-6,-12,26
40,-212,63,-42,-15,32
-7,-265,21,-1,-6,-34
-40,-296,-42,18,-13,-17
25,-218,10,-15,8,17
35,-231,36,11,-0,4
-37,-316,-55,40,-12,-14
-14,-299,-31,8,-5,18
46,-209,40,17,-5,-7
17,-225,19,-29,7,-5
-52,-309,-50,-6,-14,-29
-23,-243,-1,-30,-8,-16
57,-210,44,-21,11,1
-21,-277,-7,-8,-11,42
-46,-289,-35,-16,7,5
40,-220,28,-12,-4,-24
21,-220,33,16,-26,-1
-53,-290,-46,-20,15,6
-5,-282,-11,3,12,18
49,-199,53,28,10,23
-17,-275,-3,2,24,-4
-47,-314,-34,18,-6,-50
23,-255,30,25,20,4
58,-197,37,-25,14,13
-47,-302,-11,-3,10,17
-26,-295,-33,-9,-0,25
45,-203,56,19,-20,-6
19,-213,6,-9,-0,12
-37,-298,-43,10,-8,28
7,-252,-1,16,-6,25
54,-219,43,4,5,11
-21,-259,-40,6,-7,16
-46,-299,-21,-5,-2,-22
37,-230,41,-9,33,-49
41,-207,28,-1,-25,-27
-30,-307,-33,-1,7,-35
-16,-283,-9,15,-18,-13
59,-199,48,3,44,-28
-8,-254,-2,25,8,19
-39,-331,-59,24,24,6
28,-255,-5,-53,-3,-20
35,-200,24,-12,11,-23
-18,-288,-47,-19,-20,39
-25,-286,-24,13,0,-40
45,-201,44,25,-10,2
25,-248,12,5,22,-11
-43,-299,-53,27,25,11
-8,-259,19,9,-11,-13
50,-200,51,-12,-8,-10
-11,-268,-44,25,10,8
-56,-296,-46,5,16,-20
27,-215,33,-13,-19,3
24,-217,32,26,5,20
-46,-286,-40,26,3,38
-27,-282,-34,-19,-13,5
53,-216,51,-14,-37,6
4,-256,8,-14,-16,14
-44,-301,-39,18,-7,13
9,-256,16,25,-16,10
60,-198,43,-32,15,-37
-18,-279,-44,-12,11,-4
-21,-293,-30,34,-12,38
40,-211,48,-5,5,-50
21,-244,15,-15,-11,-37
-41,-303,-57,0,13,4
11,-270,1,9,4,-5
34,-221,40,5,-1,-3
-16,-271,-18,11,-2,25
-49,-289,-35,23,13,-10
44,-242,29,-11,-16,-32
51,-227,40,-1,-26,-27
-40,-316,-48,20,13,-37
-7,-270,-23,-23,42,32
54,-199,60,0,-4,-39
9,-239,2,2,8,-20
-51,-314,-69,31,2,21
22,-235,-4,3,-25,-18
40,-191,59,28,5,5
-23,-280,-39,-12,8,-18
-38,-295,-55,-20,-23,-19
50,-205,36,11,4,4
18,-233,18,26,-13,-24
-51,-306,-46,13,-44,-44
-10,-251,-15,-8,-13,-22
31,-218,37,-8,-4,-13
-31,-260,-19,-14,-16,-17
-21,-311,-53,-33,18,-4
17,-232,32,-61,-5,8
24,-224,45,-9,42,-5
-36,-294,-55,4,11,1
-41,-289,-29,-6,22,21
58,-206,57,3,-1,25
12,-251,8,47,13,-6
-46,-292,-49,27,-24,-38
19,-251,29,-10,1,16
30,-226,46,-21,-1,-41
-9,-260,-32,30,37,30
-38,-292,-28,7,3,37
36,-221,47,-14,22,0
33,-225,16,-16,29,-3
-56,-300,-49,-5,-12,5
-10,-266,4,1,-0,10
55,-212,43,-2,-20,-12
7,-276,-27,-25,18,16
-48,-302,-17,-25,-21,-5
27,-240,14,-5,-20,-31
28,-215,47,18,-7,19
-39,-278,-35,45,-25,-15
-47,-271,-14,3,12,65
35,-207,41,31,-11,26
-6,-248,1,-2,32,-6
-42,-305,-57,20,16,1
8,-222,16,17,10,18
58,-202,39,-11,14,19
-35,-289,-34,1,-24,24
-50,-293,-42,-4,-18,-1
45,-227,39,-25,2,10
18,-216,32,41,14,-5
-50,-304,-56,-17,-27,-35
-13,-266,4,6,59,-38
33,-195,45,-23,-8,-13
-5,-276,-16,-8,-14,23
-58,-300,-40,13,25,7
25,-214,45,16,-28,18
44,-214,42,11,27,10
-45,-307,-52,4,-4,2
-37,-285,-25,10,-34,37
45,-186,51,-11,10,29
-8,-244,20,-36,-5,19
-35,-286,-37,1,3,-30
6,-243,-4,-18,-12,-6
46,-201,41,-15,16,-4
-32,-258,-33,-5,-34,11
-36,-323,-48,8,-21,1
46,-219,49,-2,-16,25
39,-230,18,-16,-21,-30
-39,-294,-35,-20,-10,3
-10,-260,-25,4,-18,1
74,-200,55,22,-6,13
-21,-280,-16,11,-45,13
-47,-305,-51,4,19,-32
18,-245,19,-7,-1,-17
43,-215,32,-12,-11,-21
-54,-310,-41,4,4,2
-15,-283,-33,0,-11,8
46,-197,55,-35,-16,-25
12,-244,-9,-9,-7,-15
-49,-310,-56,-27,-5,23
9,-261,-5,16,-18,-43
44,-235,48,-50,-20,13
-20,-271,-30,36,12,3
-36,-312,-48,-6,-30,-13
19,-208,40,8,1,9
22,-230,31,-27,-6,55
-52,-290,-57,6,-3,43
2,-266,-7,-19,13,20
62,-212,52,-34,15,-9
-5,-277,-18,-11,-2,-4
-39,-295,-38,13,17,13
24,-230,22,13,2,-10
38,-214,45,-7,13,5
-36,-295,-40,5,9,8
-6,-285,-7,-1,-44,-31
62,-203,49,1,10,18
13,-241,4,57,-29,12
-61,-316,-56,19,36,24
8,-252,13,1,-4,49
35,-221,61,-21,-36,42
-35,-278,-37,-45,8,27
-41,-304,-42,-1,53,-14
32,-222,41,2,-0,-1
31,-217,7,-13,8,-10
-50,-302,-60,-6,47,-28
-14,-280,-11,-4,15,17
31,-225,50,9,-14,-8
-17,-263,-9,52,8,12
-55,-300,-60,2,51,-37
38,-233,22,2,2,28
41,-206,39,-1,6,17
-27,-291,-37,13,1,12
-26,-290,-26,19,-19,13
46,-208,34,-14,2,-11
30,-251,6,-8,-11,-9
-42,-320,-33,-14,3,6
20,-243,16,-5,-41,16
51,-218,27,-38,-43,-2
-9,-274,-15,2,-10,23
-39,-298,-37,6,0,14
30,-221,42,-0,-25,26
20,-234,43,-14,1,18
-43,-311,-38,-6,6,26
-13,-274,-26,8,23,-7
41,-197,54,-28,5,-4
-1,-283,-8,3,-31,4
-41,-312,-44,8,26,-4
10,-230,28,-8,-4,5
32,-208,39,4,-8,13
-49,-280,-38,-22,-3,37
-37,-294,-19,21,4,-4
45,-225,55,10,9,22
-10,-228,15,-13,7,13
-50,-296,-37,-16,20,8
12,-254,3,14,9,-35
40,-198,33,-14,-10,-2
-21,-269,-2,28,-48,-8
-55,-301,-43,22,6,5
34,-240,46,15,19,-41
38,-229,42,-13,-40,-12
-33,-294,-39,-9,31,-38
-11,-259,-18,0,-8,19
67,-208,72,22,-5,16
-1,-279,-5,13,41,-7
-45,-299,-72,-18,-8,-37
23,-226,27,1,10,30
54,-210,43,-7,-21,14
-35,-281,-23,7,-17,-4
-28,-284,-36,-19,-4,-34
23,-209,25,-27,-24,-16
12,-212,2,-3,47,-20
-43,-305,-45,19,-4,-23
-6,-255,0,6,2,-19
68,-210,42,-16,1,5
-19,-278,-19,45,-13,11
-30,-306,-58,43,15,41
14,-214,38,4,-21,12
36,-227,26,6,-18,-34
-38,-291,-41,18,7,-17
-12,-278,-22,-20,-5,23
40,-194,50,-22,15,60
15,-249,2,-6,8,52
-50,-303,-62,26,-8,-7
19,-236,23,12,3,-14
40,-225,26,-29,-18,-4
-22,-293,-30,8,9,4
-18,-273,-46,5,17,13
44,-212,44,6,31,-6
8,-244,21,-10,-26,4
-46,-297,-61,19,40,-24
-6,-254,-13,28,-19,27
57,-204,39,6,12,-8
-16,-289,-30,-21,-20,12
-51,-301,-28,-1,15,-9
25,-222,23,-12,33,17
16,-225,36,-5,-21,-34
-46,-301,-48,-33,-26,2
-12,-262,-5,-2,31,-33
37,-217,45,-19,29,25
-11,-259,10,19,32,-19
-61,-313,-45,-15,30,-9
28,-242,28,-22,-30,26
31,-219,52,7,27,-1
-22,-293,-28,3,4,13
-44,-297,-37,8,3,-49
50,-218,43,-11,-21,-37
7,-240,29,-7,-16,10
-46,-297,-39,21,6,-19
-10,-254,-8,-31,28,-3
57,-195,59,-31,5,8
9,-272,-19,-20,24,17
-45,-297,-54,-10,18,-25
5,-210,51,3,-2,-6
30,-220,40,28,47,-32
-53,-303,-30,-11,8,-9
-20,-285,-9,25,36,-16
39,-203,63,19,-9,8
0,-251,-23,-7,40,28
-47,-300,-57,50,-21,15
24,-244,19,42,-10,-28
53,-210,65,14,-7,1
-31,-270,-22,36,33,-15
-34,-283,-30,-27,18,-28
31,-218,31,22,-7,-8
16,-245,19,21,34,10
-50,-294,-36,-9,17,-8
-7,-260,-3,36,18,-28
59,-197,42,6,9,-12
-8,-272,-25,-23,28,23
-33,-288,-60,-13,16,-38
31,-222,27,13,11,11
9,-226,22,-8,39,-0
-32,-299,-43,-26,-7,19
-17,-263,-23,14,9,16
73,-217,40,-32,13,-19
3,-259,5,-12,20,5
-33,-312,-43,26,35,18
2,-239,14,-4,-22,29
27,-232,63,-3,-10,-10
-38,-272,-31,-14,9,-13
-38,-278,-48,-24,35,-17
44,-226,51,5,-4,-1
38,-242,18,-12,17,-30
-49,-297,-38,-8,-10,5
5,-264,-13,-19,-15,18
64,-217,49,18,7,14
-11,-266,-0,2,-12,-20
-45,-310,-33,10,18,-27
27,-247,28,41,-6,25
29,-218,18,-21,-1,-27
-23,-301,-26,-1,-29,-11
-27,-279,-18,26,-7,-15
32,-211,43,5,4,3
8,-242,-0,8,-21,-24
-55,-315,-45,31,-12,40
15,-251,10,9,5,2
37,-201,36,8,17,15
-44,-280,-19,8,17,8
-31,-299,-40,-7,-24,4
61,-211,30,16,-21,-16
30,-228,19,8,-26,9
-52,-314,-34,-10,-14,5
-6,-262,-11,-13,-21,0
45,-192,67,-30,9,50
-15,-268,-2,-14,21,-35
-42,-311,-49,-5,0,-17
34,-205,33,15,-24,15
40,-223,22,25,7,19
-47,-285,-30,-24,-41,5
-20,-267,-30,-6,14,12
47,-206,50,-21,-3,11
14,-253,18,-38,10,10
-54,-286,-68,-7,26,4
3,-248,13,-8,24,-9
56,-216,47,-41,-6,8
-13,-299,-21,-18,-52,-12
-31,-279,-26,-21,18,-9
24,-221,30,-10,16,10
1,-253,5,4,28,7
-34,-311,-37,-38,1,25
-8,-250,-2,-17,26,-26
34,-200,19,-1,-7,-22
-18,-262,-22,-13,-16,-39
-45,-289,-55,-28,15,-4
34,-233,23,-25,-28,-19
39,-221,43,-5,-18,11
-38,-285,-52,-20,2,25
-39,-280,-17,31,6,0
48,-216,43,2,31,-15
15,-237,23,-6,7,5
-50,-307,-57,4,6,9
3,-222,20,17,8,-23
37,-209,59,22,-22,15
-23,-282,-39,-2,18,15
-44,-284,-33,-2,-19,-30
36,-203,30,-32,-9,-14
27,-220,41,4,4,-21
-66,-301,-58,6,-6,7
-9,-250,-4,-6,14,-20
59,-205,61,-9,6,-34
-13,-277,1,-10,-6,-19
-37,-313,-41,5,-7,-9
25,-234,21,27,-4,-14
41,-202,42,6,14,8
-42,-288,-45,-4,18,28
-7,-294,-25,18,25,-26
64,-209,38,30,26,29
3,-239,6,-11,-0,-5
-54,-310,-32,4,-19,-15
11,-262,10,3,-33,20
53,-202,64,-38,-16,-25
-31,-271,-24,-7,-21,4
-47,-305,-27,-23,-5,-2
41,-210,30,-27,12,32
26,-228,27,-1,6,12
-50,-312,-52,-40,-26,-18
-16,-264,-7,-44,-1,-39
53,-213,52,4,-16,0
3,-264,-8,8,21,35
-59,-287,-52,-7,-7,-15
34,-228,27,-8,-25,22
47,-217,37,23,7,26
-48,-293,-36,12,-28,-8
-27,-274,-40,-3,-8,11
45,-193,48,-30,12,-5
7,-226,8,-26,20,2
-35,-286,-57,-7,36,-16
-3,-241,-2,31,-10,-18
47,-200,54,-18,-19,4
-32,-291,-25,1,-21,7
-37,-297,-51,-24,14,2
37,-220,37,23,24,22
27,-223,11,18,-34,-22
-41,-312,-46,-6,18,6
-19,-277,-14,8,23,-43
53,-239,36,-4,-30,43
-7,-270,-9,-53,12,26
-61,-310,-48,-10,44,10
25,-242,27,-7,-10,-27
58,-219,37,-10,-29,-10
-21,-299,-30,1,-17,24
-21,-280,-21,-23,9,24
49,-205,34,-0,5,20
22,-238,9,-14,12,4
-50,-302,-55,3,-6,19
-9,-238,-9,-6,8,10
44,-220,24,8,1,5
-27,-289,-25,7,45,20
-23,-301,-39,9,13,-26
55,-221,52,-82,9,2
18,-243,15,-6,1,1
-33,-301,-45,19,4,-6
-4,-270,-12,-10,-20,32
52,-197,45,-7,10,-41
2,-261,1,-18,-25,-11
-37,-310,-45,-64,40,-14
17,-233,20,-37,28,-7
36,-235,33,3,-24,-29
-31,-294,-19,-13,53,-18
-17,-296,-25,-16,-27,-26
54,-211,46,-18,-13,11
16,-255,3,-14,-26,4
-51,-312,-65,-15,11,-38
-4,-262,14,7,-3,16
35,-223,47,34,-15,32
-18,-267,-24,37,9,-33
-49,-305,-34,-11,18,-10
43,-220,18,-8,-11,19
13,-213,31,3,23,0
-31,-304,-42,18,10,40
-20,-262,-10,19,-7,-21
34,-201,53,2,-11,-28
-5,-267,-3,17,-11,11
-40,-286,-44,0,21,-26
25,-233,13,-24,-0,-13
56,-217,51,14,-10,-0
-20,-297,-27,8,48,0
-37,-297,-36,40,-4,26
44,-223,39,-27,9,-12
10,-232,23,-38,-28,4
-61,-315,-54,2,32,-36
1,-255,23,-19,-8,-23
13,-212,50,-9,-5,-5
-16,-271,-9,4,11,-11
-53,-309,-42,-8,20,17
42,-217,33,31,-2,32
15,-227,31,-2,-6,26
-47,-306,-35,15,11,14
-17,-282,-33,-9,-23,-1
52,-211,54,8,-3,63
9,-270,11,-3,-8,-8
-51,-324,-39,33,-24,18
10,-246,20,-26,-10,18
43,-200,37,11,27,9
-27,-282,-34,-28,17,1
-32,-296,-25,-54,-4,-1
53,-215,40,-18,-2,35
4,-231,17,-10,-0,-8
-52,-274,-45,-23,-16,12
1,-244,3,38,18,-1
23,-215,55,-20,4,41
-11,-261,-31,6,14,-17
-42,-297,-48,8,-16,-18
19,-211,26,-7,-14,-23
24,-212,31,3,10,-36
-44,-325,-43,8,-34,31
-13,-276,-23,0,5,41
51,-197,49,-17,-9,-18
1,-259,-25,-19,17,-11
-48,-305,-44,-13,5,26
26,-245,19,-47,-14,11
39,-228,41,-39,-16,49
-21,-296,-27,7,48,30
-35,-259,-28,13,10,28
63,-208,48,-4,-29,-10
19,-223,13,-45,-36,-6
-43,-307,-66,4,-27,9
5,-249,-17,51,14,22
43,-186,55,-21,-13,-65
-13,-267,-0,7,21,-29
-35,-298,-67,-4,-4,4
42,-214,37,-15,35,-20
34,-208,28,-6,-42,15
-24,-303,-46,-16,-5,-19
-8,-267,-25,-11,1,-22
51,-211,45,39,-10,-45
4,-271,16,-9,-14,13
-41,-314,-60,-23,-27,-4
26,-236,20,4,17,-11
52,-216,48,-19,7,-3
-30,-262,-36,-24,5,-12
-34,-296,-24,16,5,8
57,-202,43,-5,10,-16
-1,-227,-3,-6,8,14
-63,-308,-32,1,3,9
9,-263,-11,-1,16,-25
41,-205,67,-7,22,-6
-30,-277,-15,-2,18,38
-45,-295,-44,22,-22,-14
51,-239,26,-43,32,-6
35,-217,26,-10,-13,-40
-28,-312,-56,13,-27,-17
-27,-283,-27,38,-14,-22
60,-216,33,-12,-21,-17
25,-248,5,1,-13,6
-42,-304,-39,-8,3,3
20,-231,34,15,49,17
42,-199,41,7,-4,19
-24,-294,-31,-5,-13,19
-32,-274,-27,-29,22,-31
34,-188,39,29,23,35
8,-242,17,19,11,-9
-55,-312,-51,-12,-26,-3
7,-267,-8,-10,6,18
53,-189,42,-26,17,-17
-10,-264,-34,-6,-10,24
-48,-310,-50,-21,36,-8
30,-202,35,-7,-10,-9
29,-220,20,3,21,-10
-51,-295,-55,-4,35,12
-6,-278,-31,-24,6,-3
43,-207,46,21,26,0
-3,-261,12,9,0,15
-49,-294,-52,40,4,15
22,-253,22,-45,19,-6
30,-205,39,8,13,-2
-28,-286,-24,14,20,34
-38,-304,-38,1,21,37
32,-220,21,-26,-14,-20
29,-243,25,-10,-25,-8
-32,-306,-60,13,20,5
1,-262,-5,8,-16,10
53,-205,42,-19,-12,-11
-12,-273,-16,-10,-18,15
-52,-302,-52,-25,-36,-20
33,-243,24,-20,31,-4
48,-217,22,-12,-12,4
-46,-290,-39,-32,-2,6
-35,-275,-37,-15,1,5
35,-213,45,9,-13,7
6,-255,3,-3,1,1
-44,-309,-47,0,-20,-14
2,-261,18,19,44,29
45,-196,50,2,3,2
-53,-278,-18,-21,-9,44
-36,-305,-18,-22,3,-12
34,-208,48,-2,-6,15
33,-226,27,20,10,-4
-36,-297,-45,-20,24,24
-12,-242,11,-14,-8,-3
40,-210,73,16,9,21
-6,-276,-29,-4,-19,-14
-38,-287,-54,-29,-15,5
18,-226,33,3,-8,31
45,-226,35,-20,14,-3
-37,-291,-32,-38,11,-4
-37,-283,-24,8,12,-23
29,-223,45,-35,13,48
-9,-259,21,-19,23,9
-53,-307,-42,-3,-13,-8
-2,-246,5,2,18,-25
41,-204,51,35,8,13
-11,-283,-5,5,-2,18
-37,-282,-14,1,2,-23
28,-213,32,23,49,-4
25,-224,24,-25,-16,7
-51,-325,-43,2,-9,-24
-19,-272,7,16,12,6
43,-200,50,9,29,16
-5,-268,22,-16,-22,9
-56,-302,-45,10,-8,-25
14,-218,39,24,4,-19
35,-216,42,-22,-65,1
-37,-296,-43,1,-9,26
-26,-277,-26,-13,16,-2
45,-213,55,29,-27,15
22,-251,7,-16,19,-31
-32,-304,-56,-26,2,-22
13,-230,1,13,13,-17
55,-209,53,-3,-4,13
-21,-276,-35,22,-8,33
-26,-289,-40,-22,21,16
45,-219,40,-12,-4,-5
25,-216,31,-24,6,15
-45,-290,-54,-20,-2,24
-15,-261,-12,-3,2,18
45,-222,61,45,-4,6
-5,-272,-13,-0,1,3
-48,-285,-53,-16,-5,-17
39,-228,39,-18,1,9
34,-214,50,22,8,30
-20,-299,-17,26,-10,-35
-13,-283,-29,-37,-29,5
47,-226,45,-7,18,-24
19,-262,26,4,15,14
-53,-286,-39,14,26,31
-5,-250,6,-6,-5,-26
57,-205,51,29,-6,-52
-32,-266,-8,-4,-24,-36
-48,-294,-32,11,-3,-27
31,-200,36,-27,-9,46
45,-224,24,5,17,-31
-40,-300,-61,12,39,-2
4,-273,-31,-40,31,5
43,-194,47,9,-37,10
-4,-263,-26,42,-13,-11
-42,-302,-47,-15,1,-18
32,-224,16,-15,29,-18
39,-196,50,-13,-25,4
-38,-295,-44,18,-14,17
-16,-290,-46,-0,30,-9
55,-201,46,0,37,-31
8,-256,23,-7,23,-8
-43,-305,-51,-27,-6,-28
5,-237,12,-14,-25,19
50,-216,44,-9,-10,-16
-49,-279,-40,18,-22,5
-54,-307,-59,-0,43,18
37,-224,15,-25,29,10
23,-226,21,-41,-23,-30
-46,-315,-31,-24,35,-14
-27,-264,-22,1,39,-1
59,-205,53,12,-42,-25
3,-261,13,29,-6,2
-23,-276,-43,0,3,-6
-11,-232,22,-42,22,-3
35,-219,36,11,-25,19
-22,-308,-42,30,10,7
-41,-281,-35,26,-6,24
47,-203,45,4,10,-13
13,-240,3,37,-29,-10
-50,-298,-51,9,15,-21
9,-245,-4,21,26,16
62,-214,48,18,-15,-11
-31,-271,-18,7,7,-12
-48,-289,-22,-49,-18,20
48,-217,36,-2,36,-8
35,-229,32,-2,35,1
-35,-316,-51,-0,2,18
-31,-268,-4,-7,5,2
48,-194,45,-19,-26,6
-8,-258,5,-42,25,-10
-43,-306,-45,8,-6,29
37,-222,9,10,-3,-19
48,-226,42,-4,-20,30
-31,-288,-23,11,-16,-3
-15,-278,-31,4,8,7
42,-227,57,-0,-5,10
8,-256,-1,-12,16,39
-51,-318,-58,-23,11,-21
-6,-259,0,3,30,6
54,-209,54,-42,-7,8
-15,-289,-15,-41,1,-11
-38,-304,-29,-30,-6,-19
48,-226,27,4,-10,20
36,-246,44,0,17,15
-42,-314,-47,-20,31,-12
-16,-264,8,-7,3,-53
55,-214,46,-8,25,17
-17,-240,-9,-24,9,-19
-42,-298,-55,-10,-5,-55
19,-242,34,-49,4,5
38,-208,35,5,-0,5
-50,-293,-17,-2,17,-31
-13,-282,-22,8,-15,14
49,-211,48,12,-2,-3
11,-238,27,8,26,-47
-65,-311,-60,-11,-5,5
-9,-255,2,8,-14,19
47,-201,59,-14,-23,3
-8,-294,-42,-11,14,-49
-23,-298,-48,-11,-2,-24
25,-227,27,7,46,-12
14,-237,26,-22,26,-28
-30,-298,-50,1,9,22
-20,-275,-21,17,11,-5
38,-217,42,15,17,-7
-26,-254,7,-12,32,-11
-38,-314,-40,13,-6,9
12,-239,22,-12,15,-42
43,-223,36,12,16,-20
-44,-291,-27,-7,32,16
-34,-291,-44,-24,6,7
45,-200,49,-13,-4,-12
25,-236,13,-18,20,1
-56,-312,-31,12,-20,5
15,-267,-5,-20,15,-12
56,-204,32,-10,41,-11
-27,-270,-19,-18,0,-18
-43,-304,-40,-22,45,-36
31,-231,33,-12,-33,20
38,-216,5,-7,-8,16
-45,-289,-42,10,-13,-11
-20,-276,-29,-2,-2,2
61,-201,49,-1,-9,-19
-6,-255,-37,16,-7,-8
-68,-302,-56,-29,27,7
15,-238,5,37,4,-10
47,-226,48,-4,-17,10
-39,-285,-33,13,27,-5
-27,-290,-44,24,21,0
38,-211,42,-4,25,13
18,-230,-7,9,42,-27
-39,-294,-59,7,12,23
-17,-266,7,7,-4,-8
59,-195,36,0,-12,12
-6,-268,-20,30,0,22
-39,-299,-44,22,16,-42
49,-231,35,-20,-13,29
30,-227,32,9,21,-21
-50,-294,-39,3,-8,19
-23,-279,-15,-34,-33,-20
34,-193,48,1,-28,-10
-10,-252,-3,1,-0,-37
-45,-297,-39,-39,20,5
15,-215,14,-2,37,-22
51,-218,22,10,-23,-4
-29,-299,-35,10,-51,-25
-44,-283,-39,16,8,17
45,-207,37,7,25,32
40,-243,-1,36,12,1
-54,-323,-41,16,-2,-11
-22,-269,-1,-4,2,-31
54,-195,41,19,-4,13
-25,-269,-2,6,-31,6
-46,-293,-44,4,-32,0
25,-229,45,17,22,-13
26,-242,36,11,-9,-38
-46,-292,-30,15,-17,-2
-34,-266,-36,4,8,6
51,-209,51,-11,-29,21
-0,-256,-2,-15,17,-1
-60,-301,-45,37,-9,16
1,-236,15,-14,-19,3
50,-228,52,-3,4,10
-13,-298,-36,-0,-2,3
-32,-295,-44,-10,-47,15
43,-182,32,16,-9,-1
26,-238,21,-22,-55,11
-47,-324,-57,1,44,-8
3,-263,-10,-5,17,-16
44,-205,64,-7,-13,-7
-16,-287,-26,-26,-17,4
-53,-301,-52,-16,4,3
25,-227,27,-6,-2,-3
33,-228,38,-35,-17,1
-36,-290,-27,-16,32,34
-32,-280,-19,-13,-54,-8
66,-196,44,-29,-11,-23
15,-261,-6,0,3,-10
-48,-307,-33,14,4,-37
21,-236,16,35,-3,29
37,-222,53,40,-0,-34
-43,-300,-16,11,8,-17
-31,-279,-46,-17,-7,-0
44,-206,34,10,-3,30
15,-231,26,2,-6,7
-44,-302,-41,5,-19,14
-9,-271,-3,3,-11,11
45,-210,52,-16,12,-1
-7,-269,-10,35,1,20
-49,-293,-45,34,-20,-0
24,-229,40,6,-6,-6
18,-226,27,17,-15,-7
-40,-295,-41,0,17,20
-27,-288,-25,21,-31,-2
58,-207,49,-16,-20,-7
14,-255,5,21,11,-1
-55,-310,-38,-0,37,-19
13,-233,20,33,-3,-31
58,-217,59,-27,-16,-23
-28,-276,-40,-11,-27,-38
-25,-294,-32,-4,30,10
45,-214,63,30,7,19
15,-235,7,-3,-9,-6
-40,-307,-49,11,-26,1
8,-272,-0,0,-35,6
44,-211,43,-7,-30,-21
-12,-267,3,-16,32,29
-58,-288,-54,-17,-21,9
23,-212,34,-27,23,42
40,-235,37,8,13,-26
-47,-307,-43,1,7,-12
-26,-270,-25,3,3,7
54,-226,52,11,-17,24
9,-254,8,-38,5,37
-43,-300,-45,3,-3,31
7,-243,1,-1,4,6
44,-202,63,-3,13,-9
-22,-292,-11,-17,4,16
-44,-292,-43,-29,-35,-28
51,-228,52,15,11,27
25,-220,21,7,6,-45
-64,-271,-41,-9,-5,16
-5,-265,12,12,28,-2
35,-199,57,-21,6,10
-11,-277,4,17,-0,17
-71,-313,-35,-6,21,5
27,-233,24,36,-7,12
38,-221,32,-13,3,48
-35,-301,-32,1,0,-2
-35,-284,-33,-24,-41,17
55,-198,63,25,33,4
9,-237,-3,-0,19,-1
-58,-311,-51,-33,-9,-11
14,-248,22,-53,1,-5
54,-213,46,-41,-17,-7
-23,-281,-22,-11,-1,2
-42,-291,-45,-33,-15,18
21,-233,24,-15,17,23
26,-223,22,8,-20,-9
-32,-301,-28,-11,1,1
-2,-268,-5,-6,20,3
69,-202,48,25,-44,34
-12,-271,20,-13,28,-6
-53,-289,-52,-7,-13,22
36,-244,33,19,19,11
39,-228,36,-20,-38,-32
-33,-303,-51,-17,-19,9
-25,-294,-34,18,-26,16
47,-233,33,6,22,1
21,-244,-5,-5,-6,-10
-32,-284,-66,-17,10,-24
17,-249,10,-5,22,-52
35,-200,58,24,-50,-27
-17,-277,-40,-11,9,-8
-49,-303,-46,25,30,-20
33,-234,35,24,9,4
28,-214,22,-32,18,6
-50,-309,-31,-20,41,23
1,-247,-15,-24,13,-21
54,-223,45,10,-45,8
-15,-266,-11,22,17,-6
-56,-306,-48,-37,-17,-21
15,-231,32,2,-11,-21
39,-231,59,3,55,-18
-51,-273,-25,37,-4,48
-21,-290,-27,-2,-15,-5
34,-202,33,-13,-14,-24
5,-238,18,20,22,-28
-52,-313,-54,-12,30,-6
-8,-242,17,-16,29,13
61,-217,59,18,-1,-5
-10,-300,-7,-35,-8,46
-38,-300,-30,4,-14,2
41,-200,38,8,-9,-32
31,-224,36,-29,-3,15
-44,-324,-58,11,-20,-8
-4,-262,-4,-10,-17,16
59,-209,58,-4,-6,4
14,-253,2,20,-11,-21
-53,-288,-44,-2,-32,7
49,-235,13,13,-13,-8
44,-195,43,-37,-5,-3
-43,-302,-30,24,-18,-6
-42,-280,-25,-7,21,-11
57,-207,58,-1,1,-1
-1,-226,19,-35,-5,-1
-45,-317,-40,-28,16,-16
-7,-242,22,21,-23,13
51,-221,53,14,-32,23
-26,-273,-7,17,-14,12
-41,-291,-36,24,14,13
27,-231,34,36,38,-17
30,-228,26,-25,5,12
-37,-304,-44,-6,-7,-43
2,-255,5,16,-6,-9
47,-225,38,-53,10,22
13,-250,15,21,-12,36
-49,-294,-50,17,-18,-7
22,-234,12,-34,6,-4
58,-218,36,25,-0,-35
-3,-281,-49,5,-11,-23
-37,-293,-22,-20,20,-9
27,-194,42,30,9,28
36,-242,19,-12,-22,-4
-71,-293,-38,-4,-22,-6
7,-241,4,18,4,-56
65,-204,33,20,7,2
-31,-257,-11,-10,-36,-11
-26,-278,-71,37,48,-0
29,-227,44,6,-4,-30
49,-227,36,25,-12,15
-60,-302,-46,13,5,24
-7,-271,-22,-2,17,-20
57,-201,45,-21,16,20
-2,-248,2,-13,6,49
-32,-307,-33,43,-7,-12
4,-221,24,9,-13,28
31,-199,44,-22,-14,-13
-35,-283,-36,11,7,-28
-15,-291,-29,18,27,-5
41,-212,36,-0,-10,-13
21,-241,16,12,-20,53
-66,-304,-45,-4,-11,-28
-7,-246,-15,21,12,8
52,-204,35,28,10,16
-14,-277,-7,41,-14,7
-27,-306,-33,-15,10,-3
39,-214,30,15,21,-18
23,-229,30,27,-16,-11
-20,-304,-53,32,13,18
-33,-265,-24,8,7,-8
61,-210,60,28,-19,21
-9,-249,-8,-15,2,9
-53,-319,-44,-11,13,-44
23,-236,27,-2,0,-21
45,-212,37,5,-16,1
-33,-291,-32,-20,-0,-4
-33,-280,-43,-0,-22,-22
29,-223,35,-10,-0,11
9,-249,5,-21,-2,-30
-55,-299,-48,-3,-9,-15
-5,-262,1,-6,9,-25
61,-204,44,10,7,21
-9,-277,-12,-11,38,-18
-51,-300,-49,55,-23,-28
37,-231,29,1,-1,9
52,-233,37,-11,43,-8
-50,-296,-56,0,27,14
-3,-274,-3,-4,-22,1
42,-205,53,35,4,20
21,-268,7,-15,-2,26
-34,-307,-40,-19,14,-5
-0,-233,11,-13,-0,-15
51,-218,38,7,38,-18
-44,-268,-47,-8,-3,-20
-41,-293,-26,15,9,-10
52,-219,33,-17,12,31
3,-224,29,-14,-17,34
-62,-307,-50,35,-31,16
1,-247,-11,-6,-7,-1
41,-202,50,-6,-25,-23
1,-263,-25,5,-13,4
-52,-303,-51,7,-28,39
34,-199,20,-21,-16,8
26,-222,39,30,-14,5
-43,-318,-35,-2,-12,19
-30,-285,-20,-7,-20,-5
53,-212,49,-29,-4,17
18,-267,2,20,20,32
-74,-295,-52,-18,0,-16
-6,-233,34,-11,16,-10
49,-204,51,-16,-27,20
-28,-297,-48,-7,-8,29
-50,-287,-19,2,-17,-8
28,-210,42,10,-12,7
22,-242,23,2,-4,35
-61,-312,-36,-20,14,-48
11,-259,-8,-10,-12,50
40,-215,51,-14,-1,-17
0,-256,-28,-14,4,7
-20,-299,-43,-16,-2,7
25,-225,28,-23,-12,-22
33,-231,31,33,-5,-5
-28,-306,-45,14,-2,-27
-16,-266,-5,51,-16,-5
42,-201,50,-9,16,-7
-4,-233,13,12,23,23
-63,-302,-41,12,-38,-21
9,-249,8,10,-0,-38
57,-213,41,29,-19,-11
-38,-272,-5,33,2,21
-39,-294,-36,-4,-4,3
41,-211,58,10,-13,9
23,-216,18,-36,25,-16
-41,-316,-41,1,-9,-16
6,-259,-19,-58,-34,-9
72,-204,51,-11,-5,40
-15,-268,-19,5,-13,-13
-54,-294,-63,7,41,-3
39,-238,36,-16,8,10
17,-232,17,31,7,-24
-48,-282,-22,14,33,-22
-4,-265,-25,-10,18,-17
43,-209,35,38,9,2
35,-237,19,5,-10,5
-40,-309,-44,9,5,48
11,-244,24,-16,-19,3
24,-222,46,-3,16,21
-28,-292,-23,-12,-15,-29
-26,-286,-46,-3,-12,-25
31,-219,68,14,11,-2
20,-224,37,8,27,4
-36,-299,-41,12,-18,-15
-25,-266,8,-21,-10,7
56,-203,55,13,-16,52
-22,-268,-20,-9,-9,32
-38,-311,-50,-19,4,4
13,-225,24,23,-5,-5
44,-227,36,-9,34,-1
-33,-295,-53,-0,14,3
-26,-261,-8,-28,19,21
39,-230,64,5,22,-1
3,-260,5,2,8,-2
-49,-288,-49,-24,-12,3
34,-252,4,-34,7,11
46,-213,42,-11,-13,-18
-27,-283,-28,-15,10,-15
-32,-298,-28,3,14,21
31,-230,55,10,-1,23
27,-236,19,-7,23,3
-34,-303,-41,38,-16,4
-6,-258,-3,-5,2,24
60,-204,51,-0,36,25
-15,-284,-13,-17,-7,0
-60,-308,-46,9,14,-3
27,-249,31,-7,9,-6
25,-232,48,17,-9,-1
-49,-277,-38,33,-27,-38
-32,-273,-37,-11,-23,-9
51,-202,49,-8,-9,32
16,-257,10,19,33,-5
-42,-295,-51,-9,-25,-4
11,-269,19,7,-1,3
48,-208,50,13,13,35
-18,-297,-27,-9,3,-10
-48,-292,-28,4,2,25
42,-201,29,-5,-0,13
22,-243,36,-17,-23,-13
-35,-304,-31,-5,-4,8
-30,-272,2,4,10,27
54,-204,45,5,-2,16
-7,-258,7,-25,33,-34
-35,-311,-49,14,7,-51
42,-223,29,-13,-14,11
38,-220,52,16,-9,-21
-37,-302,-28,-19,56,37
-34,-287,-33,-4,-5,-4
49,-232,52,14,4,10
2,-263,11,-15,-42,7
-30,-323,-43,-5,-27,40
21,-242,5,27,-22,-8
48,-216,42,4,8,-10
-33,-283,-18,14,6,16
-27,-312,-37,-51,16,-10
50,-199,37,9,-13,-13
43,-238,13,-29,-22,29
-61,-303,-44,-28,-29,21
-11,-270,-1,26,1,13
45,-218,41,-4,-19,9
-6,-256,-5,-28,8,43
-38,-307,-36,-16,4,16
25,-221,31,-8,44,7
55,-238,34,-36,-29,12
-19,-293,-31,17,-4,-36
-42,-283,-23,6,17,-18
45,-216,37,35,-14,-21
24,-237,21,-33,14,-39
-46,-325,-50,-26,-4,45
-19,-250,-3,26,5,-30
36,-229,66,3,-5,32
-8,-261,-15,-33,28,20
-41,-290,-9,10,6,-16
34,-233,28,4,11,-3
28,-230,36,-20,-6,-0
-57,-306,-47,11,8,-25
-11,-278,-12,-17,10,1
58,-202,48,3,-18,4
-6,-272,14,-33,-11,-5
-49,-289,-53,-18,16,-21
17,-222,8,28,-15,-11
54,-220,38,1,4,19
-31,-308,-29,24,-17,7
-49,-285,-15,5,-14,5
21,-216,27,22,-7,25
12,-247,27,29,-6,-21
-65,-304,-51,20,25,-18
-2,-247,2,8,0,-22
68,-202,40,29,-12,-3
-7,-285,-17,-3,-1,15
-50,-323,-43,9,-16,-26
42,-204,35,-16,7,-9
32,-248,25,-32,-47,-17
-70,-299,-42,1,-18,-30
-13,-270,-20,-30,18,3
51,-224,38,2,18,-17
2,-257,-13,24,-6,29
-62,-301,-56,7,16,-30
21,-247,19,-9,32,3
37,-223,59,10,-19,16
-34,-287,-36,18,-42,11
-11,-281,-33,-7,0,-35
35,-222,44,-2,45,-27
15,-233,10,-3,42,-2
-51,-298,-33,-11,-15,21
20,-257,-4,-23,-30,-6
44,-209,56,14,-18,-30
-15,-294,-19,-30,-6,2
-30,-309,-63,-10,-14,-47
31,-235,11,14,11,14
19,-213,48,-21,0,18
-36,-285,-38,-31,32,1
-19,-283,-28,34,11,-7
60,-201,47,16,-4,12
-25,-257,-1,-27,-21,23
-66,-314,-52,26,18,6
6,-244,16,24,-22,5
45,-212,55,-1,-6,3
-34,-275,-38,3,29,4
-22,-293,-59,-32,2,17
38,-207,26,-28,-22,31
12,-274,13,13,12,15
-34,-304,-68,-14,9,-8
11,-264,-12,-2,34,-21
56,-195,66,-8,2,-28
-30,-285,-26,-28,25,-9
-47,-308,-29,34,-1,-6
35,-231,39,-29,12,19
8,-215,21,25,-61,17
-16,-294,-35,20,10,16
-8,-265,-15,7,8,9
41,-212,79,8,16,-8
4,-248,-8,10,-12,6
-48,-283,-28,11,-22,16
13,-240,20,-12,-22,9
31,-220,22,-39,47,13
-39,-288,-39,26,-31,-36
-39,-299,-31,21,22,10
31,-220,45,-17,33,16
38,-238,40,28,-5,10
-51,-286,-36,-17,25,-14
-8,-248,2,-4,11,-6
38,-211,38,-10,-13,-7
-20,-257,-20,-13,5,-5
-41,-309,-47,2,-22,-7
42,-218,34,-2,11,14
31,-210,32,-26,-24,1
-51,-309,-49,-35,-3,-7
-27,-266,-23,27,-15,-28
35,-207,65,11,5,5
3,-236,5,-7,6,-12
-52,-303,-38,13,-21,-26
8,-240,7,47,-13,13
47,-220,44,22,5,-30
-28,-283,-40,-18,-39,-26
-33,-296,-43,23,17,-13
36,-221,45,-18,19,43
11,-248,19,-11,11,13
-38,-295,-55,-4,-18,-4
-31,-254,5,-15,-1,-0
57,-198,42,42,10,12
-6,-262,-14,-12,32,39
-32,-294,-48,-28,5,12
37,-221,14,-10,12,16
29,-214,30,-24,-9,-26
-47,-314,-57,24,-1,8
-19,-287,-25,0,32,-3
65,-200,33,-17,1,0
7,-265,-3,5,6,-16
-33,-286,-51,-12,-11,20
22,-241,21,17,-8,-25
49,-211,42,1,-31,-43
-43,-288,-37,9,-43,-2
-43,-297,-26,-25,-7,-4
50,-231,49,-2,2,21
12,-218,21,-23,35,30
-43,-300,-57,9,7,-11
3,-248,-6,6,33,-17
52,-222,62,22,25,7
-32,-275,-25,23,-8,-8
-40,-305,-35,-4,-9,18
13,-232,19,-53,-4,-25
42,-219,28,13,4,15
-38,-310,-36,-16,18,-33
-20,-289,-26,-14,6,16
38,-204,50,36,18,-3
-12,-251,-15,-3,20,15
-45,-295,-69,8,10,21
37,-242,23,-24,25,-5
51,-211,36,-2,-47,-25
-29,-283,-62,-8,-38,1
-29,-307,-32,-36,4,17
28,-219,31,-15,30,-7
22,-247,13,-20,-11,-6
-49,-307,-55,6,56,3
-8,-263,1,-22,12,-22
54,-207,38,-5,-3,-17
7,-271,-9,23,-29,13
-40,-308,-47,-17,-3,0
23,-225,29,-2,37,-22
44,-217,47,0,4,-11
-33,-315,-22,-6,4,7
-23,-295,-21,-15,-5,-5
41,-210,32,42,-7,-1
-3,-245,-7,11,29,36
-27,-310,-50,7,-5,7
-1,-237,20,-19,-23,17
36,-201,52,1,-1,-4
-22,-289,-23,-12,14,-2
-48,-294,-25,1,-15,-20
34,-219,60,-4,2,4
28,-235,25,-25,-3,-0
-43,-296,-45,29,-5,5
-7,-241,1,5,-3,42
40,-194,64,-15,3,17
-13,-278,-17,-31,11,-22
-48,-288,-33,-11,-11,-32
34,-222,15,20,4,13
62,-212,41,-8,-30,-30
-42,-293,-46,-2,31,29
-38,-266,3,-7,-16,6
63,-213,51,43,-32,9
6,-245,-8,-4,-17,-7
-60,-312,-49,28,-47,13
8,-264,12,-14,14,-25
46,-215,56,27,-1,-5
-30,-283,-24,-10,-7,-35
-26,-294,-40,-7,-12,16
49,-214,42,-22,17,21
14,-233,18,21,-7,-7
-42,-304,-48,-46,11,4
-12,-264,-26,3,-19,-10
43,-206,51,8,14,19
-18,-270,1,-18,17,20
-40,-303,-45,-19,5,-7
27,-223,20,-16,-23,24
40,-211,42,27,-7,17
-31,-310,-36,-39,5,11
-20,-282,-25,3,-19,-14
28,-216,48,10,43,1
11,-246,-19,-13,7,-4
-42,-318,-48,2,-13,-12
-7,-241,8,-15,-21,-8
53,-199,54,-5,-33,-9
-40,-297,-50,-11,-25,-12
-47,-298,-41,-5,23,15
34,-210,17,-4,-18,23
27,-234,0,21,-20,10
-56,-306,-44,-5,7,34
-20,-282,-4,-31,-18,47
39,-188,33,7,26,-27
-3,-273,-6,-37,-8,28
-37,-299,-62,21,-15,13
33,-233,21,15,1,18
35,-219,40,10,6,2
-59,-302,-37,48,16,42
-34,-263,-12,-24,25,17
58,-217,59,14,25,26
-26,-243,14,-3,6,-14
-50,-304,-44,19,21,19
13,-245,-5,-14,8,-12
43,-207,35,-28,2,-20
-23,-277,-14,15,10,15
-49,-292,-24,20,6,-21
36,-220,60,24,-13,-2
16,-217,20,-15,9,-1
-42,-292,-52,-1,-0,-24
19,-272,-8,-44,-14,11
29,-213,74,-7,-35,-7
22,-262,-2,-25,-24,2
-52,-310,-40,9,55,4
29,-230,22,-43,-15,9
36,-214,38,14,5,-0
-39,-291,-37,2,17,12
-54,-289,-22,-8,25,-26
33,-211,44,34,15,-2
1,-256,7,25,-14,-16
-45,-305,-57,-4,18,-13
13,-233,34,25,-33,1
60,-202,33,5,-10,11
-20,-279,-30,27,20,-28
-39,-293,-52,14,1,-23
31,-204,37,23,-25,-9
13,-238,24,10,-18,4
-35,-319,-53,4,25,-18
-20,-265,-15,-8,6,22
47,-205,43,18,24,30
-9,-249,6,-18,10,-7
-54,-311,-36,30,-24,5
32,-223,28,-5,-11,42
31,-225,47,-54,5,-6
-44,-289,-25,9,40,-5
-34,-288,-9,-45,11,-3
58,-187,49,-11,8,3
14,-249,17,24,-45,7
-45,-324,-59,2,-19,7
-3,-255,-9,-10,26,-3
41,-194,39,-35,28,-2
0,-277,-17,-8,12,22
-32,-307,-55,4,12,8
33,-194,45,5,4,-7
44,-235,22,18,-14,6
-27,-312,-25,17,-20,18
-15,-265,-8,10,-19,-10
38,-196,60,10,41,-9
-1,-271,-11,20,-1,19
-66,-300,-56,27,-15,-32
10,-233,34,33,20,27
38,-206,51,-12,-13,18
-31,-282,-7,7,5,7
-27,-312,-12,-10,16,-60
61,-208,43,-4,2,-18
10,-249,18,-9,7,-27
-48,-293,-34,-25,12,-20
2,-248,-15,-23,10,-6
67,-203,45,7,-42,29
-48,-277,-16,-12,-21,20
-52,-302,-58,22,-8,-25
36,-215,42,-14,-12,14
29,-220,19,-8,-15,3
-39,-305,-53,11,1,-5
-22,-271,-24,-8,5,15
62,-218,51,19,-3,-19
-29,-260,1,28,-9,14
-56,-320,-43,-20,-21,-15
8,-244,17,-17,0,-4
36,-224,30,-4,-19,38
-43,-270,-37,-7,12,31
-20,-284,-39,42,6,-23
51,-225,37,19,-46,-5
6,-246,11,8,-4,-26
-58,-314,-51,31,-10,-6
8,-252,-18,-21,11,-22
44,-219,58,5,3,-12
-27,-283,-23,-11,-15,24
-37,-313,-34,-12,7,-16
36,-227,42,-13,2,17
13,-226,27,21,-0,-14
-44,-314,-49,34,11,29
-9,-261,-23,6,25,18
36,-204,58,14,-1,-8
1,-268,-27,3,30,-16
-46,-301,-34,68,-4,-3
12,-257,-10,-28,-12,-6
38,-235,43,14,23,-14
-32,-283,-21,42,-0,42
-30,-295,-43,20,9,-4
47,-211,50,23,26,-0
0,-239,13,-5,27,50
-54,-306,-59,2,30,0
28,-258,8,-10,6,5
43,-220,40,9,-17,-37
-23,-273,-23,3,20,1
-50,-285,-35,-20,42,14
22,-212,34,-7,-20,19
30,-243,41,-36,-6,-10
-33,-299,-42,-4,-8,16
-13,-271,-18,-23,21,8
54,-217,53,10,-7,-20
-3,-262,-10,4,11,32
-54,-301,-50,-12,16,28
30,-232,18,-10,14,3
42,-202,44,-17,21,23
-39,-299,-14,44,15,37
-35,-296,-32,-8,16,0
35,-204,43,2,-18,-6
21,-244,10,-31,6,12
-53,-305,-57,-16,22,-7
3,-255,0,-18,17,24
41,-213,58,1,3,42
-22,-261,-21,-4,10,14
-39,-300,-30,-30,15,-15
41,-231,22,-20,13,-32
35,-226,38,-15,-13,-5
-41,-292,-41,15,-18,16
-37,-271,-14,-16,-13,11
59,-218,60,-1,-4,-18
-11,-261,5,33,-12,5
-61,-294,-49,-1,26,6
27,-255,15,-28,-24,-26
41,-216,31,-12,4,-38
-33,-307,-42,-11,30,-29
-47,-269,-36,-19,14,15
42,-226,32,26,34,-15
15,-243,20,-16,21,13
-23,-312,-59,7,15,-13
-15,-264,18,-11,-22,17
68,-205,61,26,-2,-12
-20,-290,-2,10,27,-7
-59,-288,-59,4,1,20
21,-220,37,23,-17,2
17,-222,38,23,21,-16
-37,-290,-35,50,32,-33
-17,-270,-15,-21,-35,6
56,-201,53,-7,-1,-6
-8,-241,8,-0,-11,-30
-55,-312,-50,2,-3,-23
2,-268,12,-25,11,-4
31,-206,62,-17,15,-7
-30,-273,-41,-2,25,-17
-59,-299,-41,-49,-0,-2
37,-200,60,50,16,5
0,-240,47,-13,14,6
-37,-312,-36,-6,-0,12
-1,-253,22,9,36,-9
47,-200,46,-3,65,-12
-23,-277,-29,16,31,11
-34,-300,-49,-12,14,-13
18,-232,14,-32,-9,7
32,-221,29,5,-15,-22
-29,-309,-39,-26,6,-13
-10,-261,-21,-0,-9,14
63,-204,42,-22,42,-12
16,-249,20,-32,7,29
-45,-286,-46,-15,-12,-26
-4,-253,10,-9,-10,8
48,-233,51,27,-2,21
-15,-265,-29,-26,15,38
-19,-281,-39,4,16,10
39,-214,20,15,-20,19
18,-243,28,-9,-0,16
-54,-302,-52,-33,-13,-32
13,-264,1,41,-35,-13
31,-198,82,-11,-5,-13
5,-262,1,-8,5,-1
-47,-303,-50,-1,8,26
16,-237,17,-41,-3,2
29,-194,44,11,13,-13
-41,-301,-48,1,11,-18
-18,-282,-15,13,-14,3
72,-204,54,-2,-5,6
11,-258,14,-2,-11,-27
-61,-307,-68,15,-34,-1
1,-237,2,-19,11,-28
31,-210,53,-1,-2,20
-36,-284,-22,-10,-1,20
-37,-302,-50,42,0,8
34,-208,44,6,-11,21
10,-250,17,-29,7,-30
-56,-307,-62,16,9,-3
2,-249,-22,5,8,7
48,-192,55,0,21,-21
-18,-260,-3,38,-18,29
-37,-305,-41,23,28,-3
20,-230,4,-18,14,-1
39,-220,64,-41,-57,19
-48,-287,-39,-3,-12,-14
-10,-258,-25,7,16,-11
49,-190,47,18,-1,-1
13,-241,5,-46,-20,12
-24,-323,-56,-14,10,-5
4,-255,12,28,-23,-2
46,-192,61,3,-21,2
-21,-285,-22,13,10,-16
-34,-300,-31,-19,8,-12
28,-217,29,31,-11,24
-2,-221,36,20,-0,35
-44,-316,-57,26,3,15
2,-270,-27,-19,9,-21
52,-217,41,10,9,3
-12,-259,-4,-37,-6,-14
-51,-308,-44,16,-22,22
38,-252,13,-4,-9,-31
43,-233,44,14,-5,2
-27,-290,-46,-6,5,40
-17,-285,-12,-9,13,9
58,-214,44,-9,-9,2
4,-249,14,-7,-5,-16
-46,-311,-34,45,12,-1
18,-250,3,24,20,38
42,-196,45,0,26,-2
-25,-272,-39,6,2,11
-47,-297,-45,23,-34,2
41,-228,33,2,5,-6
38,-239,18,42,18,20
-34,-307,-49,8,7,-1
-0,-255,-2,16,-7,-29
46,-203,49,-2,14,-1
-2,-279,-10,9,-18,-1
-31,-294,-31,-21,0,-19
27,-249,15,2,37,0
31,-226,27,30,22,-7
-36,-299,-46,-6,5,-6
-37,-284,-20,4,-4,-29
30,-226,56,9,26,36
19,-257,10,8,30,43
-52,-311,-47,25,-7,-12
-3,-233,-2,1,12,-7
54,-214,60,-13,-15,-6
-25,-284,-40,9,-27,29
-33,-286,-10,-5,10,-25
42,-219,33,-21,34,20
28,-238,47,-10,15,10
-63,-295,-58,13,15,-5
-14,-265,-23,19,-10,-19
52,-205,46,20,-6,-8
-3,-268,-8,-26,-1,0
-62,-306,-49,-28,12,13
22,-229,29,-6,-22,-30
23,-223,44,-16,18,-34
-35,-275,-34,14,-34,-13
-28,-286,-39,33,-32,4
51,-206,55,6,-22,-2
-2,-242,7,4,23,3
-57,-300,-54,20,4,7
3,-252,1,6,-5,19
60,-221,50,40,22,19
-15,-288,-8,-7,-8,19
-51,-295,-59,-5,13,-2
45,-226,49,31,-5,22
25,-237,39,1,-15,23
-34,-298,-56,8,-6,14
-4,-268,-11,9,-1,9
42,-202,42,23,-6,-11
-5,-252,3,-5,24,16
-57,-299,-50,-5,15,3
21,-221,22,18,-1,-13
18,-219,21,1,13,-17
-31,-302,-18,4,-6,-44
-12,-293,-39,25,-5,11
59,-200,43,48,-3,-15
9,-246,1,-5,2,-26
-45,-312,-45,6,14,27
5,-249,4,-15,13,15
63,-196,44,18,-13,-2
-27,-285,-13,-8,18,-17
-42,-304,-38,-10,-6,42
31,-225,39,-29,16,-22
33,-225,41,15,10,20
-32,-319,-49,6,0,-24
-16,-279,-16,12,0,26
46,-184,54,21,-0,-18
-16,-244,10,14,0,3
-26,-307,-39,6,-12,37
8,-239,12,5,37,-25
32,-219,40,-15,-11,11
-51,-277,-31,-3,5,1
-34,-274,-29,17,-7,-17
57,-219,28,29,-21,-42
-17,-236,5,-9,9,-14
-41,-290,-49,30,-14,33
-3,-248,25,6,51,4
53,-209,44,-30,-12,-5
-18,-283,-27,2,-12,7
-37,-298,-37,-1,28,6
22,-234,33,-13,-2,9
22,-223,22,16,-15,-18
-48,-306,-35,-24,-26,13
-7,-281,-16,-2,1,-6
39,-197,45,10,-1,-41
-24,-242,-2,-10,8,-13
-55,-292,-53,5,30,-10
17,-239,6,-4,-20,-32
45,-217,37,-20,-9,-21
-43,-294,-44,7,3,-7
-27,-294,-19,-10,-46,1
54,-195,37,-4,18,15
28,-210,9,5,-21,-5
-40,-303,-52,36,13,13
2,-265,1,19,-37,-5
57,-213,45,26,14,-12
-34,-269,-8,-22,-18,-10
-55,-285,-46,-26,-6,-23
34,-220,48,-45,6,3
27,-217,26,-17,-4,16
-42,-311,-44,27,20,26
-13,-275,-5,-7,10,-8
48,-215,45,37,-14,-23
-11,-258,1,-12,-9,6
-59,-322,-41,3,51,-16
18,-249,0,5,20,-26
59,-205,25,-37,11,25
-30,-292,-27,23,-9,-12
-29,-299,-42,4,-27,8
47,-222,46,-5,12,-39
17,-240,30,-4,44,20
-43,-300,-47,-18,8,11
-0,-241,3,10,-26,1
52,-180,60,25,0,21
-31,-287,-24,-33,-10,29
-40,-288,-49,-2,-2,-3
30,-223,29,3,-45,-14
32,-216,26,-6,-16,-18
-32,-302,-49,-8,-2,30
-18,-270,10,-14,8,26
49,-223,46,24,17,10
1,-260,16,15,-16,-33
-59,-312,-32,-31,-13,14
29,-237,4,6,24,27
37,-204,43,-15,-21,-21
-47,-284,-16,-23,-1,33
-15,-286,-32,-31,-17,-4
45,-208,15,-0,-5,-11
24,-235,29,-8,-17,-19
-52,-317,-45,21,-3,9
21,-259,0,-6,-2,-6
62,-206,32,-15,9,6
-37,-273,-21,-23,34,15
-38,-292,-28,-13,14,-9
26,-235,33,-12,-2,7
39,-239,21,1,25,-24
-63,-292,-54,15,20,1
-13,-296,-4,11,9,17
52,-208,52,-13,-12,21
-6,-241,-15,27,9,16
-43,-305,-45,-38,-10,-10
18,-236,31,14,-25,-1
56,-216,38,-39,17,-2
-45,-295,-28,-7,-0,-18
-18,-300,0,-24,31,43
41,-208,46,41,-18,13
-7,-238,30,2,-22,-10
-70,-289,-45,4,20,13
1,-270,-8,34,27,-23
50,-211,57,23,6,-14
-12,-276,-24,-16,-2,-28
-47,-311,-47,-24,38,-12
35,-228,52,7,24,-33
42,-221,26,21,-6,29
-43,-292,-41,0,-11,-19
-16,-280,-31,18,-11,-22
44,-203,41,-9,17,41
17,-214,-4,11,6,1
-47,-299,-47,22,-9,19
19,-234,35,-18,-18,23
50,-206,49,-4,-40,16
-23,-289,-42,-21,33,34
-33,-286,-23,11,-9,-7
31,-204,42,11,16,-27
28,-224,13,-7,9,4
-22,-314,-50,18,45,31
-6,-272,-9,-16,-30,-23
45,-191,50,-7,-14,-17
-8,-275,-15,14,3,29
-57,-307,-44,4,-1,-3
12,-216,16,41,-23,21
39,-205,29,18,20,23
-60,-303,-44,1,-35,4
-18,-273,-28,-2,42,12
51,-198,52,7,26,18
-11,-251,5,-12,-40,-20
-46,-309,-50,41,-28,-13
26,-243,-17,35,-13,33
58,-208,41,49,7,19
-9,-286,-35,-2,12,-15
-50,-290,-29,-3,-7,55
22,-224,40,-14,7,-9
27,-248,38,29,-2,5
-41,-300,-39,26,-9,41
-24,-273,-5,19,-3,0
66,-203,59,8,-7,-8
1,-271,-33,-14,-59,15
-26,-296,-62,11,-33,4
43,-232,9,-20,-4,-18
27,-219,46,15,8,-8
-37,-293,-45,-16,33,17
1,-284,-27,29,-54,13
36,-212,62,-4,7,-3
8,-264,10,21,-21,-1
-59,-306,-61,36,2,-1
12,-256,17,-16,-11,-9
46,-205,46,-29,25,7
-31,-293,-10,15,18,-29
-32,-270,-23,29,18,2
47,-209,26,7,-33,1
25,-231,26,31,19,24
-33,-306,-44,-1,27,-7
-4,-263,-9,32,-28,-15
39,-197,36,0,4,-5
-2,-264,-13,-21,-33,-41
-51,-307,-40,-31,13,-3
23,-212,30,-3,45,-2
33,-219,56,-28,1,14
-41,-282,-46,-28,22,25
-26,-294,-28,-8,25,16
37,-207,23,-15,-6,1
8,-247,28,10,-34,-7
-44,-301,-45,-28,-31,38
23,-242,0,-3,-40,-36
55,-213,50,11,-10,21
-28,-269,-35,13,-10,2
-34,-301,-38,6,-13,25
34,-208,53,14,-1,10
28,-232,32,-10,13,9
-35,-311,-49,-11,-0,3
13,-259,-6,19,18,33
37,-206,64,8,12,27
-26,-276,-5,5,7,-8
-40,-284,-45,-7,27,19
15,-240,37,11,-2,-12
45,-224,43,-5,4,24
-35,-283,-26,-0,13,12
-36,-288,-13,-20,-4,13
59,-201,45,-1,3,27
29,-242,6,11,-1,28
-41,-293,-41,-5,14,16
-3,-255,5,-12,49,5
50,-214,43,-14,-24,12
-29,-270,-18,14,10,3
-29,-281,-50,-13,-13,6
23,-223,41,-39,-12,21
14,-232,20,1,-20,4
-65,-309,-45,8,-45,-23
-5,-260,-6,-32,-31,-10
61,-191,53,-8,11,21
-8,-260,-17,-24,19,-4
-32,-302,-52,18,-6,15
3,-242,29,45,-8,25
54,-224,53,-29,-3,-26
-36,-286,-47,-11,-18,2
-36,-269,-10,7,-10,0
36,-216,55,17,-1,-3
12,-266,17,-4,-25,35
-41,-304,-39,-42,-16,-4
7,-249,2,-6,-27,-8
50,-242,58,-14,10,10
-23,-279,-22,-11,18,-16
-62,-283,-43,2,-18,-3
40,-235,38,-15,41,-41
11,-228,38,-15,11,2
-48,-295,-42,-20,-10,1
-14,-263,-9,21,18,-15
47,-196,67,17,-0,-5
9,-273,-0,1,3,6
-56,-306,-38,-6,33,-22
40,-220,26,5,-12,-37
44,-220,42,-7,8,8
-34,-300,-21,5,6,24
-35,-272,-8,15,-24,-5
47,-200,27,-10,-9,27
4,-232,9,6,14,36
-29,-296,-55,-10,3,11
6,-271,-8,-32,26,15
44,-214,60,2,-0,4
-24,-276,-22,-23,-25,-2
-48,-289,-56,-31,-4,-16
29,-229,28,-15,-15,13
24,-234,13,-8,21,-29
-49,-303,-37,2,20,-23
-13,-267,-17,4,-1,15
57,-226,43,20,-19,-9
10,-259,-24,9,-8,22
-53,-315,-47,-2,7,-5
14,-244,16,-11,-12,2
45,-218,32,7,-10,7
-33,-300,-36,15,0,3
-43,-271,-25,16,-26,-6
50,-199,32,-1,-21,-16
12,-242,12,-6,-17,-7
-40,-310,-72,28,-1,-1
2,-265,-7,35,-28,-6
54,-192,36,21,-13,-15
-11,-278,-2,45,-7,-17
-48,-311,-36,-15,4,-21
20,-218,52,10,8,-30
20,-227,33,-9,-22,-7
-51,-303,-45,-1,-23,26
-20,-276,-8,-16,40,-20
73,-212,64,-10,-51,-31
-2,-250,-4,1,16,-18
-34,-306,-45,-12,9,-1
24,-225,34,-21,38,18
37,-199,55,-2,3,-15
-50,-302,-25,-21,5,9
-27,-294,-36,12,16,-4
49,-200,35,10,21,-8
20,-228,20,7,14,-31
-47,-307,-43,4,2,34
-0,-236,-8,-17,-16,-7
47,-207,34,4,-31,-4
-12,-269,-4,-18,29,7
-27,-283,-53,-1,-34,5
32,-197,61,-34,-12,-3
18,-230,42,27,-5,-4
-47,-292,-35,-10,-37,-7
-12,-290,-18,-18,-17,-2
61,-218,54,-7,-37,36
-11,-245,4,32,5,-2
-38,-300,-74,15,-23,2
24,-237,21,-31,12,-11
33,-220,47,-3,7,-5
-22,-292,-27,-13,13,40
-31,-282,-31,18,-17,18
33,-194,51,3,2,33
10,-246,12,-3,-11,-38
-57,-312,-37,-2,16,-24
-13,-247,-6,-8,14,-20
49,-204,54,-8,39,17
-4,-279,2,15,25,-14
-45,-293,-59,-15,13,-4
32,-228,25,20,-30,3
42,-220,30,-34,-11,7
-33,-301,-42,12,-10,-46
-11,-266,-43,-7,11,13
46,-200,43,-14,27,-10
8,-246,-1,23,28,4
-59,-312,-41,10,-6,-19
23,-242,18,-3,12,-19
60,-220,49,-13,-12,-1
-36,-294,-37,-15,14,-8
-38,-294,-33,10,31,-21
53,-227,45,4,-7,0
2,-212,12,-2,8,-10
-49,-301,-50,30,10,23
12,-278,-8,-4,12,35
51,-210,53,-14,-17,-38
-9,-269,-21,-25,36,-11
-44,-302,-49,-2,-2,-5
55,-216,37,-22,12,13
36,-232,49,15,-13,30
-54,-295,-55,10,-8,-37
-34,-262,-12,2,-9,15
56,-200,58,1,7,19
1,-246,-8,-12,7,19
-48,-312,-44,25,26,-5
25,-242,31,-4,28,3
42,-219,34,3,1,34
-36,-288,-47,-17,14,-14
-26,-285,-60,3,-12,10
41,-214,54,5,1,-26
20,-240,9,-9,4,14
-76,-305,-51,-11,3,-29
10,-250,-11,13,-14,7
58,-204,64,-1,-7,-7
-6,-256,6,-5,-5,-5
-41,-313,-28,-15,-37,-9
26,-229,17,1,10,1
36,-215,33,-7,17,29
-43,-281,-52,14,-26,28
-14,-264,-42,-8,3,7
54,-196,48,15,-3,19
11,-244,14,25,-15,12
-53,-295,-72,-15,24,45
9,-250,8,32,-4,3
52,-214,41,-18,-17,-39
-39,-295,-31,-9,25,-28
-30,-283,-19,-12,13,-8
51,-219,42,-13,7,-9
18,-238,21,-15,-3,-4
-49,-300,-53,4,-22,7
11,-265,-6,-19,5,-10
46,-199,39,-3,-13,-24
1,-276,-24,-17,-34,25
-22,-299,-37,-15,1,-13
37,-227,29,-22,5,28
34,-237,20,-15,12,-8
-49,-307,-43,-6,-3,17
-11,-271,-27,-17,11,12
49,-189,53,23,-14,-22
-4,-253,-5,-10,6,-10
-44,-297,-55,12,-4,-24
29,-242,-6,14,-1,-3
48,-219,43,18,-4,-23
-41,-286,-24,5,-12,1
-42,-287,-24,17,-14,25
45,-222,51,-16,-7,30
27,-230,35,12,-11,-47
-41,-315,-43,35,13,-20
-9,-259,4,-27,12,13
55,-202,51,-29,-24,-22
-16,-282,-9,15,15,-4
-55,-306,-48,18,-8,24
28,-230,31,-5,32,-22
44,-227,31,44,8,-3
-34,-290,-18,-21,-41,-26
-34,-286,-32,24,11,-16
66,-200,42,18,-14,36
-3,-259,-4,-9,23,2
-34,-306,-44,-10,-28,5
11,-254,18,-7,-10,7
47,-201,28,11,5,15
-23,-279,-6,-3,-40,-10
-42,-271,-48,-17,16,-11
13,-219,43,16,-19,24
23,-236,21,-14,31,23
-46,-297,-47,-1,41,-14
-17,-263,-15,-12,1,-33
44,-207,52,-3,-5,-14
-16,-278,-20,16,-22,-38
-49,-298,-49,-19,-19,9
24,-215,18,30,-14,-20
43,-212,47,-1,45,14
-57,-286,-52,34,-34,22
-36,-278,-36,-13,-25,-16
54,-224,61,2,7,-7
12,-253,10,-5,-18,-5
-33,-318,-47,16,-27,-8
12,-263,20,7,-41,-18
59,-210,52,-15,-9,-34
-33,-269,-17,-21,-34,-33
-22,-284,-57,0,37,21
38,-204,32,-14,-7,8
4,-232,21,-17,18,38
-40,-292,-53,1,6,-46
-5,-267,-10,-2,-14,19
73,-187,59,1,4,-20
-13,-259,-2,14,45,32
-54,-286,-30,-8,-1,-23
40,-228,27,-5,-30,-20
20,-228,30,-36,-19,19
-38,-297,-44,15,-23,13
-36,-291,-9,-6,8,-25
42,-224,45,24,9,-4
6,-219,-5,0,2,-32
-41,-318,-48,-8,-10,-23
5,-250,15,18,15,23
40,-220,42,-14,16,-11
-40,-281,-11,12,12,-12
-20,-282,-44,28,-49,-10
34,-219,42,-22,16,19
12,-243,30,18,7,-1
-45,-305,-53,3,10,-3
-6,-268,-4,5,4,18
37,-205,44,24,30,8
-11,-265,-14,27,8,-1
-41,-301,-35,-1,32,28
19,-222,26,-0,-21,10
41,-203,31,8,-48,-15
-40,-303,-31,6,-28,-39
-33,-267,-47,10,10,34
37,-228,48,-31,-22,16
10,-249,25,-1,-28,-9
-44,-306,-64,-39,2,11
-21,-256,1,2,24,-52
50,-215,53,12,-12,8
-35,-285,-35,18,4,2
-51,-310,-38,-35,15,-27
38,-217,29,-16,-20,31
37,-213,22,6,-6,-37
-34,-321,-47,-19,-9,-16
-5,-266,-3,-2,-5,16
47,-203,57,-36,-15,-14
-9,-245,1,-0,-16,12
-52,-292,-57,6,-10,2
17,-251,10,3,19,-33
45,-205,20,2,6,44
-32,-273,-31,22,-29,1
-34,-305,-20,1,7,-17
37,-206,46,-23,-6,20
8,-264,-1,-4,-4,25
-46,-307,-38,-7,11,47
19,-246,4,-19,27,-15
62,-207,40,-2,11,27
-26,-276,-28,26,-2,-29
-42,-292,-36,-27,-10,-8
46,-219,29,7,-9,-23
19,-228,36,-2,17,21
-59,-297,-56,-25,7,23
2,-285,-3,-17,14,19
49,-199,51,-18,-10,-19
2,-256,1,13,-27,-1
-58,-312,-54,-1,-13,27
23,-225,8,-19,15,16
43,-215,52,13,4,21
-28,-298,-77,8,-7,12
-12,-269,-17,-23,-14,6
42,-197,54,21,-24,-6
39,-245,11,33,-14,-14
-40,-316,-35,3,-21,-11
-3,-241,-0,-2,17,-19
53,-216,30,5,-8,20
-34,-276,-11,-10,-4,8
-44,-309,-29,26,10,19
35,-214,17,-8,-15,44
37,-235,23,-14,-20,20
-50,-289,-49,-26,-22,-18
-10,-270,-10,-16,-2,11
62,-207,47,1,5,24
-1,-256,5,-16,15,4
-56,-295,-42,-45,-27,-15
43,-258,22,2,27,-1
37,-203,57,22,-8,-3
-18,-292,-16,4,-25,-6
-34,-282,-51,28,21,-25
38,-222,46,-15,30,-44
22,-227,-1,7,-9,-5
-46,-298,-49,32,19,-35
9,-271,5,-9,8,30
39,-199,41,-15,53,-19
-19,-276,-17,-46,4,-6
-18,-311,-40,13,20,-7
37,-227,49,-3,31,-10
34,-229,39,2,22,-4
-49,-291,-35,-10,25,-14
-16,-253,-19,-34,-27,-9
50,-208,53,-10,-7,-6
1,-253,-12,32,-12,10
-31,-305,-52,-13,28,31
20,-239,27,-8,-2,-12
47,-196,54,2,-12,-2
-21,-305,-39,9,-1,-31
-25,-296,-33,9,8,1
45,-211,41,16,47,6
26,-257,20,-19,-37,-14
-39,-300,-40,-1,25,-18
15,-258,8,-5,-5,27
59,-221,46,10,17,-25
-21,-301,-19,-2,12,10
-40,-297,-58,18,42,-33
27,-233,23,-20,-22,41
11,-226,56,33,10,-32
-63,-299,-56,-8,-18,23
-25,-281,-16,-1,40,-20
60,-199,27,-18,-26,-25
-20,-264,8,25,14,-9
-35,-306,-52,-13,-17,-30
9,-239,11,4,-7,11
42,-193,61,-16,-10,-9
-29,-290,-20,26,-17,10
-37,-295,-14,22,0,7
49,-212,69,-5,-13,-2
29,-222,23,-38,-20,33
-48,-303,-48,-1,-44,7
-7,-250,6,-16,2,-20
37,-223,46,-8,20,-22
-20,-268,-25,15,8,-15
-59,-317,-42,-14,14,20
47,-225,30,-22,14,-7
37,-240,19,-8,19,-12
-38,-294,-50,-19,14,-17
-17,-271,-24,-29,8,9
33,-208,60,-7,22,27
-14,-242,-14,-39,-1,42
-41,-296,-59,-31,7,-28
27,-239,13,-8,-25,53
22,-238,51,-17,21,-7
-38,-287,-40,21,-15,-6
-18,-281,-48,-11,14,-13
50,-211,41,-15,-12,28
23,-238,-3,7,2,38
-45,-296,-46,4,-6,-18
-24,-274,-15,10,9,1
45,-203,52,-33,26,7
-0,-266,-18,-39,20,-29
-47,-302,-42,-19,-16,6
53,-211,30,-19,-41,-24
42,-224,28,15,-34,2
-30,-288,-50,1,-10,14
0,-287,-11,33,4,58
48,-206,41,34,-12,31
9,-262,9,4,20,-23
-52,-319,-36,12,10,14
29,-250,24,-15,-13,7
51,-215,46,35,12,2
-27,-277,-15,6,52,-21
-36,-286,-26,-7,2,2
44,-227,51,-12,13,34
10,-246,17,-26,-1,9
-52,-298,-36,19,-43,4
-1,-260,-2,-23,-5,-15
26,-192,31,42,-12,-7
-14,-270,-25,-8,6,11
-46,-294,-53,-13,-21,9
18,-218,21,-7,-63,22
29,-213,26,17,6,4
-32,-290,-33,8,-20,25
-14,-262,-27,-3,21,-12
48,-193,46,-55,-6,33
0,-255,-12,7,-10,3
-63,-314,-41,12,36,-12
-2,-240,8,5,28,22
47,-212,47,2,-8,-11
-37,-283,-32,-0,2,-23
-25,-290,-17,-7,-30,-27
43,-206,21,-35,55,-8
4,-220,33,-11,-16,-18
-53,-313,-63,3,28,17
-18,-258,13,-4,11,2
60,-202,57,-4,-11,8
-11,-270,-26,-16,-9,-10
-36,-284,-40,37,23,16
34,-226,7,21,-8,2
36,-207,35,-13,-21,-19
-45,-289,-44,9,11,15
-21,-262,-7,-22,2,18
57,-204,51,-12,0,9
18,-241,8,-35,-24,6
-41,-314,-47,32,30,-2
23,-248,19,-36,-26,-9
39,-207,42,3,-6,-8
-29,-292,-14,2,-21,-30
-44,-284,-30,-5,-5,-18
46,-206,47,-8,-9,-28
15,-226,39,14,45,3
-70,-298,-35,10,6,15
-18,-262,-2,-6,-22,23
47,-210,50,8,-5,11
-12,-260,-5,5,-10,-1
-47,-303,-45,-39,-6,-0
26,-236,39,14,18,4
31,-206,43,18,-20,10
-36,-284,-54,52,-9,-20
-23,-300,-21,0,27,-25
52,-199,52,7,3,12
-8,-227,4,3,18,-1
-43,-307,-51,-12,4,0
-10,-251,15,12,-22,-18
43,-211,61,-13,-5,-3
-29,-284,-38,-1,4,-11
-42,-287,-37,-15,-26,-15
32,-214,38,-4,9,-1
35,-242,22,1,14,-33
-45,-298,-63,22,20,-14
0,-280,-6,-16,41,32
42,-218,52,38,-24,28
-12,-272,-3,-8,30,3
-39,-296,-42,18,9,-2
31,-229,13,-35,-21,6
57,-229,41,12,-13,-1
-39,-292,-40,-9,15,12
-24,-269,-9,10,15,-14
52,-209,53,-3,16,-19
13,-254,9,-21,38,14
-50,-302,-32,-14,13,21
6,-239,-3,-26,2,-1
30,-211,45,4,-34,16
-19,-282,-16,-16,18,24
-41,-294,-45,10,9,-12
39,-219,42,-9,-34,14
21,-199,27,20,10,-5
-37,-289,-35,-20,28,18
-4,-249,-5,15,8,-9
58,-207,65,-7,42,2
-1,-271,-5,-6,-8,2
-51,-290,-55,5,26,11
16,-211,42,-11,-9,-17
52,-208,55,16,31,-29
-52,-288,-47,-16,8,-16
-29,-285,-39,-21,-5,46
44,-197,61,10,-23,-1
23,-252,10,25,-13,4
-67,-314,-51,-23,-12,-54
-8,-247,25,12,-22,-18
42,-199,45,28,1,19
-21,-287,-21,-14,-16,-3
-41,-298,-48,-30,7,7
26,-223,58,24,-3,-25
26,-237,34,-3,-4,57
-43,-290,-45,18,15,14
-15,-276,-15,-1,-14,-41
37,-218,50,14,12,-40
1,-261,1,6,-21,-22
-40,-322,-53,-7,-22,-1
21,-230,43,9,0,-26
31,-227,23,-1,-1,-44
-34,-274,-43,27,11,6
-19,-273,-21,-12,-28,7
35,-210,46,-23,6,-16
-6,-239,16,24,-2,-17
-36,-307,-59,6,14,-9
-18,-265,8,3,12,2
50,-220,57,26,-18,-11
-42,-282,-41,7,-1,-6
-18,-287,-47,-13,-14,-5
34,-229,30,25,19,2
16,-242,46,29,-10,-2
-58,-303,-44,-1,1,-0
-15,-256,-5,-11,-5,9
46,-204,53,0,-11,-31
-8,-266,6,-26,-8,-4
-77,-308,-42,-2,-5,36
13,-228,39,-22,6,30
45,-222,51,-31,6,-30
-26,-295,-27,-16,-42,-28
-22,-274,-45,-40,-8,0
62,-215,54,2,1,10
6,-261,25,17,-24,-9
-65,-293,-50,-19,15,8
3,-244,5,7,-33,-40
46,-192,44,20,25,-4
-18,-287,-20,12,17,-8
-50,-294,-52,-10,-2,21
24,-225,34,7,18,-3
24,-212,22,24,18,-3
-47,-301,-41,30,-26,18
-0,-278,-16,24,-2,-7
36,-214,53,-3,54,8
-25,-258,-14,26,30,-13
-54,-305,-51,1,-34,5
35,-232,28,-23,-25,39
36,-223,31,26,8,-23
-38,-290,-27,-6,33,-1
-29,-276,-23,-22,34,-16
42,-203,74,3,-18,-9
7,-241,26,-10,12,1
-59,-333,-40,-9,11,5
-8,-234,-2,-3,-3,4
43,-217,40,11,35,-28
-20,-275,-20,4,2,7
-28,-300,-53,17,41,6
19,-215,29,-22,2,-20
32,-236,5,-5,-39,19
-24,-315,-38,18,-16,20
-23,-283,-25,-15,-12,-3
55,-214,48,-6,-21,-20
-7,-250,-13,8,-21,-5
-41,-305,-42,-5,-21,-7
20,-221,18,-18,34,-16
41,-211,41,-9,11,-30
-47,-285,-41,-19,-2,25
-36,-294,-25,-43,-10,41
51,-209,43,-0,5,7
5,-246,20,-25,-38,36
-44,-304,-34,19,5,4
14,-260,-1,-33,6,-24
42,-202,43,12,7,7
-0,-278,-6,52,16,-23
-59,-297,-35,6,-5,-33
23,-218,39,-36,-5,23
41,-218,34,-36,-11,19
-35,-306,-17,27,12,-21
-35,-271,-7,43,40,10
39,-203,57,14,-10,42
28,-284,3,14,5,-1
-71,-304,-51,-19,15,-29
8,-248,10,-22,-8,-22
37,-214,48,-33,-20,7
-42,-299,-33,10,13,-33
-32,-279,-21,27,-10,7
51,-204,16,-14,-9,35
36,-240,34,3,1,7
-72,-307,-40,47,6,26
12,-251,11,-26,11,48
59,-202,66,3,-19,2
-27,-280,-7,-14,-20,29
-56,-300,-49,-12,-2,-8
26,-233,18,-1,19,26
37,-237,55,-13,2,-22
-42,-290,-48,-17,-9,-24
-17,-275,6,2,22,6
54,-206,47,18,-3,10
2,-253,2,-14,40,10
-38,-300,-52,-10,-27,5
19,-258,36,-3,10,-25
47,-206,17,28,-1,-30
-33,-281,-50,-8,4,-5
-47,-272,-52,-32,-16,10
42,-220,41,-5,10,-11
14,-244,15,11,-1,26
-35,-321,-46,21,25,-22
2,-257,-22,9,-16,-3
45,-198,73,7,-9,28
-21,-252,-22,-3,-31,25
-36,-283,-31,18,7,-7
27,-231,31,16,3,-38
25,-229,34,8,14,-18
-15,-295,-37,4,1,-31
-28,-276,-36,23,4,10
44,-213,67,22,-16,-12
8,-260,-6,6,24,21
-49,-322,-50,-11,12,-25
16,-252,27,-4,-9,-14
40,-222,50,5,-40,-12
-47,-289,-37,-3,-9,6
-31,-314,-29,-3,13,4
42,-227,39,-1,26,-9
31,-223,31,13,-26,-26
-61,-310,-44,8,-11,-12
-5,-254,-10,-32,-18,-31
50,-214,57,-13,-16,-24
-19,-263,-16,-27,-25,-2
-61,-314,-66,5,14,-6
38,-231,23,19,21,-3
42,-213,26,-8,16,10
-35,-276,-36,24,-0,-16
-6,-263,-24,-25,-1,43
40,-201,54,10,4,-19
3,-264,6,10,28,21
-59,-314,-45,-20,-13,15
29,-228,-2,-17,-27,14
47,-221,35,-1,19,-24
-24,-277,-16,21,-1,25
-23,-303,-54,-10,5,-24
32,-219,52,-6,38,3
51,-208,25,-25,-2,-4
-29,-316,-32,-8,11,-13
7,-275,-4,18,30,-7
55,-202,53,-13,31,26
-15,-257,-9,44,-4,1
-56,-301,-46,0,-50,-32
41,-217,34,0,-36,-46
23,-201,35,17,-19,33
-40,-311,-50,-9,-11,-27
-24,-275,-16,1,22,-44
58,-216,44,18,-9,16
1,-248,9,15,3,48
-50,-315,-40,-30,-12,-30
14,-234,21,18,40,-13
55,-211,42,27,-29,18
-12,-293,-36,-5,-30,28
-38,-281,-42,1,5,-18
30,-227,32,-11,21,-5
15,-226,14,-0,2,1
-34,-295,-65,-13,2,-22
-11,-284,-1,4,-25,10
53,-205,53,6,9,-12
-25,-273,5,-22,-8,18
-48,-300,-41,23,7,-25
20,-214,22,28,18,-14
38,-213,37,-5,27,-84
-46,-293,-27,-11,20,-6
-18,-281,-45,8,24,5
35,-218,23,33,15,14
-2,-258,2,23,15,-17
-58,-315,-58,-3,17,-11
22,-246,5,17,-22,-0
50,-221,48,-29,-6,-1
-36,-261,-37,-21,15,26
-42,-297,-55,-36,23,24
17,-215,47,-41,11,14
21,-252,19,11,-5,30
-48,-318,-65,24,23,-15
-2,-255,-10,-11,17,1
52,-198,50,2,3,49
-1,-276,11,23,11,14
-56,-309,-42,-46,-8,16
20,-211,28,-28,-18,45
52,-230,47,-5,-36,-6
-31,-311,-49,-26,-13,15
-20,-290,-10,10,13,-9
64,-210,40,-6,14,-24
16,-254,13,-4,22,-50
-50,-294,-45,19,-15,-27
10,-245,-13,26,-0,-14
57,-207,43,16,2,38
-25,-273,-8,-66,-12,-18
-33,-292,-31,20,9,-3
25,-223,41,-10,18,-15
30,-243,25,-7,-11,4
-48,-297,-36,-29,21,-2
-8,-267,-33,-5,16,-18
52,-202,68,-1,-8,-23
-16,-280,-5,15,32,7
-51,-296,-38,-2,-27,23
