8,-255,-20,-9,-98,57
-14,-262,8,-64,-35,35
-13,-248,4,130,6,54
26,-248,18,-42,38,-33
36,-244,-46,-17,1,-45
31,-259,7,-85,-47,65
35,-262,-32,65,-42,-2
26,-263,-23,-49,-95,-45
2,-255,-19,8,-22,18
23,-256,23,8,-33,22
30,-255,-17,45,46,2
34,-251,12,-1,82,-72
53,-274,35,-63,33,-76
46,-255,-4,65,-69,-68
48,-257,-3,-47,-33,18
60,-252,-15,-64,-7,-58
41,-257,-12,7,12,85
23,-241,-3,-67,16,-3
45,-271,-3,35,-45,7
51,-252,0,-65,-25,-69
43,-255,-41,167,59,20
25,-259,22,-27,-26,16
31,-258,-11,39,12,-56
54,-256,-26,61,-43,36
41,-248,-33,-48,26,12
27,-247,-7,48,-36,22
54,-244,29,7,34,-13
55,-260,14,44,21,-40
52,-246,2,40,-15,26
14,-260,8,18,10,112
42,-252,16,-54,38,-52
64,-253,16,-40,-6,-44
7,-242,9,72,18,-28
35,-254,-35,-45,-70,-27
30,-257,-3,24,2,-41
37,-253,7,-4,-10,56
46,-268,19,-57,-15,0
47,-273,24,-54,0,-57
24,-243,-2,9,32,-120
-1,-265,2,56,36,-20
18,-246,-4,-67,-68,10
30,-253,-16,0,9,-9
27,-284,5,-56,37,-36
-31,-268,-15,-37,-43,-28
22,-258,5,-18,72,-26
-14,-254,-7,5,-23,-24
-11,-262,12,4,37,-21
8,-264,20,19,-64,51
-31,-262,-18,-34,-15,48
-4,-259,-9,114,14,119
-7,-269,1,-8,73,-69
14,-270,-16,-24,-35,-55
-8,-249,-5,-39,41,-91
-23,-255,-3,100,-50,-58
-65,-244,25,36,56,61
7,-256,-60,33,50,37
20,-228,-18,14,-14,50
-18,-253,42,1,30,-135
-29,-257,-16,-69,26,-15
-55,-257,23,-46,15,20
-25,-267,-18,33,-15,51
-49,-242,24,23,6,31
-51,-266,16,63,35,-53
-41,-237,2,34,101,99
-54,-252,5,60,13,13
-53,-252,-15,83,16,15
-16,-252,-4,13,3,-85
-21,-250,-32,6,-166,22
-52,-243,-5,-12,11,42
-34,-253,9,64,70,17
-36,-250,-20,-71,63,16
-67,-265,3,-46,-16,43
-87,-259,-3,2,-56,17
-57,-247,7,6,-25,20
-58,-241,21,-84,75,86
-49,-253,31,0,23,-101
-28,-247,-40,-16,21,35
-61,-254,33,-30,67,79
-32,-248,-6,6,105,41
-52,-246,-13,60,7,10
-21,-252,-31,-21,-10,33
-63,-253,20,110,7,-101
-81,-264,-8,-15,-8,64
-40,-250,27,-81,28,-68
-64,-248,-4,72,-7,14
-43,-248,-18,-20,-30,-29
-11,-277,10,-1,-25,-34
-46,-233,-16,22,-43,-89
-11,-245,-50,-66,-4,-18
6,-257,18,-3,-49,-16
-46,-253,-24,-8,-108,41
-18,-260,-24,1,-18,-1
18,-264,-14,75,75,37
-41,-256,-24,49,82,-37
-18,-264,36,-38,43,20
-5,-263,-11,-80,-8,-31
-20,-259,-9,1,9,17
-8,-242,-15,-5,69,25
23,-244,2,51,-56,-24
-25,-259,6,3,26,-19
35,-258,1,-15,47,14
6,-273,-3,-8,12,-48
25,-247,6,-22,-136,77
36,-250,17,-3,-19,112
15,-264,-27,-30,14,-49
10,-253,22,-10,-15,10
11,-275,-1,37,25,38
11,-261,-8,43,70,-56
31,-258,19,11,-38,35
36,-250,-2,-76,-5,-34
6,-257,2,96,-82,52
44,-247,-21,-13,54,30
41,-257,-7,14,39,-41
35,-270,8,-86,36,-46
55,-262,7,-32,20,20
43,-248,22,18,33,-26
55,-250,14,9,101,-18
58,-247,15,-91,86,-11
58,-262,-4,-17,36,23
67,-258,4,-41,-126,-16
39,-237,-3,49,-15,14
83,-264,11,-13,81,14
43,-256,-18,-86,-4,-87
44,-271,25,-74,-9,32
54,-248,-18,-44,37,-11
41,-253,-25,-1,-29,-39
50,-260,2,-77,-29,117
65,-267,-3,-41,52,-65
72,-248,26,-0,20,-100
80,-272,19,-76,-39,78
70,-252,-3,-1,40,-45
75,-249,-15,-80,-49,8
19,-266,11,-49,-16,1
25,-256,10,-11,9,8
45,-244,-19,54,-36,8
5,-265,11,-22,-12,-24
37,-255,-29,33,12,-0
56,-250,45,-56,29,2
35,-263,-3,-34,106,-50
71,-265,10,41,40,-15
60,-270,-21,37,-70,4
33,-259,-8,-7,110,76
32,-259,26,77,-60,49
29,-286,31,9,34,96
24,-269,-14,-36,-91,9
19,-255,17,-43,13,-40
5,-247,3,-11,57,-42
4,-256,-24,27,-29,26
-15,-256,4,-48,4,-26
16,-249,-2,-9,-2,10
38,-258,14,42,20,33
11,-255,27,50,-24,93
-2,-245,27,-43,38,-54
-57,-248,-29,-7,44,14
-24,-251,-19,14,52,44
11,-259,-7,91,15,-38
-31,-267,52,57,-14,17
-23,-272,15,10,24,59
-40,-271,5,-77,70,42
-1,-243,-2,7,66,75
-24,-272,-4,14,-39,14
-17,-271,1,58,-61,17
-38,-258,0,-35,-5,67
-48,-254,-18,1,-30,13
-5,-264,-46,-51,-29,-37
-44,-251,12,28,21,-66
-26,-260,-40,58,31,-58
-36,-265,-16,44,-18,-22
-30,-256,36,62,-67,33
-44,-250,-14,12,83,84
-49,-266,10,-17,-71,7
-40,-264,4,47,13,-32
-48,-253,10,-24,-13,37
-63,-265,-4,13,16,-32
14,-263,1,-3,-61,-3
-62,-250,27,-44,33,-11
-37,-248,35,-4,83,-2
-16,-252,21,-68,-58,-64
-16,-256,-7,15,-48,17
-27,-247,-18,-138,-23,-33
-39,-269,15,50,13,46
-62,-262,31,-44,32,-40
-22,-248,23,-23,43,14
-46,-266,-37,16,-14,18
-50,-263,-8,9,26,-21
-21,-263,4,7,-45,55
-14,-270,-29,19,-15,-4
-12,-242,-9,55,-61,34
-40,-255,-12,52,-73,1
-17,-270,-16,19,-19,-1
-13,-260,19,-130,8,60
-22,-261,-15,-39,-18,-33
-15,-258,8,10,14,71
-3,-256,11,-69,50,64
3,-234,-8,-1,37,-29
12,-252,20,22,47,-8
5,-274,-14,41,44,-45
-41,-259,-35,-62,92,-57
27,-257,27,26,85,-37
9,-249,-4,-7,-74,24
-15,-266,-10,-28,-26,-5
-14,-235,-17,10,-25,79
-13,-241,9,75,-85,-81
19,-256,14,-46,-0,-19
-11,-252,25,38,-32,-52
30,-237,5,-49,0,-92
-3,-257,-34,-16,56,-73
14,-258,16,-22,-5,92
48,-262,-22,45,14,-102
-0,-260,1,72,-2,-28
1,-269,-7,-10,-10,144
70,-265,0,55,-36,9
16,-253,-51,-109,-2,-18
38,-255,-2,76,4,-65
34,-270,1,51,-78,54
60,-249,-39,-44,-75,33
43,-249,23,-11,-7,81
11,-254,19,13,-2,20
64,-273,28,64,-41,59
43,-244,-2,-70,109,-13
50,-257,-5,63,2,79
54,-238,17,33,85,30
62,-250,16,36,-39,125
15,-262,-15,51,-81,38
20,-260,23,29,-31,-71
33,-262,-5,7,-93,149
47,-271,-12,-45,50,42
82,-252,-5,-3,38,28
62,-251,-3,-64,59,39
54,-239,-41,-51,-12,23
62,-268,-1,12,-13,-58
72,-268,-52,35,51,53
24,-246,-6,-27,33,-93
46,-250,8,50,54,40
25,-257,45,-41,-5,-3
53,-251,-26,-36,30,-73
32,-251,8,5,-37,-49
1,-241,39,6,32,-32
28,-266,6,-45,97,-3
-20,-245,-41,10,29,45
11,-266,11,25,26,44
9,-252,25,-10,24,8
27,-264,3,86,-12,-5
18,-262,-12,19,22,79
5,-251,-11,61,67,20
27,-255,-0,108,30,41
-10,-253,8,-55,-19,45
-15,-254,-14,-91,-6,-31
-2,-254,-13,71,2,-120
-33,-238,21,-30,-40,-107
-11,-259,6,-42,46,40
8,-252,-5,11,-47,66
-31,-263,-49,-1,-37,47
-9,-273,-4,28,-57,-11
-24,-243,-25,-9,-6,-43
10,-246,36,-66,-25,-25
-23,-257,16,29,-31,-87
-51,-245,-0,29,-58,20
-29,-265,-4,-43,12,-42
-41,-255,9,7,10,98
-30,-244,-30,48,33,30
-24,-272,-8,2,-21,-61
-27,-254,11,-110,14,8
-27,-247,13,-76,-19,5
-35,-252,-53,130,55,11
-42,-271,9,-19,-0,-14
-22,-255,35,22,-8,-25
-13,-259,-13,-104,-18,9
-39,-238,11,11,-28,-88
-45,-254,18,11,65,3
-71,-229,-22,83,7,75
-29,-243,-0,87,-37,-33
-38,-242,2,93,-27,-39
-38,-257,24,118,-67,78
-60,-271,-31,-21,24,2
-46,-249,24,-59,77,66
-64,-259,-17,0,12,23
-23,-254,-7,-4,-33,20
-37,-247,19,64,-99,-1
-35,-258,-32,11,66,57
-39,-270,-37,-56,27,-33
-40,-254,36,-70,109,71
-72,-256,-14,103,12,84
-65,-224,-15,5,38,-9
-34,-257,-17,22,-22,-35
-27,-265,-1,53,-76,-42
-28,-267,11,22,38,-36
-89,-251,-35,11,50,23
-40,-262,-41,-52,36,-46
-12,-237,-3,36,-84,-17
-23,-256,-11,7,-75,31
-38,-256,-16,19,-22,-83
-4,-255,3,45,-52,-43
22,-243,-17,-9,34,88
-7,-262,-38,52,3,-18
-6,-246,-15,28,70,140
4,-255,-7,-2,9,23
-18,-267,-5,-22,75,-87
-26,-273,4,-50,-134,-26
-13,-254,-15,-60,-14,-2
-7,-262,-40,-2,-6,-73
9,-257,3,7,19,-10
-8,-271,-19,55,34,-39
-14,-268,13,19,-10,-17
30,-249,26,42,-36,34
7,-260,36,55,-112,-9
3,-254,27,37,19,29
31,-247,3,-73,-20,23
25,-248,-12,-28,-121,35
-23,-242,-16,4,36,47
15,-279,-6,65,-7,-101
20,-258,13,-79,-83,5
27,-247,-27,-31,77,43
13,-249,0,-30,61,-30
35,-237,14,32,46,-15
29,-254,39,35,-52,34
20,-242,14,40,-13,-54
75,-259,-9,-95,44,-11
39,-268,12,52,18,14
72,-252,34,-35,-91,9
48,-256,11,32,-30,8
49,-251,-19,-17,-48,78
51,-255,31,-33,44,-67
56,-271,5,-83,50,54
49,-265,-29,-73,-51,0
3,-262,39,34,69,27
61,-259,12,35,-64,53
29,-263,12,-19,-105,-30
35,-243,-1,50,-76,45
67,-247,15,-10,-64,-28
27,-245,-27,53,30,74
3,-256,-15,-33,-76,-18
57,-253,-5,-111,-15,-40
59,-265,-8,36,-51,46
-7,-238,2,32,-5,44
39,-276,-16,19,-32,-45
45,-258,-6,6,-58,-29
63,-265,-1,-19,45,-4
80,-247,8,72,39,-37
59,-252,4,105,-11,-27
57,-260,9,5,21,42
22,-278,44,-14,10,-6
-20,-253,60,-97,-57,-28
30,-252,25,35,-83,-2
17,-267,-15,28,37,38
23,-251,-20,80,-7,-101
23,-255,20,18,-33,22
-31,-233,-15,-4,27,-113
12,-254,47,-26,-65,5
7,-269,7,29,39,23
8,-256,26,-94,26,68
-17,-261,-5,47,42,49
4,-255,-27,-66,63,35
-37,-246,-24,95,51,-65
-10,-255,10,126,-23,22
-10,-273,-14,-1,52,-43
3,-248,8,-115,-62,-76
-17,-267,19,-65,-26,-3
-20,-250,-12,41,72,116
-33,-251,-2,56,-29,74
-26,-279,3,20,133,-66
-12,-258,-8,72,-42,38
-30,-267,-19,114,100,-74
3,-268,47,85,-46,37
-50,-266,-21,-14,-86,-4
-61,-262,29,2,19,8
-44,-255,-5,1,-32,12
-49,-278,-15,-32,80,-72
-9,-249,2,-23,66,98
-80,-251,36,80,-50,17
-51,-261,17,4,30,-33
-37,-250,-37,39,82,-26
-38,-242,3,11,-70,-6
-18,-237,-34,-10,-30,-73
-82,-270,24,15,107,25
-48,-255,3,44,-41,-31
-23,-271,3,50,123,27
-11,-261,20,-3,80,-8
-74,-258,37,-14,109,-35
-13,-252,-1,-27,5,16
-71,-249,29,-36,2,95
-43,-242,12,-84,33,-38
-58,-246,4,-32,-70,-5
-49,-254,-31,4,-117,2
-23,-260,-29,27,-153,52
-23,-271,-9,24,58,-4
-61,-264,-11,-89,-17,2
-5,-256,-19,3,-11,26
-48,-263,5,-5,-21,47
-53,-257,15,-42,-57,-91
-68,-224,-17,43,40,-31
-46,-245,-6,23,47,44
-19,-250,-19,67,-85,26
-23,-251,-17,-28,66,43
2,-256,-16,-10,-18,-8
-27,-265,10,-46,-28,-32
-24,-268,-6,24,48,7
-1,-252,23,15,34,29
-19,-242,21,-54,-7,-12
33,-260,7,-1,7,-22
12,-255,12,1,6,15
10,-248,24,-26,-35,46
30,-246,-15,98,46,24
2,-252,40,-5,-50,-34
34,-264,18,103,-43,42
-12,-252,-21,-75,46,41
-5,-272,-16,-18,120,-17
10,-271,-37,-51,31,-18
23,-260,-26,-73,-21,-8
26,-251,-7,-82,109,-76
68,-245,6,-67,31,-2
-3,-243,-25,44,-7,52
42,-277,23,36,53,35
56,-265,-29,-63,-29,45
85,-250,-2,-5,-18,12
-14,-254,-31,36,52,86
62,-256,29,-135,8,19
51,-261,33,21,-15,34
56,-278,18,30,-47,-50
44,-249,-5,-50,-4,13
88,-275,-22,36,-54,30
38,-257,-24,61,44,-7
32,-243,-33,11,17,-76
73,-253,-11,43,-21,5
-2,-242,41,-17,-33,-31
67,-271,12,66,-48,82
56,-259,18,-39,1,-21
71,-251,-12,3,50,-20
35,-255,-6,-66,-29,-59
80,-264,46,-33,50,41
18,-268,22,-1,-14,-8
57,-258,-18,-35,-7,28
33,-258,15,-89,13,-20
50,-239,19,-129,39,31
43,-249,-36,-89,-21,41
49,-251,24,29,13,-108
64,-271,-3,27,-20,18
19,-257,-5,82,23,-35
17,-278,1,37,28,55
35,-251,-45,62,9,87
46,-232,-14,31,23,-103
19,-261,2,-39,24,-23
51,-268,-9,-10,-4,-48
21,-251,38,69,35,-29
-28,-247,12,17,10,-38
41,-255,-5,-31,35,-113
-29,-263,2,59,-31,-3
25,-273,38,-42,-49,-100
10,-261,7,75,-88,40
6,-258,-4,-26,32,-65
-35,-257,30,19,-2,78
-22,-271,-28,-40,23,62
-1,-251,-22,-9,-68,-163
-43,-260,-35,32,-36,-25
13,-249,-20,-44,5,-32
-1,-253,-18,3,-46,-21
-43,-241,20,68,-31,-33
-46,-253,13,71,-39,-19
-23,-256,10,-14,31,-15
-19,-263,0,-82,74,40
-36,-254,17,56,31,79
-13,-256,6,-113,-12,110
-43,-245,26,-50,-51,94
-25,-255,-23,-4,-52,16
-63,-263,-5,-72,-61,-20
-26,-255,0,55,-20,18
-34,-248,-29,-44,-2,-29
-45,-267,4,4,5,48
-35,-258,-28,-26,34,27
-49,-242,22,-37,76,24
-34,-280,-32,-1,30,4
-37,-246,-28,-45,45,28
-37,-247,2,-38,-99,65
-80,-254,-21,6,29,10
-36,-264,-19,-64,-13,-8
-66,-256,-6,-15,-10,66
-69,-264,-5,46,-3,70
-70,-265,7,-15,80,9
-38,-262,53,80,52,-6
-34,-259,-8,-115,-53,-78
-71,-272,-11,114,-5,12
-26,-250,2,-37,50,-161
-39,-257,-43,4,41,-38
-33,-267,-39,5,-128,24
-52,-254,-22,-53,-34,-6
-52,-248,-1,-18,60,6
-35,-249,-8,53,-20,-75
-43,-260,-16,-51,-54,-14
4,-257,-8,8,14,-22
-12,-263,-3,24,32,-38
-44,-271,16,-61,14,39
-16,-268,-7,-59,3,-77
-53,-257,-20,-86,46,12
-36,-255,14,-80,-14,-17
-5,-227,10,-39,39,1
19,-260,35,-28,90,-58
-28,-243,17,-25,-4,45
-19,-270,6,125,53,46
-32,-269,-42,20,16,55
4,-246,33,-29,-12,28
-38,-278,-17,-48,7,77
-3,-267,-1,-15,38,-26
26,-262,-8,-35,-35,36
32,-250,19,19,-34,-31
14,-264,-3,6,-91,-52
17,-273,34,-42,-17,39
28,-238,11,134,24,58
21,-249,-25,56,-36,34
-11,-257,-12,-0,-51,-11
55,-253,-20,-7,2,6
29,-267,-7,-31,38,-22
-28,-245,4,-58,-4,72
46,-265,-40,4,65,34
56,-264,-20,-9,-67,9
39,-257,-34,-12,-14,43
-4,-256,-10,-57,-9,13
26,-275,1,66,-73,-21
44,-243,8,73,-60,-21
26,-245,11,-11,52,12
20,-253,16,20,-37,57
12,-243,-24,-4,-9,-15
42,-269,-8,26,43,35
40,-247,-9,-18,27,-35
61,-251,12,17,74,90
23,-265,-33,-18,-22,66
32,-241,-8,-29,-2,56
28,-253,19,39,194,1
65,-263,13,19,72,81
52,-241,3,26,-81,-28
58,-254,19,40,32,1
36,-260,-12,-20,76,-14
65,-259,36,31,-1,-70
56,-257,-14,-39,-12,41
17,-264,-14,-40,32,52
38,-261,5,9,-20,28
46,-261,-9,-64,-30,-22
31,-255,-26,-19,-60,99
31,-254,11,117,66,52
17,-260,-1,20,4,-53
-13,-274,-60,-36,83,47
39,-254,6,16,-3,14
28,-255,6,3,-18,-22
16,-239,-20,68,35,87
46,-266,-1,-45,-24,50
-8,-238,-6,-3,-37,-12
-1,-259,35,71,2,38
24,-248,25,25,9,-38
7,-268,-4,-58,49,32
33,-252,-7,-128,1,-11
-4,-256,-5,-13,-60,-14
29,-256,-9,26,57,30
-28,-254,-2,-40,99,-25
-46,-250,9,-1,-5,53
-28,-247,25,45,49,27
6,-242,-22,-46,64,-33
-7,-260,-50,42,-18,39
-37,-246,-18,79,42,11
-22,-262,30,57,54,23
-22,-236,1,-47,-48,24
-48,-264,4,-29,-49,-99
-64,-253,-1,4,65,-62
-26,-250,12,128,43,112
-24,-257,-9,40,-16,13
-35,-251,-4,29,-9,-68
-40,-245,-0,-27,-52,-2
-56,-254,-18,14,88,28
-63,-267,6,96,119,-49
-38,-261,-3,-80,-20,-28
-75,-251,10,-76,19,-18
-50,-254,28,60,14,-16
-62,-265,-14,10,-31,23
-36,-259,7,16,-94,-4
-45,-255,15,-9,70,-75
-49,-249,26,44,34,-14
-59,-252,48,-40,-15,-13
-32,-263,44,-100,-25,-8
-46,-258,32,50,39,-83
-39,-271,-8,-51,23,13
-56,-260,1,80,43,9
-47,-268,-30,-120,28,-32
-77,-254,-31,4,80,19
-63,-252,12,-3,58,45
-78,-267,-36,-21,56,67
-21,-266,18,-37,-18,-93
-45,-247,-15,38,63,42
-53,-259,-1,-47,22,38
-24,-261,23,-60,-69,60
-27,-248,-8,25,-45,-28
-30,-272,2,-79,-21,93
-23,-259,23,-39,-32,27
-36,-266,-25,23,-33,60
-4,-257,12,59,-13,83
-56,-255,-14,-85,64,-32
-42,-251,11,-11,-9,-33
24,-256,0,22,-47,29
17,-246,6,2,-29,-7
-14,-236,-23,-15,1,-70
-2,-252,-16,-64,-13,-111
5,-253,-22,-72,88,71
-19,-271,34,-77,-29,-32
-9,-242,22,-23,-75,9
6,-267,-22,-26,-130,-1
37,-263,4,3,-32,5
31,-250,3,-20,-19,-0
11,-260,46,-6,-19,-26
59,-254,-22,35,-41,-4
-6,-263,-25,-33,-0,22
61,-245,-10,3,-21,49
-14,-237,6,-18,34,-67
46,-255,-20,82,20,-45
20,-249,18,-52,-66,42
34,-262,-14,-21,-46,56
63,-272,-10,-6,-24,-7
30,-266,-1,33,-6,96
48,-262,28,-35,57,-4
58,-257,8,-28,7,-57
64,-258,-4,-34,18,-82
79,-260,7,-30,33,-95
58,-255,-29,-37,-5,-13
39,-247,-16,-110,-41,29
51,-252,-31,-11,53,-36
14,-259,12,9,-33,30
54,-257,33,9,-93,107
50,-254,-5,37,-11,-71
70,-252,8,6,39,-44
54,-266,-21,-126,-55,-76
55,-270,-15,34,52,33
35,-281,-18,12,-107,27
75,-253,0,-60,-2,-70
60,-261,-46,33,-63,-27
59,-270,31,36,-13,-53
49,-253,24,-73,65,-41
41,-251,-12,59,50,-39
45,-268,-22,16,36,-3
13,-250,2,53,77,122
-1,-255,-8,8,-96,29
11,-250,-27,-52,50,15
2,-243,-25,-14,-19,27
58,-253,35,-20,-13,-19
36,-263,-29,-78,18,-11
50,-253,-17,35,53,5
10,-253,-10,-25,2,51
41,-265,-17,-28,-50,7
45,-256,-15,12,5,51
23,-245,26,-57,-50,24
12,-246,17,-71,-39,44
-27,-242,29,-40,14,-28
34,-251,-23,-0,29,40
31,-244,-27,6,-19,-34
-5,-260,-5,29,-12,-12
-11,-273,2,45,-16,1
-15,-238,26,-47,7,2
5,-246,2,5,23,-62
-33,-244,25,18,16,71
-27,-259,3,-86,-67,14
13,-254,9,-69,73,-18
-42,-246,-24,4,17,-39
-17,-263,-14,-2,79,-98
-11,-260,-11,-1,-124,-22
-53,-256,10,8,-13,-12
-20,-241,-30,29,60,-102
-20,-241,29,-52,-20,-28
-13,-254,22,-1,-14,74
-49,-265,-17,79,-6,-86
-66,-229,-14,-96,75,-8
-42,-237,22,4,-16,-71
-72,-246,-30,76,-84,-36
-31,-270,6,7,-50,60
-46,-266,-14,30,26,-80
-28,-268,-9,-82,23,70
-35,-251,15,6,-59,-65
-50,-243,-52,52,112,-17
-18,-268,-30,47,24,-13
-49,-260,36,110,-38,40
-50,-250,-3,-25,37,-133
-49,-264,-6,16,51,-49
-46,-249,-33,92,-39,27
-37,-260,28,-14,-7,12
-33,-242,-6,-29,-3,-6
-36,-247,21,-58,-27,-5
-36,-258,-3,28,-26,97
-61,-253,37,35,110,-97
-48,-245,11,37,59,-26
-50,-255,6,24,-34,12
-49,-250,-24,-44,-38,20
-38,-249,-8,-51,-131,-7
-37,-259,38,-4,41,-18
-19,-259,-11,40,15,29
-50,-252,-8,13,-73,23
-64,-268,9,1,56,-17
-54,-270,-9,-41,-19,-42
-13,-253,13,-39,98,-18
-63,-254,-28,-18,-36,-48
-39,-270,-32,-4,18,-0
23,-264,6,10,-6,32
-29,-244,24,-35,-25,127
-28,-245,31,-15,-75,-22
-19,-257,-6,88,53,60
-46,-252,5,14,24,66
-4,-265,-19,54,-50,75
7,-263,35,58,-16,-9
13,-252,-26,47,60,-8
58,-235,-8,5,-46,-14
24,-245,-13,76,-38,47
18,-260,12,157,2,-2
5,-256,4,-53,-22,-53
-10,-246,-17,-28,30,-4
48,-243,2,29,-45,71
45,-265,-8,-56,-28,-59
37,-256,3,-34,23,-52
48,-252,21,35,56,19
32,-260,-16,76,2,20
12,-267,-3,41,72,27
71,-254,-14,-99,-22,26
71,-268,0,84,22,-35
32,-248,-7,-83,-4,-23
56,-273,10,-1,-8,-130
58,-256,0,55,-70,-78
28,-253,-15,30,13,14
63,-251,-15,50,-0,91
117,-254,10,-110,23,12
29,-249,-25,10,-1,-21
79,-276,22,-27,-93,-18
40,-253,12,-6,-3,18
56,-265,20,-8,37,-40
44,-249,12,-90,-50,39
39,-266,8,-44,38,-57
62,-254,11,16,-37,33
61,-252,32,42,-8,-83
24,-270,-2,68,-24,104
-0,-243,-15,-46,-25,-17
56,-275,-19,30,113,6
35,-247,-17,168,36,21
27,-242,16,17,29,-28
72,-255,23,73,-11,17
53,-253,5,-53,-71,-27
23,-256,-23,-74,-51,14
32,-262,21,3,14,-26
53,-262,-37,-37,-50,18
46,-249,5,24,84,44
3,-264,26,-10,-6,4
44,-252,-16,-117,24,-21
-10,-247,33,-72,-14,-29
22,-257,-29,29,10,-56
20,-266,9,-26,6,8
-3,-279,3,-79,31,32
22,-255,-2,-2,-27,28
-5,-260,40,71,-10,7
19,-273,-1,-16,9,-6
8,-242,-53,5,-52,61
-36,-244,-7,27,22,86
-51,-254,-42,-7,47,44
13,-265,36,73,13,9
-19,-260,-13,-2,-23,36
5,-253,-30,16,25,-29
-7,-252,-9,17,-87,35
-15,-265,32,18,-12,19
-29,-253,-15,-39,-6,9
-8,-255,31,-25,-63,-39
-2,-259,-8,-7,-61,-52
-39,-258,-7,-9,65,38
-37,-247,-11,44,69,105
-38,-247,-16,61,-28,4
-75,-255,-2,-3,-14,91
-66,-259,-10,92,-88,-23
-33,-259,-8,-124,-45,-21
-42,-246,-8,-50,-82,-53
-54,-258,9,-21,-117,-19
-57,-258,23,-36,-64,-30
-38,-234,-3,27,74,-14
-66,-273,11,-12,30,64
-18,-270,-4,-2,-56,-7
-77,-242,24,-10,35,-40
-75,-249,-20,-55,122,-40
-36,-262,33,17,34,-50
-24,-250,3,49,-16,-23
-97,-245,-24,8,-77,22
-48,-249,-3,-23,65,-47
-51,-247,-14,72,53,-97
-23,-247,-20,21,-19,-18
-54,-264,-40,1,-42,148
-44,-241,4,5,72,59
-40,-238,-19,-3,-45,-70
-50,-258,-21,27,-84,58
-70,-251,-8,85,-65,-72
-39,-257,5,-3,-27,62
-16,-262,10,-3,16,-29
-3,-252,-10,34,64,-32
-30,-262,13,80,-46,-122
-54,-243,30,37,-36,-64
-25,-246,-3,41,-74,4
-11,-255,-7,-70,-84,45
-32,-257,3,-59,-93,-25
5,-249,20,-12,-12,47
-44,-254,4,23,-89,-75
-3,-256,3,3,22,-19
2,-240,3,7,9,-64
-24,-270,-20,57,45,-7
14,-259,21,-10,39,10
22,-258,-47,-76,2,33
12,-259,-22,-80,40,65
-13,-263,-15,-11,118,8
38,-254,-21,10,40,-59
4,-235,15,-115,83,27
41,-268,25,-36,-33,67
-1,-255,11,-8,29,-45
16,-241,-30,39,1,-30
52,-273,-0,79,67,96
24,-254,11,130,19,10
52,-251,-19,60,-51,-25
30,-248,-24,13,31,-13
14,-272,-30,1,55,-3
32,-265,9,-49,-1,25
72,-258,-27,30,13,-13
40,-269,28,-60,-12,26
38,-252,-0,46,-48,16
52,-246,-23,55,-2,19
13,-247,30,27,-6,-19
44,-255,38,25,-51,-49
59,-252,-3,-28,-18,-72
58,-259,12,-2,70,142
80,-252,22,-5,-44,2
33,-235,10,54,-8,87
86,-260,10,-60,15,-23
45,-261,21,38,-19,-28
73,-254,-9,39,-15,23
47,-261,15,-17,-39,-30
49,-251,-25,-56,43,38
55,-261,17,31,1,-7
73,-237,31,124,-60,-13
21,-262,34,-1,-7,40
33,-265,24,-26,-5,-46
14,-256,-36,-65,-2,-35
29,-273,-17,14,9,-3
13,-267,-14,-41,-52,-21
23,-251,-18,70,5,-91
43,-283,2,-38,27,30
28,-268,9,32,98,-59
50,-265,23,58,83,44
37,-252,-17,-60,-85,-112
40,-266,-31,-35,42,58
11,-263,28,72,136,-40
41,-262,2,-132,19,10
-2,-262,-0,62,43,23
17,-247,2,-29,-39,35
23,-243,-14,-48,-5,3
20,-250,2,12,-10,-56
-14,-274,-22,42,28,26
20,-261,33,99,-1,27
7,-245,23,50,-9,-42
-12,-259,-27,-80,-19,-16
9,-258,-17,-93,48,-34
-7,-262,14,-26,-69,12
-35,-238,-27,-53,-21,-105
-7,-257,36,15,-86,-2
-8,-248,-25,-59,-21,-84
-9,-246,-21,-14,150,-95
-13,-270,1,31,-48,-61
-1,-258,21,-5,18,7
-14,-254,25,13,-17,-9
-8,-250,3,6,-73,48
-48,-258,-6,-95,3,-44
-62,-233,-18,56,-23,32
-29,-259,54,28,-28,14
-57,-259,45,-30,-21,4
-4,-248,19,91,46,127
-34,-264,-6,-1,-10,15
-82,-233,3,113,10,70
-61,-256,-2,-41,-62,55
-29,-276,13,59,18,-55
8,-243,2,-34,-49,54
-29,-252,25,-57,31,-92
-38,-245,25,-33,-13,79
-91,-254,-7,-15,67,3
-67,-268,-3,-64,-21,-25
-62,-265,9,29,69,100
-72,-248,-23,-82,39,-31
-37,-250,10,17,129,-14
-68,-251,25,-51,28,-78
-54,-248,6,-90,-88,21
-50,-244,-15,7,23,22
-81,-250,58,-33,94,11
-48,-241,-17,-20,-50,26
-45,-257,-20,6,-7,-42
-59,-259,-27,-48,-32,-51
-29,-254,9,55,9,-52
-32,-264,-32,-93,-36,-75
-52,-256,33,-24,-37,2
-8,-254,-22,4,-39,-8
-28,-243,9,70,27,-48
-50,-260,-38,31,38,28
-52,-262,-39,7,35,34
5,-260,8,-18,1,12
-40,-258,-3,21,25,-106
-21,-261,-0,-14,76,26
2,-257,23,-13,41,-33
-22,-263,8,3,-7,-65
21,-255,24,60,-37,66
23,-257,40,-40,24,27
2,-264,-22,-91,2,-61
-40,-267,-28,-83,9,-23
12,-271,-35,33,73,15
17,-247,1,46,78,9
17,-263,-8,56,102,-23
45,-269,-43,67,41,45
35,-239,3,3,7,-18
-7,-268,7,-33,-89,-46
10,-263,-6,-53,-17,87
50,-262,-11,26,-10,-56
24,-263,19,75,50,11
24,-260,19,-29,-76,2
46,-259,-1,-13,50,-29
58,-263,2,-32,42,3
13,-261,15,19,-17,-38
17,-250,10,-36,48,23
47,-261,-25,-48,-21,8
31,-273,-41,-50,-61,-88
57,-265,25,14,0,17
35,-262,-31,12,-36,97
36,-259,-19,12,-43,-44
48,-262,34,-54,73,57
97,-257,14,-95,-29,-64
22,-238,12,-48,41,77
58,-248,-30,-50,-37,52
39,-252,18,10,-15,-18
54,-249,-24,29,74,-56
14,-242,-18,-45,-47,8
28,-258,-34,52,46,13
48,-270,-3,-17,29,-33
22,-269,-7,6,16,76
65,-260,-14,-68,-4,60
52,-274,26,107,51,4
67,-260,3,-7,-36,105
65,-255,-27,-31,-39,-28
39,-256,8,4,-38,3
24,-264,-0,-1,9,-18
57,-264,-15,-19,65,42
-0,-262,20,-139,-50,13
-0,-263,8,-46,-23,-28
5,-257,24,-42,-75,-73
22,-267,-1,10,55,3
20,-259,-9,22,-16,-19
46,-250,4,-13,36,-71
-6,-264,5,-60,7,-7
40,-263,-2,1,-46,48
48,-248,8,43,-16,31
13,-259,21,120,15,83
47,-244,10,38,45,22
-0,-250,25,-17,-22,-26
3,-248,1,65,-45,23
-8,-261,15,71,18,-63
-13,-255,16,15,-99,79
-30,-255,-21,-42,-1,48
-17,-263,9,-54,-28,-22
-31,-254,28,-34,13,26
-27,-241,10,32,-8,67
1,-251,8,2,-10,3
-18,-242,5,73,54,-58
19,-269,-4,1,-53,-6
-68,-260,3,26,20,-41
-19,-231,-9,39,121,-77
-79,-255,-23,-3,22,-12
-28,-259,-7,-32,-19,-13
-15,-242,-5,76,4,26
-60,-270,-20,-100,-3,13
-38,-273,-15,101,-11,-106
-100,-262,-25,24,-2,32
-58,-257,26,-94,71,30
-53,-267,-8,46,47,-25
-36,-250,21,30,1,25
-55,-268,-33,10,-56,-75
-39,-251,2,68,67,13
-32,-253,-9,5,-4,7
-43,-239,21,33,15,5
-26,-255,16,21,84,-76
-106,-250,-3,-67,37,-38
-39,-248,-8,-30,54,167
-71,-271,20,40,29,30
-32,-255,-32,95,-26,36
-62,-255,-21,34,5,-23
-54,-264,10,-16,-13,-63
-44,-269,-1,-65,26,12
-17,-250,5,10,-26,-31
-28,-261,-30,-14,-28,-73
-18,-274,15,-40,14,34
-44,-242,-1,-22,13,-16
-30,-260,-44,11,42,-2
-26,-251,23,-47,15,-75
-67,-251,-11,-14,51,52
1,-265,-3,-14,14,75
-45,-237,-5,15,1,-25
-21,-269,19,-33,-121,34
-39,-255,11,32,34,-31
-3,-245,9,-2,-19,45
-1,-265,6,-10,50,-9
-6,-251,-18,-5,14,73
-17,-253,25,5,10,14
-26,-257,-2,-41,2,-116
-12,-251,28,-57,11,13
3,-255,16,-70,19,-33
-12,-264,0,34,-48,-19
-9,-257,-28,53,31,-14
64,-257,7,-59,-5,41
32,-247,-28,13,-45,48
-13,-253,-3,-5,-7,23
-8,-250,-4,27,-101,-37
10,-253,10,-107,17,8
65,-265,-25,-33,37,-6
42,-257,-6,52,-34,-67
21,-260,3,-50,-24,-31
47,-264,-10,18,30,-24
28,-250,-23,-44,8,-1
36,-276,-12,2,24,-55
46,-266,3,64,75,11
58,-244,13,47,-59,-50
49,-262,14,-81,49,-47
-10,-248,42,17,-64,-44
44,-272,5,40,27,133
39,-251,-32,-88,-5,-11
23,-272,16,-34,-50,-30
39,-260,24,-37,3,43
28,-248,-9,-34,63,17
10,-261,17,12,-81,-42
50,-251,8,43,23,-12
25,-283,-7,1,48,72
43,-255,66,-32,-61,5
22,-239,-22,10,0,-1
46,-256,22,-63,8,21
46,-251,8,57,22,-86
60,-250,-22,29,-54,124
61,-252,-6,4,-10,25
67,-265,3,-8,71,-13
52,-262,15,-119,31,40
67,-265,1,90,54,34
33,-269,17,-14,-68,16
23,-252,-6,9,6,-44
49,-236,-13,-15,11,-27
36,-242,18,8,-0,21
30,-268,-32,17,24,4
48,-250,8,-14,87,-68
39,-264,23,-29,4,-100
39,-259,-2,-26,59,67
42,-245,47,5,-59,-7
31,-255,-41,30,14,26
32,-269,10,30,-9,30
17,-243,-13,-27,58,87
14,-263,-33,96,-44,84
13,-265,11,6,-92,-67
-12,-246,8,5,86,48
-9,-258,-7,-22,-41,9
-4,-233,-32,18,-18,-8
2,-251,-37,-112,57,1
-26,-252,-26,-77,-13,3
-3,-261,6,41,36,35
-2,-248,-28,-49,-4,60
18,-255,-13,-39,98,7
33,-250,27,-3,38,10
-36,-252,-17,49,49,-7
10,-260,4,80,-46,145
-54,-261,28,-41,-60,-13
-13,-248,6,-33,32,24
-39,-273,-45,61,-43,-38
-38,-266,-22,-36,-17,-93
-50,-245,-1,93,-25,73
-46,-278,-22,32,-20,-39
-32,-238,-0,51,-4,62
-66,-238,-9,-11,-61,-22
-42,-252,28,-22,-18,-10
3,-260,-15,-9,1,9
-62,-248,-18,39,51,-8
-54,-253,-51,-11,48,33
-29,-266,5,-66,-73,124
-59,-269,24,55,-87,54
-54,-239,3,-11,-70,-133
-74,-246,-12,-20,50,-49
-66,-268,-16,3,27,1
-42,-256,-39,48,-89,-29
-41,-265,45,-14,-72,18
-47,-267,-7,-26,-65,20
-25,-258,-10,-9,-80,-46
-57,-237,17,37,29,31
-42,-261,-45,92,12,-10
-28,-240,10,12,5,9
-21,-249,23,-15,-79,24
-61,-257,22,63,-71,33
-38,-256,9,-11,-22,-13
-17,-246,28,18,-31,39
-30,-266,8,9,-5,-14
-59,-263,-16,-52,-40,94
-57,-255,-22,55,38,8
-57,-251,-13,-38,-36,7
-7,-278,-33,-52,38,22
-65,-250,-29,-63,50,-6
7,-260,-9,-35,-50,59
-28,-266,-25,-124,-128,48
-0,-261,-3,4,-52,37
-18,-254,-4,-52,54,10
-12,-263,-29,45,46,-14
-5,-270,-47,83,-126,-52
2,-247,33,12,96,-43
3,-261,18,-18,15,-5
13,-264,4,-15,-19,-58
-18,-245,-4,-10,-67,19
-7,-255,1,-23,-35,49
-10,-263,-7,47,66,-13
14,-261,-16,-6,-24,12
11,-271,-2,-50,-4,-2
38,-256,-16,30,-15,8
2,-262,5,59,-39,37
33,-246,-18,-24,47,-21
33,-281,-5,-109,-42,7
24,-246,14,44,74,-13
0,-260,26,7,-28,-62
14,-250,-38,-48,-20,52
39,-254,11,-103,116,17
74,-262,26,20,-35,-13
41,-247,7,-15,-20,12
57,-250,7,25,7,7
78,-238,-12,15,37,-49
-24,-250,-12,-3,118,12
24,-250,-2,-42,27,79
82,-241,-6,51,15,7
43,-256,9,38,-65,-52
37,-237,21,-18,-89,-37
59,-257,-5,-50,-11,-42
46,-237,-1,13,-64,25
54,-252,-9,-54,93,47
39,-252,18,-65,-41,-41
63,-252,14,87,12,35
4,-258,-9,-46,94,-27
9,-275,22,-5,-25,-16
25,-234,-17,-46,26,-17
53,-249,17,22,17,-41
45,-238,-14,96,-30,40
26,-266,-5,-12,65,-52
12,-241,35,20,-62,-18
57,-239,-16,62,-17,-17
41,-249,11,-6,-5,13
50,-267,-12,17,96,-3
54,-255,-5,121,-25,8
13,-257,10,20,-35,-53
22,-264,-1,-3,19,-67
37,-245,-26,-16,-11,34
41,-263,18,-40,35,-31
33,-252,21,-40,-30,20
50,-247,-29,-86,25,-58
-8,-267,7,56,141,-83
-0,-259,-10,-26,58,8
29,-266,-59,70,-46,2
-16,-258,9,61,23,-67
23,-260,-10,90,10,-64
-32,-233,19,76,-54,-11
2,-262,2,-35,69,-10
-28,-267,-3,-17,15,7
-14,-247,-15,12,-52,-5
-38,-249,39,-52,35,-48
-41,-264,27,78,-37,-54
-37,-255,39,-105,-22,-52
-45,-253,12,3,-29,38
-16,-267,-9,-19,-0,33
-35,-261,7,-142,21,43
-52,-254,-3,-22,25,4
10,-255,-8,-92,30,-13
-27,-255,33,117,37,32
-12,-266,-17,33,-43,-44
-13,-240,-11,-34,39,-51
-48,-254,-12,-84,-30,97
-61,-262,14,65,-27,-58
-25,-244,28,-43,-6,7
-88,-264,39,-81,-56,10
-55,-262,14,8,-36,-18
-64,-269,2,-22,25,-48
-75,-246,-33,32,-61,-88
-57,-250,-19,-31,-87,-54
-30,-262,-5,-17,-2,30
-66,-232,-14,28,117,85
-68,-256,-23,20,-21,21
-43,-258,-3,-55,28,4
-78,-243,18,9,30,-75
-58,-258,-40,29,-30,-28
-40,-276,-10,16,-16,-36
-71,-262,-9,-11,23,-8
-76,-253,26,-53,-12,-83
-95,-265,-4,-112,2,-15
-25,-253,18,-48,-49,-28
-33,-251,7,-35,-49,12
-20,-269,-12,-5,-55,-3
-31,-264,3,28,20,-27
-26,-266,-34,30,-111,7
-8,-275,-25,55,30,40
-9,-259,2,-14,-57,29
-44,-277,9,-2,-38,-31
-12,-241,16,-72,21,41
-52,-258,7,-149,16,26
-24,-233,31,27,36,-35
-24,-246,-19,16,58,-42
-18,-263,20,90,-69,77
-9,-255,-29,-60,-83,25
18,-248,-16,-22,-92,24
-53,-256,-30,61,57,83
-41,-272,7,-21,33,3
46,-256,-9,8,-74,87
30,-258,-13,-12,28,36
17,-259,-12,18,-59,-12
11,-280,3,-64,78,29
35,-240,1,61,13,-97
-8,-253,8,-4,8,-55
36,-255,10,53,84,-74
20,-257,39,-11,-14,-32
59,-257,10,-80,22,3
21,-248,20,-28,51,-4
39,-248,15,-40,-12,25
37,-254,18,-5,-21,-70
35,-266,5,-40,112,-3
15,-253,-14,2,105,20
52,-261,-26,-38,-22,29
37,-276,28,23,-14,48
34,-253,21,-176,-124,82
37,-251,0,-45,-2,39
31,-263,2,-29,95,-29
55,-257,20,47,43,7
-1,-265,-4,-88,10,46
50,-259,-43,-33,-41,-75
21,-262,30,-52,11,-31
62,-266,-1,28,18,-56
50,-260,-0,-72,33,50
45,-255,-12,-5,54,64
30,-259,-6,-70,22,-75
24,-261,7,15,-41,14
47,-244,-0,50,64,-88
39,-264,26,79,-26,99
29,-252,-11,-38,17,-23
36,-259,-15,-25,61,117
31,-261,16,-39,-2,-9
-7,-266,12,92,-6,-20
43,-250,-3,28,52,-30
15,-241,-5,58,-53,52
36,-254,-3,2,-91,5
63,-249,12,-0,-18,89
43,-251,-32,-20,-19,19
55,-255,1,34,0,18
53,-257,-37,59,-80,-5
19,-292,-32,39,-27,31
32,-251,-6,92,54,26
-15,-270,30,94,-10,-5
6,-244,18,-13,-40,82
20,-252,12,11,18,47
7,-263,16,-21,50,-6
6,-263,18,37,-20,19
34,-262,23,31,-28,-127
9,-275,-1,-13,-7,-107
7,-258,4,-33,-99,-84
-48,-250,-22,60,-46,-116
-20,-262,-16,4,67,9
-2,-259,9,54,38,70
-5,-248,-16,24,30,-89
-35,-247,-30,28,-40,34
-16,-271,24,-63,-27,-37
-16,-247,8,-22,75,-46
-42,-256,-8,31,26,29
-14,-246,3,76,-109,12
-22,-260,15,-112,-40,-58
-50,-250,-26,28,54,-23
-4,-258,4,59,84,68
5,-259,14,-27,20,-48
-78,-253,12,-82,74,-96
-24,-243,-33,-26,-22,36
-50,-267,5,39,60,57
-45,-243,37,-94,-19,-99
-46,-250,-28,-25,25,19
-26,-272,-29,30,-68,-29
-21,-254,13,21,-23,-1
-40,-247,34,33,14,42
-31,-254,22,8,34,14
-57,-255,-14,-8,-19,9
-22,-257,49,-16,128,85
-55,-248,21,-34,-37,-50
-43,-272,-2,-26,-15,69
-79,-252,-37,33,-118,47
-52,-244,4,45,1,37
-8,-269,20,-22,-42,114
-66,-247,13,41,53,-91
-68,-255,15,18,-0,5
-59,-258,13,50,-35,88
-37,-264,-6,69,-37,10
-39,-266,43,-38,-16,15
-32,-260,39,69,-4,-14
-31,-261,-7,-70,44,9
-23,-253,-27,-87,38,20
-29,-246,17,39,72,3
-14,-254,15,-72,79,-134
-20,-261,34,80,-24,33
-9,-244,2,25,-66,71
1,-263,36,51,55,45
-34,-256,7,38,78,12
-7,-259,6,-59,20,-48
-30,-246,24,59,37,-16
-5,-260,-3,8,79,33
-6,-256,-10,-51,-12,-4
-7,-268,2,-56,71,-16
-14,-257,-33,-40,36,32
51,-259,7,116,33,15
25,-247,-15,11,-26,-22
-36,-268,9,55,74,-34
-43,-268,-3,55,15,-36
20,-251,33,-38,-101,114
58,-264,29,71,138,-14
29,-260,-6,-33,31,-25
1,-253,11,-39,38,-28
21,-246,36,30,-17,-19
30,-257,-8,67,10,76
21,-263,27,15,-114,-13
36,-248,-3,99,-8,31
71,-258,18,-93,38,-29
21,-254,-28,65,44,-36
6,-268,-4,-89,-52,-37
7,-258,-20,-40,-32,-33
33,-242,20,-16,-28,-53
50,-246,14,29,16,60
55,-266,-20,49,45,-0
29,-254,14,25,16,40
59,-233,16,-63,58,-32
94,-247,-15,-7,14,-35
51,-283,-8,3,-17,18
22,-261,3,42,27,-57
41,-254,11,33,8,-90
53,-256,12,-40,10,-23
66,-247,18,18,36,-61
-8,-251,26,42,18,-27
49,-287,-15,-35,33,-0
45,-246,-15,31,18,65
25,-264,-3,31,-20,6
61,-244,-4,9,-83,60
68,-248,-5,-42,-26,31
40,-256,-12,70,21,-74
2,-247,27,-26,-113,-7
42,-241,-18,-2,21,-26
46,-266,-29,-54,-35,-45
-1,-277,2,-87,-39,-43
58,-256,-3,-30,43,28
14,-250,29,-59,30,-54
43,-250,16,-69,54,-46
13,-232,9,49,34,22
29,-247,-13,-21,-9,10
28,-253,-15,94,3,-22
62,-288,21,-27,-29,-21
21,-254,-22,-36,64,26
18,-269,-30,-56,-28,-41
13,-248,-15,30,13,-17
-2,-262,26,29,36,3
-7,-265,7,-49,-48,57
12,-249,-3,9,-11,67
-18,-252,9,48,50,47
-12,-260,-14,30,-138,30
-26,-262,-30,109,-24,4
-2,-249,-25,104,122,29
-37,-246,-31,34,-21,79
-28,-250,7,15,21,-47
-30,-248,-22,-54,91,-9
-31,-258,-21,-97,5,1
-5,-253,19,-13,39,3
-47,-259,10,-43,-9,16
-45,-257,-6,50,-13,36
-41,-266,1,-48,-1,-40
-24,-268,16,3,90,95
-31,-266,2,18,-62,-14
-9,-254,-0,-50,23,-22
-21,-280,-1,-68,26,-82
-50,-268,-11,-45,-51,-97
-54,-253,-15,13,-66,-27
-21,-272,6,50,28,55
-46,-253,-4,11,61,-13
-40,-252,20,23,21,-73
-109,-246,-25,-11,69,-30
-49,-245,23,-34,10,48
-61,-257,-5,-38,92,-99
-58,-256,-12,-42,-19,125
-71,-241,-16,62,28,11
-29,-263,6,-42,-82,-20
-25,-257,12,-54,50,12
-31,-256,23,-103,43,-32
-66,-253,13,31,14,-16
-66,-267,11,12,-87,12
-18,-258,-28,32,3,34
-52,-260,-1,56,53,-71
-21,-264,13,-77,3,-6
-33,-256,10,65,12,-78
-48,-251,3,33,13,-16
-33,-255,-7,-14,68,10
-80,-261,-34,-3,-36,20
-62,-256,-23,37,-57,-47
-15,-267,9,-29,3,56
-15,-256,10,-47,-27,124
-44,-257,-2,-72,-19,23
7,-251,-19,14,2,9
8,-261,15,-6,7,35
-72,-274,8,-1,16,-63
-49,-258,-15,52,44,-6
-12,-241,-49,-2,51,35
35,-265,-16,-56,132,89
-31,-277,16,49,-130,-36
24,-255,-1,-48,-52,-21
28,-267,4,-48,-54,60
-5,-257,-32,28,-40,-17
-2,-270,-17,-2,-42,39
12,-268,5,38,-67,8
32,-249,40,10,10,51
10,-257,-8,20,30,34
40,-254,15,44,18,10
32,-255,14,-77,-83,27
29,-252,-6,-94,-111,26
64,-250,-28,-32,-4,64
34,-234,-7,-64,20,18
42,-264,11,39,-13,32
20,-251,13,33,8,53
42,-264,-4,-3,-95,-12
39,-251,9,-17,-20,-8
71,-258,2,-81,-11,-29
23,-253,-7,34,-13,54
76,-249,34,-18,-68,-1
38,-254,-18,-1,-47,78
72,-251,-2,-28,-14,5
30,-262,-19,4,4,-97
47,-260,-11,59,2,19
45,-256,2,-9,-0,-26
47,-253,-11,-77,55,-38
40,-267,4,47,58,36
23,-281,-14,0,-52,25
46,-262,11,58,39,29
-6,-242,20,23,4,-21
23,-256,20,-10,53,38
33,-244,4,19,-55,15
48,-263,-7,4,-57,47
24,-259,3,-55,-108,-36
51,-255,-22,0,74,23
35,-260,4,-9,-54,-2
22,-244,36,-10,-31,-39
34,-248,10,-42,25,62
43,-266,4,-60,-42,91
40,-237,4,-59,-19,-13
15,-259,-10,55,9,-49
6,-264,-21,27,47,-31
30,-256,-6,-19,19,-23
39,-280,-1,6,-6,-22
-17,-260,-3,-52,-37,-15
11,-247,-19,-41,-15,-5
-43,-247,40,-19,42,31
-6,-275,1,-35,-72,-29
-1,-252,7,43,95,35
-1,-266,3,-14,63,-21
31,-265,6,-33,-17,-46
43,-247,-15,0,18,1
1,-245,21,73,18,-22
-14,-256,-13,31,-25,-22
-38,-277,-1,81,19,-6
-18,-263,-2,-40,66,68
-13,-254,4,-61,104,49
-13,-258,-27,-83,-0,83
-29,-262,24,59,-64,-38
-34,-262,-37,14,1,46
-17,-259,12,45,54,-0
-40,-264,-9,-1,31,2
-21,-251,-1,18,49,25
-62,-254,-12,-100,15,-16
-33,-251,1,-43,-75,40
-53,-260,-15,-2,107,2
-41,-260,-4,-62,14,36
-45,-242,-4,3,-50,-87
-80,-241,37,-32,15,90
-66,-235,-12,23,43,2
-64,-251,-15,-6,14,-32
-83,-248,9,-75,-31,-77
-73,-253,-10,5,37,-26
-26,-254,24,-29,18,-58
-39,-261,29,-28,-63,77
-68,-246,-15,-9,-26,50
-72,-256,6,30,32,-22
0,1,1,-32,8,-6
2,-1,-2,2,-16,49
0,2,-0,92,-33,-34
-2,-1,-4,-20,49,15
3,-1,-1,46,53,12
-2,1,2,-32,37,-8
0,-0,-0,-4,-25,33
-0,-2,3,-23,60,19
-1,-3,-0,19,85,-12
0,-2,0,-85,54,-34
1,2,2,-59,-29,64
-1,-3,0,-3,-22,-31
0,1,-2,-9,-44,-22
-2,0,1,-28,-16,-61
0,2,-3,33,11,-18
-1,-1,3,-49,45,69
1,-1,1,-19,-65,-149
-2,1,2,48,-40,34
-0,-0,-0,140,94,10
-1,-0,-1,49,31,66
240,-67,117,-16,-128,2528
235,-41,127,-27,35,2868
386,57,157,-8,13,3872
553,173,210,87,-122,5493
728,333,316,33,-14,7655
998,561,391,40,-33,10257
1251,787,494,-31,96,13177
1538,1007,590,12,-29,16280
1853,1261,730,55,23,19419
2145,1496,837,38,147,22448
2412,1728,917,73,-23,25226
2605,1896,1032,-89,68,27622
2844,2046,1072,4,-22,29524
2929,2156,1181,43,49,30844
2981,2196,1135,-91,-44,31520
2987,2215,1184,-3,49,31520
2905,2151,1125,-13,-13,30844
2795,2042,1081,-119,-80,29524
2593,1888,1023,-21,-122,27622
2377,1715,919,16,38,25226
2146,1494,863,-160,-21,22448
1852,1262,727,-166,16,19419
1576,1002,612,47,69,16280
1298,772,481,-19,-11,13177
1032,536,366,37,80,10257
788,341,263,10,9,7655
562,173,195,97,-40,5493
421,51,181,46,-22,3872
343,-33,82,-83,-28,2868
290,-47,89,36,29,2528
256,-0,-3,-2,-47,1
253,-6,5,80,-10,87
254,-1,2,-37,35,-25
251,2,1,12,-24,-22
249,-0,8,60,-25,53
266,6,5,-27,82,-43
248,4,1,63,-37,-7
250,8,-9,-31,15,43
248,9,-10,40,-35,-95
254,-3,-2,38,-22,22
261,6,10,13,-41,-23
256,-1,5,-32,-7,37
262,-3,-0,13,-72,43
263,1,2,-2,-12,6
260,-8,-7,-2,-6,44
264,-3,-1,-9,2,14
255,-11,-4,117,-5,-23
257,-8,-0,116,-46,-47
255,2,10,-20,-41,-28
258,1,-4,5,43,-28
249,5,-2,118,78,-40
256,-3,3,48,48,-49
258,4,1,16,-92,-18
257,-2,-1,-3,-76,-4
265,5,5,-51,27,-50
251,3,4,-21,-12,-16
268,3,-6,-21,55,5
252,-1,0,-25,80,18
256,5,-0,-51,-60,-13
252,-4,7,36,-14,-31
256,-1,-6,-39,8,-18
257,-5,7,40,-10,-67
261,8,6,-74,43,55
253,7,2,86,-65,18
259,11,2,81,9,61
261,-4,-10,3,-89,-45
269,-4,4,-1,-11,36
251,0,-5,12,16,123
254,3,2,21,53,13
259,1,-10,-19,-63,12
259,-3,4,-12,40,-7
264,-5,3,15,-6,44
261,-2,-8,-2,-18,20
246,2,1,-15,-45,29
250,-3,2,-65,-54,-15
258,6,-3,28,-66,7
248,8,-3,-46,-105,-1
252,-5,-6,-61,18,-44
257,-11,-4,-70,-53,-8
260,-6,1,-96,46,59
253,11,-6,20,5,-45
253,8,1,61,19,33
258,-4,1,45,-62,-42
263,-3,-6,-27,-11,70
251,4,6,138,23,-1
260,-3,-0,-54,54,-25
251,4,11,15,0,-62
257,6,-4,-4,-3,-23
261,-3,4,-0,29,55
260,0,-3,106,41,-68
259,2,1,-81,18,-33
253,-4,2,-5,15,24
262,1,5,-15,-32,-98
259,-1,-3,6,-57,-125
257,-1,2,-24,-26,1
254,3,1,-11,109,66
259,6,-5,19,-73,9
262,1,-9,99,52,19
251,2,-1,96,-4,100
255,3,-7,22,-37,10
255,-1,6,61,-4,23
254,-6,1,15,30,1
262,3,-1,-26,91,-19
249,2,0,49,-96,-32
256,-3,-4,6,-38,22
252,3,4,-95,-34,-29
258,1,-8,-49,6,9
256,0,1,-7,66,-45
255,-10,-4,-2,23,-75
264,-3,3,-45,35,74
265,-7,1,-22,60,-37
262,2,5,71,-24,59
251,-8,-7,2,-82,46
260,0,1,38,94,-27
251,5,7,81,-29,-108
262,-8,7,-10,13,-89
258,4,8,-102,-4,-3
247,5,2,-20,61,36
245,10,-1,64,53,18
254,0,-3,-12,66,21
260,1,1,63,39,33
261,-5,-0,-20,-14,85
268,-5,6,-1,76,35
256,8,-6,-35,-62,-6
253,-3,3,49,4,-42
243,9,-4,18,31,2
255,4,-2,72,-16,-4
252,-4,-7,-67,22,109
259,-10,-2,-83,1,-32
253,-0,-6,-27,-127,-40
263,-1,7,49,35,-54
259,5,0,70,-48,-55
251,-10,-7,-4,10,-53
249,-1,-0,-13,-7,-90
256,4,3,-20,35,-108
259,-3,1,-5,-10,-9
261,-5,1,13,-80,-3
255,-4,-4,-88,4,-9
258,5,-4,75,38,49
258,5,10,60,9,12
257,3,-5,-35,5,-6
250,10,-3,-24,55,89
261,-2,-1,-85,22,-15
251,2,-5,6,-16,-23
263,0,-6,-10,-74,-10
255,-2,-1,-42,-26,104
255,-9,7,46,28,-63
259,-2,3,11,1,38
260,4,-3,40,-22,123
251,-12,1,-47,41,-4
252,-4,3,-99,-52,-131
251,7,-2,29,-26,-25
255,8,-1,4,-40,7
258,3,-3,-8,-33,32
251,-3,-5,-23,-34,-42
255,-1,6,-67,-45,-12
251,5,2,-78,97,-56
254,-2,4,-16,37,108
263,-4,4,72,22,52
255,-3,8,-101,-60,-66
254,4,-8,40,51,20
254,11,-7,50,-21,-9
256,1,2,25,26,-35
258,6,8,-92,19,31
260,1,4,2,12,-75
260,2,8,38,-10,-16
251,-3,5,-31,89,-25
256,8,-1,12,42,75
255,5,10,19,86,-22
261,6,13,52,10,29
248,-6,3,58,41,-8
262,8,-5,-16,85,-43
259,2,-6,84,-47,59
261,-0,-2,-2,-27,-6
257,-3,-5,12,35,-64
257,2,4,-17,-8,-90
254,-9,4,15,37,160
256,-8,5,106,-23,23
250,-1,1,-90,30,-95
250,0,-0,69,46,24
262,5,-1,83,11,-144
250,4,1,-36,62,22
259,-4,1,-43,-25,-17
256,0,15,-32,-13,-16
260,2,2,11,-8,33
258,-4,-2,-7,34,14
263,2,-5,66,119,-22
255,-3,6,59,-45,3
257,-3,-1,-8,42,-0
258,8,4,40,27,68
253,-4,-2,16,-14,3
253,7,-2,10,9,-4
256,2,1,35,130,-30
261,3,5,-34,-57,63
257,-3,3,-103,21,-12
255,-3,5,-22,26,2
254,8,0,74,-95,-8
256,7,-1,28,-67,-36
260,-1,-2,-18,-3,68
262,-5,-1,-16,136,-50
249,-4,3,-103,39,21
256,3,3,12,-62,-104
249,5,5,81,37,35
252,1,-0,45,47,35
255,-5,5,-51,-62,-1
255,8,7,-34,103,20
249,-2,-5,-37,-141,-48
254,1,8,-20,-26,-40
252,3,-3,-32,34,26
253,-5,8,-60,-3,5
255,4,-2,-30,5,-45
255,4,1,-51,-20,-15
253,4,7,48,33,36
263,5,9,-66,-72,24
251,1,5,-17,-8,-126
260,0,0,52,-13,-71
258,4,1,8,-36,25
261,-4,3,-6,-5,-0
262,2,1,11,-87,-27
257,0,-4,-14,-93,30
251,-1,7,-13,-132,-18
258,7,-3,42,-53,57
256,-2,-1,47,-41,-83
266,-3,5,-6,-97,35
254,-2,4,-10,-38,28
254,0,-5,-120,59,25
248,4,-1,-7,-11,-19
254,6,-2,69,-87,-24
253,-1,0,49,26,39
261,-6,-1,-30,-81,24
257,-3,3,65,-26,-66
259,7,-5,-5,11,-50
248,2,-3,-28,7,34
254,11,-3,-14,-52,-43
252,-1,-3,-47,21,14
253,-3,4,137,118,-21
253,-0,-2,6,-56,55
256,-1,-9,-11,9,39
256,-1,-11,20,-24,-54
258,-3,-4,-22,-97,7
257,-5,12,21,-32,-12
256,1,-5,-27,-29,-35
258,-3,8,5,31,-65
259,-4,11,-0,4,74
258,-2,-0,35,-42,-11
257,-6,10,-51,28,16
255,-3,-0,66,-68,25
260,-2,2,17,-83,-76
254,-5,-1,59,-55,22
257,-2,-5,-33,-67,-34
257,2,2,-45,-40,84
247,-2,1,24,32,-55
258,-1,0,-8,22,33
256,5,-3,-82,-51,31
261,1,1,-77,6,2
265,-6,3,24,-36,-32
252,-1,3,19,-47,-55
249,-2,-1,-29,-115,-38
259,-0,-0,65,-9,-8
261,-1,-5,-14,-26,-43
253,-4,-1,-65,-28,28
252,-7,6,96,-9,54
248,-3,-0,35,69,30
250,10,-2,174,57,3
259,-6,-4,58,58,41
253,-4,-2,34,36,23
267,-1,0,-24,-64,9
259,-1,-4,-73,-17,-9
259,-3,-0,32,56,14
248,-3,9,-40,19,141
259,8,-1,-20,-84,86
266,5,-5,-28,-87,-54
255,1,-0,52,37,72
260,1,7,51,-31,-44
261,-1,-6,-28,-38,13
251,0,-1,-14,1,44
255,1,-1,-6,34,-1
250,2,10,25,74,68
251,1,6,39,-10,-71
257,-2,-0,-79,-4,63
262,5,-4,0,-55,-3
257,1,-1,-27,-40,18
256,-3,1,22,-37,20
252,1,3,9,-9,-92
260,11,4,64,68,111
254,3,-1,-3,-22,42
257,-3,3,17,-55,14
254,2,-4,30,-71,-35
251,-7,-0,15,-98,-17
251,-3,4,69,-23,24
259,-16,-1,45,-66,-93
252,2,-1,22,-69,-55
249,-3,3,23,-6,11
260,-4,8,35,-109,7
259,3,4,-34,95,21
264,3,6,-31,30,50
252,1,-4,11,10,-78
258,9,-2,-102,80,36
257,-3,-5,43,-42,22
247,4,-1,-49,-19,30
254,-12,7,62,47,-107
256,-1,-2,66,30,-66
251,-5,1,-8,54,0
263,9,-4,36,-83,-22
247,9,-2,16,9,-1
261,-10,9,-37,168,74
250,-1,0,-15,-6,-80
250,1,3,-51,17,3
245,-3,-8,-6,-25,-6
251,-1,-8,-29,100,17
260,-2,-11,4,24,-48
257,2,-1,-54,3,-50
255,-5,-4,33,13,-88
253,-2,-4,-16,69,62
247,-3,4,-73,33,49
253,10,-4,24,-32,38
258,4,-9,-49,31,84
253,2,2,4,123,62
249,-7,-3,15,2,27
256,-7,4,28,-2,-46
254,-3,-1,12,92,-61
260,-3,-10,95,-30,-42
249,-2,-0,-2,-48,5
255,4,1,-55,48,-94
256,7,3,55,-17,-1
252,2,6,52,-60,-15
265,1,-8,18,-39,61
258,1,3,-44,3,2
259,-6,-0,60,-29,-55
264,-1,-3,-37,72,56
260,-5,2,-35,-42,-8
247,-5,-9,-9,17,15
262,-2,-3,76,-18,93
253,-3,3,-31,36,-11
256,-9,8,47,37,42
261,-2,0,5,-90,-85
245,3,1,-12,23,-10
250,7,-13,29,101,60
263,3,2,-57,18,90
254,3,3,38,-16,5
258,-10,-1,7,-7,-32
260,3,6,29,27,104
251,3,3,-61,-38,38
247,-1,-8,-4,68,-6
255,3,-4,2,-106,23
256,-5,2,-133,-52,64
260,4,1,11,0,-33
259,6,-9,-15,-56,-2
252,-7,0,3,-47,-16
261,1,1,-41,12,-29
261,-7,8,-22,-47,-34
257,-2,0,-31,115,18
254,-1,3,-46,-63,-61
265,-8,-6,30,-68,29
260,-9,6,62,25,-41
262,-0,6,-14,-45,59
265,-4,-0,-25,-22,-19
267,-6,7,-34,53,68
257,4,-0,23,134,18
260,-6,-1,8,45,66
259,-2,-5,-25,-20,-119
255,-4,3,-71,71,55
255,8,-3,24,-7,-37
255,0,-2,-13,-65,-56
247,-3,-7,12,-11,-70
253,-1,8,43,-53,-48
252,-4,-1,19,9,-74
256,-2,-1,1,8,-38
261,-4,-6,-7,-20,-39
257,-8,2,98,37,-54
259,5,4,78,-19,66
254,2,-9,-23,-76,58
253,3,8,-37,-6,67
251,2,10,-51,9,-106
254,-4,4,47,78,2
251,-2,-4,-70,-63,-23
258,1,-3,39,-78,-51
260,-1,0,12,-1,43
259,-5,-6,-11,-18,-21
254,8,3,8,3,-33
252,4,-7,-19,-15,18
257,2,-12,12,-2,2
253,1,-7,-16,59,55
257,-6,-0,-14,-53,-11
258,4,1,-54,-81,59
257,9,-2,-19,-16,9
261,2,-2,77,72,-7
257,0,-1,13,80,-14
263,-5,-8,13,10,17
250,1,4,103,40,-15
253,2,-8,30,34,-31
258,3,-0,28,-28,-126
252,1,2,28,12,-16
252,8,-7,-84,-9,44
257,0,5,-34,47,-64
269,8,-2,-76,-57,26
262,0,-4,-7,62,25
255,-5,-5,53,-17,-69
253,-2,-3,56,47,-93
262,-2,-1,19,-22,-7
262,0,5,-40,-22,-4
259,7,-8,-14,-7,-62
255,-4,5,26,-10,31
259,-2,3,83,15,-16
269,3,3,16,-82,-1
249,4,-5,25,-2,-11
258,6,-1,16,2,47
257,3,6,134,-89,114
256,-8,6,-23,-25,-18
263,-2,-4,56,115,-56
253,2,2,83,5,-28
251,1,3,37,-45,-41
260,-4,-2,14,1,-32
260,3,-4,76,5,-5
264,-3,3,-102,9,0
251,-2,-5,69,4,-61
258,-0,2,-15,13,34
250,-6,3,-118,23,109
260,2,-1,15,-29,45
251,2,-10,-67,-4,7
261,1,-1,-7,37,-59
263,11,4,-80,37,22
263,5,-5,51,6,-26
257,8,4,-8,108,-21
252,-10,3,-108,-38,-27
268,-2,-3,21,-56,-34
252,-10,7,-17,-37,-81
262,2,-10,86,109,-46
254,2,-6,15,45,18
257,-1,-9,-18,-14,-71
258,-0,8,29,-70,7
251,0,-7,85,-1,39
253,0,-5,-23,-1,-77
256,4,5,-29,60,-59
264,2,3,41,-17,-45
249,-3,-9,8,-12,8
263,2,-1,-78,-46,-8
255,4,0,2,18,27
257,1,0,-1,-41,43
254,-3,0,100,137,-73
254,-5,2,23,72,8
254,-7,-6,71,-18,39
264,3,-3,15,57,-10
257,-6,-4,5,-64,14
260,9,-6,-15,59,21
255,1,0,46,15,26
251,2,-5,-13,49,53
262,-4,4,53,-35,57
265,1,-5,7,37,-62
252,-1,-5,-42,16,-18
254,3,0,94,61,-94
265,-3,-2,-70,89,-43
262,-3,7,78,-2,-19
249,-4,-9,-42,9,-17
254,-3,-9,-6,-5,75
262,8,8,18,12,-21
259,6,3,-46,60,37
259,-7,3,-28,-73,78
247,2,11,61,-93,42
259,-1,-2,70,-9,-4
258,11,3,-66,20,49
263,-1,5,41,-53,-2
262,-3,-9,90,24,-51
250,-3,3,23,-50,67
257,4,-0,30,77,-66
258,-3,-3,49,5,-15
255,-0,3,34,34,-59
249,1,-6,-41,-8,69
265,10,8,21,102,16
259,3,3,-37,-66,75
256,7,0,20,-18,-32
253,-1,-6,68,33,-68
251,-4,5,23,40,-47
251,7,-1,-49,2,-16
261,3,-7,11,20,8
251,2,-1,14,12,35
258,1,-0,-80,3,44
258,1,-3,34,-2,-47
252,-3,3,-40,-14,-65
261,3,-1,-84,-25,-72
261,1,7,-76,-23,7
257,9,-1,-11,-5,-46
260,-4,-12,78,-47,33
255,-5,-2,-8,18,10
258,-4,-7,-17,-14,4
249,8,-3,-58,-38,27
260,3,7,36,53,31
249,1,9,-17,54,4
256,-12,3,-42,-87,-12
262,-3,-6,137,-59,49
249,-5,-3,3,10,41
267,1,3,58,28,25
249,-10,-1,-18,-20,-58
252,-1,2,-20,14,20
256,4,1,-15,-13,-0
255,-3,2,74,47,-47
256,-9,3,59,-46,-21
254,-5,-11,80,-102,18
263,3,1,3,-27,-71
250,3,-0,16,-54,-6
258,12,4,-38,-32,40
255,-2,-7,105,12,67
249,2,-2,1,-7,-55
252,-2,5,-68,-49,12
256,-6,1,82,-40,48
255,4,-0,72,55,34
259,3,1,-2,16,-22
252,6,1,1,-40,-36
258,3,-1,93,32,67
260,0,4,-69,-15,26
256,5,1,32,-87,0
260,-2,4,-45,4,1
252,-2,3,-137,11,96
254,-1,4,15,-4,71
256,-3,6,4,17,-45
260,5,3,22,-22,-20
252,-4,-1,-17,-43,-39
252,8,-0,15,-14,9
258,-5,-2,22,36,-74
264,-7,-5,-8,-3,59
248,2,0,-10,-30,3
261,7,-2,-39,-42,44
261,-2,-3,-36,-34,-70
259,0,7,-17,-26,-32
254,0,3,44,3,73
256,0,0,112,59,-40
250,1,-3,-11,-6,-37
253,3,-4,66,-35,53
256,-1,4,-14,83,-43
252,11,-4,47,-29,-12
259,2,8,-58,39,-71
263,4,1,-16,18,51
248,3,-4,-25,-33,-45
254,2,0,9,-48,4
253,-6,4,20,105,-26
256,3,-0,3,-3,-57
254,1,-1,-32,7,-4
263,5,12,122,-28,32
254,-4,-1,58,9,19
264,2,-2,-31,-13,107
252,3,1,46,-9,16
258,2,1,-10,-40,20
253,4,2,16,-72,-19
254,-2,1,45,-12,-19
256,2,-15,-93,-26,-31
257,-4,-10,25,-41,-34
265,3,-1,-62,-44,-29
256,5,-8,-5,126,-3
252,-4,7,79,83,38
250,9,-1,-15,117,25
255,-5,6,5,3,-61
258,2,-0,-29,22,-29
260,-0,4,-53,42,-6
259,3,-6,-6,35,-47
251,4,3,50,38,-32
259,5,-9,24,-3,-12
264,-6,2,1,-46,-47
253,10,1,-10,-21,101
252,-2,1,-22,24,107
257,1,-14,21,39,55
258,-4,-4,-8,33,-83
260,2,1,-36,72,61
263,7,9,-34,78,38
257,-8,7,35,-13,68
259,1,-3,-21,22,47
254,0,1,59,59,42
262,-10,-0,69,64,-47
262,-9,-16,107,-2,-69
257,-2,-10,7,-36,76
254,-0,3,-18,-53,129
245,1,-3,10,-51,72
256,-5,-2,11,43,-72
260,7,-8,-30,35,-63
256,3,-12,63,22,-1
259,-10,9,3,37,-68
255,-0,-8,-9,39,-99
256,5,8,39,-92,-49
259,-2,4,-23,-15,-129
260,5,7,-67,-31,25
254,1,4,-17,-38,181
254,-3,3,-91,-25,12
256,-10,4,-7,69,-36
254,-3,2,-115,-40,46
252,4,4,35,-34,-95
251,2,5,16,-8,-39
258,-3,4,18,31,-31
252,1,-6,28,-53,-79
260,-0,10,27,14,-17
270,-2,-5,28,73,-3
262,-6,6,-13,2,44
248,-0,-11,26,33,55
257,6,3,11,50,13
261,2,-1,-102,-20,-38
259,-3,-0,23,59,-19
265,3,7,-56,-18,-29
263,1,7,-5,40,49
260,5,3,-89,84,39
260,-3,-9,-99,35,5
250,5,-4,17,-28,-46
257,-5,-4,-72,0,-11
246,-4,7,-79,81,-15
254,-8,-8,78,-50,-3
255,-3,10,30,10,83
254,1,8,-3,37,-39
256,0,1,55,7,56
256,8,-1,52,83,5
253,2,-2,100,16,-69
259,3,7,-2,107,-25
263,-2,3,1,63,87
252,-0,1,21,3,-16
259,-4,-6,-40,22,81
259,0,-0,-67,12,-84
249,-8,0,31,-46,40
259,1,0,118,51,35
258,-2,-3,-89,84,15
260,-4,-5,-73,-79,-61
254,-10,-1,41,17,-68
269,-3,2,-23,19,66
259,8,-2,-78,56,3
252,2,6,14,76,46
255,7,7,-64,-6,7
257,0,2,1,20,19
251,7,1,-30,-68,21
259,-3,2,69,-53,-13
258,3,4,125,59,33
252,1,7,-0,-43,14
259,1,1,-12,-15,-39
261,-1,-4,-9,15,74
257,4,-2,73,41,-28
257,2,0,-44,-25,-64
260,7,7,21,36,-32
259,1,-9,20,-16,-58
259,2,0,16,-56,2
248,-6,-9,23,9,1
254,4,2,14,-6,-57
256,-5,5,40,9,24
253,-2,0,27,-35,43
254,2,-4,15,-29,87
253,8,7,11,15,83
267,-12,-3,-8,-37,15
253,14,6,58,32,31
249,-3,-2,-49,-38,-12
249,-1,-3,-27,-1,44
264,5,-9,-36,-40,-50
267,-10,-1,73,-72,34
256,3,3,12,61,-68
253,6,-3,38,40,18
255,-2,-0,-38,-29,-8
260,6,-0,32,-45,-22
259,-2,0,-78,94,72
254,5,1,29,23,-4
254,3,-5,81,-24,-28
251,-3,-4,41,90,26
248,-4,3,-18,-16,-14
247,-1,-0,-53,87,-78
267,-1,5,-57,21,68
260,3,-0,11,9,16
258,-1,0,-51,-8,42
266,5,1,2,-28,-1
259,-0,4,10,-51,58
249,6,3,62,-88,80
251,0,4,-32,69,65
249,-3,-6,31,18,-51
257,4,-1,60,33,-45
248,7,-0,3,72,-20
251,-4,4,9,21,48
267,7,-3,-12,-28,-37
253,-4,13,-54,-14,-82
264,5,1,-91,75,-108
255,2,-4,14,-59,15
260,0,2,-30,-33,2
259,-1,-7,-13,2,-64
269,-9,4,24,-6,-22
256,-4,-4,-32,-43,-48
258,5,-7,58,15,-64
258,-5,-3,15,44,-5
248,-6,0,60,55,79
249,-4,2,-90,84,3
254,10,-2,-22,21,70
253,-6,-4,-43,10,25
243,1,1,11,-41,-46
261,-4,-5,16,49,79
252,6,-3,26,30,4
255,-4,-3,-56,-40,-68
254,2,7,-31,89,3
248,-1,3,-18,-14,-68
255,-5,-12,-23,-10,5
259,2,1,104,52,33
261,1,-5,-37,65,-7
256,6,0,-3,71,-10
257,-7,-0,78,12,49
254,9,-1,-84,-51,50
251,3,5,-54,-16,90
257,3,-1,2,44,-22
260,-0,-6,23,53,-60
256,1,6,-17,64,29
248,11,-1,33,34,-6
253,-1,13,-68,-5,4
247,-9,-1,-60,72,9
263,1,-2,79,22,-99
256,-6,-1,-35,-2,-104
252,2,-3,79,31,29
266,1,5,76,0,17
259,0,3,-81,-30,10
256,4,1,49,1,-34
263,7,6,-33,-29,-8
250,3,3,-8,-11,-27
259,6,2,59,17,15
248,-10,-7,-14,42,-11
260,6,2,-32,3,39
259,-5,-6,14,57,-15
255,2,5,39,13,-3
267,2,1,67,51,44
255,3,1,10,-47,1
246,-8,-1,-8,-43,16
253,1,5,-87,-28,8
259,-6,3,-45,-23,-65
263,1,-4,47,18,-87
262,8,-2,54,71,36
255,3,3,40,-37,-3
253,-3,5,-30,77,-80
258,3,-5,29,-14,57
252,-2,-2,56,56,13
256,-4,5,-10,-11,96
248,3,-2,-36,12,-20
255,-3,-5,-26,-33,-57
252,-1,-5,116,-82,-8
253,3,6,48,19,-4
261,3,-5,-36,35,-11
253,0,3,1,-23,-127
253,4,-3,10,-64,11
263,2,1,34,60,67
258,-4,-3,-11,-18,22
262,-7,-7,40,2,-5
253,3,-3,-33,-49,54
257,-2,1,-66,-44,-82
259,4,4,-18,-21,-14
256,-2,1,-6,9,95
255,4,4,-2,-39,-29
259,1,0,30,-10,-47
255,1,1,-24,-16,64
257,-4,-9,39,-39,40
251,1,-12,-29,-35,-78
266,-1,-5,-23,124,74
252,-9,2,-3,22,-8
255,-4,-6,70,-126,-54
258,-1,6,39,87,73
254,3,-1,-37,29,150
256,-6,-0,-84,4,-97
258,-3,3,24,-79,-80
261,2,1,39,31,15
254,4,6,-41,105,-41
260,-4,-4,-34,-78,-2
266,-12,-4,23,68,4
258,-9,1,-1,40,28
259,4,-2,81,123,-23
254,1,-2,-37,-10,7
254,-1,1,30,8,-12
256,4,-3,102,-68,14
260,-0,9,68,13,-28
251,-0,-6,58,118,-71
254,6,-0,34,18,0
253,-4,-1,-79,-44,22
255,0,-0,-37,-12,-38
259,-0,-1,6,-1,49
249,7,-3,9,22,-59
260,8,2,-43,-27,28
261,-3,4,-16,-39,-46
249,-6,-2,-88,-5,36
259,-0,-0,16,-33,-66
255,-5,2,-36,57,-33
259,8,7,-51,20,-40
261,-6,11,-102,-14,-17
254,4,-2,-22,-62,40
254,5,2,-1,26,-81
252,2,9,-75,-13,91
251,-1,9,23,73,-31
253,-1,1,-0,-49,-53
254,-11,3,2,-48,-52
258,1,2,-18,-8,-12
256,12,1,4,40,-53
255,1,-3,-48,40,-4
260,4,7,-19,-71,55
262,3,-8,45,-8,139
264,1,-3,2,-118,65
252,-4,3,17,-113,-3
255,-5,-2,62,12,-47
258,-6,2,-8,-12,46
252,10,6,-93,20,-11
251,5,-2,-5,-1,45
255,6,-6,56,-51,-95
255,7,-14,-58,-44,-95
248,-4,-2,18,18,-13
249,-8,-1,-32,12,13
253,-4,-0,-63,-73,-6
266,-1,-4,-114,-41,-15
260,1,12,-11,-37,4
260,-5,-3,-8,82,-29
253,-3,-6,-54,57,-70
260,-2,1,-38,-68,6
258,5,5,133,-93,24
251,-6,2,69,-38,-11
261,2,2,74,76,-34
259,7,2,-22,48,-75
261,6,-7,52,-16,-62
250,2,-1,46,103,41
259,-6,-0,12,-12,-2
257,-6,3,93,-39,50
262,-4,1,81,36,37
254,-3,-3,38,-2,-9
255,1,6,-30,-42,84
255,-10,-4,-61,46,-22
256,1,-3,-61,75,65
256,1,2,73,-54,80
263,2,6,-58,-18,158
266,-4,-4,7,-13,81
247,4,-2,76,-86,-87
269,-13,-5,78,29,33
260,1,5,-21,63,28
260,12,-11,-0,-28,56
249,-1,11,26,-23,-61
260,-2,-1,63,-92,39
264,4,-4,5,-6,2
251,-9,-1,29,-8,25
260,5,-1,0,90,-28
266,-3,-3,26,-42,65
253,4,7,45,-3,-61
255,1,-0,59,50,49
254,2,4,5,-32,27
256,1,-0,-108,-55,-41
245,1,-6,79,26,-43
258,-0,-3,57,-56,-68
256,-0,1,62,-86,-15
257,2,-1,64,-49,-40
260,4,-8,44,-56,-56
248,-2,4,-20,25,73
260,-3,-7,-14,-21,-36
259,5,6,2,-38,47
254,-2,3,78,37,-28
253,0,5,33,85,-2
256,-1,0,6,-14,14
256,-8,6,-12,22,-21
249,-2,0,-41,-17,-55
259,-0,-5,-74,-3,23
243,3,7,-9,2,-20
262,3,5,-15,-50,30
255,-7,-6,-58,31,-49
256,1,-3,15,-47,-31
256,3,10,-14,36,-49
251,-4,-1,20,79,-42
262,-2,1,-14,-79,-0
253,6,-2,47,-7,-17
258,-4,2,-30,52,26
256,7,-1,-5,55,-25
248,9,-3,28,74,14
252,-6,-3,-68,113,-46
259,1,1,-40,-17,34
252,5,-3,28,6,35
250,-0,-11,-65,-117,113
261,-1,-6,-35,-18,8
251,-0,-14,-14,-31,30
260,-1,-2,-54,-36,12
260,-7,-1,50,3,7
258,10,3,-32,-95,-33
251,-3,-6,-54,-38,107
256,3,2,53,-9,-20
256,6,-3,113,28,-28
260,-1,1,71,-36,-102
252,2,-6,-19,7,110
259,0,6,5,-69,-57
255,-3,-9,1,-1,6
254,2,4,-62,34,21
254,1,1,47,-0,25
264,-0,1,-96,8,7
245,9,5,-11,62,52
254,2,-2,44,-79,65
260,-13,-2,17,-34,12
261,11,-8,92,15,37
248,-4,-0,62,93,-2
254,-6,8,-33,0,-18
259,4,-1,48,-161,-14
252,3,-1,-35,-33,-39
264,-5,5,38,-48,33
268,-7,-3,77,-53,-45
257,4,5,0,100,-3
261,-5,6,27,23,-39
252,2,7,49,-125,-90
247,-3,1,-65,-70,-1
255,3,-8,74,16,28
257,-2,5,-99,-22,56
259,1,5,30,-4,13
257,-5,-6,-85,-69,44
261,-9,1,-12,24,32
257,10,-2,60,40,-51
254,-12,7,-19,49,-45
252,-0,4,-60,-87,74
259,-8,-11,29,-52,-18
255,5,2,34,-24,101
256,-1,2,23,1,-43
255,-1,3,-61,-33,-94
259,-5,-5,-82,-25,10
263,-4,-2,121,7,-113
254,4,-4,-29,-83,-83
261,-7,-1,-67,-8,-24
257,-2,-8,-56,-46,-18
258,-2,0,-63,47,115
256,-4,3,-133,43,-17
260,-19,-3,4,22,18
250,-4,1,90,-40,-72
257,-12,5,-33,75,51
260,-0,5,-22,28,-83
254,-4,7,-12,40,100
259,-2,-0,15,-49,38
254,3,5,38,58,-21
267,-3,-3,-32,86,2
249,-7,-3,-44,-13,-14
255,-3,5,49,26,-88
255,2,-1,88,56,-30
252,-1,-0,19,-62,-79
253,2,-9,-79,50,11
254,-6,-8,79,76,124
251,-6,-6,0,-52,-18
253,1,3,37,32,39
250,-3,5,38,-62,-1
261,-0,-2,-41,116,-34
259,-7,-7,-6,21,47
258,4,-9,17,121,-3
252,-8,-11,69,21,7
260,2,1,59,37,43
253,-3,7,-84,-70,37
257,2,-3,17,-36,-13
246,2,-1,-38,40,-91
256,-6,3,12,-48,46
253,2,-4,151,12,-23
251,2,7,44,6,19
249,4,-4,-92,54,-50
251,5,2,-1,37,45
264,1,-4,-71,47,2
250,11,-6,54,-56,90
260,3,-10,-47,29,12
264,1,-3,34,-20,-50
257,2,5,7,68,18
253,-11,-8,22,46,45
256,-3,-5,12,98,-49
256,-6,-1,20,69,42
261,-2,0,30,-88,-11
252,5,1,67,2,52
251,-3,3,-1,-95,-60
264,2,8,-12,-61,-31
260,3,3,-18,-41,42
268,-2,-1,-61,1,-37
253,-2,1,-3,-24,91
256,4,9,-42,71,57
257,-4,-2,-40,-13,-91
259,1,3,2,-65,33
255,-6,-3,-29,40,-29
249,-6,-3,2,-33,35
258,5,3,1,67,-27
252,-2,-3,-44,-66,-14
254,6,2,-29,-19,17
262,-1,4,-58,85,-36
252,-3,4,-67,37,-19
255,2,-7,32,24,-61
252,-4,2,-40,-14,-62
261,-6,-0,34,-80,-12
260,1,8,49,-56,-92
249,5,1,-25,-157,41
260,4,-3,72,37,49
254,9,8,-19,57,-67
253,4,3,-125,-19,57
256,5,-5,28,-28,4
260,-2,1,-12,16,-9
246,1,-2,-33,71,66
258,-2,3,21,-84,-67
243,-9,-3,-14,66,38
256,-6,-3,-69,25,-1
256,-4,1,-51,51,-69
263,-13,0,58,-34,13
261,-17,-3,9,11,23
259,1,-3,18,-30,18
251,6,-0,55,9,57
263,3,2,53,72,27
257,-3,-1,-11,21,-87
261,-6,-2,-44,-41,-80
255,3,-0,-83,53,-29
252,2,1,3,21,-99
262,4,8,-68,-33,68
258,4,4,40,20,-50
261,4,4,-40,-1,-25
249,1,-6,51,94,-58
256,-10,-5,15,-61,-18
251,-1,3,20,-16,-74
256,1,-2,-21,-12,-39
259,1,2,54,25,19
256,-1,-1,-76,-49,35
258,4,-4,-10,27,37
265,-0,-1,48,14,21
264,-2,-7,-8,-39,-39
258,-7,-5,-19,10,-48
260,-5,-2,53,77,-70
260,4,-3,41,-26,-69
259,-6,0,69,-17,7
255,-13,-6,-21,14,-94
261,-2,5,86,43,-65
254,2,-2,-89,84,82
260,-0,-5,-74,20,48
254,-10,1,88,-6,-27
255,1,3,-19,-17,-15
263,-1,7,1,86,36
248,-1,-5,-26,-4,6
248,-9,1,-2,2,24
253,-5,-7,-118,34,128
259,3,-12,-49,-59,32
259,-4,-3,-51,-30,36
255,-1,5,2,-31,63
262,1,-0,-174,68,-16
259,2,2,28,-12,-44
257,-5,1,-27,21,-16
260,1,-0,-7,-8,41
249,-4,-8,-56,29,5
258,2,1,-89,26,-1
257,-5,-2,-72,-19,20
260,-4,-1,53,10,-5
254,-5,10,-109,48,-7
262,2,7,77,-5,5
262,2,-3,28,89,68
260,-5,3,30,77,-43
256,-0,-0,46,-68,21
260,-5,-4,5,-49,-28
269,-8,6,-9,3,28
251,3,8,79,-35,12
258,3,-1,-55,-18,88
258,-3,9,-4,62,-26
258,7,-4,-118,7,-120
257,2,4,-61,25,12
254,-6,-2,-33,21,34
268,-1,4,85,19,59
253,-2,-6,21,32,-23
250,7,0,-100,23,38
254,4,2,-53,-49,-1
244,8,-5,1,10,35
248,-1,-7,91,-49,-11
261,-8,-3,65,28,20
248,2,-5,2,-126,37
256,1,-1,-7,79,1
259,-5,2,-9,50,-57
264,0,1,-121,65,-5
263,3,-6,44,-29,10
260,7,1,-8,-37,25
257,1,6,50,26,19
259,1,-9,-13,-3,-31
249,4,-2,15,-43,23
254,0,-6,12,-32,0
271,1,7,-40,12,-23
260,0,-3,-63,-45,-42
250,4,7,-43,-6,-62
258,3,12,-16,-8,-46
252,2,-5,-13,-79,-115
256,2,-1,17,-3,-20
253,6,4,8,10,-76
253,-1,2,-31,-71,35
261,1,3,55,-20,61
256,5,-1,26,20,96
254,4,-0,-53,-33,-95
255,-3,5,41,-80,88
254,2,-6,-40,67,-16
260,-4,3,25,-13,36
262,-1,5,-34,89,27
258,-1,5,10,14,-12
252,-13,0,-136,32,55
261,3,11,-84,6,17
251,-3,4,-43,50,38
259,5,-5,15,-0,12
262,3,-3,42,-54,50
256,7,-8,-4,-110,95
257,-4,11,-28,-29,-79
255,-9,-3,14,-87,-92
249,-8,-3,-29,85,99
258,-3,-5,42,-15,108
250,12,7,34,54,-13
262,1,-1,-59,43,-45
262,-4,-2,38,-41,-12
251,-2,7,-72,8,9
258,2,1,50,-26,62
265,6,-5,65,-29,46
252,5,-2,24,22,-50
254,-4,2,83,-7,44
251,-3,6,-6,63,-10
255,5,1,40,-67,4
268,2,4,5,-15,3
250,-7,-8,-9,22,-92
250,-2,2,-14,-84,11
257,-5,8,-4,-1,35
253,-0,-8,-43,-10,49
246,-2,-8,57,-11,-17
255,9,-9,-19,15,-72
256,8,-2,117,101,49
244,-2,-10,-14,9,-43
252,-2,7,-23,63,31
252,0,8,6,59,18
254,-3,-3,37,16,33
256,-3,8,-9,25,31
250,-7,2,30,23,53
258,0,1,4,77,14
250,-1,-6,-165,47,-116
260,-3,-7,-54,2,-13
254,-8,3,33,-18,20
263,5,-5,42,-10,-80
263,-7,5,29,-76,34
253,-7,-3,-4,7,-93
256,0,-1,-29,-49,17
250,2,4,-2,-11,53
258,-6,0,-112,-29,32
246,-3,3,-26,12,4
265,5,-1,-74,-6,38
261,8,-2,-75,6,20
269,1,-2,-121,31,-12
251,-8,-2,1,37,27
262,6,-8,51,18,-68
251,-8,-5,42,-56,-30
253,-5,2,-19,25,-42
253,5,11,54,-52,-118
257,4,-8,20,-54,-35
250,0,-3,-28,65,127
260,-5,-4,-21,82,-66
259,-2,5,37,-35,72
257,-5,5,-44,-22,-98
247,-2,-4,-13,43,4
256,0,7,14,-106,-58
242,-0,10,-51,-1,-22
247,6,1,-43,26,-36
262,-8,7,-6,49,-70
260,-2,-12,-50,66,9
263,-2,-4,30,43,-58
257,3,-3,-38,8,-32
258,11,3,-38,18,33
258,-10,1,98,-72,-5
250,-12,-3,-10,62,2
247,6,-4,-71,64,-3
249,4,7,82,4,37
261,-4,3,49,-13,92
261,-2,-8,-44,20,-25
246,7,-8,-17,-5,-21
263,2,5,17,62,77
257,5,2,-36,-20,25
258,5,9,36,0,-1
264,2,6,55,4,-101
257,4,2,62,32,34
259,3,9,48,-43,-14
254,-8,-2,5,-55,-18
263,2,-4,12,-115,-4
256,-4,-4,-107,-44,-51
258,-6,4,-83,-33,26
258,-2,3,53,114,-76
255,-6,-4,-48,7,-37
262,6,-4,-8,20,-22
251,7,3,1,-63,-7
253,1,10,-36,15,11
259,9,2,-25,-39,82
251,-5,3,16,-53,-100
247,-2,-11,18,104,18
258,-2,3,84,-62,3
247,4,-0,-29,-59,-95
252,-5,2,10,41,-21
266,2,-10,-5,12,7
261,10,7,-13,-28,61
258,4,5,-26,-39,-22
260,-6,2,23,0,-34
256,-4,-2,-41,-140,29
248,10,-2,-166,52,-7
253,0,5,-40,49,-36
254,14,7,113,22,-21
250,5,8,32,39,-126
256,12,2,59,-31,64
240,0,-4,3,-57,28
256,-0,-11,-13,70,1
247,3,-8,34,-4,-1
254,-1,-7,36,-82,7
260,3,4,5,6,-147
246,-4,-0,-76,58,-31
251,-3,3,7,2,61
257,-2,1,7,-41,42
256,-4,-4,-35,58,-10
262,-2,-8,73,-25,-56
260,0,1,62,-8,71
255,6,5,-55,-16,-17
250,8,10,-64,-5,12
257,-2,0,-11,-32,-86
264,-0,-2,-107,44,-9
256,2,3,-34,78,42
258,-1,1,-57,51,-108
261,1,-5,-51,131,18
250,3,-6,4,3,50
256,1,-6,-61,-9,-0
258,-7,5,-2,-81,-36
267,-7,-6,-11,-26,31
247,3,2,15,-74,12
257,-2,-5,16,14,-28
246,-1,7,3,-28,-25
258,-4,4,21,48,57
255,-1,8,-18,-31,-83
258,-5,-3,65,2,-3
255,-3,2,-29,-60,-28
256,-10,-9,-12,64,-43
251,-5,-2,-9,-73,-57
255,4,8,-24,-92,44
253,-6,2,-3,12,59
254,-7,-4,-84,-8,-71
256,2,1,-38,-17,27
255,2,1,1,-19,-3
248,-1,8,-2,-50,57
254,4,1,4,34,-12
259,3,1,-45,35,20
255,-0,-2,64,-20,-3
253,-3,-0,-15,-42,9
267,2,-6,15,-78,-15
260,-2,-12,30,46,-28
264,6,-6,-43,33,22
256,5,-4,9,37,-61
259,6,-1,-66,49,-53
269,-4,1,21,2,-24
254,0,-3,-82,43,-7
251,-5,-0,51,-0,-8
262,10,2,7,57,35
263,-6,-7,-47,32,6
257,-7,2,-15,70,-58
260,1,-5,40,-51,-36
254,-10,-4,-65,17,-78
257,4,-3,25,-22,-29
255,-1,9,10,-6,-45
257,-1,-11,-55,-45,64
264,-11,9,-21,125,27
258,-2,-4,20,24,30
260,-8,-7,15,53,51
257,-1,7,-31,-51,15
260,2,-6,23,148,26
249,-20,-1,-67,13,-32
257,-1,-2,20,28,45
257,-6,4,37,-29,30
253,-1,6,19,-18,64
259,-1,-3,-59,75,41
253,-9,1,-29,63,-13
262,-1,7,-16,-16,18
254,-5,-3,-29,-10,71
265,-3,-1,-54,1,90
257,-8,4,10,-30,21
259,-0,-5,37,-11,-96
267,-6,1,-104,123,-14
265,0,-10,0,131,-9
256,1,5,-81,47,-69
259,4,2,67,-12,48
253,5,5,102,-10,66
246,-6,-6,42,-1,104
260,-3,-0,-60,17,39
267,2,3,-53,20,-47
254,-0,1,-94,-38,-34
269,-4,0,-5,5,17
261,-9,0,-23,71,-94
254,8,-5,-44,53,-14
262,9,6,22,7,-12
258,2,5,37,14,-23
260,3,-13,26,-68,36
254,3,4,53,9,-52
260,7,-6,-51,5,57
255,-2,-2,28,40,74
258,1,2,-22,57,31
251,4,-8,2,21,-25
255,-0,9,32,-0,17
255,11,1,-47,100,-123
253,-1,5,-13,-50,51
251,-4,0,-44,114,-27
255,10,-6,6,-16,26
251,1,6,25,35,-11
258,7,7,48,-27,16
257,2,1,-30,-11,96
265,5,-0,-26,-35,59
255,3,-4,5,31,-9
259,5,5,-15,109,-24
251,2,2,47,55,59
257,5,3,70,18,-19
253,-2,-3,-58,27,51
246,-0,-1,-46,-94,5
263,8,-3,16,72,-102
249,1,-3,52,-28,-39
259,2,6,-20,61,-24
260,-1,1,-40,-28,60
259,-3,13,-15,-81,19
243,-0,5,21,61,7
253,-2,-0,65,-70,25
253,-2,-1,30,-109,21
255,-10,-1,-29,40,118
258,-2,6,-27,-94,-0
267,11,-4,7,-24,24
256,-8,9,-56,27,-21
258,-3,-0,-69,39,14
261,7,2,45,-55,-9
258,6,6,26,23,31
265,1,3,58,-19,-19
259,0,-4,36,6,-3
264,1,1,-18,20,20
255,9,-0,22,-0,68
255,1,6,-130,26,-70
251,2,-6,6,22,34
258,-1,-2,-13,49,22
253,-7,-13,-23,-74,21
262,-2,-5,-25,-38,48
249,7,-3,26,-15,-8
257,4,6,-17,20,31
266,0,-1,5,-15,-47
261,-2,6,-49,1,-29
252,-3,4,62,22,46
253,-8,2,-25,-11,38
258,4,-11,41,-5,-69
255,4,-3,-59,-82,-8
259,2,2,-24,17,6
254,-2,4,63,9,-38
264,1,-4,-15,-39,37
252,-9,-0,47,-55,-40
260,0,-2,-61,69,54
257,10,2,-71,-36,30
248,-1,4,19,15,-42
261,-2,2,-98,91,43
251,-1,1,-71,43,-14
254,-4,-4,52,-23,-38
253,2,1,-19,54,91
257,1,0,-58,-90,11
257,3,9,-68,29,-45
256,0,7,2,-26,60
251,5,4,69,72,15
251,5,3,103,-3,-10
256,-2,-3,-18,31,43
256,2,2,-37,19,-116
256,-2,2,26,-14,26
253,-3,-12,17,33,105
257,-3,3,-45,73,33
261,-3,2,45,-23,2
253,-0,7,40,-19,-75
253,0,3,21,-17,25
258,10,4,-6,0,-29
249,-11,-2,10,-21,-39
256,2,-0,-19,16,40
256,-12,6,59,25,-46
252,5,-6,-11,-47,-34
256,-3,-2,97,-40,-63
258,-4,5,62,-75,37
255,2,-4,-56,36,12
254,2,-8,-26,-37,22
255,-6,-1,-10,1,7
258,-5,-3,125,-31,111
250,4,-7,83,77,54
260,3,1,18,-2,52
270,6,-2,-47,-38,75
255,-0,5,-5,106,16
257,-1,-1,96,-38,-66
257,-3,9,19,-27,95
252,-5,-7,16,-98,1
257,1,4,-12,-9,-52
259,-2,2,12,48,53
257,-6,-2,-8,24,-55
259,1,-5,17,-2,44
256,-2,5,27,-67,7
245,1,4,14,40,-36
255,3,-9,-32,-44,-21
259,-3,-1,-65,-45,-0
250,4,-1,-3,39,9
250,2,1,-14,-70,-26
254,-6,2,-6,43,36
260,1,-1,35,30,-15
249,0,5,25,-19,18
262,2,-2,-2,80,-24
257,-4,-2,-54,-22,38
259,2,-1,-6,28,-2
259,-7,13,-69,7,41
254,3,-4,-10,-112,31
253,-3,-7,-53,-125,32
249,1,5,-75,49,-43
260,3,-4,1,-16,40
257,-9,7,-97,-40,-50
253,4,2,43,-77,-16
265,-1,5,-50,-47,-80
258,-4,-6,70,-37,17
258,-13,-11,27,24,66
254,-1,2,149,-19,38
260,5,-1,13,27,9
261,-3,5,45,-102,-30
257,-7,7,-72,-80,-59
256,4,-4,23,-36,35
254,1,2,84,-53,8
254,3,1,-39,50,12
255,-9,-5,31,61,3
255,-3,10,-25,-9,-46
256,2,-13,9,83,42
254,1,-5,-28,-93,-47
243,6,4,28,-27,-27
262,1,-2,-15,35,-42
255,8,-4,-114,60,6
252,-7,4,26,3,6
254,7,1,53,37,109
256,4,1,69,-30,-82
262,2,-4,28,-20,32
249,-0,-5,-89,-29,51
247,-3,-5,37,-18,-6
253,-2,5,65,-53,5
257,-7,1,-6,-69,-86
258,4,4,28,39,43
257,-4,1,21,-23,-3
257,2,2,25,-21,-78
254,3,-7,80,-37,-21
257,5,-3,-50,18,69
258,9,4,-81,61,66
264,-7,-0,-71,-21,28
267,-2,-5,-53,-7,-46
259,3,1,80,-31,-6
247,-5,5,-63,-57,-89
256,3,-3,22,7,85
254,3,4,19,-25,-34
259,-1,2,24,-15,101
255,-1,-10,-112,34,-32
258,-3,-0,-23,-5,46
259,-2,1,29,-26,-35
262,-16,5,-29,24,13
259,10,6,27,-49,-42
252,-1,-6,-44,21,102
253,-3,1,42,40,15
250,1,-6,20,28,-48
258,-0,10,80,41,-71
258,1,-1,-55,-25,-4
257,-7,-5,30,34,86
254,4,6,23,43,10
264,4,-6,-2,-9,34
255,-5,5,14,-2,11
255,-1,3,-142,-58,-30
252,2,6,-19,55,23
257,-5,4,56,-17,15
251,2,-1,61,100,-5
252,4,-1,17,-24,-53
255,-3,0,-45,38,-40
256,-2,3,-64,25,10
243,7,-2,-27,9,-62
264,-0,1,-7,39,19
258,3,-1,-85,33,58
255,9,-2,-48,25,48
262,7,4,-32,50,22
257,4,-0,-19,40,59
252,5,-2,51,34,28
258,1,-7,-6,-16,41
261,3,0,-17,20,59
246,-7,-7,22,-58,51
262,3,11,-22,-59,-63
258,2,5,-34,59,-105
254,7,-7,-30,10,4
265,-2,4,-55,11,-28
249,2,-3,-33,20,68
264,6,2,35,12,60
249,-1,-3,-55,-5,62
250,7,-3,62,58,-48
256,-8,-9,-2,-86,30
256,10,-8,20,-6,43
262,1,-9,47,42,72
257,4,1,-25,42,-33
261,3,2,-76,53,73
248,2,-3,42,42,28
254,3,-10,-49,-97,20
252,-8,2,37,21,-0
264,1,-0,18,26,15
251,1,-1,-37,-26,98
255,6,-5,-1,6,-118
253,-2,-2,0,80,61
259,-2,-6,65,-70,5
258,-4,-2,-64,-32,-67
257,7,1,-99,9,-42
253,7,-2,44,5,6
251,-3,13,-0,45,59
263,11,3,-25,15,21
252,5,-0,-4,-37,-60
263,0,2,-28,9,-20
249,3,8,-13,-30,47
257,7,-6,-23,-7,16
252,2,0,24,-99,-112
248,2,8,32,-55,60
260,2,-1,-3,92,96
258,-7,-8,-64,-61,-3
247,8,-1,-88,-40,-8
263,-2,-0,10,44,38
256,-7,5,102,-9,17
261,1,2,-17,-1,59
254,-6,-14,17,-52,71
257,3,-3,40,-44,-46
252,3,5,-26,23,28
259,-10,7,-3,9,55
255,-0,-0,-19,92,34
251,-6,9,-91,-73,-83
261,5,5,20,-42,66
258,-0,-4,-29,-68,53
264,8,-1,-138,-18,4
258,-7,-4,106,7,-18
258,3,1,-31,56,33
258,7,2,-96,-65,-58
257,-2,-3,29,-43,26
250,-6,-2,-20,11,-70
258,-1,-3,45,16,43
257,2,2,70,16,-36
249,-6,-0,-50,-83,-38
