8,-251,15,3,-5,-25
-30,-246,-4,-64,26,-80
37,-260,-4,10,-27,-72
15,-244,-40,7,68,31
17,-238,6,0,-36,45
33,-256,-29,53,139,0
6,-252,21,45,-69,87
12,-259,33,-44,82,16
20,-263,-31,-6,105,66
39,-240,3,-64,-24,55
6,-263,15,25,10,-56
40,-243,-18,-24,-17,54
34,-266,-2,-15,64,-18
38,-265,-10,-87,32,-39
26,-276,14,37,-8,-38
48,-253,-3,15,-2,63
22,-237,18,29,-29,64
71,-263,-12,-82,-48,-65
41,-263,-18,-0,-92,39
44,-241,29,-48,-22,82
97,-257,14,-52,-12,12
55,-262,12,47,36,-62
62,-256,-31,-41,55,-18
60,-263,16,49,-55,55
56,-256,1,32,108,34
90,-242,-7,-106,-6,139
82,-251,-12,-71,-35,38
35,-241,-8,-31,145,82
40,-243,13,52,1,-106
40,-257,7,14,-29,-51
29,-254,23,-3,-67,-51
59,-260,-9,-3,50,-77
19,-262,7,37,-82,-83
-1,-262,-24,-71,-68,-47
28,-255,-6,-30,11,11
29,-262,14,-55,-47,11
42,-260,10,13,-30,-31
48,-270,8,74,54,-9
64,-274,-1,-62,-44,26
41,-236,16,-5,-81,12
8,-259,19,-15,4,64
-7,-265,-12,-44,-72,0
0,-271,-0,-7,-13,27
11,-257,2,108,-56,-108
-16,-253,21,13,-52,53
21,-251,-2,-29,-41,86
56,-258,-6,-25,-53,54
-18,-234,10,12,8,-50
8,-256,2,1,84,18
-43,-243,9,-51,-85,23
-12,-254,-7,49,-19,27
1,-241,-19,-74,-12,-7
-4,-259,-3,21,27,-6
13,-264,-2,-33,33,41
19,-256,2,6,-41,139
-51,-278,3,19,-50,-27
-5,-257,-1,-18,42,-61
-38,-276,-9,-28,-98,51
-47,-279,11,12,65,15
-46,-262,-26,-43,-43,61
4,-256,-16,-53,-46,-47
-24,-264,36,28,-59,15
-50,-261,3,57,-1,-30
-21,-273,-27,54,-12,29
-31,-256,0,-18,63,24
-55,-242,-31,38,20,-80
-50,-246,-13,-95,38,36
-78,-258,37,8,32,28
-42,-264,19,54,18,-38
-30,-262,-19,-92,-31,-44
-78,-255,-8,-118,-91,-34
-54,-240,-40,21,19,52
-22,-262,-6,19,-58,69
-50,-254,26,68,76,-49
-63,-276,9,11,-95,43
-70,-260,-7,-48,-52,13
-15,-251,31,25,10,-46
-61,-269,4,-32,27,-42
-52,-238,44,90,45,-17
-22,-247,-5,18,2,-40
-26,-254,-3,-16,-11,102
-63,-241,-26,10,36,-16
-62,-231,2,-26,21,45
-48,-271,-29,4,19,-32
-78,-250,-35,-17,55,29
-1,-259,-33,-8,66,92
-11,-261,17,-19,1,-26
-14,-256,-33,27,-39,36
-44,-245,19,36,24,-11
-30,-268,18,1,40,-3
-57,-241,-12,-47,-0,32
-9,-257,-14,-71,82,-45
-39,-266,-32,9,2,43
-24,-249,5,14,77,-26
-46,-266,-1,-27,-25,-17
0,-251,-4,4,-9,-54
-8,-242,-2,78,20,-9
-7,-262,-2,22,-17,-9
-3,-249,11,78,-80,19
-3,-258,5,-15,-22,-7
-24,-269,-17,-42,-59,5
-16,-257,0,-43,18,-4
-5,-246,-25,54,-50,-53
18,-246,21,129,38,73
8,-256,-7,86,9,71
41,-264,-20,38,22,-34
69,-275,8,-43,33,-78
33,-263,10,14,-14,-8
15,-252,-6,-1,-8,35
39,-268,5,-130,-15,-63
25,-244,-20,-36,-16,53
63,-256,-21,39,-12,14
17,-243,26,-55,47,-35
56,-264,6,46,-14,-101
30,-271,54,-42,23,46
53,-247,-7,22,9,-33
60,-237,1,17,35,-43
44,-251,-39,39,51,-49
44,-248,-28,27,10,31
65,-256,12,-0,47,-16
46,-264,-6,-33,-25,-59
57,-243,14,49,0,-21
29,-250,-2,28,5,67
72,-271,-17,17,-42,-2
7,-251,5,48,66,-29
32,-264,-26,-23,92,-60
49,-261,40,26,-7,-42
43,-270,4,51,32,31
45,-245,3,-20,38,-64
44,-233,16,22,21,44
32,-262,6,13,-38,4
12,-233,-38,-5,11,18
54,-260,9,-34,37,23
61,-258,14,34,-9,6
57,-258,-15,19,-100,-51
19,-265,13,17,-5,-35
52,-253,-28,19,-5,59
9,-257,-45,20,17,-179
19,-274,13,-38,47,40
36,-253,-15,31,87,77
33,-266,-27,99,20,-11
46,-240,-3,-42,-20,17
9,-250,4,-53,-28,12
4,-231,-59,-29,-89,-80
20,-238,-22,-50,30,54
11,-244,-10,69,47,37
-0,-241,-26,-25,-33,-48
13,-238,7,-5,14,31
-18,-260,-0,-91,-9,-90
27,-274,13,23,-87,37
5,-266,-3,13,-75,-105
-2,-257,27,-20,32,-41
-2,-261,30,39,-26,26
-27,-248,-5,66,-55,-11
10,-246,-33,22,-56,-5
-50,-255,-15,-12,-1,-42
12,-247,-35,-56,-2,73
-19,-247,-40,-11,-3,-80
-24,-262,11,-55,-117,59
1,-257,5,7,-35,20
-19,-254,-13,-10,-29,-93
-24,-248,38,-118,-41,66
-35,-256,18,58,-76,-70
27,-259,-22,45,-88,-80
-60,-250,21,-99,11,59
-61,-274,20,-26,46,19
-8,-249,2,27,16,75
-55,-265,24,45,-116,10
-39,-265,-6,13,-31,-49
-48,-260,-26,-2,-30,-18
-40,-248,-39,-44,44,28
9,-251,-6,-2,-38,53
-51,-266,-25,-51,-6,10
-52,-256,37,-78,14,-1
-74,-248,1,-73,7,-32
-69,-258,1,-103,-57,-40
-56,-253,-53,-28,41,-62
-66,-256,16,7,-3,-38
-52,-254,-10,8,12,36
-57,-255,-26,2,24,44
-57,-266,-17,-9,-40,-36
-52,-247,-39,12,33,9
-75,-254,-17,-16,-71,-54
-18,-254,28,-32,-11,-65
-23,-266,-10,-35,-16,11
-38,-265,6,-23,58,-37
-44,-254,-14,-8,-92,-36
-55,-251,-8,88,23,8
-67,-252,26,18,-13,36
-26,-260,-24,2,25,72
-8,-267,15,-27,32,48
-37,-253,8,-30,73,43
-58,-250,-30,-109,32,52
-27,-264,-11,-3,-51,-38
-22,-261,-23,47,-73,-35
-11,-260,26,-25,-46,52
-26,-237,16,72,0,71
-18,-260,18,62,39,40
-5,-256,21,38,12,-26
29,-255,-3,2,17,64
-5,-266,5,10,-41,-30
11,-242,-2,41,-11,-69
13,-270,-1,-18,-83,19
-8,-252,-32,34,-115,-69
-21,-267,3,23,-20,-67
-19,-250,-1,35,-16,-76
19,-243,-18,17,158,-29
45,-252,-8,-60,52,27
19,-248,4,3,41,30
43,-258,23,-98,-79,27
23,-265,-3,24,11,47
33,-261,41,6,-67,10
65,-248,-11,35,28,48
70,-259,-11,64,-56,46
48,-255,11,-94,-113,1
102,-258,32,-27,81,-56
42,-262,-9,-27,-11,-10
33,-241,-11,-59,-98,45
80,-244,26,5,-34,-4
2,-265,11,-58,-163,-15
73,-246,-6,-31,-20,-55
9,-249,7,-29,-14,43
46,-287,6,-55,-39,25
16,-274,6,-16,18,39
31,-249,3,37,-28,23
31,-273,1,-63,-28,12
14,-257,-0,28,9,-9
45,-257,6,-72,100,50
93,-250,5,-88,37,17
20,-261,5,-16,-24,-21
54,-249,-8,78,-10,101
43,-256,-24,51,-11,103
42,-246,-14,-6,-3,-144
13,-259,-2,81,13,84
43,-250,-9,-100,-78,49
39,-242,22,-28,-15,-45
39,-262,-9,6,45,37
29,-250,10,42,20,-18
14,-258,25,72,-25,-33
70,-260,-3,-54,16,-42
11,-256,15,15,-58,-7
31,-269,-20,56,-64,92
44,-257,-11,0,104,-32
14,-236,41,-11,11,2
64,-255,-3,-55,21,-10
-11,-247,-11,47,67,-47
7,-243,25,-20,-110,-27
30,-259,11,41,-90,-95
-2,-265,-3,-6,18,20
43,-263,3,-67,53,-30
-12,-260,11,19,31,71
28,-243,22,-15,-3,62
-22,-262,27,-23,-43,-14
19,-267,30,-74,-1,-40
2,-262,80,128,84,-49
-10,-252,8,-75,-75,-85
-17,-227,32,-36,78,20
-27,-256,25,86,-28,68
-11,-264,-9,-73,7,18
-34,-242,5,-3,1,40
-14,-247,8,36,-31,-7
-46,-244,12,-8,44,20
-27,-245,12,1,90,3
-14,-262,-1,40,15,-60
-18,-253,-5,-42,28,-18
-41,-251,-13,-59,-12,1
-51,-265,-27,7,-83,-88
-71,-256,-37,18,20,30
-18,-250,1,-22,-70,-0
-30,-253,-7,-24,-25,143
-45,-262,-10,55,-41,121
-43,-252,-19,9,101,28
-39,-260,-7,18,70,-45
-55,-251,-14,-49,-24,-21
-59,-250,-4,-8,9,-68
-19,-256,20,-9,48,85
-54,-241,20,16,21,31
-47,-257,3,36,7,20
-36,-258,-1,-52,-15,-10
-30,-269,-37,-48,38,21
-41,-245,-1,26,-11,-9
-58,-240,-39,-10,16,-40
-46,-262,-27,-13,9,25
-42,-253,27,77,42,6
-49,-276,9,44,47,6
-47,-247,-7,48,80,9
-40,-260,2,-19,-61,34
6,-260,-1,-3,-65,24
-64,-261,-2,-83,-10,-93
-40,-252,11,-96,2,81
3,-243,10,-106,-77,3
-29,-255,9,9,-4,-70
3,-258,10,-26,-5,-17
-33,-251,-13,-27,-23,25
8,-261,-13,-46,-0,31
-7,-280,-1,-96,37,30
-33,-255,8,-46,-73,13
-15,-250,11,-16,82,84
19,-255,4,58,-35,-0
-4,-254,-17,160,6,44
-14,-243,6,-87,-0,44
29,-257,-12,67,37,16
4,-257,-3,-63,0,46
4,-282,-4,22,-17,108
-12,-247,-28,-76,14,-68
9,-259,6,30,-65,-7
16,-265,7,9,-107,34
13,-262,-18,29,-28,-69
-3,-255,48,6,95,-54
33,-251,4,68,-35,-6
36,-258,8,-17,-45,22
28,-257,14,23,-58,-9
2,-259,5,78,-39,-122
30,-254,-3,28,34,-25
46,-257,-4,-94,15,-53
73,-260,-6,-3,-6,-46
22,-262,-13,1,39,-64
22,-252,26,-5,11,-56
2,-263,-35,-67,-25,29
33,-259,16,-26,-17,-16
84,-245,-33,-23,34,-26
69,-257,-4,42,80,-8
52,-241,7,36,19,122
27,-261,-4,11,45,-12
84,-242,-8,106,-22,0
57,-253,-40,37,5,-105
80,-253,3,85,-22,-43
43,-247,-7,-52,-54,34
47,-255,-7,-76,29,36
65,-263,28,-22,40,-18
58,-253,33,-98,49,61
19,-250,-19,-9,-34,-29
70,-239,-16,-20,75,30
38,-260,-7,-77,-39,-61
35,-268,37,33,-61,-13
41,-262,-18,63,25,-34
82,-268,-41,26,47,-46
61,-266,2,62,101,-37
74,-257,-12,-3,79,22
13,-277,7,-30,-26,111
54,-266,-16,-72,8,40
15,-261,-22,-67,-34,-13
38,-251,15,-45,37,-2
12,-272,37,-102,-46,-11
40,-255,-4,13,23,58
12,-261,5,1,-31,50
41,-251,-20,40,-84,10
2,-264,31,-39,45,-20
18,-245,-3,-30,16,-64
30,-257,-2,46,-17,-65
35,-271,-3,84,-5,32
-15,-282,8,-23,99,39
-11,-256,13,-35,-11,40
-56,-264,-11,14,135,-36
-20,-254,28,-55,4,-83
18,-251,-19,-112,29,-17
-12,-268,-13,-1,-1,-2
2,-244,25,-14,4,69
-7,-264,-8,29,17,-68
-21,-245,-12,-51,-69,-65
-64,-257,29,62,-74,-116
-35,-265,17,-70,-14,86
-10,-254,31,33,-28,41
-49,-253,-38,118,13,19
-48,-263,27,-25,-14,1
-32,-262,55,83,14,-111
-54,-259,-8,-30,4,25
-43,-248,30,121,38,-8
-55,-256,-11,-41,19,22
-64,-264,57,-34,22,65
-17,-265,-4,-25,-37,71
-76,-252,15,40,8,-10
-35,-251,-10,-85,20,8
-65,-263,8,11,19,43
-51,-260,24,-14,33,-24
-34,-254,9,36,31,-22
-30,-257,-7,72,-46,39
-65,-275,14,38,71,27
-78,-258,6,-92,-2,30
-39,-273,5,-33,14,46
-30,-249,-48,12,56,-17
-50,-255,17,14,-61,10
-55,-272,9,19,-17,-35
-33,-255,-15,-59,-36,67
-20,-257,11,-45,-14,-25
-62,-263,-26,38,-2,-34
-43,-244,-14,-18,15,-27
-59,-267,4,-37,-33,-10
-66,-248,3,-4,4,-13
-27,-256,6,11,-29,-90
-3,-269,-7,-135,-51,58
-73,-267,3,-113,-48,68
-15,-256,-17,65,-17,21
6,-278,-22,57,31,-97
-19,-257,-25,96,-72,-76
4,-264,-23,13,51,-121
-10,-252,16,50,-56,-106
1,-235,-4,-73,35,-16
-17,-269,-17,-44,-48,76
-24,-271,-19,25,-95,21
-9,-265,-16,40,11,-17
-40,-248,-25,-24,-8,57
-1,-249,-0,-23,-14,36
23,-255,-12,-17,48,64
-10,-243,-47,18,25,-24
15,-258,-13,32,7,8
12,-266,-4,-37,18,-29
33,-263,-14,-21,83,-78
39,-258,-30,42,-54,69
18,-243,-48,-8,5,79
37,-241,-10,-31,14,-28
48,-246,19,26,43,54
45,-247,4,-0,112,38
17,-248,16,-30,-18,-112
67,-272,-9,-72,48,12
8,-268,-7,14,-44,3
25,-250,-2,57,-24,-33
31,-252,25,35,78,-26
79,-264,-8,13,75,-43
64,-245,-40,-10,-58,39
49,-265,7,-25,12,-24
48,-250,38,-51,-14,139
73,-266,9,-18,-14,47
43,-256,1,-10,-50,79
89,-283,4,-32,-71,-63
46,-265,-6,-19,-9,13
55,-252,30,-30,-119,-1
57,-264,-29,58,-25,20
-8,-252,-33,-38,-53,4
-2,-266,16,-112,68,-33
49,-256,-11,63,-16,-35
58,-267,13,-44,-53,-41
36,-273,20,9,2,46
53,-259,-5,8,-31,-83
29,-262,-4,61,-12,47
12,-245,11,-20,-30,-6
47,-260,7,23,21,48
47,-260,4,2,-15,61
51,-262,-0,52,6,-137
33,-258,33,-78,47,-77
51,-257,-15,21,-117,-53
58,-255,-5,-128,-33,69
23,-275,18,18,114,9
50,-266,12,-47,-40,13
21,-258,15,-29,-72,-60
32,-265,16,38,68,-25
12,-273,22,-90,-64,33
-12,-260,-19,153,-12,1
49,-255,16,-2,24,20
-6,-265,3,5,16,-18
17,-256,-17,-80,74,64
-12,-250,-46,14,-24,-51
-1,-271,-33,68,-17,49
1,-245,-14,102,5,-4
-6,-237,-4,38,8,63
-37,-261,-3,2,54,32
-9,-256,-14,8,-96,35
-23,-253,-14,-10,84,26
-50,-256,13,23,-34,29
-59,-233,19,17,-35,-40
-49,-265,26,-92,-67,-28
-9,-245,-26,25,12,-39
-53,-280,21,-35,16,-32
-45,-242,-12,-7,56,6
-33,-259,3,-38,-0,42
-22,-259,-2,-18,-49,57
-49,-246,21,59,-18,71
-63,-250,22,-3,9,-55
-51,-270,11,21,-40,-6
-70,-252,-6,-63,36,31
-42,-259,23,-77,50,-10
-75,-253,18,32,-76,59
-31,-241,-1,22,-58,11
-78,-253,-5,-18,-33,63
-15,-263,17,35,23,53
-55,-255,-10,-14,11,-25
-62,-258,21,25,-31,85
-67,-264,-26,50,19,6
-55,-243,27,27,-11,31
-54,-255,30,-34,-10,-72
-4,-259,7,37,4,6
-44,-264,-3,-30,43,-52
-38,-258,-8,-38,12,114
-6,-272,5,-12,-62,-128
-70,-244,16,-23,-9,-65
-25,-247,-20,-28,-75,-44
-52,-241,0,12,70,-33
-28,-244,14,-41,-120,24
-39,-262,9,12,-16,-57
-19,-255,-3,83,-40,6
-45,-281,14,65,43,-77
-19,-264,22,31,42,-52
-24,-259,28,-39,-1,95
6,-250,10,-29,7,-104
-58,-236,26,85,-35,-13
6,-253,37,-67,-20,13
-27,-261,-13,-0,22,-60
-30,-267,12,59,6,-4
9,-250,-20,-22,-78,-2
-10,-265,4,-59,1,43
-7,-254,-11,26,-114,29
7,-266,-30,-14,38,-5
36,-250,6,3,-46,102
4,-262,-2,-53,42,63
4,-259,-4,29,0,16
-26,-268,19,22,-81,3
-19,-259,-14,-17,-15,-3
-14,-251,-1,-29,-25,-75
12,-258,9,8,-29,24
-8,-257,-2,-84,56,-65
41,-249,-51,3,-23,-53
17,-251,-10,-75,-70,-75
56,-271,10,-79,-16,-66
21,-265,18,29,-26,-12
38,-246,39,67,-10,-22
16,-258,29,20,-9,46
-1,-245,6,-17,44,-15
10,-253,-23,-38,-12,-11
64,-261,-24,2,63,5
47,-282,-8,-78,76,-27
89,-245,0,-19,-34,38
42,-241,2,10,89,58
31,-256,12,68,69,-45
25,-259,2,8,-24,-13
52,-273,-12,-70,-30,93
57,-263,-30,-32,-24,-20
64,-253,30,-6,57,-109
62,-246,15,-17,24,-28
42,-251,-50,26,-19,43
45,-252,-9,33,23,-74
59,-267,-34,2,-70,73
32,-250,-21,-89,21,36
32,-271,-8,-147,32,-22
24,-262,17,14,-85,-47
55,-245,-1,87,63,47
49,-253,-8,15,109,-18
60,-257,-23,45,59,32
34,-270,5,23,19,-9
36,-256,8,36,-30,52
49,-245,-30,-20,-33,80
24,-253,-38,21,159,87
47,-237,-8,-68,66,49
20,-241,18,-52,-52,-45
18,-270,4,12,-23,-1
11,-247,-5,-23,87,-23
32,-255,40,-7,-5,7
-16,-259,-13,6,-56,91
11,-269,-28,-2,-59,33
10,-254,-4,-9,61,31
22,-242,-9,12,-38,24
-33,-263,-14,61,-5,-24
54,-239,-2,12,14,-27
-6,-243,3,47,21,-46
-13,-258,19,80,-50,6
-8,-260,12,-8,45,-50
-40,-259,-7,12,7,-69
29,-262,-28,10,1,13
-21,-253,1,-40,-4,13
-27,-244,-8,16,-2,-59
-46,-258,-24,-45,-9,-15
-11,-262,-11,-67,2,-38
-20,-236,1,-70,-67,26
-5,-260,26,28,-16,-57
-38,-255,2,28,8,41
-78,-266,12,46,-26,-61
-28,-254,-59,-2,-20,-97
-50,-242,-15,26,-14,-9
-37,-240,-26,-23,49,-39
-66,-267,18,-67,40,47
-59,-251,-44,-105,28,-40
-41,-259,-11,40,-16,88
-54,-258,-10,-59,-12,-1
-64,-243,-18,44,4,25
-47,-258,6,-67,16,26
-52,-241,-9,-27,26,65
-75,-239,36,81,-27,-76
-79,-244,-21,-26,-15,-42
-30,-266,20,40,41,13
-72,-256,-8,34,28,38
-44,-253,-14,-1,25,45
-71,-259,-31,-61,-60,-28
-14,-254,5,19,35,9
-52,-274,-13,56,10,15
-31,-253,11,-57,-33,-30
-32,-260,-6,40,65,-18
-11,-239,34,-53,-44,62
-77,-270,24,2,59,16
-38,-272,-18,16,-28,-17
-45,-244,-6,-37,32,47
-49,-270,-3,-137,35,-59
-41,-254,-21,20,20,-25
-47,-265,-11,17,-60,42
-28,-257,5,0,-23,83
-33,-260,-13,49,0,30
18,-255,5,66,-34,4
-29,-252,14,2,97,-31
3,-253,29,-31,49,-2
-14,-270,2,63,54,56
26,-251,38,-93,45,45
14,-257,-15,6,-59,43
10,-238,14,-29,37,30
33,-265,-34,-23,25,141
-32,-262,-16,-67,-38,14
-6,-249,4,-70,24,73
-21,-267,9,61,41,-51
-6,-262,-32,-42,-49,-69
18,-264,-25,16,-76,-2
14,-242,-5,-35,106,104
23,-264,17,-3,-5,-66
-2,-258,-9,-3,6,19
45,-246,24,-2,-61,16
30,-270,-7,41,13,19
4,-275,19,-47,63,-24
45,-277,-10,60,-56,-117
45,-258,-36,21,-45,87
20,-264,4,43,47,6
54,-250,-14,-96,39,-22
79,-263,27,24,116,10
33,-284,9,101,7,70
48,-258,15,11,-56,-63
93,-268,-16,-45,-69,85
69,-260,3,102,-61,7
63,-261,16,-10,-88,39
11,-262,-33,27,23,86
35,-253,-21,51,-57,-14
37,-247,8,2,-17,29
17,-251,19,-69,29,10
80,-254,18,41,-46,-29
67,-238,26,-23,-65,9
57,-245,25,7,29,11
89,-255,-3,-38,34,-23
43,-255,-40,-93,66,-23
47,-256,13,33,-2,-27
71,-247,29,78,69,-51
63,-274,-17,2,14,49
78,-245,-10,-50,24,14
33,-249,32,-22,18,5
31,-242,21,-68,4,73
69,-249,13,-15,13,-23
61,-247,-8,-79,-12,-89
17,-258,16,51,82,26
12,-255,4,65,19,-155
16,-265,-7,-50,-22,-4
41,-255,32,14,7,-89
31,-242,25,45,-19,8
12,-256,-2,-14,-26,49
7,-262,4,27,-1,-10
-0,-256,-2,-34,-17,2
24,-255,-11,34,-4,41
-11,-249,-6,-18,-41,-9
24,-266,-47,-14,59,-34
-17,-276,-6,-150,4,40
13,-249,-31,48,-56,-10
-39,-274,9,-35,-21,33
25,-265,6,-35,66,3
-29,-233,11,-184,55,22
-13,-251,18,-69,-2,3
-21,-259,16,-10,31,-18
-19,-260,21,14,-45,-11
-53,-246,-7,87,7,-68
-20,-253,24,55,-44,-32
-40,-255,24,20,-41,38
-61,-254,-15,-71,57,-22
-12,-252,4,65,-19,64
-16,-255,3,-9,-26,40
-42,-243,-24,42,-29,-25
-88,-258,-6,40,-39,-0
-44,-268,26,6,-11,9
-17,-258,32,62,-140,-30
-44,-249,-6,92,-42,-75
-9,-265,10,15,-26,-48
-78,-251,24,-35,24,-10
-35,-261,17,13,-9,18
-38,-239,-10,79,6,-32
-61,-246,-8,49,53,44
-42,-263,-3,60,48,-17
-33,-254,0,68,-76,-1
-42,-258,23,-1,-34,62
-51,-261,-37,92,39,-51
-22,-242,-13,-28,28,19
-95,-260,-56,55,-20,-9
-36,-251,-18,84,82,-32
-56,-233,-31,149,27,11
-31,-256,-2,6,8,27
-42,-267,-0,70,-19,48
-49,-254,1,53,31,-141
-52,-266,15,73,-39,38
-16,-248,-23,-65,37,59
-19,-254,23,-73,-53,31
-74,-243,23,2,-4,-75
-79,-258,-3,-73,48,35
-41,-267,-41,-72,-16,-54
-13,-244,12,-17,4,-27
-16,-246,13,-46,10,39
-31,-266,9,-21,37,7
-24,-252,-25,-1,20,-16
4,-247,-23,-11,-12,-20
-26,-269,32,-1,-11,0
15,-247,-20,-51,56,60
8,-247,-5,-9,-15,20
16,-246,24,-54,17,104
21,-263,18,-9,-30,87
27,-258,-8,-28,-77,-47
51,-271,10,104,-1,-22
10,-249,-6,42,-62,11
-29,-235,-4,4,-25,-57
18,-243,7,10,90,-36
2,-250,-42,49,10,5
13,-259,26,41,-72,-5
46,-264,4,34,-19,-6
65,-252,-11,50,6,-59
64,-259,-11,92,35,-28
59,-239,23,10,-2,13
58,-256,23,-37,31,47
40,-261,14,50,-28,39
36,-252,2,90,48,-149
56,-239,2,43,-27,2
49,-269,-29,71,-56,-53
37,-262,-4,-61,101,-8
81,-253,3,-30,-19,-38
43,-248,5,9,-2,12
22,-262,1,-56,24,-23
53,-253,10,18,67,30
34,-258,-29,-17,20,21
66,-262,11,-57,25,4
28,-249,-12,-29,-18,30
62,-251,-26,-50,-48,31
38,-255,-18,-8,29,18
50,-265,-24,-33,-2,19
66,-235,9,-85,-5,-48
29,-269,-42,-32,-38,8
50,-243,-54,-0,-19,-80
48,-281,-17,58,-49,102
10,-257,-7,-69,-119,-84
37,-248,51,-53,-73,25
56,-273,-15,66,19,10
25,-251,9,62,80,-58
-15,-257,-2,-18,73,7
31,-262,3,-27,28,8
33,-273,20,-79,-38,10
1,-245,14,64,23,6
12,-248,-25,-41,-61,17
26,-245,14,38,-61,34
5,-246,27,-50,28,5
19,-252,-40,-16,-41,-49
-2,-257,-11,-81,-46,57
52,-248,37,2,2,13
-11,-240,3,-78,-81,0
38,-251,-3,41,-44,-57
7,-257,-24,60,2,-24
5,-242,-3,-11,46,-19
11,-260,-3,-10,33,97
-8,-278,1,64,32,24
-40,-248,-5,-15,31,-38
20,-248,2,-48,87,-57
3,-249,6,-3,57,53
3,-255,-0,-2,30,42
3,-277,-5,-6,-89,-21
-21,-234,-3,21,-66,-59
-29,-239,45,25,-10,-15
21,-269,-38,-37,96,25
-55,-234,10,-15,25,-81
-37,-263,31,-9,23,-43
-44,-254,56,-12,24,-2
-46,-258,-5,5,-36,-4
-62,-271,-6,79,61,28
-58,-245,8,48,24,-1
-42,-246,14,88,-44,-25
-40,-259,-1,11,19,84
-39,-257,16,18,-35,-16
-65,-261,4,-46,30,12
-40,-235,-7,-5,-20,62
-47,-246,-17,-56,-28,33
-53,-258,9,42,-106,-14
-67,-267,16,-24,0,20
-27,-255,13,4,-28,37
-56,-245,-8,23,-13,-30
-31,-261,9,-51,-20,-49
-45,-261,-10,30,1,65
-47,-253,5,44,8,13
-29,-248,-19,-32,62,36
-9,-248,-11,-86,-32,-130
-29,-259,1,-24,-27,26
-21,-254,-36,-6,-72,53
-43,-276,22,-15,-20,3
-46,-257,-12,42,14,6
-77,-237,-11,49,25,97
-8,-252,9,35,96,-0
-55,-255,-4,-24,43,37
-12,-260,9,-31,-63,-10
-2,-241,-12,69,65,-100
-44,-252,2,-67,-51,-16
-17,-269,-3,-18,5,-71
-15,-268,-15,29,-76,-32
-18,-234,-43,-36,-40,-91
-10,-240,8,-27,-47,-180
-18,-242,5,-29,-60,-77
51,-262,-2,-12,-56,51
-0,-247,-4,-45,4,31
-12,-262,3,-68,-5,51
7,-244,-5,-29,-11,-43
-7,-247,30,32,104,-61
9,-261,-2,-9,-24,27
-4,-245,9,-68,-20,30
-7,-268,16,37,-49,38
10,-255,7,33,-29,60
21,-260,7,-44,-20,14
38,-261,18,94,10,-118
-7,-261,-59,-5,-6,68
39,-245,-7,-21,66,-19
22,-266,2,20,42,-72
13,-256,16,8,-41,57
69,-255,-8,30,10,-26
33,-259,11,-9,-89,109
41,-250,23,34,153,-11
53,-273,23,-4,-87,-70
48,-268,14,14,27,20
86,-248,7,-20,91,14
49,-265,52,-26,-72,33
36,-265,30,-69,-25,8
71,-261,-17,27,63,-2
67,-253,-1,27,-28,-14
73,-247,-36,-36,-76,-52
39,-251,-10,18,-44,-62
46,-236,-20,65,-50,-15
26,-264,11,30,-10,50
30,-267,1,121,56,-57
34,-260,8,-10,-8,0
37,-262,4,-24,-9,-87
82,-262,-4,93,38,50
52,-246,-56,27,-19,57
36,-249,30,44,-44,35
36,-257,-21,-19,28,53
35,-258,19,70,-6,-6
34,-253,28,-64,-65,-22
77,-243,10,4,1,-26
24,-249,-19,1,-41,68
72,-273,2,35,13,-37
34,-270,5,11,58,2
17,-257,-22,35,-4,1
50,-268,-67,-7,21,3
-6,-259,-36,0,-64,-35
4,-252,15,71,-19,-5
39,-266,-9,22,41,99
31,-253,10,-69,3,-6
19,-267,12,7,20,-1
40,-249,6,14,144,-85
29,-250,-24,-33,-31,49
18,-248,-3,-28,-8,52
-3,-241,40,37,56,45
-0,-260,20,-7,93,-35
-13,-231,-24,-76,-67,11
-30,-242,1,62,-54,14
-22,-266,-24,55,-69,65
-15,-248,-19,2,-50,92
-54,-244,-29,-16,-47,37
-50,-240,-20,-2,8,-2
-16,-249,2,-51,67,-113
-4,-246,-8,-57,-42,85
-5,-252,22,26,39,102
-21,-281,-1,144,-7,99
1,-257,54,-25,47,13
-48,-231,49,-32,-59,-9
-30,-258,16,58,4,80
-7,-268,32,-5,44,56
-34,-274,15,8,46,50
-91,-246,35,33,14,11
-58,-272,-9,119,78,29
-66,-239,-4,-72,-47,52
-34,-264,-17,43,-49,-32
-53,-249,6,-0,7,21
-48,-262,-5,2,-22,65
-57,-259,9,-85,69,-17
-57,-274,32,-101,-34,29
-66,-258,32,34,-11,16
-40,-247,13,-56,-123,-7
-46,-255,-18,82,-14,-45
-55,-232,-28,35,19,-6
-12,-242,-11,-32,94,-96
-76,-263,10,-25,-37,-38
-42,-248,-8,55,36,-42
-60,-233,-18,-48,72,-40
-37,-254,-1,-60,9,-24
-36,-260,14,-84,42,81
-14,-257,-41,-14,-56,17
-46,-267,-6,66,77,-25
-14,-266,24,19,64,27
-73,-264,15,31,24,-38
-25,-259,1,-8,-12,76
-44,-254,-9,7,-113,55
-47,-263,-1,-20,-11,8
-30,-246,-18,31,-51,10
-33,-247,7,-22,29,35
-30,-262,-8,-45,50,25
-30,-232,5,-54,21,1
-4,-246,-17,-70,-11,87
-8,-259,-36,31,-63,-42
-5,-252,18,-3,82,19
-5,-248,-15,-81,-60,28
12,-257,6,-57,-82,-50
2,-250,30,12,42,31
10,-259,-35,83,-88,7
-5,-256,-25,-1,15,19
13,-250,15,-20,-53,20
1,-268,-17,112,-29,66
23,-252,10,-52,88,12
9,-257,-14,-52,47,-62
8,-253,4,28,-6,50
-5,-266,2,69,25,56
6,-241,-19,-50,-0,77
29,-252,13,-14,69,90
38,-259,42,45,5,-3
-1,-246,-5,-82,42,-26
48,-253,15,68,-22,-83
31,-253,9,-36,-16,51
68,-253,4,39,-91,34
44,-246,-2,77,-87,-14
63,-283,3,-52,85,65
40,-262,-21,12,37,-73
45,-255,4,-46,25,34
24,-251,7,-64,-51,39
62,-251,-22,36,-1,-20
40,-254,19,-76,-13,8
42,-244,7,-41,33,-17
35,-243,16,-36,-95,10
46,-268,16,10,-66,-8
57,-238,8,27,19,-69
33,-268,-3,-97,23,12
67,-283,7,60,-73,-8
82,-262,-10,-78,-14,-55
37,-265,1,-58,-58,4
88,-246,19,25,-73,-83
25,-259,18,-9,-15,-78
69,-259,-13,-26,27,-61
21,-245,-2,93,-68,107
11,-253,-8,4,16,34
29,-245,-8,91,-80,-96
10,-269,12,1,-70,15
55,-241,-3,5,-29,19
43,-256,-1,-32,-35,-38
45,-272,23,22,-55,28
47,-246,2,-34,44,-104
28,-255,9,49,43,29
3,-238,19,-92,46,-68
36,-250,45,4,60,-10
2,-268,14,-72,-46,-11
-4,-241,12,-21,-52,96
45,-253,15,-16,-20,34
17,-252,14,-17,-59,-2
22,-243,-14,-12,67,-23
31,-261,23,24,55,18
-26,-255,-23,-47,-25,50
12,-238,9,74,45,-76
-35,-265,-4,-2,19,-99
-66,-243,2,40,-49,-14
-42,-254,25,60,9,63
0,-237,-16,-49,48,-96
-9,-253,2,-62,73,38
-34,-259,-2,24,-13,54
1,-244,22,-4,42,-44
-35,-231,-31,-10,2,-11
-54,-249,-18,50,-10,-0
-29,-252,32,60,-30,11
-36,-254,27,30,3,-78
-51,-259,24,71,-3,-20
-11,-265,-8,9,-106,122
-73,-240,-10,-9,71,-69
-34,-255,2,7,-29,46
-27,-250,-32,32,-72,-91
-80,-264,-18,99,26,-1
-37,-253,2,67,40,-38
-63,-263,22,198,18,-49
-56,-236,-6,72,-30,12
-61,-279,-15,13,79,-19
-78,-246,23,56,-75,32
-59,-254,21,-15,-47,3
-62,-270,31,-13,51,10
-52,-245,14,16,-25,18
-30,-252,13,56,28,90
-43,-254,10,-20,-1,15
-48,-270,4,16,8,80
-62,-271,21,0,26,-54
-20,-242,-22,26,-27,35
-17,-268,0,55,-22,45
-25,-245,-11,-1,-12,-44
-20,-260,-64,100,42,-7
-27,-254,-8,-25,14,-102
-31,-265,21,44,1,15
-82,-263,-1,-14,22,16
-24,-255,1,-3,3,53
-16,-258,-17,28,-83,48
-75,-251,-14,13,10,-16
-20,-274,-26,-27,-22,48
4,-263,-23,52,-14,23
-33,-248,-0,-41,40,-68
22,-255,4,-1,-52,-8
-9,-235,-1,36,-51,-16
-26,-248,-14,44,-7,6
-33,-258,36,85,-59,-5
20,-241,-3,-18,-77,49
24,-244,-26,-14,2,59
4,-248,-34,-4,-76,93
22,-268,-20,-45,-69,39
-5,-243,17,-35,-61,-32
37,-252,-42,-7,145,6
15,-243,11,34,-90,0
17,-254,-9,13,-57,-2
45,-235,-39,105,90,-23
41,-256,51,-60,-39,-43
42,-262,29,-21,-27,7
-1,-256,-25,-8,7,86
22,-253,15,-35,-20,35
46,-258,-17,-28,-12,14
61,-263,-11,-28,76,1
17,-259,-3,-55,24,-26
25,-245,10,46,-46,18
45,-251,-22,16,-27,-19
3,-247,-35,10,-34,-66
48,-265,40,-8,-20,-11
53,-242,-10,98,-20,30
28,-252,-8,90,-61,94
35,-265,-22,-18,13,32
78,-247,-2,-70,-1,-32
27,-268,-14,79,28,4
53,-260,4,-93,99,11
75,-255,18,33,-45,-28
55,-253,-7,-43,74,3
109,-257,9,-73,-95,-40
32,-249,-10,24,-16,57
65,-252,18,-51,-27,-17
37,-253,3,4,-141,45
32,-252,19,-50,15,-59
61,-265,-30,3,-81,-44
31,-237,-3,16,-83,6
19,-262,29,87,-73,33
31,-257,-4,7,14,62
62,-257,20,35,-37,-33
32,-250,-5,-37,73,-5
52,-245,-25,22,-8,2
47,-246,0,26,-10,-108
43,-252,-16,117,-28,-19
60,-249,8,-56,-37,-78
30,-264,-25,-36,25,16
48,-256,-1,117,12,-38
24,-250,-11,73,-29,-3
13,-245,-7,21,-9,-56
12,-251,5,-56,41,61
19,-256,14,-10,29,-91
-32,-267,-17,-27,-71,58
-6,-250,4,1,2,-45
32,-252,-8,3,-35,55
5,-247,-35,93,-61,-105
5,-244,-27,84,-72,14
-19,-261,8,-5,-39,-48
6,-255,-12,29,-13,4
23,-237,-6,-45,-31,3
-16,-251,-20,74,-5,40
5,-260,7,73,2,1
-43,-268,0,79,35,20
7,-279,-22,0,59,-72
-23,-269,8,54,13,-54
-27,-267,3,7,11,-53
-36,-263,-5,50,26,-28
-20,-237,29,65,113,-34
-69,-244,-27,-4,-8,-89
-27,-263,-4,24,-43,21
-44,-252,-23,-18,-68,-7
-73,-249,15,78,60,58
-42,-271,24,14,-25,-85
-62,-246,-3,18,45,78
-53,-269,33,-73,-31,-90
-49,-243,34,-40,23,17
-51,-262,-5,12,48,-8
-57,-261,-10,-22,-91,-13
-24,-240,-10,-48,81,63
-51,-252,-27,-13,-12,-24
-23,-261,-8,112,26,-11
-64,-247,1,55,-10,-35
-25,-266,-11,-35,-69,-13
-57,-245,21,-58,-143,17
-55,-251,-11,-8,52,-27
-60,-253,12,33,32,56
-65,-263,12,126,-3,-39
-19,-263,-18,18,65,-54
-28,-243,37,54,76,29
-71,-235,36,0,19,110
-9,-245,12,-8,-57,-45
-25,-268,-25,-66,9,60
-64,-260,38,-31,18,-10
-5,-280,12,-32,-58,-81
-19,-258,0,-44,-50,100
-32,-242,16,35,-7,-16
-30,-256,-1,12,-0,51
-33,-256,-13,-27,78,41
-29,-249,31,-19,38,-37
-5,-248,-23,34,-25,-40
-3,-272,-4,-29,-47,27
-1,-262,0,-8,94,-64
-25,-247,-34,17,-13,40
1,-249,-23,-7,21,-12
-14,-261,20,-28,-37,-42
-10,-269,4,-15,104,-92
5,-250,11,93,-11,-125
9,-256,25,-2,47,27
1,-256,1,19,23,19
-6,-253,-16,-31,-31,-13
4,-253,15,58,-32,-104
22,-255,-18,19,13,36
47,-246,6,-46,24,-33
13,-257,-41,82,22,-38
50,-257,-37,41,-28,-18
33,-260,-4,74,6,-70
-3,-239,5,60,-7,-22
41,-249,15,124,122,68
22,-257,15,-26,50,-66
34,-259,-14,27,-21,-71
40,-261,19,88,-60,8
75,-254,-7,-26,-20,-37
34,-262,4,-20,2,-44
50,-252,33,31,-38,91
90,-245,4,-16,-56,29
55,-258,10,-120,72,52
41,-250,30,24,46,-29
90,-230,-9,49,-52,-57
31,-259,-14,21,-76,38
44,-262,12,-34,-10,-10
59,-244,-19,-63,-35,-96
73,-254,3,-24,66,13
42,-253,-48,-24,10,17
60,-246,24,-11,101,16
28,-239,25,-16,52,5
23,-257,8,76,10,39
62,-260,-7,-60,-69,-25
66,-241,-25,-17,-48,103
49,-268,-25,-20,52,85
28,-241,45,-5,-25,2
23,-258,-2,108,9,24
36,-252,-5,43,-59,-3
64,-267,-17,57,11,-22
4,-258,-13,-48,15,-44
61,-278,17,5,-28,154
26,-261,-21,14,-23,-55
23,-258,-10,-35,50,36
-17,-249,-9,55,5,26
22,-264,36,42,40,96
18,-235,15,-69,43,-16
62,-259,-1,-22,45,-16
2,-254,-38,-30,82,2
43,-259,28,-8,-108,-52
16,-234,25,10,9,59
-9,-259,10,20,20,35
-5,-265,35,-16,9,64
-6,-244,-37,9,-89,-1
-13,-260,-14,-61,-70,37
-29,-267,-22,-36,39,8
19,-253,-18,-51,-32,-36
-39,-263,38,77,-92,-120
-84,-255,6,9,-54,-28
14,-254,-15,-6,61,-80
-26,-247,-7,-27,-52,-31
-31,-271,-24,-5,57,-55
-22,-255,-8,-8,-7,-15
-57,-249,28,-6,29,87
-53,-249,-20,-31,-40,-41
-54,-273,-9,-12,109,26
-39,-260,5,24,-64,-26
-49,-256,-30,-86,25,24
-35,-263,6,15,-39,76
-30,-246,-7,-19,36,4
-59,-254,15,11,76,-60
-52,-254,5,-35,-74,-28
-14,-252,-15,-44,-69,18
-11,-247,14,-31,-15,135
-39,-255,-7,111,114,86
-61,-249,20,18,-26,-33
-16,-268,-2,-43,1,61
-71,-278,16,-46,-1,-6
-55,-268,15,-22,13,9
-49,-235,-18,12,26,87
-57,-250,22,4,38,-75
-42,-262,-30,18,-55,69
-96,-258,8,-28,16,-112
-37,-252,-23,-5,-48,18
-19,-265,-3,45,-35,68
-65,-257,-1,82,-4,16
-64,-258,-4,4,45,43
-37,-256,-20,20,47,17
-47,-244,19,17,83,-32
-19,-258,-3,-44,-35,-0
-37,-263,38,-47,-12,-49
-25,-242,4,-60,-53,-41
-6,-258,7,9,-38,-73
-50,-250,-26,-28,61,-18
5,-267,-10,-18,-81,35
-7,-254,19,71,-1,21
-29,-246,-7,-19,-100,59
11,-256,2,-10,11,44
-47,-250,9,-8,-20,-7
4,-245,13,103,40,51
0,-252,-26,39,-53,33
24,-257,-17,30,11,39
-1,-257,7,-111,39,76
38,-250,-24,33,-17,-28
31,-241,1,-13,59,5
15,-261,-4,-35,-35,-17
-24,-256,15,-58,-74,-16
35,-262,-3,-21,41,2
29,-260,23,50,7,38
29,-252,-17,-105,43,24
18,-261,-33,89,-40,-81
34,-260,-15,36,-5,-123
60,-258,30,-44,-19,56
50,-235,6,-54,0,0
11,-255,-10,-1,77,-72
44,-258,-13,35,16,35
73,-258,-7,-11,-51,-95
54,-285,-14,1,-31,-42
37,-242,2,27,41,31
33,-244,-11,-19,-56,-51
40,-278,-14,-42,8,5
38,-260,7,11,-73,-111
33,-249,-20,30,-34,-36
69,-253,17,-46,93,76
50,-257,-3,-12,-6,48
47,-256,40,-113,29,22
40,-257,11,-51,-22,-25
21,-263,34,51,-80,65
53,-252,-24,-40,-53,-80
53,-259,3,11,-32,76
56,-258,-25,24,-43,-22
42,-265,-40,-72,21,35
32,-243,-26,72,-10,-3
-6,-268,23,-23,-36,-14
63,-267,-27,57,-50,-4
34,-244,-27,39,68,-54
35,-252,24,10,-47,-51
22,-251,19,-96,34,-63
-1,-249,40,-170,12,48
25,-263,-11,-30,-8,-40
53,-243,9,-0,46,-37
21,-259,5,42,-7,-59
1,-271,4,-19,64,30
-12,-244,18,-73,54,69
21,-258,-11,43,51,48
15,-256,-15,21,65,-24
14,-264,7,-31,-56,19
2,-256,-17,-46,9,28
-6,-269,59,2,60,-65
-16,-258,-6,-26,-61,56
-2,-261,2,17,-51,-59
13,-262,-2,25,16,-5
1,-260,10,-39,-60,-94
-16,-250,-38,31,32,69
-19,-256,1,-60,27,27
2,-256,31,-21,29,33
-1,-271,-3,-58,-16,-51
-39,-259,-13,-2,-11,-100
-47,-265,-6,106,45,42
9,-243,7,72,-3,29
-57,-264,-17,-87,-110,38
-58,-238,-17,-68,46,17
-38,-259,7,10,54,-46
-48,-250,-4,42,19,59
-66,-249,5,1,-33,38
-23,-260,-26,11,-42,40
-77,-275,12,4,-16,-22
-26,-251,49,71,-12,-2
-32,-269,23,41,18,1
-37,-260,16,-16,-13,49
-37,-261,-2,-10,-46,-32
-49,-269,-53,-33,-130,-5
-39,-255,53,23,111,-6
-55,-250,8,42,-10,33
-61,-251,7,-26,-24,111
-56,-245,5,58,6,-13
-50,-277,-18,90,8,-48
-27,-264,-19,-74,22,78
-39,-255,-28,20,-35,41
-86,-249,8,-50,-46,25
-39,-265,-9,54,-39,4
-77,-248,-10,79,-50,-5
-50,-246,-12,-82,-7,85
-35,-260,15,-4,-77,-60
-31,-248,-43,17,35,-8
-73,-265,-12,3,30,14
-30,-260,10,11,-3,38
-24,-245,-14,-16,-89,-65
-9,-262,-16,-76,-34,-38
-45,-269,-21,19,75,57
-13,-268,-1,-28,2,28
7,-265,-10,-45,-5,89
-24,-255,-20,-41,-9,25
-15,-259,-3,-100,-4,54
17,-249,4,-30,-34,113
-32,-255,-23,-70,-72,47
-26,-269,2,4,22,-4
3,-247,-6,-33,-16,9
-15,-258,14,24,-34,-6
-40,-254,-28,8,110,20
-45,-273,9,103,80,96
1,-252,-12,-49,-64,-5
-0,-252,-15,5,20,13
14,-260,2,-58,-21,-56
-5,-267,-2,3,50,76
31,-246,20,48,13,-6
48,-256,-22,5,-8,96
45,-252,48,-38,106,-37
46,-251,-36,9,40,33
16,-260,19,52,-8,9
45,-261,20,97,-3,24
33,-264,-16,108,-17,43
-7,-259,16,11,-22,-45
3,-254,5,-31,-53,-10
39,-245,6,6,44,-57
68,-258,7,-63,93,10
67,-261,1,69,-48,38
35,-238,18,-14,63,-25
29,-255,-3,41,95,-27
65,-249,5,-65,37,-23
14,-265,-2,29,-9,29
21,-253,-16,55,-80,-36
95,-238,2,-58,-73,-37
49,-263,-17,90,117,-15
54,-258,4,29,-49,-18
63,-265,-22,-23,-14,-56
25,-267,-6,-14,19,-23
74,-259,15,40,-6,-6
57,-268,1,41,-21,66
60,-257,-24,-6,50,-63
100,-262,1,46,-21,-44
45,-266,5,-103,-73,6
31,-268,-8,-13,-5,59
41,-251,28,-51,-46,50
51,-251,-0,47,10,-76
24,-239,-11,-13,-52,-0
21,-250,13,-30,37,73
-23,-260,-13,-14,36,56
24,-241,-49,27,11,60
12,-244,-9,-24,-66,46
38,-252,-10,-1,23,32
6,-264,-21,-26,11,-53
14,-245,14,57,3,-113
15,-239,1,-12,79,-17
18,-244,22,71,-5,22
-10,-247,21,41,24,-32
21,-279,-20,-70,-0,-19
21,-276,17,-79,27,-70
11,-253,-9,40,-101,125
0,-267,-39,6,-49,67
27,-253,6,-49,-4,-30
10,-269,11,28,-17,-30
-17,-273,25,-18,21,11
37,-249,12,-80,-38,-29
-4,-255,-3,38,132,6
-18,-250,-14,15,-53,-85
1,-248,-12,-32,-61,15
-31,-251,39,58,42,107
-55,-257,-12,18,4,-51
-22,-247,-9,33,-49,-17
-2,-261,-29,-12,76,-206
-38,-245,-29,-22,69,6
-17,-260,-4,16,17,36
-35,-255,-21,-25,-19,77
0,-255,-9,-22,-3,-56
-40,-270,1,-26,34,-19
-15,-258,7,-38,68,32
-52,-253,-5,-2,52,-74
-60,-252,25,87,-12,-14
-40,-276,-48,75,22,-57
-47,-265,-2,77,-51,2
-78,-239,-37,-16,-7,29
-37,-238,2,53,-59,-14
-17,-255,-15,-37,-5,51
-72,-237,-4,19,22,133
-39,-251,23,-1,38,-40
-53,-253,-29,-38,-15,3
-70,-256,10,-23,-68,-32
-37,-259,12,39,58,20
-81,-258,35,46,53,25
-68,-264,4,-10,18,-1
-94,-269,2,-81,-43,-25
-68,-256,8,36,77,-38
-49,-245,4,-28,13,35
-72,-242,46,-68,48,-31
-18,-270,-28,-4,58,28
-27,-271,-26,-106,-92,-23
-34,-252,-3,5,5,-33
-32,-273,10,-26,-13,-6
-42,-250,-13,69,-78,-19
-5,-267,4,31,3,-46
-21,-263,-13,-2,13,-49
-25,-252,22,31,121,19
-42,-249,14,-40,60,72
-6,-240,-63,-37,11,95
18,-273,-19,-33,0,0
-24,-254,11,8,-6,123
-14,-240,22,22,73,-12
-12,-242,-12,31,40,16
-37,-272,18,97,-8,52
-2,-253,-9,1,13,-17
-30,-263,-21,-73,100,65
-25,-270,2,5,-31,71
8,-243,-3,-12,-3,-22
-4,-246,-3,20,15,-33
19,-264,-14,-11,-33,-27
21,-262,-21,43,-68,30
64,-249,-26,-11,63,-104
-9,-253,3,-67,21,20
31,-242,-14,-14,-58,47
42,-263,-3,-14,28,-34
-14,-245,-4,61,16,79
48,-262,19,41,49,-50
85,-255,-6,3,-33,-9
17,-272,14,-60,130,-45
41,-261,-12,-70,-4,-37
55,-273,-8,93,39,-97
43,-274,-9,-43,-17,43
70,-262,-3,35,36,-45
-13,-269,-21,-26,-33,-55
44,-252,-18,73,85,11
59,-252,20,13,55,-111
36,-245,1,-50,45,-106
30,-244,-22,-88,43,-5
82,-271,14,57,85,20
46,-254,33,-104,29,68
41,-260,6,-5,2,44
64,-255,1,26,73,-6
30,-265,25,56,-73,45
74,-255,-10,-27,-27,1
63,-269,36,56,-55,23
56,-250,14,-37,109,73
75,-253,4,51,-1,31
34,-250,-20,58,-47,-50
79,-248,12,16,37,101
58,-252,10,-24,-31,-48
60,-263,20,-37,-0,-32
58,-244,6,-65,92,98
11,-270,-5,-11,-46,-123
41,-249,-27,41,-44,-2
37,-256,6,7,24,1
-8,-253,-1,-24,-30,-13
37,-261,-6,-25,25,60
7,-260,-0,-176,-24,4
47,-252,17,14,72,-17
7,-255,-18,97,105,7
14,-251,-6,38,31,12
-24,-254,3,41,1,-60
-15,-263,3,-24,-9,-25
25,-249,19,45,87,27
-37,-245,-17,6,22,1
37,-253,25,17,48,-1
-21,-236,-53,27,-14,-52
-15,-256,-7,-36,-9,67
-34,-262,-17,75,8,-17
-21,-255,-9,-23,32,57
-16,-278,-24,4,3,-78
-38,-243,-18,-46,38,46
-6,-257,2,-39,22,17
-24,-265,-15,77,-14,-1
-37,-252,-10,-30,35,42
-38,-257,-26,10,0,66
-12,-254,25,46,-10,69
-71,-259,0,47,-42,56
-41,-237,16,64,5,33
-27,-260,14,-44,-90,2
-60,-247,2,-20,55,30
-21,-261,-2,0,-1,17
-55,-248,-18,-2,28,49
-35,-268,-32,13,42,-49
-36,-249,2,-15,10,-57
-14,-261,-22,-39,49,14
-31,-254,-47,-175,64,-9
-32,-260,31,102,12,-60
-47,-226,-1,-1,18,66
-42,-241,8,-32,-53,-31
-39,-240,8,74,-52,-57
-38,-265,-18,14,49,-59
-55,-259,-21,6,34,3
-85,-258,10,-10,-92,-36
-50,-263,-1,-36,4,18
-36,-266,3,-5,84,3
-30,-267,-9,-58,-19,14
-51,-261,27,82,-18,-30
-31,-263,-41,-53,42,19
-28,-262,-26,-6,73,7
-48,-252,37,-38,37,49
-37,-253,32,-117,12,6
-35,-244,1,-131,-26,37
-32,-274,-23,14,-10,2
-35,-260,-23,42,-23,-100
-61,-246,-1,68,-20,12
-10,-261,24,44,11,-30
-23,-252,17,33,38,21
-37,-250,6,7,90,7
-4,-260,1,-56,82,75
-35,-241,-21,5,-50,-8
-17,-272,-33,-94,-51,-110
-33,-267,-9,-26,62,42
4,-250,-10,-22,34,-14
-1,-262,34,-68,-17,-62
-6,-256,-13,-53,69,-90
10,-267,-4,77,68,9
11,-247,-4,-8,49,-35
25,-243,55,-44,-86,37
17,-248,-18,-46,71,-11
26,-254,-2,2,31,-9
28,-276,15,21,-67,-32
23,-263,17,98,10,76
-17,-255,-13,73,-43,-92
14,-270,9,-57,27,-19
25,-275,-28,-23,31,-8
29,-246,2,27,56,7
6,-249,-27,15,17,12
56,-252,18,35,-6,-28
30,-243,-22,-47,46,-26
50,-240,44,-13,-41,-30
2,3,-3,-49,7,-13
-0,-4,-2,-35,94,-91
-3,-2,3,-13,-68,-68
4,4,1,36,-86,-11
3,-2,1,-16,-69,-38
-1,3,-0,88,-6,-40
1,-2,1,24,70,9
-2,-1,1,-31,-21,-13
0,-0,-1,41,-75,9
-4,4,-2,60,-7,-105
1,-2,-0,23,-4,38
-2,0,-1,53,-18,87
1,-1,5,-174,-1,31
-1,-2,1,-7,-108,-57
0,-2,1,-14,-70,18
-2,-1,1,-105,-36,28
3,5,3,-59,-39,11
-3,-2,-2,-45,-33,-90
-4,5,0,67,-14,-55
0,1,1,-20,36,124
292,-43,64,92,-40,2779
318,-14,97,58,-38,3152
441,88,161,31,30,4256
584,226,243,19,85,6037
780,395,335,-22,-185,8413
1113,637,418,-63,-91,11273
1365,859,574,14,96,14483
1683,1135,681,-48,-18,17892
2032,1400,819,44,-92,21342
2279,1674,925,-41,43,24671
2565,1927,1067,-40,32,27724
2851,2112,1116,65,-9,30357
3040,2281,1211,-41,-48,32448
3181,2391,1293,89,52,33899
3280,2450,1279,43,90,34642
3244,2463,1273,-33,16,34642
3160,2391,1270,-21,31,33899
3055,2270,1233,-77,18,32448
2828,2114,1158,28,-25,30357
2564,1912,1068,36,17,27724
2264,1671,923,-51,-60,24671
1952,1422,773,-30,-1,21342
1670,1130,654,-1,-129,17892
1345,857,580,-8,-135,14483
1063,612,396,-71,-120,11273
753,385,304,-28,-50,8413
498,233,245,-6,-17,6037
367,80,156,39,-15,4256
281,-5,101,-2,128,3152
207,-41,105,-70,81,2779
266,-3,2,36,-13,22
246,-4,-6,-28,102,62
249,-8,4,5,89,55
253,9,0,96,-26,-43
259,9,4,-21,4,88
253,-8,-3,-48,-9,-36
258,10,-5,-64,-91,-26
258,-13,-2,20,-45,-44
257,-7,-4,-83,-5,36
253,-1,-4,66,-108,-66
261,-1,-2,-1,31,-9
261,-2,-2,-29,44,-10
259,-3,2,24,20,-13
251,-0,-5,34,-20,67
261,-8,-3,12,-47,-3
262,-1,1,-3,9,62
252,4,-4,-107,-78,25
258,-5,-3,-76,-31,-17
258,-5,7,-125,-3,64
261,-1,-5,6,41,-0
246,5,-17,-14,8,111
259,8,-2,42,-40,24
258,9,-5,48,-30,23
256,7,-9,70,-35,-31
256,-9,6,57,-94,12
260,-2,4,-42,-17,77
260,-6,-8,-20,29,35
257,-8,3,15,59,17
259,4,5,81,36,7
253,-8,1,7,-100,-18
257,3,-4,15,30,-53
256,-5,-10,25,57,106
253,-3,-3,-50,3,-103
262,-6,-1,36,36,-88
259,-10,-3,-2,-158,74
253,-8,2,23,-24,50
247,4,6,-3,-36,55
255,-2,-2,10,21,5
263,6,2,54,-24,80
258,-7,-7,-40,-48,-30
261,6,3,-62,31,2
251,-1,-5,-77,24,-18
258,-2,-3,12,-38,-87
258,5,10,65,-113,65
256,1,-0,-74,8,-35
260,0,-5,-89,11,29
254,8,3,128,20,-78
255,-9,-0,86,-15,-80
263,3,-7,-27,38,71
257,-9,5,56,8,17
268,-1,-10,-65,-54,-102
262,1,-5,26,22,-89
261,2,-6,-17,-46,21
254,-5,10,21,-53,4
244,5,2,-47,55,15
244,5,-7,-22,56,8
249,-3,7,-43,-64,-7
255,-3,-4,-70,-2,-13
253,-0,-1,63,-23,13
256,5,4,-6,9,-65
259,14,-2,-36,2,62
253,11,-7,55,-29,-41
247,3,-5,-1,-11,49
261,6,-12,42,20,-30
256,-1,-1,-17,-16,-25
253,4,-8,15,-5,16
258,-17,-3,-38,-18,-48
248,5,3,24,-8,71
263,5,4,-50,34,-15
252,-3,-3,39,-21,30
260,-7,10,-24,7,-58
259,-1,-7,-3,-1,-60
257,-4,-6,41,-14,24
257,-7,-1,71,-3,-20
256,-4,8,-2,-43,52
261,-7,-4,36,55,-51
258,-12,8,-56,27,26
257,-1,-5,39,-41,24
250,0,-2,12,-40,14
261,3,-2,-7,-27,128
260,-15,-5,-46,47,-4
255,5,1,-38,1,-5
251,5,-1,22,8,-76
262,-2,-2,89,-41,-54
259,3,2,62,-48,-24
255,-5,0,-32,85,-84
258,-0,3,-6,-6,-11
259,-2,4,-29,-28,-20
264,-2,4,46,51,-37
259,1,-1,-26,4,85
251,11,-0,49,-2,-81
251,-8,2,-48,-56,-30
263,7,-1,-101,-38,14
254,4,-10,-73,-80,45
254,1,-4,62,26,38
255,2,-4,-9,75,8
256,4,7,-17,-40,60
255,3,2,2,-49,-9
254,-5,-6,12,16,-116
267,3,-6,9,45,-29
256,-0,4,103,63,-7
258,-3,-1,23,-47,-10
261,6,4,20,11,40
251,9,-2,-79,-32,-34
257,-15,-5,-51,22,18
255,-2,1,2,27,37
254,8,-2,-79,33,-6
252,2,-1,-33,27,8
261,-1,2,24,24,-51
255,-8,6,28,21,-8
251,-1,-1,11,53,11
253,9,5,-50,-33,24
262,1,3,-19,4,16
257,-4,-6,-100,-72,38
256,-6,5,24,-41,-23
246,-8,7,-31,-96,-17
261,2,3,7,3,-3
260,-2,4,64,-32,-74
259,12,4,-33,-76,-48
254,-2,-3,-20,124,-37
260,1,1,13,-17,-60
261,5,-1,65,-58,-15
257,7,-8,17,14,21
249,5,-4,44,-51,-9
254,-2,-2,-7,-15,68
251,-2,-1,-33,-63,26
257,6,4,9,-19,-45
244,2,6,-74,51,-32
252,-0,-2,92,-65,48
258,-0,-1,57,16,-110
248,-2,7,43,-10,30
260,0,5,-17,1,20
254,3,-4,-36,14,-31
259,2,-0,-78,-84,55
251,2,9,-25,-88,-13
257,-13,-4,-28,-16,-37
258,2,-3,-39,-5,63
257,-5,-12,13,-1,-80
256,2,4,4,76,-43
253,3,-2,82,65,-87
248,-0,-4,8,96,-4
258,0,7,57,14,26
255,-1,3,-35,-49,-44
263,-2,-7,-63,-26,109
251,1,-4,36,124,-99
259,-4,-11,-19,31,-55
253,-5,2,-0,-47,-1
256,-3,-3,29,-25,-65
264,3,7,-15,-62,-17
260,-1,-6,20,-3,6
249,-8,2,54,29,-45
259,-7,2,37,-69,-2
252,3,-1,78,63,-36
256,-8,-2,-4,69,-25
256,1,-9,-50,59,68
249,2,4,-75,42,7
249,1,-9,-38,-103,44
265,4,3,-57,13,-15
255,-6,4,101,16,-73
257,3,-8,-25,-115,81
260,4,-2,-10,-14,-43
254,-5,2,-14,-25,-90
259,-6,-3,-33,5,74
245,-4,-4,3,-149,-12
252,-9,-4,-55,-39,16
260,8,-2,-6,39,15
255,-11,-6,62,22,-27
250,-3,-0,-3,-3,81
262,-7,2,-17,-40,-67
250,-3,-9,52,-57,46
256,-3,1,81,38,-31
257,8,2,-39,54,-26
264,-1,-2,-70,62,64
247,3,-3,68,-51,3
258,0,-9,-60,36,8
261,2,-5,18,-85,19
260,1,3,28,-69,-64
254,-2,0,-66,63,14
267,4,7,-0,87,0
248,-4,-8,1,-25,-20
257,-3,9,-1,53,8
256,-0,-5,-34,26,45
261,-2,-2,38,-32,3
261,-1,0,-64,11,13
257,3,5,-54,39,-28
251,-3,-4,-39,-5,47
257,3,-3,92,-28,-28
260,3,-1,20,-116,-123
259,4,9,40,-108,31
249,3,-2,15,-108,25
252,-6,1,-36,-11,70
260,9,3,-16,107,-4
262,-1,-10,35,49,34
254,-1,-2,61,-67,50
258,3,-1,34,-46,-102
253,2,2,81,74,-56
264,3,-4,-1,11,-26
257,-3,5,-74,44,18
254,-1,4,5,94,-6
248,-8,-10,-105,17,-26
266,1,4,-48,62,135
260,7,5,-2,-18,-25
257,3,-0,5,-68,19
248,1,1,5,-40,20
257,-4,9,-64,54,2
261,3,1,52,0,53
258,-7,2,24,5,75
255,-3,1,12,3,26
254,-4,-3,35,47,14
253,-4,6,63,-1,-20
256,-4,-8,-2,-110,30
256,-2,-5,-57,-64,59
255,2,-0,-9,-18,-1
253,-6,-5,22,-100,21
258,-5,-0,-86,15,24
258,4,9,-19,53,-49
255,-1,-3,-89,17,-40
259,-15,-5,-13,-13,-16
253,0,7,-44,-19,-106
259,2,-10,12,-43,47
261,5,-6,38,2,-22
254,1,-7,-71,21,110
260,-6,-1,19,20,-3
258,2,-7,21,11,19
258,9,-4,41,-49,30
259,2,-2,-44,-46,-3
259,-2,-7,14,-7,-78
257,-0,-4,17,-6,63
260,9,-4,74,2,120
252,3,-2,-42,3,-58
264,7,3,33,-48,64
255,-2,-3,38,-32,73
257,-0,2,5,-0,-124
259,-4,-2,-22,16,-24
255,7,13,71,2,4
267,-6,-10,-78,-138,2
258,7,2,-74,31,-85
263,6,-1,-53,14,-19
260,-3,-7,-31,19,52
256,-7,-7,-31,-61,-1
254,-2,5,69,48,-72
258,8,-3,-76,-8,-20
261,3,-2,30,107,56
260,2,-7,-21,75,17
254,-3,-10,-2,72,63
249,1,7,-31,-95,-21
263,5,-7,-14,36,-5
259,-5,-8,101,7,75
262,2,-1,-83,-42,-9
257,-7,-1,-59,54,-5
261,2,-1,-104,-16,50
255,-4,-9,44,36,-23
255,-5,12,18,-5,-49
259,-1,-0,50,67,20
260,-2,-2,-49,42,-33
257,6,2,13,40,-62
257,-2,-5,52,52,-30
263,8,-1,35,14,-88
254,-4,1,-89,24,0
249,-3,3,-144,59,23
264,-2,-5,60,62,49
254,-1,-3,53,-14,-25
258,-3,1,106,-4,97
260,7,-6,-56,-39,-48
252,-1,4,15,40,-43
267,3,1,46,-28,-32
250,-4,2,-27,-2,-35
258,1,-1,-44,5,-39
259,-3,1,-45,-83,-33
260,1,4,39,-91,38
256,4,-4,85,56,-43
254,-1,1,-48,32,-15
265,-2,0,174,17,-28
254,-2,0,83,34,-76
250,-3,-1,-90,-9,51
261,3,-11,46,93,-59
256,-6,0,-48,16,-95
256,-0,6,45,-20,-12
258,-2,-2,-42,-13,101
268,-3,4,29,12,6
256,4,5,37,17,-41
257,1,2,7,57,-29
255,-0,6,-25,-66,-32
248,-5,-2,55,36,67
263,-3,-0,59,-35,-20
267,3,2,79,21,-89
259,-1,-4,20,-1,10
256,1,-6,-31,15,58
258,3,1,-47,-1,-5
254,-0,-1,6,13,58
257,2,-0,42,21,-28
261,-7,-8,48,-87,33
266,-5,2,9,-29,-24
256,-11,-10,16,57,-43
258,1,-2,-73,11,29
252,5,3,27,-18,52
265,-0,1,-30,-50,28
258,-1,3,72,-14,13
251,-0,9,69,40,-111
250,1,8,-118,-88,-38
259,-0,1,-25,45,-8
252,-4,-4,-4,-61,77
252,3,1,43,-60,67
259,12,2,-80,51,-21
261,-7,2,-25,-13,-16
255,-3,10,29,-3,7
254,5,-0,69,-16,30
254,1,2,50,-61,5
258,-3,-6,15,74,-51
263,-9,-5,-31,-38,110
253,1,2,38,-29,29
258,-9,5,-29,65,-64
259,10,-1,-5,25,-42
268,8,-1,15,-135,-31
247,-8,-2,16,45,16
259,-10,-3,-28,60,46
253,1,-0,73,20,45
253,1,0,-98,4,-7
260,2,1,2,-47,-70
257,-5,9,-87,-41,7
256,4,-3,4,-31,-55
255,-0,9,8,-53,-51
265,1,-4,-84,-82,39
248,6,-2,-23,-96,-36
251,2,5,-32,47,25
251,3,-0,17,-14,125
255,-9,-3,95,65,25
261,5,-6,-61,-1,-90
260,-6,10,-31,1,55
256,-4,7,22,113,74
250,8,2,103,72,72
260,1,0,17,-91,-81
246,-7,2,3,-57,-11
244,-4,-4,-103,-16,-24
257,1,3,-52,90,132
258,1,-3,45,-31,46
251,2,-5,49,32,-45
264,1,1,21,55,62
246,-0,1,59,-81,63
255,3,1,8,-0,-74
264,3,-0,22,-20,-62
256,-5,3,-52,16,-53
257,-0,2,-14,155,-4
261,5,-2,43,-23,15
258,2,4,11,6,68
260,0,1,-3,31,31
246,-4,-3,-22,66,-51
258,3,-0,-68,59,63
257,0,4,19,-70,13
248,2,-2,-44,-40,57
253,-7,9,-52,-19,-21
257,4,-2,24,20,56
256,-3,7,-51,108,-30
259,-3,-10,49,78,-30
257,1,-10,3,-69,26
255,-4,7,61,-72,-18
257,-3,1,24,15,85
254,2,-6,48,-16,-24
264,-5,-4,-32,-18,-54
254,-4,2,61,-31,-15
252,5,-5,-1,-133,43
254,-12,3,35,24,58
257,3,-1,38,78,46
240,4,8,-54,-93,47
257,-8,1,-39,-6,-7
262,6,5,26,68,35
258,0,1,-55,43,26
254,6,-3,5,48,-16
265,-6,1,18,16,-53
255,2,2,16,-34,-9
252,-1,2,23,-25,-143
254,-6,2,10,-22,-75
250,-7,9,50,-3,37
245,1,-4,-42,-44,-40
257,-4,-5,-61,-85,2
252,-2,-0,63,24,74
260,2,4,2,9,23
252,-1,-7,-5,12,-26
265,4,4,-75,-63,-8
261,15,-1,-30,37,-29
261,-6,3,-49,16,25
244,0,-0,30,-29,39
258,1,4,82,25,12
255,10,5,-30,-11,47
254,4,-12,-35,51,-13
256,-5,1,16,-26,-22
250,-1,2,-17,2,17
257,-10,3,19,43,-13
253,2,-1,36,-155,74
252,7,-2,32,-42,-63
247,-4,-2,-51,-5,-35
250,-0,2,-6,-3,52
265,2,0,41,-36,100
254,11,1,35,-18,19
254,6,0,-17,16,-2
258,-1,7,75,36,-43
262,-2,4,-48,-46,6
251,-1,1,-24,3,13
257,-6,1,38,31,-50
259,-3,-5,4,-60,-28
248,-3,-3,17,8,-46
248,-2,1,11,36,-4
250,7,-2,5,21,18
259,5,2,-74,-21,68
265,12,4,-8,-22,-39
254,10,-1,82,-62,-59
258,4,3,-37,-33,21
256,7,-1,44,-35,48
258,-2,2,-40,-66,13
262,0,-2,-19,18,12
255,0,5,21,-75,25
252,-5,-3,-35,-84,124
246,-1,-4,-17,-141,-54
252,-0,2,-0,-60,25
257,5,0,87,76,-26
253,4,-2,-26,-66,11
257,1,-2,-77,42,-31
259,4,2,66,88,40
259,-3,-3,-59,-58,65
256,1,3,52,-81,17
255,-1,-2,-49,-20,-11
244,2,-2,7,-24,16
262,5,-2,50,-52,-46
255,1,0,-49,51,-53
260,-2,-4,25,6,89
262,-1,-5,-9,-28,10
250,2,-1,2,-11,34
258,-1,1,-24,52,25
251,-3,-1,33,18,12
254,-5,4,36,22,8
255,-8,-1,38,21,8
265,-2,-1,-3,-58,18
251,2,-1,67,-88,12
253,-5,-1,-49,66,83
249,-4,-10,-65,58,-15
252,9,5,-10,-3,91
250,9,3,65,-16,-40
253,-4,-3,-45,-58,32
260,3,0,-28,-124,-14
255,2,2,8,-66,48
257,-2,1,123,60,14
263,5,7,-14,-65,-5
248,-6,8,-49,-13,10
251,-1,0,-12,-9,-68
260,3,7,35,20,-39
258,-6,1,42,-30,45
257,6,4,38,-23,33
255,4,5,-60,-8,6
257,6,-1,8,-42,36
249,5,-7,-21,-24,87
261,3,-0,12,-21,4
261,-4,12,73,-80,63
256,4,-4,33,21,30
256,4,9,84,-32,52
256,-8,-5,13,-62,-74
256,-4,13,9,-61,-32
261,8,-4,-24,-45,-25
250,-6,-3,-98,-6,16
251,-2,-4,-4,26,-16
257,8,2,-67,-39,-50
261,1,-3,21,-0,-9
258,2,0,15,-131,-3
261,-8,4,59,2,-72
262,3,5,-68,38,2
261,4,-6,-44,-104,-5
261,-9,3,-23,3,-102
249,2,2,7,-52,36
259,-6,-4,32,62,13
258,2,-2,37,-38,3
253,0,-6,22,81,-103
266,-2,4,5,32,-15
244,6,-4,-86,-4,19
256,2,1,-72,51,90
262,3,1,-78,-3,-4
251,-6,-4,2,49,-29
255,-1,3,-4,-41,60
253,-5,-3,-17,-68,20
268,-2,-2,-34,-96,-49
246,4,-1,-48,64,-8
262,-6,-2,-8,24,-62
252,2,1,81,-57,-16
251,-1,-0,-77,13,-0
251,-1,-7,-30,-32,-99
260,-6,-7,12,-21,-81
265,0,1,-34,-47,54
252,-4,-0,38,11,24
253,13,-1,-13,-15,-55
254,-1,-3,58,-42,22
245,2,3,30,34,-50
249,6,-3,5,8,68
253,-5,-5,-44,-76,23
255,-7,5,-2,-117,38
255,-7,-5,-8,20,18
263,-0,15,68,28,-1
250,-1,-7,-104,-41,0
253,-4,2,-59,-43,-56
257,5,-6,22,47,-28
260,2,9,62,-4,5
259,4,14,-12,84,75
249,1,-1,44,28,-9
253,3,-0,60,12,91
255,1,6,-8,23,-54
243,1,9,43,64,28
247,3,4,78,-28,-8
254,-10,-4,-36,-0,85
259,9,5,6,-76,27
254,-3,12,-17,-62,55
245,-1,4,-25,-42,-28
252,11,-2,-45,55,9
257,4,-3,-21,-50,118
256,9,-0,-61,-36,-52
259,-0,4,-97,-24,-3
259,-8,-6,-38,-8,-32
244,7,1,-36,-50,-6
250,-0,5,-3,-13,-10
260,7,12,15,-40,50
257,-6,2,91,23,-19
260,1,0,14,32,-89
262,0,-1,-37,7,79
255,-7,6,32,2,-67
262,3,2,5,21,33
256,-3,7,7,-48,-12
261,8,-13,17,-27,66
264,-3,1,35,-73,66
260,-4,4,29,15,47
259,-2,6,-81,144,78
266,-0,-1,-31,49,-11
262,2,9,-60,-39,15
248,-4,2,51,101,-80
268,-1,3,57,-38,-9
252,-3,-2,84,18,17
261,2,0,40,-38,-23
258,-8,6,105,64,-38
255,5,-7,-7,-1,-5
266,10,2,22,-5,-47
257,-1,2,-15,43,39
256,7,3,-5,48,23
259,-3,2,-4,-72,-84
260,6,1,17,-16,54
254,-4,-3,-88,-5,-15
261,8,-1,72,-103,9
251,-2,-1,48,28,-84
248,4,3,69,-11,-69
253,2,0,-32,35,13
256,6,-3,-37,16,-18
264,0,-6,-49,-8,-14
255,1,-5,-50,51,1
265,6,1,-18,13,-43
247,1,-1,-2,26,-98
251,-4,0,-42,-13,-21
256,2,2,-20,50,-40
254,-1,-2,71,42,25
258,0,1,-22,16,-55
253,0,2,53,58,28
254,-6,-3,-15,38,90
251,-3,-1,48,-15,40
257,-5,-1,-48,-31,-19
261,5,-1,-77,21,54
258,10,9,9,-55,32
256,-7,-3,23,46,-62
255,-9,-4,23,66,78
262,3,0,53,55,63
254,3,2,4,44,65
254,7,5,-19,-25,-32
255,2,6,-45,-60,-59
251,-5,-4,86,22,-56
258,-6,-1,-19,62,88
256,1,2,-10,54,-76
258,9,-1,-48,-27,50
262,-9,-2,15,8,-65
263,-7,-11,51,77,24
257,2,5,24,5,-42
249,-1,-9,4,36,33
257,5,4,-33,62,29
252,5,3,4,-87,-36
260,-5,8,-75,5,-7
252,-5,-11,7,35,24
261,-3,4,-130,8,-89
256,-2,-8,-15,52,15
261,-5,6,-46,-66,34
255,-1,-12,82,15,21
254,6,-1,11,82,-37
260,-4,-0,-2,9,129
256,5,-3,-76,-36,22
258,-2,3,-58,12,-63
262,-4,0,-28,-17,12
259,2,-9,-27,64,52
252,-5,-2,-5,31,-12
256,-3,-14,-54,-3,78
258,1,7,1,-2,-49
258,-0,-2,21,-44,23
262,-8,-5,-61,63,64
254,3,3,39,20,-4
256,5,-5,12,-78,11
258,-6,-2,-16,30,20
262,-0,2,-15,-53,-27
256,1,6,-8,25,20
254,-5,1,28,32,84
262,-5,-8,-21,58,-60
256,1,5,-54,83,3
255,2,0,-77,-6,25
256,-0,1,46,15,-17
258,-7,1,38,-71,-81
252,-9,-4,42,-2,86
256,6,-1,33,69,-24
250,4,-4,-40,50,46
254,-1,-0,-77,50,-19
258,-1,-3,-19,67,-18
259,-1,-11,76,-68,27
252,-4,-2,-32,-50,-68
265,-4,-9,9,-5,-21
259,-2,-9,46,81,-75
250,7,5,-29,-4,42
257,1,-6,-3,8,-100
261,5,-6,-28,-6,13
258,1,4,-36,-1,33
257,-3,-3,-42,-13,-19
261,-2,-3,-19,-61,0
257,8,-4,4,-1,-20
256,1,5,14,44,-0
253,1,4,17,67,-33
252,-1,1,-10,-8,-9
249,3,-3,-3,-5,-17
264,1,-1,-11,28,-11
252,7,3,8,-40,30
256,-3,-1,-46,-36,38
255,5,1,-5,13,-24
266,-2,6,-55,68,105
262,6,-5,19,-28,56
259,-8,1,-21,16,18
259,-1,-0,-14,-33,48
258,19,2,-48,-17,61
255,-3,8,29,-28,-16
255,10,6,47,7,35
258,11,6,-36,33,-55
264,2,-12,10,-54,-47
256,6,10,-11,45,-17
262,-4,-4,-36,43,48
250,-14,-3,46,37,-2
258,2,3,42,-26,-95
246,0,-0,-45,59,-40
250,5,-1,-65,40,-90
258,-6,-1,-26,-69,105
259,-1,3,-20,-46,52
250,14,-0,4,20,-43
253,5,-5,73,7,112
255,0,5,-72,70,-15
259,2,-7,-35,26,-17
249,-9,-3,40,-106,-92
255,4,3,22,66,12
254,2,-1,-10,70,91
256,-3,-6,49,5,-5
258,1,-11,42,11,-13
258,9,-4,-6,34,91
257,3,3,-25,54,-17
259,8,0,-23,-46,37
255,-7,2,21,42,125
254,1,-3,-11,36,-41
247,-0,-1,-30,14,-24
252,2,4,1,-44,7
245,-1,3,-69,-26,97
258,5,0,-126,-49,-17
249,2,0,31,27,-139
251,-2,-7,7,59,-22
261,-6,-6,1,-94,93
258,-3,4,99,18,-9
258,1,13,-10,7,9
253,-5,2,-31,-85,-73
244,-4,2,-5,53,34
256,-3,10,-55,34,0
257,3,-5,19,60,-83
263,-1,0,-22,55,11
253,-4,-5,-82,-71,-70
257,7,8,-52,-52,37
258,2,-5,-18,5,-36
259,-3,4,11,-114,111
266,-2,3,33,12,45
250,-2,-0,92,106,1
260,6,-1,2,61,-62
250,5,5,31,-20,3
253,-4,12,-12,-19,-86
263,0,-8,-4,56,23
265,8,2,-70,-39,52
254,3,-0,-35,-7,-70
258,-1,2,37,-10,87
259,11,2,27,22,1
253,6,-4,-80,31,-39
247,-6,-11,14,-19,31
258,-1,-8,16,47,46
255,2,2,11,-10,2
259,10,-4,-53,62,23
247,-3,1,27,-7,37
257,-3,-8,-72,21,89
260,-3,-6,130,41,12
255,-4,-3,-21,10,-77
257,2,9,-32,87,36
254,2,-0,21,50,-132
252,-4,-5,3,51,6
254,-0,4,72,-73,-14
254,-2,2,41,-54,45
249,4,5,13,24,15
255,3,-1,-35,35,-46
257,4,8,43,-32,10
261,-2,-7,21,-35,-56
251,-10,-2,-60,-58,-83
255,-1,-5,-26,-10,-2
254,-1,9,14,1,19
258,-2,-4,117,-34,-22
255,-4,-4,8,-60,79
253,6,1,7,-75,-35
254,-1,-0,59,-71,-15
250,-1,-3,56,-57,-8
257,1,-5,120,64,6
263,1,3,-47,-40,63
250,-0,-3,1,31,111
255,-0,1,-68,-8,-11
261,-3,2,-10,25,-32
255,-7,-3,-18,17,24
259,-5,-2,50,-28,-95
261,-1,-1,-40,51,45
258,5,2,5,25,39
256,6,3,-38,-10,-3
251,-3,-1,-18,74,-64
255,-7,-2,43,50,-46
258,-4,-5,2,77,65
256,3,-2,-58,-11,-28
259,-2,7,3,-58,-24
250,3,2,-15,77,12
260,-3,-2,-6,105,48
253,-7,-0,14,18,-10
260,5,4,-109,37,-69
261,-1,3,-84,32,38
252,-1,3,-66,-25,-148
252,-2,-7,13,30,15
261,1,4,-8,74,-44
248,0,-3,19,38,-82
257,-0,6,14,8,-23
254,8,-1,-113,39,-118
256,4,3,-61,-26,72
259,10,6,-69,-31,5
254,7,-1,10,-41,60
255,8,-3,2,-74,3
254,-3,-5,-17,-72,-70
259,-3,-6,39,51,-39
267,-2,-2,-3,-17,-23
259,3,6,13,9,4
260,1,-0,21,16,86
264,-4,-8,-46,23,7
258,-1,-2,64,64,-30
264,-8,-2,-105,-45,-30
257,-0,-7,31,38,60
259,-5,1,-67,-26,-40
262,6,7,-21,-40,48
254,5,0,-30,-41,-32
264,-0,-3,-75,27,94
250,-3,-2,-16,110,-83
257,-1,-2,63,-14,15
254,9,4,-47,-12,125
255,-5,-10,-9,-6,-38
260,-1,12,-10,-68,72
255,-3,5,19,38,18
266,-2,-6,-49,16,21
272,7,-0,-27,0,-23
253,1,5,80,36,-32
253,-12,1,49,24,64
255,-11,-2,18,41,-5
250,-10,-9,42,19,-81
264,-1,-2,24,-7,19
254,-3,7,-97,42,-69
254,1,3,-56,16,-20
264,6,-4,-6,102,-38
250,-6,5,55,-10,-51
265,-0,11,-33,86,-22
263,-6,8,63,34,-11
248,5,-8,-29,1,9
259,3,-11,-110,-32,-26
258,-1,-0,-49,-77,-16
253,4,-4,22,-21,39
255,3,4,8,23,-43
253,-2,-3,36,49,-60
248,-6,-7,-43,63,8
253,-12,3,-30,41,2
261,-3,5,-25,-21,-78
257,6,1,-51,-80,-0
254,-5,-4,-32,-100,-22
257,-7,0,32,14,-17
252,-3,-0,-69,55,12
242,2,1,35,-3,70
247,3,-6,58,-77,57
256,5,-4,58,-69,15
259,2,-3,38,-25,20
251,2,-1,-73,-104,39
256,-6,2,-100,-17,1
263,-1,-4,-3,-19,-28
259,-2,-3,-75,-29,-15
256,-0,-3,21,-31,56
251,-9,5,-35,-17,15
249,-2,-2,-48,-46,-9
259,1,-0,-34,28,68
257,-3,-1,33,-139,-81
258,7,1,32,-3,-72
260,-3,3,30,-5,33
258,9,11,-16,48,6
252,1,-7,-93,-29,43
260,3,-4,-62,-27,-22
254,1,1,8,10,51
258,5,5,-16,48,7
247,2,-6,-11,94,76
258,3,-3,3,-39,-92
259,9,-5,-20,-2,31
254,-6,-1,-76,-27,1
263,6,-2,22,30,-14
253,-6,3,54,8,7
254,6,5,-37,33,-16
258,-9,-3,11,56,40
262,1,8,5,-17,9
254,-3,5,83,-53,6
256,-0,-4,-9,137,-45
262,-1,1,40,-35,-52
258,1,-10,-12,21,-34
258,-7,-3,4,2,-3
262,4,3,4,-30,-20
257,4,-1,-44,23,-6
246,-4,9,-12,18,-1
255,7,5,-40,-47,-81
254,-11,-0,-23,-24,-20
253,4,0,21,-32,22
252,-1,1,-67,21,-110
263,0,-1,-50,42,40
259,-3,1,-70,-37,65
261,1,3,-147,74,-37
251,3,5,-6,-14,13
257,-3,4,-70,48,63
261,-3,5,-59,-29,6
257,5,5,123,66,-24
257,7,2,-25,5,2
255,8,1,5,30,10
261,7,-1,106,67,35
243,9,-4,-53,-32,-10
252,6,-5,-44,32,-8
262,2,4,75,117,-18
258,-6,7,34,-61,16
252,0,-7,-79,-54,37
258,-1,3,69,30,-89
258,3,-3,46,-54,25
260,2,-3,-39,57,21
259,-5,-1,74,4,-11
255,1,-0,-24,-28,-18
251,-2,-5,31,13,-9
252,-6,6,80,46,-89
253,3,3,-9,98,-11
257,-5,-3,51,-5,-8
257,-13,-2,-1,-43,29
255,-12,-3,2,88,-22
256,-6,3,-72,49,-7
245,6,-3,46,-67,27
254,2,3,8,-68,105
251,-9,-4,4,-6,-88
257,4,6,-2,41,57
257,9,-6,-46,13,-62
258,-2,6,57,21,62
249,-0,5,-16,46,-2
257,0,-1,-32,-30,3
256,-10,-5,23,5,-2
255,9,3,-26,17,-8
258,-9,-7,29,6,114
260,-1,-2,3,92,24
256,9,-3,41,46,12
252,-1,-3,-49,18,38
260,-3,12,-19,-146,-11
253,6,-1,116,75,-90
255,-10,-0,-49,-108,30
261,3,-2,-37,-13,50
255,-4,2,-1,-65,-105
252,-7,-6,-13,-53,45
253,4,3,-7,78,10
262,-12,4,32,-91,-40
250,-9,0,-44,15,120
259,-7,-8,-28,-31,22
262,-4,4,37,25,-0
254,-1,-8,-54,1,-3
258,-11,2,-44,-68,23
256,-9,-3,66,-34,22
262,2,2,37,64,-34
263,4,-0,28,67,-31
256,1,3,52,-29,27
258,9,-2,79,4,32
250,-3,9,-8,-32,-100
255,0,-2,24,25,32
255,-1,2,58,40,20
258,1,-3,29,-20,0
268,0,-1,-67,-38,-12
254,1,-2,-42,-16,11
252,-0,-3,13,68,55
252,-8,2,63,17,-36
247,-7,3,-20,3,-87
257,1,-0,-83,33,59
257,-9,-12,32,-49,-36
253,-2,-7,37,-58,134
258,-4,-2,-83,-35,-26
247,-14,10,14,54,-40
263,-4,5,-36,20,63
250,-0,-7,-15,50,88
262,-2,-0,50,-2,-82
249,1,-4,41,-3,58
252,1,-12,63,-76,39
262,3,1,33,-152,-32
250,5,7,-13,17,-20
259,-4,-2,-98,103,-34
254,5,-5,-9,19,-37
250,-3,-1,-64,-2,22
258,1,-5,-59,-87,-42
252,-8,6,49,95,21
255,4,-7,11,-58,15
256,6,-2,-14,109,-25
252,-2,-3,8,-44,-38
254,-1,-6,-2,33,12
266,1,-10,-66,159,-9
260,6,-5,-14,-80,89
258,-0,0,47,-33,17
258,-5,2,-86,50,2
257,1,4,21,35,-44
255,1,4,42,14,-69
255,-3,5,-55,21,35
254,11,-14,7,87,-13
255,-8,4,6,39,-48
261,-1,-1,31,-28,-48
251,-6,2,-12,98,-47
265,6,1,55,-32,-27
251,7,-4,-17,25,7
265,5,-4,45,-53,20
257,-4,10,-22,-72,-15
258,1,-5,-59,-72,91
254,-9,1,-113,53,-19
248,-0,-1,6,-9,-45
260,14,-10,-15,-55,79
247,0,8,3,72,-80
256,1,0,-54,17,108
251,3,-11,18,-25,-25
247,2,6,12,39,-112
266,-4,-8,54,-44,-31
255,-4,1,-2,-80,-38
255,4,-1,-103,-45,67
252,-8,7,20,-4,-6
251,1,-6,-55,57,-55
255,7,1,-36,-10,-76
247,0,-6,34,15,21
254,3,1,72,2,115
256,-1,-1,45,-33,-54
257,3,-10,-56,67,-13
264,2,3,11,29,39
256,-10,7,60,8,4
254,3,2,-18,11,-24
248,-12,-4,-12,-46,-42
262,-5,4,38,-48,73
258,-5,-0,60,-63,-5
249,-2,19,-74,-33,38
253,-3,5,-64,-41,-72
262,4,-3,-59,11,9
252,-3,1,41,-71,44
260,3,-7,82,24,40
257,6,2,-38,-90,-4
255,-3,4,-20,31,-74
263,-3,-5,8,14,-42
256,-1,-4,-40,-111,-25
259,4,-2,14,31,3
254,2,-1,28,-7,-58
252,4,-1,-25,-27,25
254,-2,-2,-46,-30,-97
265,4,-1,-37,-21,49
258,3,2,94,14,-8
254,6,-8,-85,-22,29
253,-7,9,92,84,28
262,-9,6,-42,-101,9
257,6,-2,39,-68,-12
254,-1,0,-113,26,19
252,-5,7,-40,18,-32
261,-1,-8,-23,18,-58
261,-2,4,29,67,-72
254,-4,5,-32,-47,-14
259,1,0,11,-15,22
246,4,-1,9,-16,-21
253,-3,1,15,-92,-42
246,4,-4,18,99,4
250,3,-0,10,18,8
258,1,-1,9,72,68
268,7,-0,-75,-64,16
253,5,-8,14,174,90
259,2,3,38,-18,5
247,1,-1,144,-18,-8
244,-0,4,-53,-5,-9
253,2,2,31,34,-17
254,-7,-4,93,60,14
258,-2,-8,67,56,-44
251,-5,-4,2,43,48
253,9,0,-41,-63,-28
245,-2,-6,-13,-74,-24
258,3,-3,91,-15,-79
255,2,5,13,-29,-0
258,-2,1,-48,99,-107
256,-5,4,-4,-39,98
257,1,1,11,7,-55
262,-7,-3,-57,42,-46
257,3,4,48,29,48
257,5,3,27,-25,0
252,-0,7,6,7,82
254,-0,5,-51,-3,59
261,6,5,10,-24,79
250,9,-2,1,43,47
252,8,-0,-11,-16,4
257,4,6,-8,-19,-8
253,-4,-9,-19,110,-35
249,2,3,30,-51,-41
248,3,5,-61,63,92
260,3,-4,20,-58,-64
251,4,-1,-2,-76,-7
247,2,6,-14,-14,1
262,2,-5,-21,-21,-114
259,-8,6,26,46,-23
256,-9,-1,95,-10,-69
251,5,-3,-61,65,-4
256,3,-7,118,-55,-33
253,11,-3,115,75,-29
256,1,7,-11,-62,-15
250,1,-7,38,-19,29
253,1,5,40,-37,8
261,-5,-6,54,-34,-47
255,9,-2,-6,26,-10
252,-5,-4,10,89,-59
264,-2,-2,65,-54,1
252,-5,-10,-16,-37,-23
250,-13,-11,-123,20,-25
253,8,4,-21,-76,-19
259,-6,-5,-58,51,47
255,1,-4,3,-8,-24
257,0,5,58,5,-2
257,9,10,-4,-17,62
254,-2,0,-30,-39,25
255,5,-4,17,85,-55
254,-2,-1,37,-14,8
260,-2,-4,-35,17,-26
261,-2,-4,-1,7,-6
255,2,-7,-29,68,-62
259,-1,3,-68,115,24
258,-8,9,-11,5,59
258,2,0,47,78,-45
261,4,3,53,9,-47
254,-5,-2,-42,24,-33
252,2,4,92,-12,1
260,1,4,-33,-6,109
241,8,1,55,-37,-32
252,4,-1,89,-55,-59
257,16,-10,-109,33,-1
252,0,2,-33,-74,38
253,2,3,8,-14,138
258,-4,4,49,-0,63
249,-6,-1,-53,9,-39
254,-2,-8,-25,-28,-15
254,7,-9,-28,-44,-37
249,6,-0,-2,40,50
252,2,1,-28,50,2
259,-5,10,-77,52,-14
258,0,5,60,45,122
255,4,8,-11,2,0
256,1,1,-32,-28,38
259,-1,-0,-40,34,21
262,-11,9,-97,111,-22
265,-10,-7,-25,22,-4
251,-1,1,21,20,12
260,-2,0,35,63,-23
254,-8,-3,-15,41,-63
254,-1,-2,-51,46,64
257,0,3,-24,-24,-39
254,-8,8,63,-30,-60
261,-2,-4,-109,-60,-4
262,-11,-4,-78,-55,-9
257,6,6,35,5,-79
250,6,-1,-17,68,37
253,5,6,-59,-93,-4
259,6,1,2,50,-17
250,-3,2,44,21,9
254,-3,-0,-42,27,75
257,2,12,-41,-76,14
253,0,3,56,-61,43
250,-2,-8,-32,44,-22
258,-3,3,-11,-19,31
245,-8,-3,-28,-22,10
247,3,5,-48,5,-7
258,-6,3,-10,-16,-1
262,3,-3,-74,-48,-47
260,-1,3,70,26,-38
249,3,-5,29,-6,-5
261,-1,-2,57,-3,-29
256,-7,1,63,-39,4
252,3,1,53,-13,17
255,3,7,90,91,-28
257,-3,-4,-7,47,-84
252,3,2,37,2,15
244,2,-3,-61,7,9
265,5,10,11,-55,33
254,7,2,-14,93,76
265,-7,4,26,-16,12
256,1,-6,133,108,6
250,-6,2,72,90,69
257,2,1,-31,9,25
255,-0,-4,-21,20,71
256,4,3,-41,66,-66
256,-3,-9,5,80,-4
265,2,7,-62,91,5
256,2,2,-30,29,-9
258,-8,-1,7,-40,-11
254,-4,-1,25,-28,-26
256,1,-8,-65,-45,-2
259,-5,2,43,67,8
259,-6,4,55,-103,-7
258,7,-4,63,38,49
260,3,-5,-13,54,2
248,-4,-3,21,-36,14
254,-8,-5,27,71,-54
253,2,5,-37,-24,-43
261,7,-4,-132,9,-58
259,-7,9,4,-15,118
262,3,11,36,-26,-11
255,-2,-4,0,55,15
252,5,-5,41,32,-55
253,3,3,-122,10,38
263,-0,-2,-21,-38,-10
255,4,-2,-21,-71,97
251,-5,-9,37,-0,-20
261,6,-4,-47,46,-43
263,-7,5,-49,-14,13
255,5,-2,-48,36,10
258,5,-6,35,76,-30
246,-2,0,87,-55,73
256,-1,3,28,-86,1
250,5,-6,110,-46,-43
254,9,8,36,22,-10
259,4,-5,12,23,27
261,12,-4,-22,42,-74
256,0,-3,10,-26,34
254,-4,-1,-31,43,23
255,6,-6,46,-17,-30
253,3,-2,0,82,-28
252,3,4,-52,27,61
255,2,3,-34,-89,-111
245,-0,1,-16,66,-8
257,1,2,-12,95,-74
251,11,3,23,-92,-33
261,3,1,73,-28,8
255,2,4,12,71,-135
253,-4,7,5,-119,126
256,2,3,11,37,-13
258,1,-1,-58,64,-70
256,-0,2,69,7,-52
253,-13,-7,2,-88,32
253,-3,4,-57,-0,-82
257,3,3,15,98,-48
264,-5,6,-42,-73,-26
257,4,-7,55,51,-81
257,5,0,40,78,22
247,3,-0,-35,33,60
255,-2,-4,-136,-34,12
260,3,1,31,111,-2
259,-2,-8,54,-128,-91
253,1,3,28,52,54
255,-2,-1,-18,-17,84
259,4,4,48,-29,-94
255,4,-5,11,-10,10
253,1,-8,-26,-30,-16
245,-8,0,-4,44,126
252,-2,6,76,-7,8
253,8,-7,38,23,-35
260,5,1,10,49,21
249,5,2,-48,-24,-51
255,7,2,18,55,-44
269,-9,-0,70,69,13
255,8,3,18,68,70
256,8,-7,-61,21,22
255,4,-7,48,-54,-3
258,-0,-12,14,10,-27
251,1,14,101,-1,-48
257,5,1,0,11,31
256,-11,4,49,-11,-34
250,4,1,55,29,58
260,-10,3,72,-52,23
249,-0,2,1,-19,-72
264,-3,3,-3,-55,26
262,-0,-6,9,-11,-43
248,3,1,-11,-24,16
257,4,-2,14,101,30
242,-4,4,-64,-87,16
255,10,-2,109,77,54
264,-2,-0,24,75,11
259,-2,5,6,8,19
263,-4,-2,-121,-37,-21
264,6,5,31,4,-43
253,-5,-5,-134,-43,-8
254,-10,-1,-19,-30,-29
259,1,-1,-56,38,-72
253,11,1,19,27,80
261,-7,-5,-18,-48,-28
265,3,3,19,-32,-29
256,-7,-5,7,4,-51
257,6,5,-61,19,52
253,5,4,6,-11,57
258,-1,6,-28,34,3
253,-2,1,12,7,59
256,-5,-0,-59,68,-29
267,1,8,52,-70,-57
267,-3,1,12,-61,-10
257,-5,-2,22,-7,-18
251,-9,-3,-36,73,53
257,-5,-6,-37,33,35
261,-1,0,-40,-41,45
259,1,0,18,-87,31
247,-1,1,-38,-45,70
255,-5,1,-31,-51,-10
251,-1,2,-33,29,19
260,4,7,24,-14,-26
253,4,-6,-28,-68,-41
253,1,-5,45,-100,-30
259,-5,1,-2,109,-32
253,0,-7,56,38,2
262,6,4,9,-27,36
260,-2,3,10,-25,26
255,-4,1,-10,-50,4
251,4,8,-68,-13,-41
257,-17,6,-35,1,3
251,-0,-5,27,-9,26
266,-2,-8,14,10,-18
256,-5,-3,52,19,10
265,2,-5,59,137,-45
261,-4,4,26,-39,2
254,-4,-3,16,-35,15
256,-8,-2,37,103,-36
260,0,-6,-29,-66,-1
255,-3,5,-3,-90,-40
264,-1,0,107,41,3
265,2,2,33,-2,-89
256,-3,-0,-27,-12,-56
249,-2,-0,-6,-36,-42
252,-5,-1,21,-12,7
251,9,7,4,-50,8
246,-1,-6,-6,24,46
251,4,-4,-25,17,-7
255,4,2,46,-57,-19
253,-9,-2,-28,-47,-20
263,-0,-3,24,51,49
256,-7,-3,68,74,54
252,10,4,82,-28,-50
259,0,-9,2,37,75
258,-11,-5,25,-17,-79
254,5,1,21,12,-55
258,6,4,55,66,-40
260,-3,-4,-54,60,-51
247,4,10,60,-57,-111
251,2,1,17,10,0
258,-5,4,-65,18,33
251,0,8,22,114,43
241,3,0,32,46,54
254,-2,-5,48,-12,-63
255,-1,12,-21,-42,41
258,2,2,-1,-55,-55
263,3,-4,-13,-47,-66
251,-3,-5,-94,26,11
258,-5,6,9,-68,-11
260,2,0,12,-72,-72
255,-7,-0,-59,-7,39
255,-2,5,46,-43,35
260,-5,4,120,124,-15
266,-2,1,40,-12,-80
252,2,2,-22,-21,57
257,7,-7,-15,22,76
252,4,-6,-112,7,69
253,-0,12,-16,19,28
251,1,-2,125,-28,22
255,-7,7,-84,-32,-24
253,8,3,15,61,-25
252,0,-7,38,18,-16
257,0,1,-41,43,-63
253,3,-5,-53,15,9
252,4,-4,83,-1,-20
255,-4,-7,39,-44,20
262,8,2,12,-5,8
265,0,-3,45,-9,41
262,-4,6,-8,17,-4
250,-8,1,-18,-3,40
250,-9,3,-35,-88,13
261,5,-3,4,26,23
263,7,-5,-27,-15,40
249,4,-5,-22,11,29
253,-8,-6,-55,97,-43
257,1,-1,-65,-2,19
249,-3,3,83,-24,-95
259,-1,1,-3,150,-61
247,-1,-14,-29,3,26
253,-2,-4,3,2,24
259,-3,1,29,-20,86
259,-4,3,29,-59,-38
252,1,-5,-5,-14,11
256,-7,-5,-125,15,11
250,-1,-8,-7,-11,71
250,5,-7,-25,-24,69
259,2,-8,-21,30,-52
258,0,0,71,71,28
266,-7,1,-48,-45,-3
257,-3,4,20,-21,39
254,3,-7,-35,-5,-33
252,1,-1,-20,72,43
263,-5,-1,25,-38,-7
254,7,3,30,-11,5
254,-3,1,-19,-7,-67
250,2,1,32,29,56
257,-1,-3,42,7,-19
254,-3,3,84,17,21
247,-2,-0,-42,-14,51
258,0,4,45,34,-26
248,-2,1,60,-80,-74
263,8,-2,-43,-74,37
250,3,-6,-37,60,35
246,-9,2,63,56,-13
256,-6,1,-32,58,15
251,-6,4,-46,76,9
259,5,-12,25,73,-119
254,1,-6,-113,-25,33
261,8,3,90,2,32
254,6,1,-48,71,28
259,0,-6,-42,51,13
262,-9,-5,23,-6,-55
250,7,-3,2,-4,10
258,-1,-10,-28,-47,56
248,-3,-4,-2,-49,16
261,7,-8,-67,-145,3
256,-4,2,6,75,-23
258,7,1,-138,10,-50
257,1,1,-76,-23,-51
265,-1,1,57,-11,-24
263,-2,1,-24,16,21
260,3,-7,-22,40,-35
253,2,7,-6,-64,16
260,-13,2,45,88,-4
268,-0,-6,11,-5,-70
250,2,-8,-7,53,25
258,1,2,-29,96,-44
263,-4,-3,71,-77,-69
253,2,-7,-9,40,-7
254,-1,3,43,-103,60
259,-2,-1,1,48,-45
252,7,-10,109,53,-30
250,3,-1,36,-5,-48
259,-6,-8,77,40,-55
262,-0,4,74,-63,14
259,-1,8,-45,1,40
258,-6,4,27,26,47
258,-10,-2,22,-14,16
257,6,2,-55,30,1
273,-9,8,-31,36,-16
255,1,2,28,11,118
257,-4,3,-126,-68,-19
261,2,1,14,-38,50
256,3,7,47,38,50
265,-3,0,2,-76,-23
257,-10,3,-8,-8,24
248,-12,3,-72,-87,-29
253,-2,-4,-4,28,33
252,2,1,36,4,-58
250,9,6,13,-70,33
255,-2,-2,-71,-43,-24
257,-3,-3,-4,0,35
261,2,1,-55,8,1
260,-5,-0,-15,59,0
249,5,-3,84,-9,46
247,-3,-9,-47,14,-18
259,-2,-6,-8,56,-30
254,-1,-2,-1,84,-8
259,6,3,80,-2,-6
254,-5,-1,-32,-14,4
256,4,1,103,-55,32
252,-8,6,-118,-60,46
256,1,-13,-45,-4,48
255,-6,-1,79,-6,93
255,-9,3,-25,-3,-52
255,3,-2,67,10,36
255,-0,-11,76,-27,55
256,-5,-4,52,-5,-8
257,3,-4,49,18,64
261,8,4,-57,62,-64
258,-3,2,-37,-12,-67
256,2,-5,-41,12,-21
253,-10,2,22,34,-16
254,-7,-7,7,15,36
257,5,-2,-32,4,-57
251,-7,2,-32,-3,28
261,8,4,-35,-24,10
251,3,-3,-19,30,-22
259,3,2,-53,-14,-39
256,-1,3,1,61,22
259,0,-7,41,-51,68
250,2,-1,-69,7,-34
250,-5,3,-46,63,52
246,-1,4,5,115,6
243,-1,1,-53,-25,-59
255,-0,-0,48,-35,-70
258,-8,0,122,-118,3
258,-4,2,-37,52,15
249,1,-1,-40,86,-12
264,5,-3,53,-4,-74
264,-6,6,-41,-94,84
253,-6,8,47,1,-2
254,7,-9,22,-84,67
259,5,-5,22,105,74
262,0,3,-5,-4,63
254,1,5,-8,24,-25
259,-8,2,-3,-15,-32
254,12,-4,-47,-9,36
247,7,-5,17,-37,-39
260,-12,-4,5,-22,15
254,-3,1,-10,-4,12
248,5,-6,-9,11,-15
253,6,6,32,-17,-91
267,-4,3,76,59,1
255,-4,9,13,45,-64
255,-1,0,-37,32,35
251,4,8,-54,27,24
256,2,7,-70,27,-1
255,4,2,54,15,-27
255,1,-2,-2,51,-19
252,3,-9,4,32,-61
253,6,3,-67,-9,113
258,-3,5,-47,8,25
255,-2,-11,84,-32,-25
256,-3,6,-18,83,17
270,2,-7,23,-15,-52
258,4,2,76,44,47
