28,-327,0,-135,3,89
-7,-226,0,-283,-170,-76
-8,-194,0,-258,-40,132
13,-130,0,30,-200,325
116,-161,0,-187,-159,-10
74,-116,0,184,1,125
89,-121,0,198,-342,139
87,-109,0,145,-212,-138
190,-32,0,-145,-41,235
118,-58,0,172,-158,133
107,51,0,-89,45,-415
149,35,0,-182,-110,-122
155,126,0,-251,-317,0
170,114,0,308,31,-180
164,-35,0,-65,67,123
171,-20,0,-243,281,-201
141,-18,0,29,-286,-188
139,29,0,348,-102,202
250,20,0,-539,-243,103
180,19,0,273,141,-52
162,121,0,-106,112,41
173,39,0,238,57,79
78,12,0,41,488,157
71,-6,0,-58,149,-18
95,-10,0,230,-246,-146
112,46,0,-201,-223,-72
114,-47,0,3,-51,-209
98,-74,0,-323,99,-296
14,-165,0,128,-21,-29
97,-100,0,19,-7,-321
24,-135,0,-71,50,52
17,-249,0,-133,-257,184
50,-242,0,-33,216,-422
-32,-186,0,-10,17,167
-73,-360,0,13,55,-99
-6,-262,0,230,94,-138
-9,-286,0,29,24,-67
-68,-269,0,-280,159,-66
37,-434,0,-180,97,-297
-67,-432,0,-199,-244,-65
-119,-395,0,268,-233,75
-120,-431,0,239,-167,-242
-4,-449,0,-141,43,-70
-208,-492,0,335,272,-147
-99,-561,0,-182,461,56
-55,-474,0,47,-113,-199
-67,-496,0,-155,304,388
-144,-520,0,119,46,262
-125,-584,0,45,-209,54
-80,-539,0,-216,-69,63
-92,-542,0,-123,-17,244
-147,-510,0,-457,-314,335
-129,-451,0,106,193,-119
-151,-489,0,-244,143,335
-129,-521,0,-73,-94,424
-124,-501,0,20,6,-42
-128,-484,0,23,281,293
-100,-553,0,115,-42,-143
-121,-503,0,-66,48,172
-128,-460,0,-256,166,192
-114,-353,0,-63,-220,-95
-98,-378,0,77,27,74
-74,-472,0,157,-265,-324
-58,-356,0,-53,-233,185
9,-245,0,-47,-141,61
-52,-363,0,-295,-133,149
-50,-295,0,-243,-269,160
-69,-273,0,149,300,168
16,-246,0,298,-6,-16
-24,-260,0,51,-47,-137
16,-179,0,274,-141,-91
92,-122,0,-154,-78,183
101,-170,0,324,180,102
95,-30,0,-71,-111,-63
107,-37,0,199,-67,-153
109,52,0,202,220,412
116,-22,0,-191,-258,-346
176,28,0,160,-92,35
155,-6,0,39,-381,309
169,-21,0,134,-51,176
138,7,0,204,-195,129
167,-35,0,-210,1,-136
125,114,0,443,-96,-135
100,38,0,340,263,452
196,35,0,232,-47,125
178,94,0,-86,-282,-119
80,44,0,-63,322,130
42,28,0,-19,199,60
161,-39,0,-296,-228,129
106,11,0,384,-306,13
29,16,0,142,-166,166
195,-57,0,239,21,524
41,12,0,264,139,62
204,-80,0,47,-109,68
113,3,0,-191,-135,-103
72,-130,0,-296,-230,-32
85,-178,0,438,-117,-311
22,-129,0,14,131,86
-8,-220,0,-99,-127,-41
14,-136,0,356,140,192
67,-267,0,-301,-98,-315
-13,-223,0,-105,382,226
-14,-301,0,28,-16,-25
44,-272,0,262,-188,57
-17,-392,0,221,-242,400
-9,-287,0,-249,-174,-180
-136,-405,0,147,-32,-367
4,-464,0,-119,69,8
-7,-483,0,-88,100,309
-101,-451,0,-102,-198,-77
-0,-463,0,-27,420,105
-178,-498,0,-207,-285,-313
-132,-494,0,-39,-349,-90
-142,-595,0,-312,-36,-167
-61,-487,0,72,-470,-151
-92,-548,0,-165,58,196
-120,-480,0,-108,-12,302
-157,-543,0,-74,-25,75
-178,-583,0,-76,301,291
-47,-569,0,-81,58,109
-206,-631,0,141,-61,-137
-162,-601,0,100,320,-45
-140,-611,0,370,-32,-89
-119,-506,0,-14,103,-393
-150,-573,0,87,-178,462
-122,-517,0,-64,-189,107
-21,-467,0,175,-220,56
-176,-478,0,37,-250,116
-156,-495,0,234,247,-159
5,-372,0,-75,-117,-93
-125,-386,0,330,-250,238
-16,-424,0,206,-14,-146
28,-342,0,-212,-155,159
-49,-291,0,254,-60,252
-2,-263,0,-6,429,181
-54,-203,0,-47,-281,-152
-26,-202,0,-388,351,56
48,-163,0,258,-382,-257
41,-128,0,-123,-190,-185
12,-146,0,-323,-27,18
107,-13,0,-4,160,-86
67,-128,0,-154,291,-57
94,-101,0,43,-9,145
83,-72,0,-408,-330,32
56,-42,0,260,-462,-98
153,-83,0,71,-137,-119
95,1,0,-387,349,-28
118,-59,0,119,30,-88
236,118,0,416,393,-195
55,3,0,240,20,-158
252,61,0,-87,-82,24
203,117,0,-381,90,-270
28,23,0,-59,184,110
225,-22,0,25,-203,-1
227,-56,0,129,-116,302
177,48,0,-124,-235,90
125,16,0,191,186,68
171,21,0,43,241,89
174,-24,0,-92,250,74
184,-30,0,-233,307,-15
90,-28,0,130,-24,-242
99,-34,0,430,-147,-550
134,-157,0,386,192,-146
47,-117,0,-28,60,-323
-2,-167,0,158,-41,334
132,-154,0,81,-192,-3
66,-109,0,124,-369,190
42,-277,0,-72,427,-412
64,-212,0,-52,-219,-149
32,-245,0,203,298,110
-51,-174,0,-48,223,-115
-100,-295,0,266,104,61
-103,-341,0,26,129,-6
18,-399,0,194,-432,192
-43,-441,0,-358,92,143
-124,-318,0,238,58,-284
-109,-444,0,-67,33,180
-121,-446,0,-17,22,407
-150,-508,0,343,-69,-440
-148,-506,0,-130,-173,1
-184,-496,0,188,220,-136
-177,-502,0,-328,166,95
-188,-532,0,-53,189,-103
-221,-542,0,111,-129,-42
-182,-451,0,121,-134,203
-141,-654,0,-153,167,21
-216,-477,0,-80,-180,13
-176,-570,0,-164,348,246
-178,-598,0,197,21,-64
-76,-504,0,-118,-100,-43
-195,-478,0,-147,-269,-216
-73,-489,0,-185,-84,204
-165,-498,0,173,311,-401
-90,-482,0,-123,278,53
-154,-472,0,-1,-232,154
-162,-499,0,-107,23,-130
-35,-412,0,-131,-91,-384
-82,-439,0,250,-341,-7
-88,-346,0,148,-352,137
-68,-328,0,361,245,-86
-41,-343,0,-113,78,34
-75,-329,0,120,175,-229
35,-307,0,95,-249,95
51,-194,0,121,-405,386
162,-220,0,-62,-52,-141
58,-162,0,262,242,91
108,-110,0,137,229,13
40,-207,0,29,167,283
98,-99,0,249,101,-176
101,-70,0,-122,80,-14
79,45,0,195,-209,262
58,-36,0,37,-182,-158
137,-25,0,45,-244,-333
89,-7,0,98,-164,-253
138,16,0,-154,-138,592
67,-10,0,-172,-38,-197
88,-70,0,127,130,-128
187,63,0,255,-331,181
149,88,0,-217,38,-87
166,-17,0,411,230,-5
168,38,0,-79,-219,39
165,27,0,388,-259,-18
124,-16,0,58,51,-212
48,-76,0,-137,-51,-77
183,-38,0,-333,94,-37
17,19,0,-326,-56,108
91,-30,0,-36,365,-206
54,-83,0,-119,223,-159
104,-113,0,-119,373,-179
144,-11,0,84,28,-236
216,-150,0,-11,-79,-233
69,-96,0,-230,23,274
40,-157,0,216,-357,-61
49,-239,0,-19,264,339
92,-172,0,-40,105,222
-39,-217,0,12,-281,-48
-3,-333,0,227,455,-17
-17,-333,0,-101,-299,-201
-23,-318,0,35,-89,-454
-91,-321,0,128,31,93
-91,-360,0,45,-133,-14
-10,-358,0,-15,-218,175
-137,-387,0,-24,138,-25
-71,-357,0,136,65,111
-19,-546,0,-27,-88,-83
-108,-450,0,285,-103,100
-121,-551,0,-263,-301,-272
-75,-581,0,22,-2,-17
-120,-482,0,103,284,133
-52,-510,0,173,-249,206
-111,-514,0,-170,68,174
-157,-561,0,-139,-191,-299
-214,-601,0,272,-182,0
-175,-537,0,-91,169,161
-188,-568,0,-56,319,-102
-168,-520,0,-74,-74,80
-127,-465,0,-258,205,121
-137,-475,0,90,114,122
-53,-523,0,-51,-186,327
-144,-532,0,191,-8,-96
-179,-421,0,-248,-143,86
-179,-480,0,197,162,-9
-95,-511,0,-5,-398,-89
-93,-441,0,-40,-23,-262
10,-326,0,246,164,164
-125,-320,0,17,-21,-202
-124,-433,0,75,-239,-141
-26,-340,0,-270,-179,169
-29,-389,0,-205,76,-174
31,-312,0,5,-14,189
-5,-259,0,-290,-156,-74
114,-205,0,-235,-43,33
41,-186,0,29,161,235
104,-61,0,-67,149,-271
9,-151,0,-25,-159,-79
74,-158,0,-81,-24,-180
98,14,0,-183,298,-59
83,-72,0,284,-309,-200
115,-70,0,-16,37,58
69,-19,0,-272,-259,-247
172,-7,0,103,275,198
102,-22,0,-298,-189,217
169,-9,0,159,-9,119
260,24,0,88,-19,-116
107,83,0,-142,13,367
81,25,0,-134,179,124
180,53,0,112,-5,10
129,110,0,250,324,-129
148,58,0,-333,273,-321
120,17,0,163,-25,9
137,61,0,-38,-240,223
190,-11,0,-313,69,210
208,-9,0,-314,21,21
69,70,0,157,-17,313
121,-41,0,-212,39,360
86,3,0,78,379,-241
153,-112,0,6,-60,135
81,-133,0,-299,-172,273
47,-217,0,-156,-82,-22
78,-161,0,-199,21,102
90,-161,0,-125,-76,-272
-2,-198,0,-320,-39,-216
97,-291,0,-409,-25,-148
36,-224,0,-273,-59,-138
-26,-272,0,-39,-246,33
34,-267,0,-177,216,112
-43,-257,0,-13,273,97
-18,-295,0,147,-332,-69
-107,-393,0,-457,-287,-101
-155,-372,0,149,128,-84
-18,-395,0,41,-3,-50
-60,-432,0,-254,165,-293
-66,-490,0,285,281,-25
-102,-527,0,243,273,-352
-225,-475,0,-345,-38,196
-121,-620,0,-298,-32,501
-195,-435,0,37,-368,-114
-204,-609,0,-26,-112,300
-180,-610,0,141,59,-115
-243,-550,0,11,-389,95
-115,-610,0,245,146,88
-143,-473,0,-49,-89,336
-160,-595,0,26,426,215
-130,-556,0,-253,-51,225
-122,-555,0,64,122,-28
-166,-581,0,-125,-281,-61
-196,-467,0,1,-350,44
-177,-545,0,19,134,-436
-151,-497,0,-74,-13,-82
-194,-498,0,93,379,233
-117,-445,0,58,95,6
-51,-440,0,-204,143,282
-21,-446,0,-449,-130,-285
-124,-355,0,-384,-253,335
17,-345,0,-12,-249,-383
-54,-339,0,158,-38,-248
-44,-346,0,124,-193,-118
-59,-254,0,-226,-35,21
118,-248,0,222,16,32
48,-219,0,-53,-80,-92
-38,-161,0,723,-233,172
75,-164,0,16,70,-164
59,-29,0,179,87,71
64,-119,0,-59,-550,-343
110,-75,0,215,-181,-162
87,-29,0,-67,-411,244
118,-12,0,-338,491,246
124,-85,0,-166,198,0
55,-37,0,46,12,-174
100,17,0,141,235,31
104,38,0,318,-201,-43
109,-6,0,142,93,180
155,17,0,-251,-159,-278
168,61,0,-56,230,28
190,153,0,-384,-74,94
131,124,0,315,-20,-203
142,-21,0,64,-125,35
163,71,0,384,-165,-156
82,50,0,-162,203,238
159,14,0,206,99,-75
48,38,0,-351,24,264
106,-1,0,-224,-395,-119
85,-37,0,165,130,-65
62,-69,0,-155,249,-76
109,-43,0,423,58,-126
-14,-108,0,99,-211,272
36,-190,0,52,31,-107
57,-250,0,114,-190,64
43,-122,0,361,-331,136
-26,-184,0,150,-148,-137
69,-225,0,-144,482,-197
32,-311,0,-380,192,-151
57,-348,0,-202,239,137
-87,-275,0,236,257,208
38,-367,0,121,-136,-232
-131,-304,0,-264,-127,-320
-22,-294,0,-189,17,-53
-65,-399,0,-386,79,22
-104,-411,0,18,85,189
27,-451,0,0,-1,-64
-73,-366,0,-216,380,229
-170,-434,0,365,327,-101
-146,-481,0,-273,-255,-181
-108,-493,0,403,44,-19
-140,-424,0,47,40,235
-211,-568,0,-433,13,403
-200,-608,0,237,-179,-437
-213,-539,0,-198,324,-59
-157,-569,0,-436,230,-234
-164,-532,0,39,-393,-204
-158,-559,0,-18,174,41
-99,-564,0,-142,-94,305
-115,-478,0,332,36,325
-238,-555,0,-350,-168,-402
-169,-551,0,-47,322,-98
-32,-508,0,-545,-134,-75
-173,-428,0,557,-240,-182
-151,-480,0,51,32,-44
9,-505,0,203,678,-126
-26,-419,0,-13,477,192
-56,-364,0,238,9,29
-2,-313,0,149,-255,-270
20,-285,0,-135,-223,-297
-96,-284,0,-120,-360,90
28,-327,0,76,-129,-326
106,-286,0,37,93,133
-27,-134,0,-135,11,121
24,-207,0,46,-60,79
93,-217,0,385,205,-143
115,-128,0,378,-60,-285
71,-100,0,101,-129,97
28,-136,0,65,-28,-355
135,-114,0,188,-20,-103
-67,-111,0,311,116,162
128,-20,0,-113,-144,58
157,-40,0,136,-31,109
73,42,0,406,50,-120
191,3,0,167,118,-355
137,55,0,-53,-229,19
58,38,0,362,-52,109
178,38,0,54,-90,-95
166,17,0,136,72,70
176,77,0,99,-26,-145
97,61,0,-19,126,36
167,15,0,301,-44,-124
231,-66,0,-18,3,192
206,43,0,74,15,-20
28,-7,0,31,-60,-68
146,-32,0,-167,-39,147
153,-34,0,40,141,-92
111,-23,0,84,-231,35
181,-12,0,-305,110,-207
57,-78,0,-239,-399,103
87,-95,0,-205,-216,-41
28,-204,0,45,-108,-51
45,-179,0,288,180,-188
56,-225,0,83,-345,-158
-37,-261,0,-276,236,29
-11,-253,0,288,407,63
33,-239,0,240,133,-61
-15,-238,0,-166,381,67
14,-322,0,-13,319,136
-98,-340,0,11,-177,-81
-28,-357,0,-16,-24,-253
-19,-431,0,234,-122,-127
-43,-403,0,274,-74,-20
-126,-396,0,118,-119,233
-64,-509,0,-433,91,-317
-143,-510,0,-222,46,-62
-48,-523,0,-60,-256,217
-136,-446,0,-36,123,-72
-56,-483,0,12,242,-103
-152,-506,0,160,-75,60
-52,-619,0,181,-146,-203
-149,-500,0,17,-216,64
-200,-590,0,-20,-62,24
-94,-512,0,144,67,-110
-270,-593,0,-316,-386,212
-145,-523,0,-237,-18,-145
-182,-569,0,-28,143,-62
-191,-560,0,-137,-54,216
-63,-522,0,286,-435,-77
-102,-531,0,229,107,52
-55,-521,0,107,-200,-15
-90,-507,0,-19,318,-136
-88,-440,0,-129,249,-4
-169,-406,0,6,-40,65
-64,-340,0,-35,-78,-55
-141,-341,0,-34,-269,-196
-57,-382,0,-223,-75,-223
-17,-374,0,-36,-181,-104
35,-342,0,253,-158,155
-16,-277,0,-273,-276,-198
22,-290,0,-237,-119,349
75,-100,0,55,-36,-94
31,-175,0,-235,-37,-356
41,-173,0,-72,-19,-41
66,-205,0,61,-121,-181
56,-144,0,16,86,-317
114,-96,0,-89,430,394
30,-48,0,39,71,-204
155,24,0,89,261,41
83,-73,0,-76,220,296
132,-18,0,240,12,-202
188,-41,0,226,-179,-64
54,11,0,281,13,-402
114,114,0,229,-496,-173
203,46,0,-103,206,169
111,50,0,-64,69,-164
185,11,0,119,71,232
137,160,0,-258,-48,-22
214,-10,0,206,-177,150
228,53,0,-218,62,-127
160,11,0,372,165,-236
112,49,0,64,89,173
77,38,0,-231,-88,6
82,-86,0,91,339,54
68,-25,0,-350,207,218
107,-138,0,168,-20,129
86,-89,0,-168,-198,-112
34,-125,0,-22,-132,152
50,-93,0,-62,87,139
84,-78,0,-199,193,-534
21,-187,0,-126,-399,-118
-89,-118,0,-88,-99,-446
-52,-291,0,13,37,-64
-27,-254,0,-84,-187,26
-78,-355,0,270,79,300
29,-254,0,-350,93,-112
-81,-333,0,-39,450,252
-128,-299,0,403,-206,76
18,-360,0,78,-43,-240
-106,-353,0,-150,-16,-64
-48,-494,0,221,242,82
-185,-461,0,6,-146,89
-94,-356,0,103,-322,-143
-36,-489,0,-478,21,-14
-106,-487,0,-130,298,-68
-173,-557,0,22,-32,-0
-216,-487,0,50,87,-14
-138,-595,0,30,-119,-89
-212,-560,0,-350,97,20
-133,-594,0,75,32,-12
-110,-540,0,380,-216,165
-97,-567,0,-25,222,-338
-127,-480,0,110,245,106
-80,-525,0,-165,-202,-113
-207,-524,0,-239,205,144
-132,-524,0,203,263,-96
-147,-512,0,279,328,-401
-134,-461,0,125,-90,80
-70,-521,0,-178,-271,115
-123,-473,0,-393,41,-88
-56,-504,0,128,71,-289
-68,-356,0,29,-308,-160
-70,-372,0,-193,279,-75
-86,-386,0,94,127,-154
-74,-329,0,234,328,203
112,-311,0,-40,131,349
5,-260,0,162,338,-169
29,-219,0,-143,48,-289
-39,-175,0,299,-201,-255
52,-133,0,155,227,-389
-21,-97,0,-135,97,-170
141,-100,0,-105,-67,-165
130,-54,0,86,151,-31
155,-164,0,120,56,-239
128,-52,0,-77,152,290
115,-15,0,57,269,-66
64,-108,0,-177,189,114
113,36,0,-164,97,70
59,-22,0,-23,31,417
155,65,0,141,-13,-389
228,53,0,61,170,-119
119,61,0,11,-100,459
132,5,0,-255,61,-221
202,28,0,-53,-112,156
189,121,0,-286,-38,-23
153,117,0,121,27,316
215,63,0,-110,357,232
158,198,0,-39,-246,-170
191,71,0,-37,-67,-354
132,36,0,-444,208,-179
180,-81,0,25,86,320
70,-68,0,-452,-360,-169
28,-106,0,-337,-72,16
-26,-124,0,-12,434,176
162,-179,0,178,207,-120
66,-154,0,4,271,25
58,-165,0,78,-314,-261
10,-110,0,340,-118,468
88,-233,0,-126,-184,130
-40,-175,0,-30,194,-119
-35,-173,0,-151,-238,-166
39,-244,0,97,-99,-53
-26,-336,0,-100,59,-170
-75,-349,0,137,-21,67
-65,-448,0,51,414,82
-73,-405,0,94,-126,-158
-84,-293,0,-138,-98,61
-97,-436,0,448,57,-49
-135,-498,0,160,-100,81
-225,-473,0,-2,-363,114
-83,-473,0,-151,-174,266
-99,-567,0,245,118,-358
-162,-484,0,86,79,411
-134,-598,0,213,-69,-9
-120,-442,0,-3,30,257
-185,-558,0,-231,158,-159
-121,-602,0,-361,-37,95
-185,-608,0,207,267,-168
-219,-570,0,35,-173,-5
-160,-590,0,-100,20,-94
-154,-495,0,-202,31,-84
-226,-487,0,-188,205,332
-71,-548,0,-170,288,297
-34,-494,0,-217,-332,26
-115,-516,0,56,-5,-210
-135,-392,0,244,191,88
-121,-392,0,-135,-107,-105
-187,-447,0,-98,356,283
-66,-412,0,-20,-31,-272
-59,-312,0,120,297,130
-89,-396,0,158,76,-65
-76,-371,0,21,-221,176
-35,-265,0,-104,-370,289
7,-245,0,401,-208,147
-6,-272,0,-48,13,-472
84,-315,0,-835,-308,-87
-28,-251,0,-146,202,-101
49,-149,0,-95,-445,24
91,-231,0,-154,238,168
51,-112,0,56,-175,-168
59,-126,0,-6,-88,106
18,-21,0,219,102,121
24,-91,0,222,5,199
113,-0,0,5,195,458
157,12,0,210,93,-372
122,29,0,-31,-51,9
129,60,0,-116,314,-240
146,66,0,131,-221,-240
186,4,0,368,447,17
93,8,0,164,-255,244
218,47,0,183,52,-270
14,109,0,179,162,97
109,60,0,28,-122,-252
193,104,0,-15,39,325
117,-22,0,26,92,-154
126,16,0,-18,76,-70
212,26,0,316,-135,211
102,2,0,62,34,-304
197,52,0,276,231,-74
161,-64,0,3,-48,158
187,-18,0,-344,25,-209
68,-43,0,355,232,-89
33,-38,0,196,-208,-73
56,-115,0,-16,89,-181
-50,-179,0,168,-43,-124
13,-231,0,246,58,-75
53,-268,0,84,81,254
-61,-270,0,-151,-314,168
13,-221,0,-157,167,-510
-22,-309,0,-96,251,129
-37,-403,0,349,-204,267
-5,-343,0,120,134,-213
-34,-401,0,166,-418,395
-80,-369,0,16,136,-89
-61,-413,0,-183,92,202
-107,-569,0,140,14,81
-157,-427,0,14,147,419
-116,-438,0,-233,-126,291
-165,-580,0,-176,-205,-417
-159,-482,0,-312,-6,303
-125,-561,0,-201,84,297
-164,-551,0,-179,167,0
-142,-540,0,248,-99,43
-97,-491,0,246,-176,207
-92,-610,0,293,240,373
-132,-672,0,124,-336,104
-204,-647,0,241,-271,-150
-90,-440,0,396,231,-146
-24,-537,0,258,269,336
-52,-572,0,-16,32,85
-134,-480,0,-86,20,-21
-71,-511,0,-46,118,-85
-160,-414,0,-45,-218,-264
-85,-433,0,-79,194,-211
-123,-451,0,68,-96,174
-119,-418,0,-221,422,499
-80,-384,0,-61,-15,-114
-60,-420,0,-30,-47,-17
-57,-289,0,-109,135,201
71,-315,0,123,-94,178
-23,-368,0,3,-189,-214
-53,-166,0,-211,-99,284
92,-245,0,169,-472,102
20,-137,0,-0,-130,-16
-3,-183,0,19,-381,-63
180,-192,0,-2,146,75
7,-138,0,361,-301,-113
84,-157,0,-278,49,-6
33,-65,0,-523,66,131
81,-148,0,-332,282,-70
143,-77,0,-40,-122,-26
178,73,0,-26,-226,-131
124,26,0,99,-52,-52
53,66,0,139,-71,313
188,-38,0,71,296,-172
197,52,0,-196,33,188
122,155,0,-74,-233,-18
166,119,0,-483,241,235
126,95,0,-162,36,454
119,1,0,-277,199,-182
111,28,0,349,-28,10
61,23,0,85,68,-349
67,14,0,-258,-157,121
194,-23,0,45,211,353
251,54,0,80,299,249
124,-35,0,98,-59,296
141,-90,0,167,67,94
163,-103,0,-145,-217,-132
77,-72,0,-128,-23,256
121,-171,0,87,-174,-95
101,-130,0,-201,-113,-82
14,-137,0,50,135,121
104,-124,0,-432,-319,171
57,-241,0,118,317,-186
-8,-260,0,156,-137,82
6,-249,0,622,-83,-310
-59,-335,0,16,241,-423
-91,-231,0,-130,98,5
-52,-217,0,-107,-238,123
10,-479,0,134,314,-217
-26,-387,0,75,-52,-511
-7,-506,0,78,-323,-451
-62,-448,0,247,-95,123
-116,-527,0,121,-132,-201
-103,-436,0,169,373,277
-98,-625,0,60,287,-336
-148,-559,0,-54,-139,95
-172,-453,0,237,44,445
-80,-600,0,-278,-119,26
-100,-563,0,-260,30,-60
-193,-590,0,-144,39,236
-165,-516,0,107,31,109
-258,-576,0,-0,288,-98
-103,-570,0,99,-6,-278
-163,-552,0,-250,-247,164
-150,-569,0,-101,-99,-380
-99,-526,0,-181,58,-194
-125,-500,0,-110,154,243
-197,-462,0,19,111,-394
-104,-492,0,-208,-294,-430
-124,-561,0,-86,89,160
-65,-498,0,-241,-185,178
-23,-368,0,177,-285,-248
93,-429,0,-46,-18,135
-146,-375,0,468,224,214
16,-245,0,-49,-88,-63
-39,-238,0,-89,-49,-449
74,-317,0,-267,108,-311
-94,-285,0,-84,244,-186
-52,-272,0,3,142,-166
22,-217,0,-107,37,397
60,-129,0,132,57,-43
71,-159,0,-11,220,491
152,-147,0,52,-209,-360
5,-129,0,200,14,59
-14,34,0,-107,-40,90
38,29,0,125,-195,134
183,-53,0,210,32,16
75,70,0,-23,-199,-98
189,29,0,56,-185,-216
171,-16,0,44,90,-106
199,19,0,-264,67,159
125,53,0,61,-102,46
73,29,0,302,-141,-39
148,10,0,71,-149,-165
220,-74,0,190,176,-134
156,153,0,33,114,258
144,23,0,54,-141,81
149,48,0,-121,-82,-52
128,45,0,-123,-21,-220
120,114,0,160,-166,-96
136,26,0,-345,-94,17
138,14,0,-111,123,-189
182,62,0,-55,-58,14
71,-104,0,269,-125,-34
102,-82,0,-241,105,116
118,-87,0,-113,-293,-72
75,-97,0,90,275,-117
56,-77,0,184,-82,-61
58,-200,0,203,22,34
-16,-246,0,69,-279,193
80,-174,0,191,-31,-367
13,-193,0,-128,111,-33
-70,-239,0,114,-175,279
-98,-285,0,-32,-105,10
-59,-266,0,-104,-136,-371
23,-315,0,147,416,-15
-35,-393,0,-79,102,0
-75,-378,0,-224,-418,205
-62,-407,0,-57,-8,-96
-41,-455,0,-152,186,-149
-55,-416,0,-252,8,-98
-81,-481,0,-139,-179,8
-145,-498,0,474,-95,202
-165,-613,0,-209,-247,141
-152,-531,0,-135,-103,36
-122,-560,0,-53,-110,389
-247,-526,0,-461,38,-171
-149,-520,0,29,-105,373
-131,-509,0,85,306,1
-170,-582,0,98,151,-133
-85,-579,0,-179,156,-276
-161,-505,0,16,379,-157
-128,-585,0,39,-17,47
-82,-521,0,-142,-89,174
-155,-490,0,127,-148,-294
-65,-540,0,-156,506,-243
-156,-464,0,-281,-68,31
-61,-436,0,194,-44,145
-116,-395,0,-274,348,-69
-105,-398,0,-97,-204,262
-196,-408,0,21,90,44
-66,-328,0,-298,174,-167
-46,-336,0,-63,-132,-159
-6,-372,0,-41,-67,201
-87,-347,0,-177,-366,126
-22,-253,0,-281,211,-107
58,-226,0,-132,-236,-242
71,-206,0,-136,43,-17
28,-160,0,299,-202,26
37,-213,0,-204,195,219
86,-89,0,93,142,84
73,-53,0,38,-166,-355
54,-158,0,-8,275,-217
216,-109,0,-326,-69,190
116,-7,0,318,-88,-6
30,0,0,-254,91,-325
61,76,0,-127,116,-440
227,83,0,76,-138,275
133,-48,0,-239,-219,-284
141,91,0,-538,-167,2
68,134,0,-98,175,-41
202,132,0,-157,118,-66
167,104,0,154,18,-125
123,7,0,28,271,9
194,52,0,-291,-248,52
146,8,0,59,87,-329
196,54,0,-74,29,9
101,18,0,-84,28,-239
101,-39,0,-324,400,64
85,82,0,90,254,94
170,-81,0,-103,58,-141
96,-79,0,-296,25,-300
-6,-88,0,43,-41,-166
134,-71,0,-87,-184,-98
-14,-80,0,1,243,159
52,-117,0,174,-399,-224
67,-249,0,-200,36,216
78,-149,0,171,188,350
2,-220,0,-87,153,-76
-17,-232,0,127,-6,-87
-85,-346,0,323,-126,127
30,-255,0,-206,221,-112
56,-340,0,-91,99,-160
-39,-392,0,227,119,-74
-61,-405,0,323,316,268
-128,-426,0,312,374,127
-80,-383,0,-136,-117,-327
-80,-467,0,297,84,241
-94,-501,0,-732,284,130
-111,-493,0,-22,63,58
-192,-481,0,-250,38,198
-84,-514,0,-166,-2,25
-166,-496,0,-122,-112,-80
-151,-480,0,-106,70,192
-83,-557,0,133,-99,25
-127,-491,0,21,52,-383
-92,-537,0,92,669,-85
-147,-487,0,-165,4,-175
-119,-478,0,230,98,-46
-137,-522,0,-147,-123,-35
-137,-583,0,-219,137,-294
-141,-491,0,-499,201,-220
-173,-468,0,-275,232,-133
-203,-606,0,508,-250,-265
-153,-380,0,57,53,-340
-154,-451,0,40,121,176
-73,-393,0,279,-69,240
-25,-326,0,39,-79,161
-118,-339,0,-64,-5,-111
-9,-317,0,158,338,-96
20,-355,0,-105,270,-72
-9,-307,0,26,-291,97
-16,-231,0,154,-34,-490
40,-267,0,245,-377,-233
54,-151,0,-55,53,100
-41,-185,0,-127,-217,79
40,-177,0,-266,-176,208
95,-123,0,-82,60,-21
165,-112,0,15,-204,-89
173,-41,0,9,33,-170
120,-147,0,-32,-204,130
107,41,0,319,83,69
184,-79,0,-35,180,30
88,-64,0,216,93,60
114,141,0,-75,272,242
52,78,0,-74,124,38
174,7,0,-103,-78,-9
170,76,0,-122,-42,-138
169,35,0,-265,126,-57
153,16,0,-230,42,-182
146,22,0,16,-238,426
166,14,0,-37,-215,-158
135,21,0,80,146,134
128,73,0,-182,48,174
163,50,0,115,-312,-284
108,14,0,-93,372,406
55,95,0,-37,54,-209
53,17,0,124,-21,-227
117,-16,0,37,110,-50
84,-57,0,-228,-291,70
132,-148,0,129,241,162
76,-83,0,194,87,24
45,-144,0,-13,-145,219
150,-189,0,319,-234,131
44,-257,0,-83,-66,115
-73,-263,0,-110,-75,-114
37,-210,0,189,-182,17
-62,-312,0,49,33,-27
-46,-265,0,-236,392,305
-26,-231,0,-41,-83,-40
-16,-335,0,-176,-181,93
-81,-393,0,-77,-59,-137
-189,-401,0,107,287,158
-107,-413,0,333,225,144
-72,-456,0,52,237,225
-105,-414,0,105,-56,29
-257,-595,0,-222,82,-162
-124,-510,0,209,214,26
-192,-546,0,-124,-37,420
-129,-648,0,-427,335,-40
-207,-514,0,-42,-193,-333
-55,-509,0,-260,129,-263
-162,-539,0,419,-98,-96
-75,-537,0,-368,-54,172
-161,-515,0,-202,-337,218
-162,-500,0,-66,134,-78
-186,-526,0,29,-109,-315
-144,-528,0,-63,-244,179
-139,-466,0,557,99,120
-136,-509,0,230,71,-197
-106,-460,0,282,-31,136
-130,-453,0,-172,-28,-122
-53,-433,0,-101,108,52
-153,-418,0,-105,-167,6
-94,-347,0,-127,-54,-57
-76,-459,0,136,-9,-40
16,-372,0,-103,-101,-127
-7,-318,0,-167,-62,-127
44,-315,0,-33,-422,-332
-76,-239,0,-102,-23,-255
92,-355,0,-64,-130,251
-68,-149,0,63,-87,195
-27,-122,0,65,-225,-281
47,-243,0,49,-89,32
89,-166,0,382,-16,7
40,-226,0,-203,203,-38
216,-158,0,-148,18,-177
86,-46,0,-181,224,298
150,-19,0,71,12,-312
68,-47,0,-198,-87,-319
167,38,0,-1,24,243
138,-3,0,97,55,162
188,-36,0,86,55,96
118,-43,0,253,117,-360
133,12,0,81,-228,-61
267,25,0,91,-139,28
128,42,0,30,136,32
77,-19,0,404,58,100
63,-4,0,1,48,27
174,-40,0,-117,-275,-404
19,36,0,270,-21,-4
101,14,0,-158,102,57
84,58,0,-261,-39,9
48,-22,0,-299,179,-102
134,-87,0,-188,-76,318
93,29,0,193,238,-126
98,-49,0,408,198,133
42,-114,0,36,23,-200
105,-152,0,-55,-249,-173
-36,-115,0,19,-83,-80
41,-175,0,-31,-78,-606
-69,-151,0,-176,11,-58
-50,-173,0,211,96,-191
28,-327,0,278,43,-194
-4,-290,0,106,-298,155
-93,-336,0,292,50,-36
-152,-345,0,-357,214,-146
-114,-331,0,-105,-79,-214
2,-401,0,230,-105,-179
-68,-406,0,-159,54,-131
-78,-478,0,174,-55,-64
-107,-496,0,117,49,317
-219,-526,0,-387,199,-294
-111,-475,0,-333,515,-79
-159,-479,0,36,-41,270
-218,-531,0,-217,34,-246
-207,-491,0,6,65,-202
-202,-591,0,-81,-56,42
-206,-573,0,-102,167,-55
-134,-553,0,-145,166,-161
-179,-576,0,-174,-59,-125
-181,-631,0,-85,243,240
-145,-595,0,9,-16,-98
-145,-511,0,-379,177,82
-184,-622,0,185,-4,19
-45,-602,0,-127,-140,98
-129,-525,0,58,-393,87
-152,-500,0,297,-135,-260
-186,-478,0,105,-109,-179
-181,-426,0,47,-182,6
-86,-519,0,-177,219,92
-140,-426,0,297,-251,-158
-96,-440,0,249,-108,-92
-31,-356,0,126,-181,148
-93,-331,0,161,195,-17
-146,-272,0,-129,-195,143
-51,-304,0,209,236,-51
-47,-325,0,151,-230,134
2,-219,0,291,-203,68
-43,-202,0,273,-268,66
61,-227,0,109,-144,-345
-20,-150,0,-203,100,65
41,-137,0,73,-91,-143
111,-56,0,-96,317,-36
83,-31,0,-74,-443,203
62,-48,0,-250,393,-79
95,-18,0,50,99,263
165,-87,0,-68,-234,-68
185,-70,0,-83,32,-123
94,22,0,-54,-178,33
161,78,0,-437,-165,267
130,50,0,-422,138,284
145,75,0,-143,-110,-7
135,59,0,124,-36,-89
184,-48,0,74,-79,122
57,-30,0,19,-41,14
185,-13,0,-381,120,154
79,-66,0,-44,-106,101
124,-142,0,-170,-1,23
87,-47,0,-252,-197,-138
151,-15,0,63,-50,87
160,26,0,-367,309,-77
144,10,0,214,136,20
59,10,0,23,-276,-89
18,10,0,154,22,-26
33,-52,0,-42,15,213
118,-194,0,80,8,-110
51,-167,0,114,-144,320
46,-138,0,-58,-147,134
-52,-211,0,71,-159,75
33,-207,0,-166,-140,-231
-48,-298,0,-36,-16,95
23,-318,0,146,41,69
-46,-264,0,262,-63,-182
-13,-365,0,387,-67,234
-84,-329,0,-73,53,-115
-94,-344,0,256,316,-241
-180,-345,0,175,133,-249
5,-409,0,147,-217,-25
-99,-460,0,-267,235,-198
-156,-425,0,-189,128,-281
-109,-435,0,-306,-242,68
-60,-491,0,-377,-77,-135
-157,-584,0,183,-74,-260
-200,-525,0,-70,-101,-102
-98,-527,0,-40,275,-118
-134,-675,0,-172,152,-47
-173,-546,0,-55,55,-253
-150,-568,0,116,175,-2
-128,-619,0,-190,-58,-213
-156,-537,0,43,-431,-174
-166,-608,0,-128,63,-106
-106,-602,0,-349,24,134
-194,-480,0,-150,-300,-320
-51,-525,0,-78,70,-161
-84,-541,0,-112,124,10
-165,-520,0,-67,57,-16
-149,-392,0,212,258,82
-25,-450,0,-243,-55,-205
-84,-423,0,334,-412,-193
-70,-439,0,88,-48,-41
-83,-321,0,-209,-119,15
-32,-415,0,-156,-60,-306
37,-361,0,-191,-101,-208
-122,-238,0,-261,70,-198
-35,-198,0,422,-155,452
28,-217,0,126,143,-92
91,-223,0,341,-229,29
-47,-226,0,-189,287,16
108,-153,0,171,6,173
91,-81,0,29,-88,-228
73,-36,0,197,271,307
115,-73,0,480,-455,-85
189,-115,0,-363,72,71
100,-42,0,-154,58,101
103,21,0,64,133,-26
154,-91,0,197,-208,-206
128,-100,0,5,-37,-340
195,11,0,120,10,194
148,53,0,-220,-3,287
115,61,0,-140,-95,-66
117,67,0,-90,62,-114
160,33,0,183,17,259
138,-25,0,90,-105,-311
182,59,0,247,-181,92
111,73,0,60,-102,-446
149,22,0,94,-40,401
-1,40,0,427,-440,-110
178,-3,0,-580,227,-125
104,-81,0,-187,-246,-158
114,-8,0,14,-5,-83
140,-36,0,53,161,138
55,-47,0,36,-193,144
64,-113,0,-265,-328,-352
134,-14,0,227,-261,-20
21,-136,0,-367,-86,204
6,-119,0,84,11,-268
-53,-253,0,131,-266,60
35,-285,0,96,-130,224
-19,-293,0,148,335,-100
9,-285,0,69,17,-164
0,-328,0,-57,-223,-21
-56,-358,0,-372,103,-142
-80,-281,0,-107,-225,111
-181,-370,0,-56,-35,341
-36,-496,0,-117,203,-80
-103,-409,0,-122,-199,-93
-130,-375,0,140,-248,52
-108,-576,0,-349,-51,-22
-203,-564,0,-202,-54,-377
-153,-517,0,-64,69,35
-131,-582,0,-249,-98,-83
-201,-622,0,-237,71,178
-177,-502,0,-295,116,-103
-159,-558,0,137,-2,64
-126,-513,0,146,248,121
-108,-631,0,69,59,-1
-47,-652,0,27,234,117
-147,-475,0,-151,19,315
-211,-580,0,108,110,359
-238,-606,0,-45,338,329
-93,-552,0,79,457,70
-78,-480,0,1,364,-333
-136,-548,0,162,-27,-149
-188,-511,0,208,57,147
-59,-370,0,301,-163,-63
-179,-433,0,50,-121,328
-14,-396,0,8,-347,59
-135,-320,0,244,-113,-378
6,-382,0,71,78,218
-5,-340,0,247,-16,-166
-113,-270,0,164,-311,72
14,-134,0,-164,83,-122
-31,-185,0,-49,142,-238
-33,-194,0,-117,298,40
98,-215,0,28,-507,-5
68,-219,0,-323,-95,-121
-32,-145,0,-22,-130,-315
81,-79,0,-126,480,-47
98,-88,0,506,84,47
131,-80,0,-383,97,109
117,-44,0,344,124,142
58,26,0,57,333,-83
175,-7,0,7,28,137
65,-36,0,-202,-252,154
108,69,0,-26,144,70
-11,31,0,186,181,-22
147,-88,0,-210,-47,35
159,6,0,-181,303,53
113,70,0,110,180,-96
191,20,0,102,-8,-158
277,65,0,-535,-87,-104
52,9,0,259,-239,-435
127,-20,0,-178,44,-60
122,31,0,-205,38,199
92,36,0,-145,247,-135
108,-36,0,84,290,-12
139,-124,0,-277,156,155
112,-46,0,-32,286,-278
162,-100,0,-20,-34,85
83,-68,0,275,196,-539
49,-107,0,-72,-177,-148
25,-99,0,126,-110,-64
7,-96,0,-72,-22,39
67,-210,0,113,582,-335
-42,-288,0,-181,-83,-71
-77,-344,0,-202,199,357
-54,-296,0,169,98,-151
-65,-292,0,-126,82,-140
54,-389,0,-136,307,235
-72,-327,0,-43,320,-95
-130,-391,0,158,-196,-278
-57,-409,0,4,147,436
-202,-539,0,-76,-122,-73
-165,-405,0,-306,-322,32
-146,-493,0,303,473,273
-133,-513,0,-142,-256,70
-228,-475,0,-176,-96,91
-32,-492,0,-168,-247,178
-170,-526,0,-386,-56,-145
-158,-590,0,100,301,-196
-93,-580,0,31,446,26
-175,-530,0,-94,286,-249
-91,-521,0,-186,-211,134
-214,-525,0,-41,-246,-67
-214,-631,0,-90,-152,-201
-224,-561,0,182,208,-76
-171,-586,0,203,325,427
-142,-547,0,-83,29,81
-172,-566,0,-60,9,-182
-96,-497,0,-54,-354,-184
-133,-473,0,202,61,-134
-117,-534,0,125,184,-454
-77,-380,0,432,108,-479
-21,-434,0,-88,143,-240
-22,-319,0,137,40,68
24,-344,0,436,-218,-81
-25,-366,0,244,-150,-125
72,-274,0,313,-308,143
-57,-328,0,-177,-310,5
62,-316,0,88,303,275
28,-278,0,47,-235,-6
77,-135,0,-63,33,-120
86,-208,0,-46,-52,-77
118,-164,0,241,194,-80
9,-78,0,51,2,-290
75,-127,0,-68,20,122
124,-33,0,-64,17,261
153,-45,0,395,-228,96
64,-39,0,-84,155,-255
83,-67,0,259,2,-431
208,-8,0,11,270,314
79,41,0,-236,-95,89
193,112,0,-325,-267,-134
156,19,0,298,250,372
229,23,0,156,338,-245
174,16,0,158,170,-148
200,61,0,114,44,-103
135,71,0,-252,-86,-52
166,-29,0,50,-219,-11
133,94,0,317,-260,314
121,43,0,-320,-65,247
167,59,0,144,144,189
106,-47,0,61,-313,67
35,16,0,104,87,339
100,-27,0,58,-257,344
11,21,0,-153,132,88
25,-55,0,-9,112,-166
35,-118,0,18,68,86
109,-162,0,-18,-64,23
70,-67,0,-232,22,359
-26,-150,0,-193,-91,-48
-4,-214,0,-91,-47,347
-28,-262,0,396,-7,-304
-36,-352,0,-148,387,114
-79,-293,0,111,154,-175
-54,-291,0,-266,111,-66
-42,-275,0,-127,213,94
19,-407,0,-1,-120,259
-97,-408,0,28,181,8
-88,-391,0,162,147,323
-26,-394,0,-199,194,-201
-88,-496,0,268,55,-232
-159,-479,0,39,74,386
-122,-522,0,-173,383,158
-120,-504,0,126,-230,-192
-250,-444,0,266,203,-128
-78,-559,0,-322,384,-66
-134,-574,0,-139,161,-303
-161,-560,0,479,-92,-222
-184,-628,0,-141,127,114
-159,-542,0,-212,269,70
-105,-551,0,-341,17,126
-174,-564,0,-287,447,151
-304,-513,0,238,-92,127
-137,-579,0,-192,-134,62
-67,-550,0,-104,-254,-325
-87,-457,0,-453,381,56
-115,-455,0,124,-188,267
-64,-524,0,42,166,-57
-14,-399,0,366,121,185
-30,-389,0,-185,-89,145
-58,-464,0,41,-645,127
-31,-400,0,33,8,-209
-76,-366,0,-272,149,135
-80,-327,0,196,-92,85
-65,-389,0,82,-141,136
10,-242,0,-106,284,-74
6,-230,0,94,-203,-15
22,-283,0,490,40,-157
29,-152,0,7,-134,-168
97,-184,0,-4,-60,83
82,-130,0,67,-311,-253
95,-80,0,442,-310,427
51,-49,0,19,-379,-15
82,-157,0,-307,-191,-32
99,-73,0,85,-204,102
44,21,0,-163,64,-72
139,49,0,26,-0,-343
50,-49,0,-45,242,-52
157,38,0,101,267,-139
170,58,0,-156,-30,58
159,115,0,-194,165,-119
131,13,0,-14,-128,-49
217,75,0,-59,218,-255
183,102,0,-6,222,39
189,-27,0,-233,190,-19
117,-13,0,33,-131,115
148,2,0,166,374,23
169,17,0,174,64,-69
215,32,0,-121,22,262
131,4,0,-261,-132,-66
55,92,0,30,160,-114
90,-116,0,-185,45,-50
121,-0,0,-326,58,-238
117,-146,0,249,33,-120
-10,-115,0,60,-127,86
14,-68,0,369,358,-53
40,-168,0,-41,-301,-118
-59,-225,0,199,11,-150
-0,-238,0,101,5,5
-22,-278,0,-74,-123,150
-100,-300,0,204,130,-61
-44,-304,0,187,89,-163
-20,-440,0,183,343,229
-38,-355,0,-208,109,377
-82,-377,0,125,-197,-333
-134,-420,0,-141,430,-106
-115,-461,0,-259,-97,201
-68,-485,0,-121,0,-294
-98,-422,0,-81,-619,9
-112,-504,0,-407,-206,-37
-134,-546,0,25,123,200
-77,-536,0,13,3,-50
-186,-426,0,453,-93,-215
-178,-491,0,-133,-35,296
-167,-436,0,-17,154,255
-131,-526,0,-137,-29,22
-216,-581,0,239,-124,-304
-148,-613,0,90,-105,-99
-107,-518,0,87,-289,170
-81,-547,0,-16,-149,-149
-95,-487,0,56,18,210
-76,-507,0,-52,200,177
-180,-474,0,213,80,5
-72,-443,0,11,159,-375
-159,-558,0,177,72,-9
-44,-402,0,-96,-110,-149
-126,-377,0,36,63,53
-104,-374,0,160,-147,-169
-132,-402,0,-107,200,150
-17,-355,0,-267,16,-460
-135,-305,0,-94,55,-326
-39,-359,0,33,-306,336
-47,-284,0,177,-124,171
-33,-155,0,54,36,156
-19,-246,0,-121,-245,257
-2,-223,0,32,-34,-124
133,-191,0,-280,100,-142
18,-184,0,-42,26,188
64,-114,0,-85,-50,-176
136,-191,0,114,267,-91
108,-70,0,-25,-154,14
22,-96,0,-244,-116,-19
86,-14,0,169,-342,-138
127,113,0,189,-79,335
187,27,0,-26,26,-81
170,133,0,36,63,-30
200,-21,0,-209,-88,206
75,113,0,112,116,22
123,4,0,144,109,152
154,87,0,24,-81,-38
91,46,0,-105,-37,-7
145,-7,0,-390,-80,-172
126,46,0,143,152,22
90,20,0,-205,309,-162
115,30,0,-461,265,63
153,-80,0,-4,116,206
149,-131,0,-30,36,197
117,13,0,10,-124,-194
164,-94,0,56,-289,-11
-1,-98,0,-455,-37,-260
58,-65,0,27,-73,351
55,-57,0,-101,14,26
1,-221,0,-177,103,-239
-31,-195,0,326,-133,-5
-34,-123,0,124,-168,164
24,-135,0,-2,-284,-111
-7,-282,0,-12,102,76
-6,-248,0,74,206,-50
-16,-250,0,-225,200,318
-85,-308,0,-84,-26,222
-65,-338,0,85,-190,-180
-76,-362,0,-41,-49,44
-123,-420,0,319,198,369
-80,-429,0,-414,1,370
-176,-392,0,142,190,119
-103,-412,0,-268,-160,-202
-87,-413,0,-206,-55,-23
-75,-507,0,99,-239,-83
-91,-556,0,171,-155,142
-82,-466,0,10,222,47
-106,-550,0,191,247,200
-139,-670,0,-298,182,362
-140,-447,0,-116,230,-22
-178,-487,0,-434,123,-411
-118,-555,0,-195,118,-407
-188,-596,0,80,64,133
-95,-595,0,-238,103,-35
-169,-587,0,-100,51,-129
-53,-540,0,119,346,-143
-116,-515,0,286,-154,-135
-108,-524,0,-53,-15,-33
-111,-561,0,208,8,172
-98,-474,0,-327,-31,-114
-208,-399,0,13,398,-196
-16,-442,0,13,292,-58
-56,-336,0,77,0,-288
-89,-294,0,161,-281,-16
-8,-293,0,245,-95,199
35,-270,0,113,-39,8
129,-270,0,-327,66,310
-36,-297,0,-99,-161,94
-35,-230,0,-430,281,-78
2,-148,0,75,185,8
99,-205,0,191,-47,508
75,-120,0,-328,-67,-135
49,-145,0,-38,-142,-87
154,-123,0,-397,-15,-31
73,-116,0,201,101,172
178,-87,0,-97,-228,-511
148,-25,0,13,72,-45
53,49,0,-296,67,-283
100,-21,0,-66,36,45
124,50,0,98,19,-114
227,54,0,-42,352,-219
183,59,0,338,112,-21
196,45,0,-240,-285,1
123,122,0,-242,123,371
229,147,0,-158,146,125
84,64,0,-421,-231,50
164,25,0,86,-91,-45
181,29,0,99,-96,-67
116,-87,0,239,-90,-169
61,60,0,-430,-208,-341
23,-39,0,254,-143,-4
60,-85,0,110,171,-340
158,57,0,-21,-393,-312
140,-75,0,-82,-120,421
112,-126,0,2,66,-274
150,-92,0,-24,-351,-92
121,-181,0,159,-11,-263
120,-138,0,10,-101,232
99,-195,0,-136,-378,-389
-19,-297,0,256,-218,232
21,-215,0,266,-293,98
-1,-310,0,-24,6,-145
-84,-247,0,-3,406,-120
-123,-291,0,-90,39,-48
-118,-453,0,-99,43,78
-77,-425,0,-62,285,-126
-106,-450,0,230,32,-98
-79,-474,0,-278,171,-115
-74,-393,0,80,-268,190
8,-487,0,-35,-16,-75
-189,-506,0,-321,-203,130
-123,-521,0,328,-400,0
-21,-453,0,-62,34,-44
-143,-545,0,105,-7,-176
-175,-537,0,-68,-193,-137
-159,-487,0,-241,-113,159
-156,-545,0,42,156,-1
-92,-542,0,109,246,113
-48,-576,0,423,391,268
-44,-607,0,-2,10,65
-118,-581,0,18,-297,-167
-3,-514,0,205,-254,-236
-197,-440,0,13,448,15
-114,-418,0,211,114,199
-102,-514,0,-267,209,-308
-89,-469,0,-97,16,342
-71,-540,0,-141,-74,214
-29,-456,0,16,-184,85
-81,-513,0,39,76,25
-42,-398,0,-243,-92,174
-115,-393,0,52,283,60
5,-374,0,146,-473,-82
-38,-348,0,-45,-190,303
-1,-265,0,-232,-93,-335
-74,-288,0,-188,198,116
14,-279,0,267,-20,271
-22,-164,0,-135,-106,-136
31,-120,0,-25,204,32
54,-94,0,-328,-72,135
29,-175,0,-38,324,358
43,-18,0,110,172,260
65,-8,0,-147,454,-134
118,-114,0,105,-248,-79
92,-33,0,174,161,284
133,42,0,162,-178,371
134,-6,0,-389,127,55
91,72,0,-166,-94,282
95,-26,0,104,-55,40
116,-63,0,-64,-168,-381
88,83,0,68,-38,123
184,128,0,332,-67,-273
131,103,0,-129,255,-167
81,24,0,244,224,205
199,31,0,194,-161,201
103,147,0,70,-263,-229
196,9,0,189,-197,-54
82,-63,0,55,98,-106
104,-85,0,-108,-152,-55
105,-37,0,-327,-348,375
60,51,0,128,30,-132
61,-53,0,-75,-35,225
42,-177,0,20,-364,70
134,-51,0,218,20,475
108,-140,0,59,-237,79
104,-175,0,33,91,-10
11,-200,0,-333,7,-80
-24,-150,0,453,-101,25
-65,-113,0,-154,132,196
-29,-249,0,-74,-45,179
-18,-149,0,-22,-36,260
-39,-401,0,-30,-427,11
-108,-373,0,-164,-215,168
-25,-370,0,239,148,-98
-37,-381,0,-324,19,313
-9,-432,0,84,-72,-192
-94,-424,0,118,-25,-148
-89,-452,0,14,134,-260
-188,-395,0,-71,77,-172
-49,-404,0,49,66,-129
-108,-540,0,40,-38,204
-169,-559,0,-232,204,-109
-148,-474,0,-149,-135,113
-99,-578,0,300,-54,30
-64,-571,0,-277,-65,-292
-192,-537,0,-136,87,257
-149,-474,0,-230,274,25
-160,-546,0,24,291,62
-160,-597,0,-153,-203,104
-197,-485,0,-335,105,-273
-159,-518,0,145,8,127
-200,-563,0,-469,350,64
-76,-512,0,27,-298,-80
-58,-610,0,324,125,289
-156,-424,0,-11,-20,52
-74,-382,0,-305,-166,38
-151,-457,0,266,24,168
-56,-287,0,-249,304,-102
-41,-354,0,89,13,-160
19,-464,0,360,-88,12
-35,-320,0,-160,-193,-184
-27,-395,0,21,-132,-180
3,-317,0,208,308,72
51,-266,0,-182,-336,-292
132,-224,0,245,55,-111
-20,-213,0,-105,90,89
54,-100,0,221,11,-152
88,-90,0,104,-44,-212
-35,-170,0,-188,-72,194
69,-96,0,-289,47,108
116,-42,0,9,-53,-7
74,-106,0,131,-261,-138
130,-33,0,234,-76,-179
161,-29,0,-232,46,79
18,-14,0,-25,-131,-130
164,-65,0,131,246,119
149,7,0,-59,230,24
169,-49,0,49,125,57
241,88,0,-39,-50,-94
264,27,0,469,72,-84
103,68,0,-298,7,136
233,21,0,156,106,-42
131,42,0,186,-265,276
114,-48,0,-297,64,-298
138,53,0,-57,523,-44
164,-8,0,14,-312,-447
62,-33,0,89,230,124
98,-36,0,-104,285,64
115,5,0,-256,-177,-107
104,-68,0,36,-42,-244
122,-39,0,-175,46,172
32,-79,0,-58,298,128
-11,-183,0,-209,38,211
125,-246,0,-131,-267,-101
-23,-220,0,-317,-158,303
54,-229,0,114,171,-95
-24,-270,0,72,225,174
75,-245,0,-57,-33,-150
-16,-241,0,-16,-162,269
-187,-247,0,-80,-132,-658
-82,-336,0,-94,-136,-273
-76,-405,0,252,-6,96
-75,-293,0,46,74,273
-126,-427,0,-202,-139,-78
-90,-395,0,-59,416,-61
-163,-377,0,187,-284,-312
-86,-470,0,-308,73,-34
-107,-466,0,73,-216,-243
-132,-512,0,-62,-288,27
-190,-477,0,148,-88,-234
-104,-567,0,-450,314,280
-223,-564,0,-53,44,225
-177,-512,0,192,228,-47
-200,-537,0,-91,258,-66
-249,-693,0,400,70,185
-147,-479,0,-167,90,-239
-135,-543,0,186,-84,357
-167,-490,0,324,-223,-51
-91,-650,0,198,-315,274
-98,-458,0,-36,258,135
-142,-561,0,-144,265,16
-175,-441,0,323,-2,-107
-150,-417,0,-81,242,-461
-104,-453,0,153,246,-165
-96,-370,0,114,-237,-349
-157,-327,0,-307,8,-52
-99,-344,0,67,-237,204
-39,-364,0,32,43,334
-5,-269,0,33,19,126
-30,-244,0,4,286,140
-14,-267,0,-157,-40,196
-7,-217,0,171,71,-28
25,-271,0,-83,17,-348
22,-171,0,-275,-43,111
-49,-257,0,92,-28,16
-6,-135,0,-103,-2,-137
55,-94,0,-204,-34,-54
91,-71,0,136,-213,10
175,-61,0,279,-16,348
124,-20,0,20,-82,-76
53,-31,0,-13,-59,-92
2,-25,0,53,-34,83
117,-7,0,-246,-247,79
97,-40,0,207,106,47
141,-10,0,-170,253,186
156,98,0,-158,181,80
135,60,0,-232,30,185
189,-38,0,-46,233,-107
188,77,0,127,-357,-131
91,26,0,176,-291,97
209,52,0,-406,-233,251
161,-6,0,-14,-235,-199
58,-23,0,277,330,-118
176,34,0,-22,105,135
48,-2,0,-46,-134,81
104,-87,0,97,11,315
71,-47,0,343,-206,221
49,-25,0,22,-36,-29
69,-71,0,18,50,-161
55,-182,0,128,-58,-319
66,-214,0,-373,77,-141
13,-164,0,-288,190,226
21,-302,0,-266,39,-27
42,-332,0,-221,-120,-28
-151,-215,0,281,166,44
17,-243,0,108,59,-179
22,-329,0,-431,-98,-454
6,-343,0,87,-57,-106
-43,-385,0,137,28,-17
-148,-367,0,405,-42,70
-14,-511,0,161,29,-74
-134,-530,0,-271,211,-258
-199,-407,0,164,-167,136
-130,-498,0,211,-284,-13
-125,-548,0,-7,-74,-146
-131,-485,0,104,-306,-177
-43,-619,0,-47,-14,80
-132,-731,0,33,-125,-221
-117,-546,0,283,42,-138
-149,-567,0,81,-176,189
-189,-569,0,-63,-301,246
-83,-637,0,-330,69,-101
-180,-565,0,-146,136,267
-151,-562,0,-156,160,-111
-63,-487,0,-106,-131,387
-56,-513,0,-61,-310,4
-143,-415,0,-65,193,246
-150,-469,0,-29,-103,172
-125,-548,0,163,272,216
-14,-440,0,-134,50,264
-88,-404,0,-226,50,43
-95,-488,0,132,-129,-159
-68,-441,0,-25,-113,-181
-59,-380,0,-76,149,56
-90,-286,0,-69,16,209
-39,-239,0,189,336,49
30,-287,0,-428,180,-159
-50,-192,0,195,-184,292
-36,-325,0,225,33,-154
60,-196,0,-111,-305,-123
76,-197,0,-4,-6,129
0,-142,0,-76,98,-365
123,-115,0,254,-280,-184
50,-137,0,299,-262,203
40,-120,0,-82,95,-242
170,12,0,133,-55,294
186,-46,0,7,231,-151
51,-63,0,-366,115,16
211,-46,0,-102,-80,187
39,-43,0,82,-35,175
160,34,0,5,91,-302
217,38,0,52,333,-16
109,67,0,-230,-375,67
221,10,0,-160,-381,-67
176,31,0,-34,-92,-247
195,16,0,2,73,488
57,28,0,173,158,-3
162,19,0,397,-153,-151
188,50,0,-367,-21,127
165,40,0,319,-378,-70
44,3,0,-5,60,4
118,77,0,304,-89,-54
198,-22,0,326,184,-38
122,1,0,125,113,34
8,-1,0,-659,518,67
73,-110,0,159,-112,633
126,-72,0,-171,-98,337
45,-140,0,-203,1,41
-25,-251,0,203,-222,-40
-16,-205,0,134,71,-65
3,-212,0,16,114,-163
-41,-179,0,-195,239,279
39,-300,0,14,195,-211
2,-395,0,-65,63,-305
-91,-233,0,-328,-215,-69
-74,-394,0,224,1,-34
-75,-434,0,74,283,-5
-104,-460,0,319,191,375
55,-428,0,-96,-106,305
-225,-531,0,-266,11,423
-161,-490,0,-203,-172,-161
-94,-466,0,-34,16,-128
-202,-525,0,193,147,300
-169,-535,0,3,204,70
-142,-512,0,91,-122,-124
-164,-613,0,-108,63,-253
-102,-532,0,209,91,-449
-133,-546,0,-126,-325,-52
-198,-541,0,96,199,-36
-178,-593,0,398,-205,-70
-76,-569,0,273,39,134
-156,-560,0,-491,32,-177
-105,-589,0,62,-10,159
-145,-549,0,19,39,-46
-138,-540,0,191,143,-214
-119,-583,0,180,-233,-121
-95,-357,0,102,-179,-122
-83,-382,0,94,358,-446
-172,-491,0,-107,-159,211
-5,-314,0,188,135,-257
-177,-396,0,-258,261,375
-72,-332,0,11,-214,-98
5,-363,0,-367,20,108
24,-370,0,-96,-359,-402
-58,-204,0,227,-330,382
-66,-265,0,359,77,-98
2,-198,0,-45,39,105
49,-190,0,-126,53,119
-36,-141,0,84,328,421
58,-167,0,-89,-118,-22
11,-104,0,370,-161,263
37,-17,0,95,-54,-321
126,-122,0,224,-415,-194
166,-41,0,93,424,-53
121,-35,0,-60,-73,-45
87,30,0,-198,20,-136
206,37,0,90,241,-137
73,5,0,71,-107,230
202,11,0,-197,-47,106
229,71,0,151,288,-361
189,140,0,253,90,313
92,94,0,-335,-66,-106
82,-50,0,23,-18,128
130,95,0,-10,115,16
111,70,0,-99,286,-378
175,-66,0,230,-248,31
70,4,0,-229,-131,55
205,-14,0,45,252,247
201,7,0,33,-356,-252
114,-29,0,39,-125,175
51,-9,0,-245,121,68
185,4,0,-87,-241,306
130,-105,0,-127,-186,-220
165,-112,0,-27,6,295
85,-216,0,-87,-243,-45
106,-164,0,-257,-133,64
5,-159,0,-318,-0,110
64,-210,0,-154,-252,-340
-19,-246,0,130,-166,374
42,-284,0,384,258,74
-23,-307,0,141,-102,-124
57,-255,0,-126,-55,6
-30,-299,0,-71,-575,-6
-87,-428,0,-173,197,108
-15,-387,0,160,-280,-69
-88,-404,0,182,147,238
-48,-427,0,4,194,121
-182,-547,0,-80,13,29
-75,-582,0,-74,-56,45
-137,-584,0,278,32,-188
-172,-499,0,-40,-205,-581
-97,-537,0,362,-15,-120
-128,-510,0,119,-140,176
-121,-448,0,-69,64,-143
-77,-507,0,116,-48,321
-192,-469,0,28,-42,-308
-103,-540,0,125,-75,-88
-158,-596,0,-177,-514,128
-173,-512,0,203,-42,-6
-164,-543,0,-77,-44,90
-77,-509,0,-160,-25,-35
-94,-589,0,-197,-45,-105
-30,-456,0,263,48,24
-114,-463,0,-88,-69,396
-34,-465,0,-104,38,202
-96,-484,0,-33,-244,-227
-100,-525,0,41,-3,261
11,-474,0,190,10,-120
-69,-401,0,-211,240,-7
-11,-391,0,-186,-53,-176
-27,-467,0,-120,138,-290
-44,-253,0,-43,29,-175
62,-371,0,183,-15,-42
-79,-226,0,-71,-47,19
72,-155,0,-135,-119,379
26,-115,0,-23,64,-117
17,-79,0,-278,-334,-110
34,-176,0,301,76,396
107,-159,0,44,-348,-139
132,-188,0,125,-80,21
209,-26,0,-117,-141,-51
96,-50,0,-142,287,428
97,-118,0,170,432,-70
262,9,0,-327,-165,-17
205,75,0,-56,230,84
164,45,0,98,-154,-5
106,-26,0,62,425,-247
182,33,0,-210,274,25
125,-74,0,88,-233,51
188,50,0,-220,278,136
118,28,0,227,-249,-87
174,3,0,-75,-258,373
185,86,0,158,-55,10
222,66,0,78,142,23
142,1,0,57,22,-72
89,-4,0,308,31,-95
166,54,0,174,-229,-150
93,-61,0,-296,166,-495
97,-73,0,-76,-213,32
128,-115,0,-59,-353,103
164,2,0,182,134,16
97,-157,0,239,-208,261
63,-141,0,-195,-363,333
55,-199,0,523,110,-123
72,-171,0,-224,-100,138
23,-174,0,130,416,-147
-32,-239,0,-298,-63,32
-93,-359,0,-103,148,5
49,-360,0,107,128,139
-82,-289,0,-150,-83,397
-40,-430,0,230,388,-84
-122,-504,0,-148,-41,-76
-111,-396,0,-319,33,240
-77,-511,0,443,273,95
-132,-487,0,47,-16,-12
-149,-526,0,118,-295,-47
-102,-419,0,-102,-89,308
-130,-545,0,-651,85,44
22,-572,0,537,90,-330
-117,-541,0,-115,-22,-108
-92,-559,0,212,-6,112
-205,-523,0,-52,-67,-313
-150,-493,0,-98,-318,-294
-46,-598,0,-0,555,-56
-169,-564,0,-143,-33,-346
-244,-612,0,25,-357,-9
-123,-590,0,-155,329,260
-105,-619,0,-122,-60,66
-152,-514,0,-26,164,-112
-43,-458,0,-151,446,-14
-175,-356,0,2,57,-178
-151,-447,0,47,-193,143
-136,-524,0,-242,81,398
-118,-428,0,-177,-234,262
-42,-475,0,-348,-233,-229
-36,-422,0,-197,143,425
-99,-303,0,-608,144,-298
14,-325,0,-235,-366,155
-21,-321,0,75,130,66
-101,-310,0,-125,68,-134
-45,-275,0,-135,-291,373
0,-237,0,-164,351,-9
33,-210,0,-127,-410,120
-70,-109,0,-281,-51,-2
44,-230,0,-92,-231,-35
44,-39,0,-245,-247,-329
95,-95,0,-138,272,315
62,-71,0,52,-141,472
100,-75,0,-79,207,160
121,-65,0,1,44,-41
133,-50,0,104,-55,-5
138,-27,0,-3,-135,442
141,-29,0,208,7,-215
149,-51,0,-68,8,140
141,41,0,-378,-425,28
141,29,0,142,-65,-202
180,72,0,481,-355,-84
194,-55,0,-33,-239,462
221,-51,0,-242,2,136
121,53,0,89,74,174
160,0,0,-247,-471,85
218,79,0,-244,-74,10
166,-22,0,-16,-315,-340
74,-74,0,277,-172,-139
68,-54,0,-158,96,212
124,-12,0,-53,-122,-85
113,-48,0,132,9,-48
82,-125,0,125,-207,-46
18,-39,0,473,-257,-238
86,-114,0,123,130,-23
33,-68,0,-285,271,-108
-12,-137,0,135,283,50
12,-246,0,194,120,198
-2,-173,0,82,172,179
-96,-297,0,-13,-243,583
-5,-265,0,-403,227,211
-61,-385,0,380,12,-95
-123,-478,0,-76,120,-14
-54,-361,0,174,189,-350
-17,-388,0,314,-266,183
-66,-436,0,-236,142,305
-93,-471,0,177,6,71
-3,-569,0,-116,93,31
-190,-530,0,-241,-18,-9
-139,-498,0,19,-223,-194
-171,-501,0,111,30,-139
-113,-542,0,43,-226,112
-123,-619,0,-226,80,67
-138,-641,0,141,-209,36
-134,-552,0,223,-150,-13
-72,-503,0,542,-192,-267
-148,-629,0,196,17,-389
-96,-601,0,212,78,-18
-217,-565,0,24,224,132
-43,-515,0,207,122,-37
-86,-526,0,-54,94,27
-194,-491,0,22,-54,-241
-176,-554,0,-120,-264,-6
-116,-442,0,284,-87,-84
-144,-463,0,-257,321,517
6,-431,0,21,181,187
-110,-495,0,6,-194,173
-113,-474,0,10,50,-23
-52,-343,0,-35,127,-73
-131,-432,0,66,-384,-320
-5,-242,0,126,170,33
-28,-226,0,19,23,-53
2,-235,0,-82,88,-54
-45,-284,0,-140,-8,199
80,-287,0,29,-322,-267
164,-174,0,80,102,-28
174,-191,0,-283,87,147
-35,-109,0,13,-398,111
104,-33,0,23,-399,23
101,-89,0,-147,281,113
8,-126,0,-176,-257,-186
76,-60,0,-243,-30,-58
129,-1,0,43,-191,16
184,29,0,-211,-201,95
155,14,0,192,-92,-31
117,-49,0,65,164,-81
13,117,0,-36,-201,149
145,10,0,142,279,18
135,-36,0,-21,-72,-16
226,208,0,-412,105,147
44,-30,0,93,-297,-126
123,36,0,181,100,334
157,-0,0,-242,-44,-328
136,54,0,-165,-250,-141
171,-85,0,-40,-217,-104
47,20,0,-124,-40,91
103,97,0,-289,86,-135
79,11,0,-134,-105,-495
57,-134,0,-4,-152,-44
130,-133,0,321,51,-333
81,-13,0,127,457,142
91,-120,0,-42,50,401
73,-190,0,-216,71,178
-1,-145,0,-634,137,-91
69,-165,0,-258,42,232
7,-250,0,-9,269,-202
52,-247,0,-369,373,-227
34,-270,0,-55,-6,19
-41,-303,0,-121,-358,268
-30,-335,0,41,-136,-232
-29,-370,0,-150,-110,80
-112,-426,0,-34,-142,96
-88,-419,0,126,-181,-141
-90,-460,0,368,-301,86
-34,-407,0,-109,-544,153
-27,-438,0,-23,-182,19
-35,-574,0,254,-59,-81
