12,27,257,0,0,0
-7,-17,272,0,1,0
-8,-15,308,0,3,0
20,5,229,0,4,0
43,-7,289,0,6,0
-24,-13,271,0,7,0
16,27,252,0,9,0
5,-12,280,0,10,0
-0,-19,265,0,12,0
25,31,266,0,13,0
29,-9,269,0,15,0
60,18,283,0,16,0
52,22,264,0,17,0
35,-34,270,0,19,0
58,-4,295,0,20,0
34,-23,259,0,22,0
83,7,266,0,23,0
75,-29,276,0,24,0
49,-26,292,0,25,0
31,-17,315,0,27,0
64,2,312,0,28,0
41,-4,293,0,29,0
64,16,292,0,30,0
76,16,283,0,32,0
81,-29,301,0,33,0
83,29,297,0,34,0
84,1,263,0,35,0
50,3,300,0,36,0
56,45,290,0,37,0
92,-8,275,0,38,0
105,3,295,0,39,0
71,13,346,0,40,0
91,30,274,0,41,0
81,1,306,0,42,0
122,22,296,0,42,0
90,-2,262,0,43,0
98,25,309,0,44,0
69,7,295,0,45,0
102,-45,321,0,45,0
124,29,273,0,46,0
78,29,311,0,46,0
79,-32,315,0,47,0
78,15,309,0,47,0
123,3,293,0,48,0
81,9,305,0,48,0
102,-2,306,0,49,0
80,8,283,0,49,0
111,-4,315,0,49,0
83,2,316,0,49,0
102,32,304,0,50,0
92,10,292,0,50,0
109,4,318,0,50,0
107,-22,312,0,50,0
130,33,311,0,50,0
93,35,291,0,50,0
123,-1,307,0,50,0
115,2,269,0,50,0
106,19,309,0,50,0
82,2,313,0,49,0
114,-8,331,0,49,0
89,20,315,0,49,0
93,7,316,0,49,0
115,22,293,0,48,0
115,3,319,0,48,0
101,3,325,0,47,0
111,-11,286,0,47,0
123,-15,311,0,46,0
106,28,316,0,46,0
118,19,328,0,45,0
106,-0,342,0,44,0
61,33,283,0,44,0
81,2,287,0,43,0
95,-7,303,0,42,0
100,32,320,0,41,0
90,10,328,0,40,0
68,32,305,0,40,0
64,-1,297,0,39,0
92,-14,299,0,38,0
89,-3,299,0,37,0
115,-43,281,0,36,0
80,11,288,0,35,0
66,-3,305,0,34,0
97,5,257,0,32,0
76,38,254,0,31,0
24,-35,257,0,30,0
71,-11,301,0,29,0
77,-2,264,0,28,0
60,32,243,0,26,0
47,16,285,0,25,0
70,31,259,0,24,0
52,-45,291,0,23,0
52,-17,261,0,21,0
-21,-5,303,0,20,0
44,30,254,0,19,0
74,-11,265,0,17,0
24,31,290,0,16,0
24,-16,269,0,14,0
25,-22,243,0,13,0
36,32,274,0,11,0
-5,-10,268,0,10,0
41,-32,261,0,9,0
11,9,245,0,7,0
6,23,240,0,6,0
8,-22,258,0,4,0
13,9,286,0,3,0
11,-29,271,0,1,0
12,2,254,0,-0,0
24,-14,252,0,-2,0
-55,-28,251,0,-3,0
-7,-2,234,0,-5,0
-49,-10,245,0,-6,0
-40,11,292,0,-8,0
4,-8,237,0,-9,0
-8,-4,255,0,-11,0
28,-3,276,0,-12,0
-30,-2,269,0,-14,0
-33,-8,271,0,-15,0
-2,-20,238,0,-16,0
-23,-29,242,0,-18,0
-23,-6,216,0,-19,0
-22,-37,247,0,-21,0
-26,-25,240,0,-22,0
-34,28,238,0,-23,0
-84,15,255,0,-24,0
-92,25,222,0,-26,0
-96,-13,203,0,-27,0
-91,-1,248,0,-28,0
-54,30,229,0,-29,0
-51,4,252,0,-31,0
-68,11,220,0,-32,0
-95,38,249,0,-33,0
-72,-54,222,0,-34,0
-66,-33,205,0,-35,0
-83,6,237,0,-36,0
-97,-3,212,0,-37,0
-85,-11,213,0,-38,0
-66,-1,180,0,-39,0
-82,-12,194,0,-40,0
-74,-1,218,0,-41,0
-82,12,188,0,-42,0
-78,6,227,0,-43,0
-85,-2,229,0,-43,0
-82,2,224,0,-44,0
-91,-19,211,0,-45,0
-103,10,236,0,-45,0
-91,9,185,0,-46,0
-63,-1,205,0,-47,0
-100,13,188,0,-47,0
-113,-20,189,0,-48,0
-123,40,207,0,-48,0
-93,-19,205,0,-48,0
-66,15,223,0,-49,0
-85,-6,210,0,-49,0
-95,16,206,0,-49,0
-115,-4,182,0,-50,0
-81,-9,225,0,-50,0
-120,-13,196,0,-50,0
-79,11,168,0,-50,0
-70,-25,200,0,-50,0
-145,15,183,0,-50,0
-98,11,217,0,-50,0
-85,13,185,0,-50,0
-116,23,165,0,-50,0
-83,-10,205,0,-50,0
-82,-2,174,0,-49,0
-82,5,232,0,-49,0
-86,12,213,0,-49,0
-66,24,235,0,-48,0
-112,5,214,0,-48,0
-99,-4,194,0,-48,0
-71,27,232,0,-47,0
-86,-53,187,0,-47,0
-91,-10,192,0,-46,0
-74,9,251,0,-46,0
-84,9,212,0,-45,0
-118,1,209,0,-44,0
-87,31,224,0,-44,0
-110,-12,211,0,-43,0
-85,-3,191,0,-42,0
-124,-35,215,0,-41,0
-106,-6,185,0,-40,0
-49,-12,208,0,-39,0
-114,-14,181,0,-38,0
-70,5,210,0,-37,0
-89,-10,208,0,-36,0
-66,9,245,0,-35,0
-64,66,248,0,-34,0
-85,-12,251,0,-33,0
-67,-12,241,0,-32,0
-66,6,224,0,-31,0
-26,23,231,0,-30,0
-57,-5,242,0,-29,0
-79,43,245,0,-27,0
-78,27,222,0,-26,0
-52,26,230,0,-25,0
-49,9,233,0,-24,0
-51,-27,206,0,-22,0
-23,-20,208,0,-21,0
2,4,230,0,-20,0
-26,-26,270,0,-18,0
-68,-17,229,0,-17,0
-34,-31,238,0,-15,0
-9,4,251,0,-14,0
-21,6,246,0,-13,0
-14,16,276,0,-11,0
1,-43,274,0,-10,0
-0,-9,255,0,-8,0
-19,-26,241,0,-7,0
9,9,259,0,-5,0
3,12,210,0,-4,0
-1,-38,255,0,-2,0
-9,-13,232,0,-1,0
11,-9,280,0,1,0
17,-5,245,0,2,0
-20,-7,305,0,4,0
25,-35,274,0,5,0
-6,-1,285,0,7,0
31,-32,254,0,8,0
19,-12,251,0,10,0
34,2,217,0,11,0
8,2,301,0,12,0
37,11,253,0,14,0
46,14,232,0,15,0
21,21,257,0,17,0
20,-17,233,0,18,0
62,-2,291,0,19,0
40,33,239,0,21,0
54,7,289,0,22,0
35,-8,281,0,23,0
29,30,290,0,25,0
46,-19,253,0,26,0
47,7,299,0,27,0
83,1,309,0,29,0
77,8,290,0,30,0
36,7,310,0,31,0
76,2,255,0,32,0
93,-44,331,0,33,0
88,5,298,0,34,0
45,6,288,0,35,0
47,9,303,0,36,0
73,14,315,0,37,0
88,0,298,0,38,0
103,-12,337,0,39,0
66,3,334,0,40,0
82,12,277,0,41,0
53,40,272,0,42,0
114,-5,295,0,43,0
87,-12,313,0,43,0
90,-11,337,0,44,0
101,-34,311,0,45,0
71,10,306,0,45,0
114,-16,282,0,46,0
87,37,256,0,47,0
86,2,316,0,47,0
110,-32,279,0,48,0
117,-6,325,0,48,0
99,23,297,0,48,0
79,10,258,0,49,0
115,0,339,0,49,0
96,11,320,0,49,0
103,15,270,0,50,0
106,7,311,0,50,0
102,-9,307,0,50,0
124,-3,300,0,50,0
71,-17,295,0,50,0
96,-21,330,0,50,0
114,-37,315,0,50,0
114,-0,286,0,50,0
99,31,316,0,50,0
119,-24,290,0,50,0
91,-4,288,0,49,0
81,-28,319,0,49,0
95,3,297,0,49,0
105,-18,308,0,48,0
93,29,309,0,48,0
94,11,318,0,48,0
136,-17,306,0,47,0
66,-8,338,0,47,0
60,8,314,0,46,0
110,-9,282,0,45,0
63,22,308,0,45,0
56,-20,290,0,44,0
84,-14,277,0,43,0
62,22,309,0,43,0
101,-8,281,0,42,0
66,-5,321,0,41,0
111,-10,294,0,40,0
44,-30,291,0,39,0
48,-1,306,0,38,0
61,-19,317,0,37,0
84,-31,306,0,36,0
65,14,306,0,35,0
56,-3,319,0,34,0
91,-5,257,0,33,0
47,23,280,0,32,0
31,-75,306,0,31,0
74,-13,289,0,30,0
42,17,274,0,28,0
29,-7,298,0,27,0
46,2,313,0,26,0
32,18,258,0,25,0
18,-20,256,0,23,0
22,42,271,0,22,0
40,15,278,0,21,0
40,44,274,0,19,0
15,-33,276,0,18,0
30,46,257,0,16,0
46,-19,281,0,15,0
48,-0,291,0,14,0
20,-9,279,0,12,0
8,-1,284,0,11,0
19,-26,317,0,9,0
-1,-13,279,0,8,0
-3,-22,259,0,6,0
-3,48,252,0,5,0
-20,9,261,0,3,0
8,2,245,0,2,0
7,12,272,0,0,0
-10,-21,232,0,-1,0
-10,1,235,0,-3,0
25,31,250,0,-4,0
18,-6,244,0,-5,0
-42,7,243,0,-7,0
-24,9,242,0,-8,0
-16,33,256,0,-10,0
-21,2,213,0,-11,0
-29,27,217,0,-13,0
-57,3,226,0,-14,0
1,-35,240,0,-16,0
-54,8,246,0,-17,0
-53,-9,246,0,-18,0
-38,13,287,0,-20,0
-50,7,211,0,-21,0
-55,33,199,0,-22,0
-62,-48,222,0,-24,0
-47,26,287,0,-25,0
-53,14,228,0,-26,0
-61,-19,214,0,-28,0
-70,-15,213,0,-29,0
-53,-10,225,0,-30,0
-73,-16,218,0,-31,0
-57,-18,200,0,-32,0
-53,-7,208,0,-33,0
-44,-10,227,0,-35,0
-74,-9,204,0,-36,0
-69,29,210,0,-37,0
-89,15,225,0,-38,0
-127,-35,245,0,-39,0
-57,2,226,0,-40,0
-92,16,218,0,-40,0
-112,-1,190,0,-41,0
-70,41,205,0,-42,0
-90,7,223,0,-43,0
-78,-2,212,0,-44,0
-70,1,220,0,-44,0
-79,26,223,0,-45,0
-125,24,219,0,-46,0
-99,9,194,0,-46,0
-93,24,227,0,-47,0
-96,-23,202,0,-47,0
-127,6,221,0,-48,0
-88,5,184,0,-48,0
-108,-18,192,0,-49,0
-100,-15,204,0,-49,0
-50,-18,172,0,-49,0
-116,18,244,0,-49,0
-62,28,212,0,-50,0
-102,26,165,0,-50,0
-133,6,222,0,-50,0
-106,29,178,0,-50,0
-91,-20,178,0,-50,0
-101,-3,211,0,-50,0
-94,-3,157,0,-50,0
-91,-2,248,0,-50,0
-103,-14,195,0,-50,0
-80,10,207,0,-49,0
-83,-15,184,0,-49,0
-76,6,204,0,-49,0
-92,11,214,0,-49,0
-57,-24,227,0,-48,0
-93,6,239,0,-48,0
-105,30,227,0,-47,0
-84,22,204,0,-47,0
-74,-12,201,0,-46,0
-97,33,218,0,-46,0
-107,3,236,0,-45,0
-89,22,240,0,-45,0
-95,5,245,0,-44,0
-85,12,169,0,-43,0
-68,1,224,0,-42,0
-93,-4,221,0,-42,0
-95,-20,222,0,-41,0
-79,1,209,0,-40,0
-75,53,218,0,-39,0
-52,-11,227,0,-38,0
-55,12,222,0,-37,0
-70,-4,181,0,-36,0
-53,38,204,0,-35,0
-110,-12,249,0,-34,0
-119,-29,198,0,-33,0
-24,-25,213,0,-32,0
-30,-11,197,0,-30,0
-54,-1,243,0,-29,0
-54,-17,211,0,-28,0
-72,-7,235,0,-27,0
-46,39,226,0,-26,0
-90,2,270,0,-24,0
-74,-0,232,0,-23,0
-24,-3,224,0,-22,0
-45,19,219,0,-20,0
-12,26,210,0,-19,0
-11,-10,222,0,-18,0
-18,-0,254,0,-16,0
-3,-24,219,0,-15,0
-10,11,242,0,-13,0
-30,15,254,0,-12,0
2,18,281,0,-10,0
-40,14,258,0,-9,0
-45,-2,250,0,-7,0
-35,-40,248,0,-6,0
4,9,248,0,-5,0
32,10,229,0,-3,0
43,17,243,0,-2,0
39,-14,263,0,-0,0
20,15,315,0,1,0
-24,-22,238,0,3,0
20,13,233,0,4,0
7,-4,271,0,6,0
20,71,259,0,7,0
26,-68,291,0,9,0
13,-11,239,0,10,0
32,-15,222,0,12,0
1,20,239,0,13,0
30,16,213,0,15,0
33,-26,293,0,16,0
49,31,263,0,17,0
43,22,245,0,19,0
32,3,309,0,20,0
7,-31,271,0,21,0
60,-13,276,0,23,0
45,-9,265,0,24,0
54,19,280,0,25,0
42,-31,260,0,27,0
65,43,266,0,28,0
70,18,259,0,29,0
54,-35,274,0,30,0
46,-41,263,0,31,0
72,32,294,0,33,0
38,13,302,0,34,0
66,-10,271,0,35,0
38,4,305,0,36,0
77,12,274,0,37,0
96,19,295,0,38,0
31,4,262,0,39,0
60,12,291,0,40,0
74,-1,283,0,41,0
168,34,299,0,41,0
62,-18,282,0,42,0
126,-18,324,0,43,0
106,-8,309,0,44,0
84,-20,258,0,44,0
132,-1,327,0,45,0
80,-14,308,0,46,0
110,5,281,0,46,0
98,28,295,0,47,0
83,5,279,0,47,0
110,-3,314,0,48,0
107,9,277,0,48,0
99,32,293,0,49,0
89,-33,291,0,49,0
99,26,336,0,49,0
91,6,285,0,49,0
91,-2,318,0,50,0
88,-36,322,0,50,0
109,39,314,0,50,0
118,12,316,0,50,0
148,23,316,0,50,0
119,-36,294,0,50,0
85,12,291,0,50,0
126,1,313,0,50,0
101,20,302,0,50,0
65,17,309,0,49,0
118,1,335,0,49,0
39,24,315,0,49,0
64,28,305,0,49,0
110,9,283,0,48,0
87,49,299,0,48,0
112,34,290,0,47,0
79,-34,309,0,47,0
78,-27,279,0,46,0
75,37,270,0,46,0
86,-20,286,0,45,0
98,4,298,0,44,0
99,15,292,0,44,0
64,-2,290,0,43,0
89,-22,289,0,42,0
99,27,284,0,41,0
76,-16,263,0,41,0
85,24,300,0,40,0
91,7,308,0,39,0
91,21,287,0,38,0
43,-12,271,0,37,0
76,-14,290,0,36,0
102,23,297,0,35,0
17,-9,314,0,34,0
51,-16,271,0,33,0
45,7,284,0,31,0
41,3,300,0,30,0
34,-4,314,0,29,0
41,-3,273,0,28,0
61,-21,257,0,27,0
62,9,256,0,25,0
66,7,283,0,24,0
65,-2,301,0,23,0
25,-10,284,0,21,0
55,15,264,0,20,0
-13,13,265,0,19,0
40,21,302,0,17,0
51,-39,266,0,16,0
41,29,253,0,14,0
11,10,278,0,13,0
34,18,256,0,12,0
13,-4,312,0,10,0
8,-39,258,0,9,0
-9,8,302,0,7,0
2,9,247,0,6,0
4,41,258,0,4,0
18,-18,292,0,3,0
-9,-23,252,0,1,0
29,-34,260,0,-0,0
-33,-0,268,0,-2,0
9,-5,214,0,-3,0
-22,-37,268,0,-5,0
-29,14,248,0,-6,0
11,21,242,0,-8,0
-9,26,254,0,-9,0
-36,-26,232,0,-11,0
-4,-33,246,0,-12,0
-8,-6,258,0,-13,0
8,-18,242,0,-15,0
-56,-5,250,0,-16,0
-53,-34,237,0,-18,0
-44,-34,215,0,-19,0
-36,20,209,0,-20,0
-63,-8,249,0,-22,0
-39,56,260,0,-23,0
-29,35,245,0,-24,0
-85,2,234,0,-26,0
-78,13,221,0,-27,0
-58,-6,220,0,-28,0
-89,-29,216,0,-29,0
-26,-13,226,0,-31,0
-68,-11,233,0,-32,0
-72,-6,221,0,-33,0
-57,20,195,0,-34,0
-52,8,212,0,-35,0
-75,-16,189,0,-36,0
-80,-21,224,0,-37,0
-90,11,188,0,-38,0
-88,-14,221,0,-39,0
-71,-14,205,0,-40,0
-86,13,228,0,-41,0
-78,-3,252,0,-42,0
-109,-7,210,0,-42,0
-70,5,221,0,-43,0
-109,13,220,0,-44,0
-81,23,214,0,-45,0
-73,33,221,0,-45,0
-100,19,215,0,-46,0
-80,20,205,0,-46,0
-91,-17,233,0,-47,0
-117,-7,201,0,-47,0
-69,-30,165,0,-48,0
-103,-24,186,0,-48,0
-100,22,205,0,-49,0
-110,-6,214,0,-49,0
-82,35,225,0,-49,0
-116,-28,198,0,-50,0
-125,40,173,0,-50,0
-109,26,193,0,-50,0
-84,-3,208,0,-50,0
-98,4,236,0,-50,0
-125,-9,215,0,-50,0
-128,-6,195,0,-50,0
-82,3,185,0,-50,0
-100,-12,188,0,-50,0
-103,1,221,0,-50,0
-134,7,213,0,-49,0
-104,23,225,0,-49,0
-79,-3,193,0,-49,0
-82,-7,202,0,-48,0
-107,27,265,0,-48,0
-124,12,208,0,-48,0
-102,23,215,0,-47,0
-38,-33,254,0,-47,0
-84,17,220,0,-46,0
-62,3,223,0,-46,0
-92,51,235,0,-45,0
-122,-36,194,0,-44,0
-57,14,234,0,-44,0
-113,30,238,0,-43,0
-74,-4,216,0,-42,0
-64,-0,223,0,-41,0
-71,5,231,0,-40,0
-75,5,225,0,-39,0
-99,22,195,0,-39,0
-55,-6,228,0,-38,0
-95,-17,214,0,-37,0
-63,20,228,0,-36,0
-95,33,214,0,-34,0
-51,26,244,0,-33,0
-84,27,241,0,-32,0
-60,9,197,0,-31,0
-70,-65,234,0,-30,0
-67,15,241,0,-29,0
-57,8,241,0,-27,0
-75,44,237,0,-26,0
-49,-21,241,0,-25,0
-55,-10,244,0,-24,0
-69,9,230,0,-22,0
-37,10,228,0,-21,0
-67,11,270,0,-20,0
-21,20,243,0,-18,0
-39,-32,254,0,-17,0
-53,51,216,0,-15,0
-14,23,231,0,-14,0
-56,1,195,0,-13,0
-23,-40,252,0,-11,0
-22,22,268,0,-10,0
-20,9,272,0,-8,0
-18,2,267,0,-7,0
2,-11,278,0,-5,0
-16,17,227,0,-4,0
-15,-32,258,0,-2,0
-45,-13,259,0,-1,0
16,40,239,0,1,0
-9,-16,258,0,2,0
-0,2,254,0,4,0
-4,-35,275,0,5,0
-9,6,252,0,7,0
1,-2,234,0,8,0
55,-8,263,0,9,0
29,-32,279,0,11,0
21,6,234,0,12,0
33,-12,262,0,14,0
54,-32,294,0,15,0
29,16,275,0,17,0
35,18,275,0,18,0
38,21,256,0,19,0
64,-35,296,0,21,0
6,19,276,0,22,0
35,-1,268,0,23,0
30,20,304,0,25,0
54,-3,302,0,26,0
95,14,284,0,27,0
77,25,264,0,28,0
65,26,260,0,30,0
54,-0,266,0,31,0
86,-28,271,0,32,0
94,2,297,0,33,0
73,-10,292,0,34,0
74,22,299,0,35,0
63,24,288,0,36,0
35,-31,279,0,37,0
88,12,318,0,38,0
75,-29,273,0,39,0
80,3,288,0,40,0
74,-3,356,0,41,0
95,30,298,0,42,0
61,-18,286,0,43,0
84,2,278,0,43,0
91,22,295,0,44,0
59,-11,333,0,45,0
118,-10,303,0,45,0
77,-23,325,0,46,0
104,-11,304,0,47,0
112,17,298,0,47,0
93,8,276,0,48,0
111,2,301,0,48,0
120,5,284,0,48,0
116,-24,334,0,49,0
109,12,318,0,49,0
95,-7,310,0,49,0
118,-10,322,0,50,0
114,-7,301,0,50,0
73,8,281,0,50,0
122,32,262,0,50,0
94,-0,313,0,50,0
91,-46,326,0,50,0
70,-2,287,0,50,0
113,8,289,0,50,0
100,-38,283,0,50,0
106,-8,326,0,50,0
61,5,309,0,49,0
119,-0,299,0,49,0
92,-2,303,0,49,0
98,-44,310,0,48,0
96,20,326,0,48,0
73,10,266,0,48,0
127,21,276,0,47,0
99,-19,317,0,47,0
98,10,310,0,46,0
127,3,276,0,45,0
76,22,288,0,45,0
70,5,284,0,44,0
56,6,281,0,43,0
92,15,297,0,43,0
100,-16,284,0,42,0
45,18,299,0,41,0
60,-7,285,0,40,0
98,22,306,0,39,0
56,-36,281,0,38,0
96,-7,309,0,37,0
70,8,277,0,36,0
73,15,284,0,35,0
73,12,294,0,34,0
85,20,280,0,33,0
98,21,281,0,32,0
44,-20,308,0,31,0
58,11,260,0,30,0
50,8,299,0,28,0
60,-9,287,0,27,0
74,-11,316,0,26,0
68,-7,264,0,25,0
50,-12,276,0,23,0
37,-29,271,0,22,0
65,-11,299,0,21,0
37,7,278,0,19,0
46,-39,277,0,18,0
47,-38,255,0,17,0
17,-10,267,0,15,0
41,-29,250,0,14,0
18,-40,251,0,12,0
4,-50,295,0,11,0
34,11,247,0,9,0
18,-16,269,0,8,0
27,39,242,0,6,0
-13,6,293,0,5,0
4,42,279,0,4,0
6,-25,265,0,2,0
-22,16,263,0,1,0
-28,19,268,0,-1,0
8,-51,283,0,-2,0
2,-5,250,0,-4,0
-38,-13,230,0,-5,0
-13,5,231,0,-7,0
-35,22,242,0,-8,0
-38,22,219,0,-10,0
-58,6,226,0,-11,0
-29,23,260,0,-13,0
-14,22,212,0,-14,0
-61,-15,269,0,-16,0
-21,-20,219,0,-17,0
-41,-14,224,0,-18,0
-45,-14,250,0,-20,0
-63,-8,265,0,-21,0
-36,14,237,0,-22,0
-52,-30,243,0,-24,0
-11,-6,267,0,-25,0
-68,-17,235,0,-26,0
-61,-7,243,0,-28,0
-75,-8,248,0,-29,0
-33,17,208,0,-30,0
-73,-19,219,0,-31,0
-62,7,242,0,-32,0
-113,-14,251,0,-33,0
-92,-16,237,0,-35,0
-96,28,235,0,-36,0
-93,17,195,0,-37,0
-93,4,199,0,-38,0
-83,-4,235,0,-39,0
-75,-75,235,0,-39,0
-108,-21,205,0,-40,0
-77,15,198,0,-41,0
-99,21,197,0,-42,0
-100,15,191,0,-43,0
-99,-14,210,0,-44,0
-90,-42,231,0,-44,0
-142,8,181,0,-45,0
-106,-21,210,0,-46,0
-78,7,202,0,-46,0
-99,2,187,0,-47,0
-75,1,218,0,-47,0
-93,-4,178,0,-48,0
-128,18,169,0,-48,0
-113,-1,219,0,-49,0
-92,-6,231,0,-49,0
-99,25,204,0,-49,0
-86,24,197,0,-49,0
-102,-16,208,0,-50,0
-112,9,186,0,-50,0
-85,-26,209,0,-50,0
-93,-15,189,0,-50,0
-126,-2,206,0,-50,0
-78,20,181,0,-50,0
-110,-19,201,0,-50,0
-71,22,210,0,-50,0
-116,-27,220,0,-50,0
-85,-2,195,0,-50,0
-129,1,210,0,-49,0
-94,0,201,0,-49,0
-41,-13,205,0,-49,0
-74,-8,214,0,-48,0
-94,8,227,0,-48,0
-85,4,235,0,-47,0
-89,2,205,0,-47,0
-72,-7,205,0,-46,0
-137,15,222,0,-46,0
-102,2,229,0,-45,0
-45,-13,225,0,-45,0
-51,-8,221,0,-44,0
-75,25,185,0,-43,0
-94,-7,185,0,-42,0
-69,-19,225,0,-42,0
-91,12,213,0,-41,0
-70,-14,216,0,-40,0
-75,14,192,0,-39,0
-87,15,196,0,-38,0
-58,21,220,0,-37,0
-55,-1,212,0,-36,0
-71,18,229,0,-35,0
-40,-12,235,0,-34,0
-39,15,207,0,-33,0
-74,7,241,0,-32,0
-61,-14,251,0,-31,0
-50,15,206,0,-29,0
-44,-5,256,0,-28,0
-85,-15,236,0,-27,0
-39,-4,228,0,-26,0
-65,-9,212,0,-24,0
-52,20,202,0,-23,0
-43,10,226,0,-22,0
-48,34,255,0,-20,0
-36,35,223,0,-19,0
-35,-29,223,0,-18,0
-34,3,212,0,-16,0
-48,-8,236,0,-15,0
-28,-10,251,0,-13,0
-15,1,226,0,-12,0
-10,-27,263,0,-11,0
-40,-1,268,0,-9,0
-18,-31,249,0,-8,0
-20,-15,229,0,-6,0
-0,38,250,0,-5,0
47,5,248,0,-3,0
-26,13,279,0,-2,0
-9,-7,253,0,-0,0
12,-18,252,0,1,0
9,-11,244,0,3,0
-32,0,247,0,4,0
35,-31,262,0,6,0
-17,-8,257,0,7,0
-20,-35,271,0,9,0
20,23,278,0,10,0
39,53,273,0,12,0
41,-18,234,0,13,0
38,37,276,0,14,0
38,4,284,0,16,0
39,-21,306,0,17,0
41,13,297,0,19,0
31,9,274,0,20,0
78,6,242,0,21,0
33,-0,282,0,23,0
53,-21,272,0,24,0
64,-15,275,0,25,0
50,-7,292,0,27,0
32,-37,264,0,28,0
42,-32,288,0,29,0
78,-17,310,0,30,0
84,25,278,0,31,0
49,-16,307,0,33,0
67,-21,298,0,34,0
94,18,287,0,35,0
118,-22,282,0,36,0
102,27,271,0,37,0
67,-1,312,0,38,0
62,2,299,0,39,0
44,32,321,0,40,0
73,13,319,0,41,0
47,19,305,0,41,0
108,3,307,0,42,0
115,39,278,0,43,0
115,-16,297,0,44,0
65,-5,299,0,44,0
73,14,362,0,45,0
65,17,259,0,46,0
94,-3,326,0,46,0
97,5,297,0,47,0
64,-4,298,0,47,0
81,-7,304,0,48,0
85,37,320,0,48,0
69,-9,331,0,49,0
110,38,344,0,49,0
143,-16,324,0,49,0
109,-4,315,0,49,0
83,10,327,0,50,0
79,-27,284,0,50,0
104,3,318,0,50,0
104,-2,321,0,50,0
96,-14,300,0,50,0
140,2,318,0,50,0
133,-1,295,0,50,0
83,-7,291,0,50,0
158,22,298,0,50,0
95,-34,278,0,49,0
98,5,274,0,49,0
64,8,317,0,49,0
106,18,326,0,49,0
94,14,298,0,48,0
61,-15,305,0,48,0
98,-16,275,0,47,0
95,-18,314,0,47,0
93,-1,271,0,46,0
89,12,316,0,46,0
94,-29,330,0,45,0
66,-2,309,0,44,0
88,49,302,0,44,0
74,-5,277,0,43,0
90,-16,311,0,42,0
54,-4,301,0,41,0
80,10,291,0,41,0
98,-12,331,0,40,0
93,-2,292,0,39,0
99,20,266,0,38,0
48,-16,316,0,37,0
76,-21,289,0,36,0
76,-22,305,0,35,0
36,-23,277,0,34,0
41,-6,249,0,33,0
72,-34,269,0,31,0
51,-8,287,0,30,0
55,-15,285,0,29,0
34,-18,267,0,28,0
75,-4,271,0,27,0
35,-24,297,0,25,0
36,6,321,0,24,0
61,-19,286,0,23,0
44,-17,312,0,21,0
49,-4,263,0,20,0
38,-20,235,0,19,0
23,-23,247,0,17,0
23,7,273,0,16,0
5,41,257,0,14,0
28,19,256,0,13,0
30,22,264,0,12,0
1,-0,303,0,10,0
22,3,280,0,9,0
4,-4,271,0,7,0
32,23,256,0,6,0
-15,-19,238,0,4,0
-5,11,259,0,3,0
-24,31,265,0,1,0
24,-26,262,0,-0,0
-29,11,240,0,-2,0
-17,-10,269,0,-3,0
16,47,281,0,-5,0
-6,-4,254,0,-6,0
-30,-5,234,0,-8,0
-15,24,280,0,-9,0
-46,-5,290,0,-10,0
-18,19,226,0,-12,0
-32,27,230,0,-13,0
-40,-30,251,0,-15,0
-4,1,226,0,-16,0
-9,-11,250,0,-18,0
-55,19,208,0,-19,0
-74,-17,221,0,-20,0
-48,3,236,0,-22,0
-34,-10,249,0,-23,0
-36,-18,229,0,-24,0
-61,19,214,0,-26,0
-60,14,229,0,-27,0
-43,2,217,0,-28,0
-26,-2,199,0,-29,0
-54,32,260,0,-31,0
-40,8,224,0,-32,0
-80,5,260,0,-33,0
-92,10,218,0,-34,0
-75,2,234,0,-35,0
-86,15,252,0,-36,0
-55,-3,226,0,-37,0
-78,4,209,0,-38,0
-103,12,238,0,-39,0
-90,0,164,0,-40,0
-110,-14,218,0,-41,0
-120,-1,215,0,-42,0
-72,41,246,0,-42,0
-83,-59,229,0,-43,0
-71,8,214,0,-44,0
-111,-8,184,0,-45,0
-123,-8,241,0,-45,0
-108,-14,215,0,-46,0
-74,24,218,0,-46,0
-89,-18,247,0,-47,0
-72,-7,245,0,-47,0
-47,-30,205,0,-48,0
-93,20,223,0,-48,0
-108,26,217,0,-49,0
-104,-19,179,0,-49,0
-130,1,228,0,-49,0
-122,-12,169,0,-49,0
-107,9,199,0,-50,0
-92,16,181,0,-50,0
-75,11,216,0,-50,0
-126,6,219,0,-50,0
-120,-0,195,0,-50,0
-95,-12,240,0,-50,0
-96,22,208,0,-50,0
-80,36,195,0,-50,0
-103,-2,221,0,-50,0
-116,-3,194,0,-49,0
-109,-2,222,0,-49,0
-116,3,208,0,-49,0
-99,21,228,0,-49,0
-107,0,227,0,-48,0
-66,-13,212,0,-48,0
-78,22,244,0,-47,0
-89,-7,181,0,-47,0
-102,30,216,0,-46,0
-108,9,181,0,-46,0
-97,-15,210,0,-45,0
-103,-21,267,0,-44,0
-109,-16,210,0,-44,0
-94,14,225,0,-43,0
-69,20,245,0,-42,0
-95,16,205,0,-41,0
-67,-11,161,0,-40,0
-83,-11,227,0,-39,0
-64,1,212,0,-39,0
-66,2,210,0,-38,0
-48,-14,208,0,-37,0
-102,3,207,0,-36,0
-71,-13,242,0,-35,0
-85,-17,206,0,-33,0
-67,0,218,0,-32,0
-51,45,234,0,-31,0
-69,31,210,0,-30,0
-79,22,242,0,-29,0
-58,-16,219,0,-28,0
-70,32,226,0,-26,0
-47,-11,261,0,-25,0
-80,-6,210,0,-24,0
-61,-38,229,0,-22,0
-47,-5,254,0,-21,0
-56,11,251,0,-20,0
-68,-18,235,0,-18,0
-43,11,231,0,-17,0
-53,23,229,0,-16,0
-66,4,239,0,-14,0
-1,-15,217,0,-13,0
-40,8,259,0,-11,0
0,-28,263,0,-10,0
-53,42,227,0,-8,0
-21,18,223,0,-7,0
-8,-3,242,0,-5,0
-2,32,252,0,-4,0
-14,20,268,0,-2,0
-15,-60,234,0,-1,0
-13,-29,239,0,1,0
4,-14,255,0,2,0
5,10,304,0,3,0
21,-6,259,0,5,0
-6,24,241,0,6,0
7,10,260,0,8,0
10,25,252,0,9,0
16,-32,246,0,11,0
62,-3,271,0,12,0
22,-24,263,0,14,0
24,46,285,0,15,0
-3,-17,225,0,17,0
49,-11,261,0,18,0
35,-37,236,0,19,0
57,-24,294,0,21,0
80,-4,255,0,22,0
47,-12,281,0,23,0
46,17,249,0,25,0
58,-11,268,0,26,0
54,7,269,0,27,0
57,-25,264,0,28,0
80,-12,300,0,30,0
67,3,274,0,31,0
87,29,297,0,32,0
36,-6,247,0,33,0
70,-17,270,0,34,0
31,-7,299,0,35,0
110,-21,297,0,36,0
88,6,300,0,37,0
77,27,327,0,38,0
77,-15,286,0,39,0
110,14,298,0,40,0
90,-10,294,0,41,0
89,-32,285,0,42,0
68,20,340,0,43,0
108,21,287,0,43,0
112,-5,314,0,44,0
85,-10,280,0,45,0
133,3,287,0,45,0
65,-47,275,0,46,0
88,-22,301,0,47,0
123,-22,296,0,47,0
84,12,291,0,48,0
102,-7,318,0,48,0
111,14,327,0,48,0
78,5,310,0,49,0
99,-1,336,0,49,0
92,-19,318,0,49,0
99,4,311,0,50,0
59,-4,300,0,50,0
88,38,325,0,50,0
109,-7,290,0,50,0
108,-39,306,0,50,0
80,23,314,0,50,0
94,-30,329,0,50,0
79,-18,330,0,50,0
90,-23,323,0,50,0
67,1,325,0,50,0
79,-1,308,0,49,0
118,25,334,0,49,0
93,-7,294,0,49,0
91,40,282,0,48,0
64,18,288,0,48,0
99,-16,297,0,48,0
88,-30,277,0,47,0
114,-15,276,0,47,0
83,39,286,0,46,0
75,32,280,0,45,0
106,13,296,0,45,0
120,5,319,0,44,0
98,-3,298,0,43,0
99,-31,330,0,43,0
118,3,263,0,42,0
94,8,297,0,41,0
104,-31,304,0,40,0
67,6,261,0,39,0
109,-2,265,0,38,0
86,9,278,0,37,0
51,4,295,0,36,0
41,-13,283,0,35,0
70,17,245,0,34,0
53,-24,269,0,33,0
47,-12,264,0,32,0
78,-2,285,0,31,0
54,15,293,0,30,0
75,-10,278,0,29,0
72,-21,302,0,27,0
102,6,296,0,26,0
112,9,277,0,25,0
79,-12,291,0,23,0
47,21,271,0,22,0
51,-9,297,0,21,0
63,-0,289,0,19,0
43,30,280,0,18,0
43,0,256,0,17,0
38,-4,282,0,15,0
44,-34,266,0,14,0
15,-26,245,0,12,0
-8,-33,272,0,11,0
-8,16,253,0,9,0
-9,-7,235,0,8,0
-5,9,288,0,7,0
13,-16,255,0,5,0
8,-5,238,0,4,0
-42,19,269,0,2,0
-27,47,243,0,1,0
9,-43,255,0,-1,0
34,3,246,0,-2,0
-21,26,239,0,-4,0
-4,-10,251,0,-5,0
-4,-26,239,0,-7,0
-1,-6,224,0,-8,0
17,34,266,0,-10,0
-5,9,223,0,-11,0
-26,-28,220,0,-13,0
-29,1,272,0,-14,0
-8,4,243,0,-15,0
-43,24,219,0,-17,0
-24,-11,244,0,-18,0
-34,37,200,0,-20,0
-88,7,234,0,-21,0
-45,-52,238,0,-22,0
-8,-17,266,0,-24,0
-53,15,226,0,-25,0
-55,-11,225,0,-26,0
-43,-17,246,0,-27,0
-75,-13,231,0,-29,0
-48,-9,210,0,-30,0
-52,-7,208,0,-31,0
-42,35,224,0,-32,0
-42,15,240,0,-33,0
-62,8,224,0,-34,0
-113,17,212,0,-35,0
-51,-4,221,0,-37,0
-48,26,241,0,-38,0
-119,-23,227,0,-38,0
-89,15,221,0,-39,0
-101,18,192,0,-40,0
-112,-52,247,0,-41,0
-111,24,237,0,-42,0
-74,-8,214,0,-43,0
-66,-20,188,0,-44,0
-93,1,173,0,-44,0
-61,-8,201,0,-45,0
-92,-2,234,0,-46,0
-115,-6,242,0,-46,0
-97,23,216,0,-47,0
-73,-26,222,0,-47,0
-111,23,221,0,-48,0
-89,-12,189,0,-48,0
-98,-14,199,0,-48,0
-105,-13,214,0,-49,0
-84,38,212,0,-49,0
-72,-26,200,0,-49,0
-107,-25,189,0,-50,0
-108,1,217,0,-50,0
-86,-0,196,0,-50,0
-108,-7,229,0,-50,0
-122,-13,224,0,-50,0
-109,18,200,0,-50,0
-102,-36,210,0,-50,0
-72,-17,225,0,-50,0
-100,6,226,0,-50,0
-38,-3,245,0,-50,0
-94,-20,213,0,-49,0
-107,-20,241,0,-49,0
-96,12,203,0,-49,0
-109,8,220,0,-48,0
-98,26,221,0,-48,0
-88,-8,217,0,-48,0
-101,1,218,0,-47,0
-57,-54,180,0,-46,0
-111,-22,242,0,-46,0
-103,4,212,0,-45,0
-70,-16,247,0,-45,0
-103,16,232,0,-44,0
-82,-40,164,0,-43,0
-108,25,222,0,-42,0
-80,-1,215,0,-42,0
-79,7,202,0,-41,0
-32,-17,214,0,-40,0
-100,-14,211,0,-39,0
-47,68,200,0,-38,0
-83,-48,210,0,-37,0
-46,-8,212,0,-36,0
-89,-3,254,0,-35,0
-82,-18,241,0,-34,0
-103,16,227,0,-33,0
-77,12,216,0,-32,0
-90,-2,236,0,-31,0
-44,-24,220,0,-29,0
-67,-7,227,0,-28,0
-93,-1,210,0,-27,0
-66,13,253,0,-26,0
-85,17,223,0,-24,0
-77,15,208,0,-23,0
-73,-11,232,0,-22,0
-53,24,230,0,-20,0
-27,6,257,0,-19,0
-33,16,217,0,-18,0
-21,-8,222,0,-16,0
-40,-1,234,0,-15,0
-50,-27,249,0,-13,0
-33,-12,249,0,-12,0
-19,19,232,0,-11,0
-16,2,280,0,-9,0
-18,46,253,0,-8,0
-48,-11,259,0,-6,0
24,14,272,0,-5,0
-19,-14,250,0,-3,0
-11,-4,259,0,-2,0
23,22,275,0,-0,0
24,-24,285,0,1,0
-8,19,252,0,3,0
-7,-22,273,0,4,0
24,-34,221,0,6,0
2,20,251,0,7,0
9,3,265,0,9,0
22,39,272,0,10,0
34,3,264,0,11,0
-6,27,258,0,13,0
55,10,275,0,14,0
41,-18,275,0,16,0
35,16,245,0,17,0
41,8,292,0,19,0
67,-36,300,0,20,0
59,-23,296,0,21,0
30,-16,302,0,23,0
59,1,284,0,24,0
42,-7,274,0,25,0
78,-48,263,0,27,0
66,-11,285,0,28,0
70,-26,316,0,29,0
81,-19,283,0,30,0
52,-4,300,0,31,0
60,-23,283,0,32,0
56,11,236,0,34,0
85,-51,269,0,35,0
78,5,316,0,36,0
80,8,268,0,37,0
97,-23,257,0,38,0
75,-3,311,0,39,0
75,-10,329,0,40,0
122,-27,293,0,41,0
87,20,308,0,41,0
111,-12,317,0,42,0
73,14,285,0,43,0
113,21,310,0,44,0
82,-2,296,0,44,0
76,-11,295,0,45,0
91,16,276,0,46,0
93,31,302,0,46,0
70,-32,334,0,47,0
102,10,307,0,47,0
73,-2,287,0,48,0
122,4,278,0,48,0
102,-16,288,0,49,0
119,4,322,0,49,0
124,-9,293,0,49,0
119,31,278,0,49,0
103,23,311,0,50,0
80,9,317,0,50,0
66,-7,288,0,50,0
72,30,343,0,50,0
57,-38,288,0,50,0
150,4,299,0,50,0
88,-21,261,0,50,0
104,37,285,0,50,0
104,-20,321,0,50,0
143,-2,303,0,49,0
97,-38,300,0,49,0
99,-25,290,0,49,0
132,-15,335,0,49,0
121,-14,256,0,48,0
115,-10,277,0,48,0
118,37,272,0,47,0
78,-13,294,0,47,0
91,-25,299,0,46,0
87,-17,301,0,46,0
89,-22,323,0,45,0
84,24,299,0,45,0
116,-5,292,0,44,0
76,-8,291,0,43,0
80,9,310,0,42,0
104,-3,314,0,41,0
92,-26,306,0,41,0
78,12,298,0,40,0
73,-15,339,0,39,0
62,26,282,0,38,0
86,21,298,0,37,0
112,-18,320,0,36,0
85,16,257,0,35,0
57,-10,284,0,34,0
48,0,269,0,33,0
55,-18,294,0,32,0
52,-27,303,0,30,0
53,-7,284,0,29,0
106,-20,261,0,28,0
44,-22,300,0,27,0
65,-8,280,0,25,0
70,18,262,0,24,0
47,-28,276,0,23,0
80,-21,277,0,21,0
45,-31,306,0,20,0
35,-5,273,0,19,0
30,6,266,0,17,0
20,14,265,0,16,0
29,-3,279,0,15,0
34,-39,261,0,13,0
-9,17,287,0,12,0
34,18,279,0,10,0
9,-16,240,0,9,0
-10,-0,274,0,7,0
36,-69,252,0,6,0
11,20,244,0,4,0
-11,-17,258,0,3,0
56,-25,266,0,1,0
-27,12,246,0,-0,0
-10,2,276,0,-2,0
-16,-32,255,0,-3,0
20,2,255,0,-5,0
-32,-44,239,0,-6,0
13,5,261,0,-7,0
1,-6,261,0,-9,0
-21,13,227,0,-10,0
-26,23,247,0,-12,0
-34,4,286,0,-13,0
-86,-16,254,0,-15,0
-62,-37,298,0,-16,0
-31,38,266,0,-18,0
-42,-26,230,0,-19,0
-63,0,195,0,-20,0
-81,-16,227,0,-22,0
-43,15,265,0,-23,0
-44,26,257,0,-24,0
-54,12,262,0,-26,0
-70,9,247,0,-27,0
-38,-8,247,0,-28,0
-47,-21,177,0,-29,0
-41,-19,226,0,-30,0
-76,-10,212,0,-32,0
-46,1,185,0,-33,0
-66,-34,222,0,-34,0
-47,-11,247,0,-35,0
-55,-2,226,0,-36,0
-71,3,216,0,-37,0
-114,-17,223,0,-38,0
-77,6,188,0,-39,0
-111,-11,242,0,-40,0
-81,0,206,0,-41,0
-79,-14,245,0,-42,0
-71,4,222,0,-42,0
-72,31,244,0,-43,0
-76,16,191,0,-44,0
-88,9,185,0,-45,0
-100,-8,231,0,-45,0
-82,13,190,0,-46,0
-100,-22,204,0,-46,0
-88,-8,248,0,-47,0
-101,-0,207,0,-47,0
-98,-10,208,0,-48,0
-90,32,219,0,-48,0
-122,26,216,0,-49,0
-113,-31,242,0,-49,0
-73,17,205,0,-49,0
-125,-12,198,0,-49,0
-128,-14,210,0,-50,0
-101,-8,227,0,-50,0
-111,14,229,0,-50,0
-103,-47,210,0,-50,0
-104,-27,175,0,-50,0
-122,-10,221,0,-50,0
-87,-4,243,0,-50,0
-79,4,227,0,-50,0
-122,-2,207,0,-50,0
-99,-10,169,0,-49,0
-87,6,167,0,-49,0
-77,-8,214,0,-49,0
-100,-25,184,0,-49,0
-123,-24,225,0,-48,0
-107,11,183,0,-48,0
-70,-3,208,0,-47,0
-78,-26,193,0,-47,0
-120,-5,210,0,-46,0
-61,-2,224,0,-46,0
-94,6,245,0,-45,0
-119,44,201,0,-44,0
-108,14,214,0,-44,0
-58,10,234,0,-43,0
-106,-8,169,0,-42,0
-122,-44,212,0,-41,0
-100,-10,207,0,-40,0
-113,0,228,0,-40,0
-95,-37,153,0,-39,0
-85,-20,218,0,-38,0
-84,-3,243,0,-37,0
-89,6,221,0,-36,0
-54,15,203,0,-35,0
-112,13,220,0,-34,0
-76,-37,248,0,-32,0
-66,4,244,0,-31,0
-65,9,241,0,-30,0
-75,9,241,0,-29,0
-75,6,202,0,-28,0
-81,4,224,0,-26,0
-26,18,190,0,-25,0
-73,2,228,0,-24,0
-62,-18,222,0,-23,0
-43,10,234,0,-21,0
18,-2,241,0,-20,0
-34,20,232,0,-18,0
-23,17,248,0,-17,0
-5,8,236,0,-16,0
-37,-5,226,0,-14,0
-9,-10,236,0,-13,0
-28,-8,256,0,-11,0
-5,7,251,0,-10,0
3,3,292,0,-8,0
-13,-24,279,0,-7,0
-5,-22,292,0,-6,0
-23,-27,268,0,-4,0
-27,12,249,0,-3,0
21,4,269,0,-1,0
3,9,248,0,0,0
-30,-11,234,0,2,0
24,10,260,0,3,0
11,-6,244,0,5,0
21,5,287,0,6,0
17,20,243,0,8,0
2,-21,307,0,9,0
27,-2,285,0,11,0
14,5,233,0,12,0
14,27,301,0,14,0
57,-14,241,0,15,0
31,-29,287,0,16,0
47,1,289,0,18,0
47,-6,264,0,19,0
36,-37,303,0,21,0
49,-14,289,0,22,0
75,2,306,0,23,0
56,31,284,0,25,0
45,-3,260,0,26,0
41,4,284,0,27,0
81,23,307,0,28,0
88,14,306,0,30,0
68,13,309,0,31,0
63,7,296,0,32,0
91,20,297,0,33,0
78,-4,281,0,34,0
75,5,285,0,35,0
14,9,261,0,36,0
77,7,314,0,37,0
96,-18,281,0,38,0
84,24,290,0,39,0
84,21,311,0,40,0
85,-3,293,0,41,0
70,-1,289,0,42,0
68,29,309,0,43,0
103,-30,314,0,43,0
50,-0,308,0,44,0
115,-26,296,0,45,0
112,-21,312,0,45,0
51,-6,313,0,46,0
106,-35,326,0,47,0
94,8,305,0,47,0
94,-5,322,0,48,0
78,5,318,0,48,0
110,-3,321,0,48,0
133,12,293,0,49,0
79,2,301,0,49,0
134,11,322,0,49,0
134,-18,296,0,50,0
83,-3,312,0,50,0
91,-16,292,0,50,0
122,3,274,0,50,0
107,-21,336,0,50,0
123,31,311,0,50,0
110,16,309,0,50,0
73,3,283,0,50,0
115,35,321,0,50,0
83,47,300,0,50,0
71,-19,276,0,49,0
107,13,339,0,49,0
67,2,315,0,49,0
111,9,275,0,48,0
113,8,329,0,48,0
119,-25,310,0,48,0
59,-19,264,0,47,0
136,-12,315,0,47,0
108,13,303,0,46,0
143,3,321,0,45,0
95,-49,306,0,45,0
85,19,301,0,44,0
56,6,287,0,43,0
75,-4,315,0,43,0
74,15,285,0,42,0
74,29,255,0,41,0
89,-16,332,0,40,0
58,-26,276,0,39,0
94,-23,299,0,38,0
109,-15,310,0,37,0
51,-17,305,0,36,0
52,8,278,0,35,0
36,-23,277,0,34,0
97,-34,290,0,33,0
76,-31,286,0,32,0
22,-2,294,0,31,0
92,-1,308,0,30,0
46,-41,261,0,29,0
39,11,257,0,27,0
55,-21,248,0,26,0
65,-27,279,0,25,0
84,42,288,0,24,0
69,-22,266,0,22,0
34,-30,294,0,21,0
34,-23,269,0,20,0
-1,48,315,0,18,0
45,15,248,0,17,0
24,7,259,0,15,0
28,-0,255,0,14,0
49,7,268,0,12,0
24,-13,244,0,11,0
23,-13,242,0,10,0
12,-18,250,0,8,0
20,-7,272,0,7,0
-44,25,253,0,5,0
10,-22,261,0,4,0
-11,8,247,0,2,0
23,-13,276,0,1,0
7,-52,255,0,-1,0
-10,7,305,0,-2,0
-1,14,278,0,-4,0
-5,-51,244,0,-5,0
-2,7,233,0,-7,0
-3,15,253,0,-8,0
-14,23,244,0,-10,0
-33,-16,220,0,-11,0
-22,-10,272,0,-13,0
-36,-12,209,0,-14,0
-14,29,251,0,-15,0
-49,-48,233,0,-17,0
-47,-3,239,0,-18,0
-46,0,231,0,-20,0
-30,-13,224,0,-21,0
-38,8,251,0,-22,0
-79,47,225,0,-24,0
-64,-32,237,0,-25,0
-58,-13,238,0,-26,0
-27,-39,241,0,-27,0
-25,-33,206,0,-29,0
-92,-16,221,0,-30,0
-53,30,234,0,-31,0
-68,12,193,0,-32,0
-73,11,236,0,-33,0
-55,27,197,0,-34,0
-79,1,196,0,-35,0
-73,-3,204,0,-36,0
-86,7,215,0,-37,0
-93,9,208,0,-38,0
-96,-6,215,0,-39,0
-80,-53,227,0,-40,0
-92,50,250,0,-41,0
-112,4,221,0,-42,0
-94,-20,236,0,-43,0
-92,-25,227,0,-43,0
-105,25,184,0,-44,0
-63,-12,208,0,-45,0
-77,9,182,0,-46,0
-115,19,183,0,-46,0
-110,-7,240,0,-47,0
-84,48,256,0,-47,0
-118,4,191,0,-48,0
-65,15,176,0,-48,0
-105,-27,250,0,-48,0
-109,-60,231,0,-49,0
-90,-19,204,0,-49,0
-83,7,233,0,-49,0
-128,1,217,0,-50,0
-133,30,205,0,-50,0
-73,-16,210,0,-50,0
-111,8,239,0,-50,0
-81,-6,220,0,-50,0
-72,-7,220,0,-50,0
-126,2,198,0,-50,0
-81,27,194,0,-50,0
-116,3,186,0,-50,0
-100,8,203,0,-50,0
-132,-4,202,0,-49,0
-115,13,176,0,-49,0
-66,4,192,0,-49,0
-96,-19,186,0,-48,0
-78,-48,219,0,-48,0
-92,7,208,0,-48,0
-111,17,204,0,-47,0
-94,-33,220,0,-47,0
-113,-13,223,0,-46,0
-97,-9,212,0,-45,0
-75,-9,207,0,-45,0
-95,8,207,0,-44,0
-96,-36,210,0,-43,0
-95,-3,210,0,-43,0
-94,-13,247,0,-42,0
-97,-5,219,0,-41,0
-117,-30,217,0,-40,0
-55,-43,224,0,-39,0
-92,11,181,0,-38,0
-43,-0,191,0,-37,0
-68,21,252,0,-36,0
-37,10,197,0,-35,0
-101,-8,231,0,-34,0
-31,-28,212,0,-33,0
-58,-25,200,0,-32,0
-3,6,245,0,-31,0
-50,9,214,0,-30,0
-42,-4,226,0,-28,0
-66,-11,222,0,-27,0
-55,22,182,0,-26,0
-21,-45,198,0,-25,0
-21,-5,243,0,-23,0
-79,2,245,0,-22,0
-36,-3,255,0,-21,0
-46,-18,248,0,-19,0
-73,16,246,0,-18,0
-28,10,237,0,-16,0
6,14,243,0,-15,0
-38,-15,257,0,-14,0
-22,14,220,0,-12,0
-56,-16,242,0,-11,0
-58,-16,272,0,-9,0
-32,-26,248,0,-8,0
-13,-7,247,0,-6,0
-34,-20,251,0,-5,0
-4,17,259,0,-3,0
-3,32,242,0,-2,0
-31,24,253,0,-0,0
11,15,251,0,1,0
48,20,257,0,3,0
20,15,268,0,4,0
20,-8,297,0,6,0
-6,15,292,0,7,0
18,0,283,0,8,0
43,11,260,0,10,0
-22,-17,280,0,11,0
24,-7,266,0,13,0
36,33,275,0,14,0
53,35,259,0,16,0
-14,-30,298,0,17,0
20,-19,256,0,18,0
66,17,262,0,20,0
45,23,297,0,21,0
3,-50,284,0,23,0
59,-43,273,0,24,0
35,-14,256,0,25,0
52,-40,298,0,26,0
39,-30,298,0,28,0
72,3,292,0,29,0
82,-6,303,0,30,0
102,-3,264,0,31,0
50,42,279,0,32,0
45,2,289,0,34,0
87,-22,293,0,35,0
116,9,276,0,36,0
49,-11,296,0,37,0
112,-13,314,0,38,0
85,10,274,0,39,0
95,2,304,0,40,0
79,-36,291,0,40,0
107,-1,295,0,41,0
81,-32,287,0,42,0
71,-34,317,0,43,0
137,9,284,0,44,0
103,-27,286,0,44,0
107,28,256,0,45,0
109,5,325,0,46,0
123,35,296,0,46,0
123,-0,304,0,47,0
147,13,343,0,47,0
94,16,285,0,48,0
70,5,299,0,48,0
87,-13,342,0,49,0
84,15,299,0,49,0
108,20,321,0,49,0
103,-5,276,0,49,0
91,-5,295,0,50,0
94,-8,311,0,50,0
111,26,309,0,50,0
87,8,304,0,50,0
88,8,315,0,50,0
109,11,301,0,50,0
102,-27,310,0,50,0
117,-27,281,0,50,0
65,24,310,0,50,0
99,19,302,0,49,0
91,-24,328,0,49,0
71,17,311,0,49,0
129,-57,275,0,49,0
97,-5,306,0,48,0
84,-22,288,0,48,0
69,36,291,0,47,0
81,-14,263,0,47,0
88,9,288,0,46,0
102,-9,290,0,46,0
107,-21,285,0,45,0
56,12,296,0,45,0
77,13,286,0,44,0
108,29,292,0,43,0
89,-25,265,0,42,0
68,18,318,0,42,0
55,-53,286,0,41,0
126,24,260,0,40,0
133,38,265,0,39,0
87,10,305,0,38,0
73,-29,273,0,37,0
88,-11,252,0,36,0
61,6,274,0,35,0
89,-19,272,0,34,0
77,-0,300,0,33,0
57,4,260,0,32,0
39,-11,294,0,30,0
63,30,257,0,29,0
66,-36,304,0,28,0
83,-21,273,0,27,0
54,-12,277,0,26,0
39,4,267,0,24,0
21,13,267,0,23,0
88,-0,293,0,22,0
14,-16,260,0,20,0
54,-3,268,0,19,0
20,12,291,0,17,0
44,0,285,0,16,0
27,22,289,0,15,0
1,18,258,0,13,0
15,10,257,0,12,0
25,20,273,0,10,0
26,-7,250,0,9,0
-2,26,252,0,7,0
-28,-15,266,0,6,0
-3,-31,273,0,4,0
31,-20,276,0,3,0
48,20,251,0,2,0
43,14,267,0,0,0
2,-8,257,0,-1,0
8,22,262,0,-3,0
-11,-14,226,0,-4,0
-12,-7,231,0,-6,0
-21,41,236,0,-7,0
-38,11,221,0,-9,0
-18,-5,228,0,-10,0
-38,-17,254,0,-12,0
-37,-48,275,0,-13,0
-23,-25,246,0,-15,0
-43,25,197,0,-16,0
-24,-1,240,0,-17,0
-12,-19,234,0,-19,0
-40,0,221,0,-20,0
-39,22,222,0,-22,0
-30,29,203,0,-23,0
-76,23,213,0,-24,0
-55,7,248,0,-25,0
-37,-8,223,0,-27,0
-73,33,225,0,-28,0
-80,8,230,0,-29,0
-79,7,251,0,-30,0
-103,12,200,0,-32,0
-86,18,219,0,-33,0
-67,-14,232,0,-34,0
-64,32,242,0,-35,0
-61,-16,220,0,-36,0
-44,-29,211,0,-37,0
-44,8,245,0,-38,0
-84,-8,247,0,-39,0
-69,22,202,0,-40,0
-70,-34,210,0,-41,0
-90,-31,214,0,-42,0
-92,25,197,0,-42,0
-78,-0,204,0,-43,0
-83,-7,223,0,-44,0
-127,-22,223,0,-45,0
-76,-34,245,0,-45,0
-71,-2,244,0,-46,0
-89,-25,217,0,-46,0
-81,9,214,0,-47,0
-104,6,204,0,-47,0
-91,-22,230,0,-48,0
-114,-16,198,0,-48,0
-97,12,208,0,-49,0
-100,13,231,0,-49,0
-122,-7,219,0,-49,0
-94,31,209,0,-49,0
-66,-9,184,0,-50,0
-104,11,248,0,-50,0
-81,-7,182,0,-50,0
-69,-7,218,0,-50,0
-110,-12,214,0,-50,0
-125,-41,177,0,-50,0
-85,-14,205,0,-50,0
-105,26,180,0,-50,0
-91,9,237,0,-50,0
-97,8,183,0,-49,0
-53,-4,240,0,-49,0
-87,24,189,0,-49,0
-93,38,225,0,-49,0
-82,-24,197,0,-48,0
-76,-11,231,0,-48,0
-114,30,203,0,-47,0
-112,-32,243,0,-47,0
-76,1,227,0,-46,0
-95,-7,207,0,-46,0
-97,10,204,0,-45,0
-64,-12,177,0,-44,0
-89,1,233,0,-44,0
-129,11,186,0,-43,0
-61,-0,220,0,-42,0
-50,-15,224,0,-41,0
-85,21,211,0,-41,0
-63,-31,221,0,-40,0
-110,-5,198,0,-39,0
-109,2,204,0,-38,0
-82,-6,226,0,-37,0
-62,13,218,0,-36,0
-82,8,205,0,-35,0
-58,-5,186,0,-34,0
-96,41,191,0,-32,0
-69,-17,224,0,-31,0
-32,13,229,0,-30,0
-70,-5,243,0,-29,0
-71,-6,214,0,-28,0
-45,-26,234,0,-26,0
-49,15,256,0,-25,0
-27,6,214,0,-24,0
-46,39,202,0,-23,0
-40,19,256,0,-21,0
-40,-38,254,0,-20,0
-93,25,219,0,-19,0
-3,16,209,0,-17,0
-47,12,260,0,-16,0
-3,25,205,0,-14,0
-57,12,275,0,-13,0
-64,-8,265,0,-11,0
-20,37,213,0,-10,0
28,20,282,0,-9,0
-25,7,228,0,-7,0
17,24,254,0,-6,0
2,-16,249,0,-4,0
-1,-31,217,0,-3,0
-26,35,252,0,-1,0
18,-4,276,0,0,0
-24,-18,239,0,2,0
7,-34,253,0,3,0
-11,5,261,0,5,0
27,-9,289,0,6,0
-4,5,257,0,8,0
26,-28,238,0,9,0
40,-21,283,0,11,0
37,-1,254,0,12,0
35,-2,283,0,14,0
8,36,239,0,15,0
56,30,275,0,16,0
45,-23,309,0,18,0
55,-11,261,0,19,0
47,6,311,0,20,0
44,9,278,0,22,0
79,-27,293,0,23,0
28,-12,250,0,24,0
54,-1,277,0,26,0
15,6,286,0,27,0
59,6,299,0,28,0
43,-19,300,0,29,0
55,6,300,0,31,0
76,-1,288,0,32,0
55,54,259,0,33,0
49,1,294,0,34,0
102,-17,288,0,35,0
84,56,300,0,36,0
55,10,304,0,37,0
61,19,318,0,38,0
97,-3,274,0,39,0
51,-14,280,0,40,0
103,15,262,0,41,0
91,-39,330,0,42,0
92,-30,268,0,43,0
59,-4,305,0,43,0
110,16,286,0,44,0
71,-15,282,0,45,0
62,14,295,0,45,0
87,18,322,0,46,0
77,10,315,0,47,0
101,35,309,0,47,0
62,22,261,0,48,0
94,12,328,0,48,0
123,-7,317,0,48,0
103,-6,304,0,49,0
113,-23,299,0,49,0
74,-39,326,0,49,0
115,-18,291,0,50,0
87,-12,278,0,50,0
108,20,306,0,50,0
115,6,312,0,50,0
77,-30,318,0,50,0
90,17,332,0,50,0
83,4,302,0,50,0
79,14,274,0,50,0
132,1,304,0,50,0
84,10,302,0,50,0
118,-20,318,0,49,0
97,0,328,0,49,0
95,-34,281,0,49,0
86,-17,271,0,48,0
93,3,299,0,48,0
119,-7,303,0,48,0
79,8,309,0,47,0
114,-7,301,0,47,0
65,12,314,0,46,0
88,9,315,0,46,0
95,32,308,0,45,0
85,-25,304,0,44,0
88,10,241,0,44,0
50,8,292,0,43,0
57,-14,315,0,42,0
36,-0,303,0,41,0
74,9,303,0,40,0
112,-10,284,0,39,0
109,-33,279,0,38,0
102,1,283,0,38,0
38,-45,293,0,37,0
57,-20,306,0,35,0
121,17,307,0,34,0
124,1,301,0,33,0
81,13,284,0,32,0
64,-17,277,0,31,0
58,0,292,0,30,0
57,34,279,0,29,0
53,-2,283,0,27,0
21,-19,293,0,26,0
29,-17,279,0,25,0
63,9,293,0,24,0
59,9,286,0,22,0
33,19,298,0,21,0
40,10,283,0,20,0
22,10,264,0,18,0
30,30,259,0,17,0
54,-23,279,0,15,0
11,-3,294,0,14,0
48,38,265,0,13,0
-4,3,270,0,11,0
0,-17,286,0,10,0
26,-31,250,0,8,0
12,-25,274,0,7,0
11,-3,246,0,5,0
-11,32,257,0,4,0
32,40,252,0,2,0
-37,-48,273,0,1,0
-19,26,261,0,-1,0
39,-2,267,0,-2,0
6,-43,239,0,-4,0
-11,-18,248,0,-5,0
-29,-13,243,0,-7,0
3,1,284,0,-8,0
-22,-22,232,0,-10,0
-12,-18,271,0,-11,0
-21,16,258,0,-12,0
-8,-26,225,0,-14,0
-14,-28,243,0,-15,0
-23,-36,246,0,-17,0
-40,14,228,0,-18,0
-29,-22,210,0,-19,0
-24,3,231,0,-21,0
-43,12,236,0,-22,0
-56,-7,250,0,-23,0
-51,16,239,0,-25,0
-39,51,230,0,-26,0
-70,1,260,0,-27,0
-37,-17,237,0,-29,0
-64,16,225,0,-30,0
-50,-5,212,0,-31,0
-81,-16,271,0,-32,0
-62,-41,244,0,-33,0
-57,28,239,0,-34,0
-63,8,240,0,-35,0
-76,1,210,0,-36,0
-92,20,250,0,-37,0
-105,11,220,0,-38,0
-63,28,235,0,-39,0
-90,-25,191,0,-40,0
-94,-17,225,0,-41,0
-82,-26,183,0,-42,0
-90,-9,236,0,-43,0
-81,-22,218,0,-43,0
-92,26,172,0,-44,0
-102,20,198,0,-45,0
-64,-4,230,0,-45,0
-86,18,215,0,-46,0
-83,19,207,0,-47,0
-88,17,223,0,-47,0
-100,-17,186,0,-48,0
-83,20,200,0,-48,0
-78,16,228,0,-48,0
-112,-22,208,0,-49,0
-50,22,193,0,-49,0
-93,-4,216,0,-49,0
-128,-22,195,0,-50,0
-97,18,228,0,-50,0
-103,-18,203,0,-50,0
-110,27,224,0,-50,0
-112,23,219,0,-50,0
-119,28,238,0,-50,0
-120,-9,204,0,-50,0
-101,12,227,0,-50,0
-87,14,196,0,-50,0
-82,8,216,0,-50,0
-86,20,198,0,-49,0
-99,22,203,0,-49,0
-80,-13,223,0,-49,0
-96,36,183,0,-48,0
-44,-21,173,0,-48,0
-59,19,240,0,-48,0
-77,-0,211,0,-47,0
-116,-9,220,0,-47,0
-92,-12,189,0,-46,0
-36,1,191,0,-45,0
-88,-21,220,0,-45,0
-95,8,234,0,-44,0
-55,-5,226,0,-43,0
-90,30,251,0,-43,0
-46,2,212,0,-42,0
-97,3,185,0,-41,0
-69,10,222,0,-40,0
-113,27,218,0,-39,0
-53,28,222,0,-38,0
-93,22,228,0,-37,0
-47,19,203,0,-36,0
-35,8,235,0,-35,0
-64,2,256,0,-34,0
-49,-3,200,0,-33,0
-47,-7,206,0,-32,0
-78,5,193,0,-31,0
-46,24,235,0,-30,0
-54,1,212,0,-28,0
-37,20,243,0,-27,0
-45,-8,231,0,-26,0
-9,-7,232,0,-25,0
-78,35,206,0,-23,0
-76,-35,237,0,-22,0
-39,-22,236,0,-21,0
-81,11,237,0,-19,0
-49,9,216,0,-18,0
-45,10,246,0,-16,0
-5,-2,247,0,-15,0
-38,-22,240,0,-14,0
-25,10,259,0,-12,0
-40,20,262,0,-11,0
-9,-12,289,0,-9,0
12,34,249,0,-8,0
7,-12,209,0,-6,0
9,-20,226,0,-5,0
8,27,228,0,-3,0
41,40,266,0,-2,0
-50,-23,249,0,-0,0
-3,20,256,0,1,0
16,3,275,0,2,0
-3,10,282,0,4,0
-11,-27,242,0,5,0
7,21,259,0,7,0
14,7,268,0,8,0
65,21,258,0,10,0
14,-25,310,0,11,0
48,-13,253,0,13,0
38,-17,273,0,14,0
28,7,279,0,16,0
59,33,283,0,17,0
31,-17,236,0,18,0
78,-21,274,0,20,0
46,-8,250,0,21,0
46,-9,311,0,22,0
55,-17,297,0,24,0
62,-51,302,0,25,0
24,-9,267,0,26,0
62,9,277,0,28,0
51,-12,315,0,29,0
49,0,256,0,30,0
40,9,278,0,31,0
61,2,304,0,32,0
52,10,315,0,33,0
51,2,272,0,35,0
55,-37,323,0,36,0
73,0,283,0,37,0
77,1,295,0,38,0
54,-19,320,0,39,0
45,-32,261,0,40,0
73,-12,280,0,40,0
45,-5,281,0,41,0
94,14,307,0,42,0
76,34,267,0,43,0
109,-4,297,0,44,0
77,-44,294,0,44,0
77,4,306,0,45,0
100,11,283,0,46,0
109,-10,293,0,46,0
93,33,300,0,47,0
64,4,310,0,47,0
93,-14,290,0,48,0
131,24,308,0,48,0
97,14,296,0,49,0
97,21,308,0,49,0
94,-32,327,0,49,0
75,36,311,0,49,0
61,-29,311,0,50,0
122,14,305,0,50,0
96,37,316,0,50,0
146,-20,292,0,50,0
81,25,309,0,50,0
99,-9,329,0,50,0
103,-0,311,0,50,0
88,22,275,0,50,0
113,-20,297,0,50,0
125,-1,316,0,49,0
104,-20,276,0,49,0
80,-17,316,0,49,0
102,-24,290,0,49,0
107,-32,314,0,48,0
133,2,291,0,48,0
106,-16,294,0,47,0
51,10,292,0,47,0
124,-19,331,0,46,0
98,7,332,0,46,0
113,28,306,0,45,0
119,23,287,0,45,0
88,17,305,0,44,0
54,-30,295,0,43,0
101,3,261,0,42,0
80,13,295,0,42,0
75,-10,288,0,41,0
90,-21,299,0,40,0
51,31,275,0,39,0
93,-28,305,0,38,0
76,-4,299,0,37,0
92,-17,254,0,36,0
66,25,315,0,35,0
84,-11,289,0,34,0
66,-19,283,0,33,0
13,-18,285,0,32,0
58,-22,294,0,30,0
49,-21,263,0,29,0
73,-0,278,0,28,0
24,-30,288,0,27,0
62,-23,268,0,26,0
45,-23,285,0,24,0
77,-6,260,0,23,0
50,-32,282,0,22,0
25,25,244,0,20,0
11,-13,247,0,19,0
46,21,304,0,18,0
42,15,295,0,16,0
23,-5,268,0,15,0
9,47,264,0,13,0
23,2,234,0,12,0
22,-7,233,0,10,0
-2,23,261,0,9,0
13,12,252,0,8,0
-37,12,268,0,6,0
-15,21,291,0,5,0
13,10,244,0,3,0
10,-8,262,0,2,0
10,-9,227,0,0,0
-10,-12,254,0,-1,0
22,21,238,0,-3,0
-40,7,245,0,-4,0
10,-11,222,0,-6,0
-28,14,237,0,-7,0
10,-31,230,0,-9,0
-20,21,261,0,-10,0
-23,-9,230,0,-12,0
-18,-47,250,0,-13,0
-7,-4,244,0,-15,0
4,23,225,0,-16,0
-44,-14,225,0,-17,0
-40,-17,218,0,-19,0
-48,-31,240,0,-20,0
-59,-10,223,0,-21,0
-37,29,228,0,-23,0
-40,15,237,0,-24,0
-87,-1,254,0,-25,0
-56,0,282,0,-27,0
-99,-17,191,0,-28,0
-58,15,245,0,-29,0
-60,2,260,0,-30,0
-57,9,226,0,-31,0
-57,-6,231,0,-33,0
-60,0,189,0,-34,0
-72,9,247,0,-35,0
-87,-8,203,0,-36,0
-53,10,249,0,-37,0
-65,37,237,0,-38,0
-111,46,200,0,-39,0
-87,7,238,0,-40,0
-104,-32,228,0,-41,0
-90,-60,205,0,-41,0
-84,17,197,0,-42,0
-56,-28,220,0,-43,0
-55,13,200,0,-44,0
-67,4,241,0,-44,0
-59,-22,185,0,-45,0
-82,5,207,0,-46,0
-58,29,203,0,-46,0
-116,4,212,0,-47,0
-68,-12,227,0,-47,0
-112,-13,249,0,-48,0
-101,4,175,0,-48,0
-143,-33,208,0,-49,0
-124,20,210,0,-49,0
-111,5,206,0,-49,0
-125,1,199,0,-49,0
-100,45,194,0,-50,0
-98,-23,182,0,-50,0
-91,-3,201,0,-50,0
-121,25,226,0,-50,0
-99,5,217,0,-50,0
-104,26,189,0,-50,0
-113,-11,182,0,-50,0
-144,34,174,0,-50,0
-82,30,225,0,-50,0
-100,17,210,0,-49,0
-90,-39,186,0,-49,0
-108,-19,233,0,-49,0
-77,-13,201,0,-49,0
-103,11,197,0,-48,0
-88,-8,200,0,-48,0
-67,15,208,0,-47,0
-83,-8,222,0,-47,0
-82,-6,199,0,-46,0
-85,46,220,0,-46,0
-116,18,214,0,-45,0
-77,23,214,0,-44,0
-72,-7,187,0,-44,0
-120,46,202,0,-43,0
-73,1,213,0,-42,0
-73,-4,202,0,-41,0
-83,-5,178,0,-41,0
-89,-19,211,0,-40,0
-99,-5,227,0,-39,0
-76,5,207,0,-38,0
-111,15,180,0,-37,0
-68,3,213,0,-36,0
-57,13,211,0,-35,0
-80,-34,252,0,-34,0
-70,14,212,0,-33,0
-76,-24,242,0,-31,0
-72,-4,251,0,-30,0
-41,-3,249,0,-29,0
-93,27,231,0,-28,0
-20,-10,236,0,-27,0
-55,24,207,0,-25,0
-33,-2,216,0,-24,0
-32,0,265,0,-23,0
-34,9,225,0,-21,0
-23,-0,256,0,-20,0
-43,29,221,0,-19,0
-46,12,262,0,-17,0
-30,66,249,0,-16,0
-48,6,259,0,-14,0
-37,-8,241,0,-13,0
-9,23,254,0,-12,0
-16,18,233,0,-10,0
11,23,225,0,-9,0
1,-3,270,0,-7,0
0,-20,266,0,-6,0
21,-21,232,0,-4,0
19,21,258,0,-3,0
-20,-10,278,0,-1,0
9,-44,242,0,0,0
4,-11,267,0,2,0
14,23,263,0,3,0
-2,9,259,0,5,0
-20,5,268,0,6,0
-17,13,255,0,8,0
-14,-13,239,0,9,0
33,-6,270,0,11,0
38,-31,306,0,12,0
23,-33,274,0,13,0
36,-7,284,0,15,0
11,8,251,0,16,0
24,-9,234,0,18,0
10,10,266,0,19,0
42,-14,275,0,20,0
77,18,289,0,22,0
40,-27,245,0,23,0
37,-10,320,0,24,0
35,31,291,0,26,0
43,-6,309,0,27,0
38,1,290,0,28,0
62,27,270,0,29,0
45,44,291,0,31,0
59,-24,324,0,32,0
83,13,283,0,33,0
119,-36,288,0,34,0
55,-0,256,0,35,0
76,11,328,0,36,0
53,-2,273,0,37,0
62,6,306,0,38,0
90,33,301,0,39,0
103,-25,294,0,40,0
108,5,283,0,41,0
85,1,292,0,42,0
91,-11,289,0,42,0
88,-9,310,0,43,0
55,14,309,0,44,0
55,-27,307,0,45,0
47,3,287,0,45,0
77,0,298,0,46,0
108,19,308,0,46,0
89,4,315,0,47,0
82,-3,305,0,47,0
106,7,334,0,48,0
58,28,314,0,48,0
87,38,312,0,49,0
39,-15,284,0,49,0
83,17,300,0,49,0
112,-26,320,0,50,0
128,-5,300,0,50,0
119,26,321,0,50,0
128,-8,335,0,50,0
104,-38,319,0,50,0
120,-1,301,0,50,0
129,22,306,0,50,0
111,-6,317,0,50,0
113,30,323,0,50,0
126,-13,337,0,50,0
110,38,258,0,49,0
92,-6,309,0,49,0
90,-26,297,0,49,0
65,4,303,0,49,0
70,-9,307,0,48,0
134,40,326,0,48,0
108,43,316,0,47,0
77,23,291,0,47,0
117,-11,309,0,46,0
88,-13,299,0,46,0
93,4,280,0,45,0
88,5,282,0,44,0
54,3,292,0,44,0
88,11,312,0,43,0
97,44,305,0,42,0
44,37,283,0,41,0
93,-31,278,0,40,0
58,16,299,0,39,0
93,-7,273,0,39,0
79,-52,279,0,38,0
80,-25,288,0,37,0
60,18,275,0,36,0
37,-17,277,0,34,0
60,1,243,0,33,0
113,26,288,0,32,0
74,-13,268,0,31,0
86,8,264,0,30,0
94,3,287,0,29,0
24,-2,267,0,28,0
23,-11,261,0,26,0
57,26,282,0,25,0
39,20,326,0,24,0
35,-7,256,0,22,0
74,39,284,0,21,0
41,6,260,0,20,0
15,-28,274,0,18,0
26,-11,254,0,17,0
20,22,262,0,16,0
20,12,234,0,14,0
59,-6,224,0,13,0
22,-17,279,0,11,0
-5,25,283,0,10,0
28,29,248,0,8,0
-3,29,278,0,7,0
-20,-1,267,0,5,0
4,-3,238,0,4,0
1,9,239,0,2,0
-3,14,262,0,1,0
-34,1,252,0,-1,0
-15,18,247,0,-2,0
-6,-22,240,0,-4,0
-3,-1,277,0,-5,0
-18,9,251,0,-6,0
-40,38,239,0,-8,0
-1,28,237,0,-9,0
-4,7,218,0,-11,0
-2,7,251,0,-12,0
-3,-13,251,0,-14,0
-26,-28,197,0,-15,0
-18,10,248,0,-17,0
-55,-12,249,0,-18,0
-32,-26,235,0,-19,0
-34,-21,226,0,-21,0
-25,12,244,0,-22,0
-56,-33,201,0,-23,0
-23,-18,272,0,-25,0
-57,-5,230,0,-26,0
-40,10,210,0,-27,0
-60,-61,245,0,-28,0
-41,51,246,0,-30,0
-67,-37,231,0,-31,0
-35,-15,205,0,-32,0
-48,-18,217,0,-33,0
-64,12,235,0,-34,0
-97,-30,201,0,-35,0
-31,-7,212,0,-36,0
-92,-8,211,0,-37,0
-57,-4,243,0,-38,0
-83,-5,227,0,-39,0
-61,-20,223,0,-40,0
-63,-8,211,0,-41,0
-75,59,209,0,-42,0
-89,-16,195,0,-43,0
-121,-32,189,0,-43,0
-97,39,214,0,-44,0
-121,-9,198,0,-45,0
-153,-5,189,0,-45,0
-94,-6,180,0,-46,0
-76,18,188,0,-47,0
-102,57,242,0,-47,0
-90,-21,203,0,-48,0
-92,-27,202,0,-48,0
-98,-13,180,0,-48,0
-93,30,156,0,-49,0
-87,-0,196,0,-49,0
-112,6,230,0,-49,0
-91,-22,203,0,-50,0
-110,-23,222,0,-50,0
-87,-16,200,0,-50,0
-111,-18,205,0,-50,0
-109,39,195,0,-50,0
-85,2,168,0,-50,0
-95,37,203,0,-50,0
-102,5,225,0,-50,0
-81,30,210,0,-50,0
-98,7,212,0,-50,0
-108,6,249,0,-49,0
-109,-14,186,0,-49,0
-85,17,188,0,-49,0
-98,-2,226,0,-48,0
-97,-0,175,0,-48,0
-127,-1,207,0,-48,0
-88,-2,216,0,-47,0
-88,-18,235,0,-47,0
-77,-4,220,0,-46,0
-91,-10,249,0,-45,0
-87,26,211,0,-45,0
-90,21,148,0,-44,0
-76,-7,185,0,-43,0
-90,12,174,0,-43,0
-86,-35,204,0,-42,0
-68,3,239,0,-41,0
-94,-6,238,0,-40,0
-87,-3,247,0,-39,0
-70,-21,234,0,-38,0
-80,-11,172,0,-37,0
-41,2,227,0,-36,0
-99,6,175,0,-35,0
-73,16,218,0,-34,0
-72,31,233,0,-33,0
-89,-21,205,0,-32,0
-63,-15,216,0,-31,0
-84,-24,196,0,-30,0
-47,-6,222,0,-28,0
-51,-1,251,0,-27,0
-52,-3,229,0,-26,0
-25,7,186,0,-25,0
-32,-14,221,0,-23,0
-42,4,238,0,-22,0
-47,19,231,0,-21,0
-57,-13,197,0,-19,0
-32,-35,231,0,-18,0
-7,4,254,0,-17,0
-51,-4,225,0,-15,0
-56,20,264,0,-14,0
-66,22,247,0,-12,0
-20,-5,259,0,-11,0
-57,-3,242,0,-9,0
-3,2,238,0,-8,0
-25,29,257,0,-6,0
40,5,237,0,-5,0
14,11,269,0,-4,0
23,8,246,0,-2,0
-7,51,255,0,-1,0
-4,-13,269,0,1,0
2,-3,234,0,2,0
23,29,229,0,4,0
7,-38,268,0,5,0
29,6,263,0,7,0
7,43,305,0,8,0
31,3,285,0,10,0
-1,-17,242,0,11,0
4,-8,268,0,13,0
2,-2,261,0,14,0
4,13,253,0,16,0
39,-32,253,0,17,0
22,22,270,0,18,0
29,-9,252,0,20,0
12,32,282,0,21,0
25,19,287,0,22,0
57,2,287,0,24,0
40,9,297,0,25,0
30,-15,281,0,26,0
49,-8,280,0,28,0
89,-8,280,0,29,0
68,32,292,0,30,0
73,-18,291,0,31,0
91,-2,268,0,32,0
72,-18,308,0,33,0
47,6,293,0,34,0
78,27,271,0,36,0
59,-14,307,0,37,0
94,20,272,0,38,0
99,30,269,0,39,0
53,36,307,0,39,0
89,2,281,0,40,0
74,58,341,0,41,0
81,-24,295,0,42,0
68,9,285,0,43,0
98,2,298,0,44,0
120,9,295,0,44,0
77,6,309,0,45,0
91,25,286,0,46,0
107,1,285,0,46,0
93,-2,287,0,47,0
63,-15,299,0,47,0
114,20,317,0,48,0
135,37,331,0,48,0
107,-24,303,0,49,0
91,4,318,0,49,0
81,-4,322,0,49,0
119,29,269,0,49,0
113,-4,252,0,50,0
106,-2,312,0,50,0
99,20,342,0,50,0
107,-1,299,0,50,0
118,-10,302,0,50,0
118,-40,345,0,50,0
119,-12,313,0,50,0
96,-16,305,0,50,0
106,13,269,0,50,0
113,-14,288,0,50,0
90,1,341,0,49,0
99,-9,319,0,49,0
88,-5,289,0,49,0
108,19,301,0,48,0
86,-11,310,0,48,0
53,21,298,0,47,0
157,-14,313,0,47,0
88,-11,332,0,46,0
81,-5,319,0,46,0
76,-18,278,0,45,0
88,18,314,0,45,0
111,4,314,0,44,0
109,-2,292,0,43,0
115,-24,306,0,42,0
92,-14,266,0,42,0
72,7,311,0,41,0
85,15,294,0,40,0
96,-14,294,0,39,0
92,0,297,0,38,0
101,18,305,0,37,0
81,20,301,0,36,0
31,-50,302,0,35,0
85,-1,290,0,34,0
108,9,289,0,33,0
38,8,301,0,32,0
52,-3,297,0,31,0
60,-28,288,0,29,0
74,11,302,0,28,0
74,-27,262,0,27,0
85,-16,291,0,26,0
51,-6,290,0,24,0
14,27,316,0,23,0
60,-24,271,0,22,0
12,-10,260,0,20,0
29,-22,292,0,19,0
71,-27,258,0,18,0
20,-18,247,0,16,0
-3,5,287,0,15,0
18,18,256,0,13,0
7,15,264,0,12,0
0,-5,277,0,11,0
8,17,281,0,9,0
18,-37,263,0,8,0
-6,1,246,0,6,0
18,-21,278,0,5,0
0,27,255,0,3,0
17,20,278,0,2,0
-2,12,254,0,0,0
2,9,220,0,-1,0
-4,-9,252,0,-3,0
-5,8,244,0,-4,0
9,13,233,0,-6,0
-6,2,230,0,-7,0
-44,-5,300,0,-9,0
24,14,228,0,-10,0
-20,7,267,0,-12,0
-50,-54,245,0,-13,0
-15,-16,276,0,-14,0
-26,-22,260,0,-16,0
-34,-14,252,0,-17,0
-41,-28,259,0,-19,0
-65,-10,225,0,-20,0
-34,26,216,0,-21,0
-21,8,210,0,-23,0
-34,7,263,0,-24,0
-65,10,232,0,-25,0
-61,19,242,0,-27,0
-53,25,214,0,-28,0
-61,1,233,0,-29,0
-42,-25,236,0,-30,0
-20,-22,205,0,-31,0
-50,-7,217,0,-33,0
-73,14,238,0,-34,0
-67,-3,220,0,-35,0
-37,7,214,0,-36,0
-36,-10,210,0,-37,0
-69,32,236,0,-38,0
-67,6,227,0,-39,0
-109,-18,216,0,-40,0
-69,6,246,0,-41,0
-56,23,244,0,-41,0
-88,20,215,0,-42,0
-60,7,215,0,-43,0
-120,10,212,0,-44,0
-82,-11,216,0,-44,0
-81,6,215,0,-45,0
-119,-19,210,0,-46,0
-80,10,226,0,-46,0
-61,-32,220,0,-47,0
-80,-31,188,0,-47,0
-73,-18,219,0,-48,0
-70,-4,197,0,-48,0
-55,-22,209,0,-49,0
-77,17,238,0,-49,0
-86,4,208,0,-49,0
-66,-15,212,0,-49,0
-97,1,191,0,-50,0
-119,-17,247,0,-50,0
-90,-21,225,0,-50,0
-116,-39,221,0,-50,0
-101,8,235,0,-50,0
-116,20,255,0,-50,0
-101,-30,195,0,-50,0
-74,-1,238,0,-50,0
-102,-18,155,0,-50,0
-49,9,211,0,-49,0
-101,-34,193,0,-49,0
-113,1,203,0,-49,0
-106,-17,192,0,-49,0
-93,-23,180,0,-48,0
-93,-33,193,0,-48,0
-109,46,205,0,-47,0
-101,3,216,0,-47,0
-92,-33,191,0,-46,0
-90,-5,199,0,-46,0
-102,12,243,0,-45,0
-108,-9,225,0,-44,0
-83,18,200,0,-44,0
-85,-2,202,0,-43,0
-102,-20,207,0,-42,0
-69,22,213,0,-41,0
-99,-5,215,0,-41,0
-94,-7,210,0,-40,0
-84,-20,205,0,-39,0
-75,-12,202,0,-38,0
-32,-13,222,0,-37,0
-90,-4,241,0,-36,0
-95,12,238,0,-35,0
-68,30,238,0,-34,0
-48,11,202,0,-33,0
-53,-16,208,0,-31,0
-49,-20,232,0,-30,0
-39,-34,248,0,-29,0
-57,-0,245,0,-28,0
-41,38,214,0,-27,0
-30,9,212,0,-25,0
-77,6,235,0,-24,0
-56,17,234,0,-23,0
-36,10,244,0,-21,0
-21,-3,260,0,-20,0
-61,10,220,0,-19,0
-30,4,251,0,-17,0
-27,1,252,0,-16,0
-18,8,247,0,-15,0
-18,2,251,0,-13,0
-28,11,261,0,-12,0
6,-3,264,0,-10,0
11,-6,264,0,-9,0
-15,-26,259,0,-7,0
-5,32,213,0,-6,0
-16,3,246,0,-4,0
-41,-0,238,0,-3,0
-23,21,206,0,-1,0
-13,46,273,0,0,0
3,27,277,0,2,0
21,-3,275,0,3,0
-6,-24,258,0,5,0
46,16,242,0,6,0
-17,5,287,0,8,0
23,6,265,0,9,0
10,11,273,0,10,0
41,33,287,0,12,0
26,-22,299,0,13,0
28,9,272,0,15,0
48,-38,255,0,16,0
27,-21,238,0,18,0
50,16,254,0,19,0
16,-20,279,0,20,0
14,-27,307,0,22,0
31,-15,278,0,23,0
55,45,266,0,24,0
45,23,284,0,26,0
100,-16,259,0,27,0
51,-37,259,0,28,0
41,12,290,0,29,0
88,-20,304,0,30,0
50,11,254,0,32,0
28,-13,281,0,33,0
75,-20,293,0,34,0
81,25,298,0,35,0
60,-17,296,0,36,0
51,4,295,0,37,0
77,13,299,0,38,0
84,15,280,0,39,0
96,-9,316,0,40,0
85,-27,287,0,41,0
101,13,308,0,42,0
64,-3,298,0,42,0
85,-2,249,0,43,0
98,6,264,0,44,0
106,-3,313,0,45,0
110,18,321,0,45,0
107,5,292,0,46,0
84,3,334,0,46,0
67,-6,324,0,47,0
92,-6,298,0,47,0
84,6,309,0,48,0
67,-0,286,0,48,0
86,7,299,0,49,0
73,25,295,0,49,0
93,-25,309,0,49,0
116,1,302,0,49,0
76,33,325,0,50,0
103,13,352,0,50,0
65,-16,330,0,50,0
96,-19,314,0,50,0
88,7,343,0,50,0
135,-1,307,0,50,0
88,-13,348,0,50,0
112,-9,282,0,50,0
115,-16,295,0,50,0
90,3,336,0,49,0
80,32,305,0,49,0
115,-11,304,0,49,0
119,-44,319,0,49,0
123,3,308,0,48,0
111,5,288,0,48,0
83,43,295,0,47,0
92,23,319,0,47,0
118,6,315,0,46,0
58,12,307,0,46,0
70,7,311,0,45,0
95,10,329,0,44,0
69,-8,284,0,44,0
112,-6,323,0,43,0
67,-35,293,0,42,0
49,17,329,0,41,0
51,-4,282,0,40,0
98,27,305,0,40,0
31,4,281,0,39,0
51,21,276,0,38,0
118,38,300,0,37,0
63,21,331,0,36,0
73,9,304,0,35,0
61,23,288,0,33,0
65,-10,272,0,32,0
25,-23,301,0,31,0
85,-3,302,0,30,0
65,10,304,0,29,0
50,7,284,0,28,0
25,1,298,0,26,0
34,62,270,0,25,0
22,9,276,0,24,0
29,30,284,0,22,0
45,-14,279,0,21,0
69,-15,260,0,20,0
22,14,258,0,18,0
3,36,257,0,17,0
-8,4,240,0,16,0
22,7,263,0,14,0
40,32,276,0,13,0
54,13,279,0,11,0
20,-7,250,0,10,0
19,-24,261,0,8,0
13,-14,268,0,7,0
40,26,267,0,5,0
5,-10,252,0,4,0
15,13,233,0,2,0
-2,-9,228,0,1,0
-11,5,274,0,-0,0
16,20,263,0,-2,0
-14,-43,251,0,-3,0
-9,-11,237,0,-5,0
-10,-30,232,0,-6,0
0,17,226,0,-8,0
-14,-0,273,0,-9,0
-23,-16,266,0,-11,0
-35,-23,287,0,-12,0
-69,32,242,0,-14,0
-60,11,249,0,-15,0
-20,-11,263,0,-16,0
-44,-4,236,0,-18,0
-20,-12,258,0,-19,0
-17,-18,208,0,-21,0
-11,6,160,0,-22,0
-25,-44,267,0,-23,0
-67,9,242,0,-25,0
-77,29,212,0,-26,0
-57,6,211,0,-27,0
-22,-6,213,0,-28,0
-19,-0,206,0,-30,0
-41,-1,208,0,-31,0
-59,-3,229,0,-32,0
-56,11,223,0,-33,0
-77,-3,239,0,-34,0
-58,-18,249,0,-35,0
-79,-22,219,0,-36,0
-78,17,213,0,-37,0
-81,7,207,0,-38,0
-74,-28,235,0,-39,0
-134,-9,226,0,-40,0
-95,-10,192,0,-41,0
-81,6,214,0,-42,0
-59,-27,214,0,-43,0
-85,13,206,0,-43,0
-100,-10,205,0,-44,0
-84,-41,222,0,-45,0
-102,14,195,0,-45,0
-98,-33,217,0,-46,0
-75,-14,230,0,-47,0
-124,21,184,0,-47,0
-111,-3,182,0,-48,0
-104,53,221,0,-48,0
-97,-19,215,0,-48,0
-81,-28,205,0,-49,0
-99,-16,167,0,-49,0
-94,-5,204,0,-49,0
-115,-4,183,0,-50,0
-82,-17,225,0,-50,0
-89,-1,198,0,-50,0
-91,-31,187,0,-50,0
-111,34,210,0,-50,0
-82,-14,207,0,-50,0
-115,-14,185,0,-50,0
-114,-30,224,0,-50,0
-85,24,191,0,-50,0
-51,15,232,0,-50,0
-133,4,234,0,-49,0
-110,-26,231,0,-49,0
-89,19,216,0,-49,0
-112,13,225,0,-48,0
-107,5,203,0,-48,0
-108,23,220,0,-48,0
-98,-9,155,0,-47,0
-109,25,180,0,-47,0
-100,-14,219,0,-46,0
-56,-30,214,0,-45,0
-114,-30,222,0,-45,0
-106,35,198,0,-44,0
-88,-1,197,0,-43,0
-72,18,222,0,-43,0
-79,10,189,0,-42,0
-85,-34,207,0,-41,0
-51,5,234,0,-40,0
-79,21,228,0,-39,0
-99,20,239,0,-38,0
-105,-5,204,0,-37,0
-61,11,232,0,-36,0
-79,-2,238,0,-35,0
-77,-16,183,0,-34,0
-55,20,240,0,-33,0
-37,3,251,0,-32,0
-75,-13,233,0,-31,0
-62,6,286,0,-30,0
-60,-3,212,0,-29,0
-38,2,201,0,-27,0
-30,-33,233,0,-26,0
-66,17,243,0,-25,0
-47,-30,216,0,-23,0
-37,-11,259,0,-22,0
-81,-21,208,0,-21,0
-1,-7,230,0,-19,0
-39,-28,216,0,-18,0
-41,-10,227,0,-17,0
-19,-12,242,0,-15,0
-8,-17,225,0,-14,0
-16,9,253,0,-12,0
3,14,250,0,-11,0
-33,-28,264,0,-10,0
-6,-14,244,0,-8,0
-33,8,255,0,-7,0
-20,8,259,0,-5,0
4,21,231,0,-4,0
26,8,233,0,-2,0
7,-13,284,0,-1,0
-3,49,248,0,1,0
-16,-9,257,0,2,0
8,24,272,0,4,0
8,-2,251,0,5,0
9,12,271,0,7,0
6,-19,261,0,8,0
-46,5,253,0,10,0
22,-20,261,0,11,0
-1,5,297,0,13,0
6,-9,265,0,14,0
41,13,260,0,15,0
49,-14,288,0,17,0
56,-11,281,0,18,0
34,19,272,0,20,0
11,49,275,0,21,0
26,20,292,0,22,0
32,17,300,0,24,0
40,8,279,0,25,0
94,31,277,0,26,0
76,2,295,0,27,0
66,29,270,0,29,0
48,-4,300,0,30,0
44,5,304,0,31,0
96,-22,295,0,32,0
62,-3,281,0,33,0
43,-7,304,0,34,0
95,21,320,0,35,0
81,-34,284,0,37,0
74,-7,302,0,38,0
96,-7,295,0,38,0
116,-11,288,0,39,0
101,48,286,0,40,0
92,13,306,0,41,0
83,-1,277,0,42,0
84,5,343,0,43,0
95,0,287,0,44,0
92,-4,291,0,44,0
84,-4,296,0,45,0
