2,-237,-20,12,-8,3
54,-212,54,-20,4,25
-0,-244,3,4,7,49
-36,-304,-57,8,-5,-27
-6,-280,-6,-6,3,25
44,-223,34,71,18,-8
28,-237,34,24,-6,-28
-43,-287,-31,-6,-13,-35
-58,-278,-40,-1,-0,18
7,-233,50,-7,17,-3
48,-225,47,37,-2,-4
-49,-277,-30,15,-18,-13
-61,-294,-49,-8,-24,2
16,-254,10,-14,49,5
56,-203,43,-32,23,-13
-7,-258,-4,-58,19,-23
-36,-316,-51,-24,-21,21
-0,-268,3,4,21,27
48,-205,54,-8,10,-3
24,-258,2,-11,36,25
-56,-294,-39,-13,-23,32
-30,-269,-7,-12,-21,-22
48,-210,60,-10,-7,-19
22,-221,44,18,-23,9
-53,-288,-41,16,-14,4
-37,-296,-43,26,-35,24
21,-227,20,-29,-21,25
27,-218,39,12,12,10
-21,-290,-18,0,2,26
-35,-294,-61,-13,-6,-15
14,-255,11,1,-20,-40
51,-223,57,-8,-1,-11
-6,-260,1,-8,8,-11
-38,-310,-37,-9,-7,13
-23,-267,-15,-1,16,19
41,-211,51,23,-13,-12
14,-242,24,31,-25,4
-37,-293,-36,32,15,16
-22,-264,-32,-12,25,-9
58,-220,57,15,-13,17
18,-213,40,19,33,-21
-22,-293,-42,-8,46,10
-50,-288,-43,-29,8,-4
26,-227,25,-8,25,16
52,-206,33,2,-28,-31
-15,-290,-17,-17,-2,-26
-49,-309,-51,-25,-32,11
-13,-255,20,-12,9,-32
53,-203,48,20,7,-12
15,-237,-0,7,12,-5
-55,-309,-54,23,-9,-5
8,-265,-31,36,10,8
36,-196,47,-9,7,16
23,-237,19,8,-12,35
-42,-304,-32,-31,34,10
-41,-298,-32,18,9,-18
45,-210,43,6,-30,8
36,-206,38,-0,-20,19
-29,-281,-22,-7,-20,-39
-41,-297,-54,-11,-30,9
13,-234,9,-0,-8,-19
54,-207,41,-15,6,18
-22,-262,-17,29,39,3
-33,-314,-46,9,-19,-24
2,-240,12,-15,15,7
59,-198,63,-34,8,23
-19,-252,15,23,20,-10
-34,-320,-75,-0,-13,27
-2,-268,-16,9,-9,-30
47,-200,50,-24,21,-9
11,-229,30,9,-23,51
-37,-283,-36,6,13,-1
-30,-286,-23,-32,-1,17
21,-227,10,21,-10,21
44,-221,38,-17,1,-6
-22,-276,-32,-36,3,18
-47,-322,-54,-33,-10,-30
9,-232,13,27,27,-16
41,-207,59,18,18,30
-15,-280,-16,-8,-18,3
-36,-295,-41,-13,17,-2
-9,-270,-18,10,-15,-6
40,-210,42,18,-5,-26
35,-237,-4,4,-3,19
-58,-306,-32,-32,11,11
-45,-292,-17,1,0,1
41,-210,56,12,3,10
31,-236,30,-14,17,18
-22,-304,-35,-31,-5,-1
-40,-285,-37,-16,20,-4
37,-235,26,15,6,-9
55,-201,35,-20,1,13
-28,-275,-33,46,33,-32
-34,-309,-53,-22,-3,-8
24,-231,13,-4,-4,-21
39,-210,59,10,-7,-4
-7,-261,-9,-1,56,14
-62,-293,-54,44,10,14
-22,-263,4,-6,9,-14
64,-230,50,6,10,33
13,-247,8,21,-0,8
-38,-308,-38,6,-1,10
-17,-295,-23,12,-5,-4
55,-222,45,-9,-8,-22
25,-227,33,8,22,12
-40,-288,-43,17,15,-13
-52,-291,-33,-14,-2,31
20,-222,44,-28,37,1
50,-206,51,-3,11,-0
-28,-269,-21,5,4,-46
-24,-302,-47,-21,-18,3
5,-253,2,2,8,-2
62,-196,50,4,22,1
-13,-262,4,-15,1,30
-42,-297,-51,3,12,4
-15,-258,-2,-20,-23,-1
42,-216,53,-10,3,2
27,-233,28,30,26,-16
-45,-316,-41,8,7,-4
-46,-297,-29,-31,-38,-6
41,-205,54,10,13,13
32,-228,44,-40,-0,-12
-28,-286,-24,-8,-36,-9
-27,-309,-58,-41,24,-20
23,-248,3,18,35,10
43,-208,39,-15,-17,-32
-25,-273,-3,-3,4,33
-43,-309,-45,16,9,16
10,-256,9,-12,-15,-12
51,-199,52,19,13,10
21,-270,-5,-27,-37,-13
-68,-312,-35,5,18,11
-7,-272,-21,40,-19,8
49,-205,47,9,-24,-38
8,-246,13,7,-6,27
-40,-291,-33,22,17,-21
-53,-279,-13,-11,37,-19
29,-213,60,-4,46,-9
42,-224,37,19,-28,1
-34,-277,-34,7,-15,-34
-47,-304,-31,5,-36,0
14,-218,16,41,30,-30
61,-211,39,18,-16,-3
-18,-272,-19,-5,9,20
-47,-293,-56,12,-3,-6
-10,-259,-2,-0,10,10
48,-206,52,-11,3,16
-13,-259,1,6,-8,-18
-58,-303,-40,-19,42,-8
-12,-267,2,5,0,21
25,-227,35,-36,0,-19
11,-229,27,-34,17,15
-25,-305,-47,-38,-9,29
-41,-305,-34,-9,-38,-21
32,-229,34,-16,-18,-12
29,-225,37,-31,-0,-23
-37,-279,-42,28,-12,-7
-43,-338,-49,-7,-28,32
37,-226,10,7,-30,-10
52,-200,30,15,-17,6
6,-273,12,16,-6,27
-67,-303,-56,6,51,9
-7,-264,25,-18,-27,-2
66,-215,54,-8,2,19
4,-233,19,32,7,23
-51,-305,-41,5,31,-28
-33,-284,-17,-11,-7,-9
46,-209,51,-51,1,-29
44,-234,39,16,-11,29
-35,-288,-45,-4,3,-16
-33,-286,-29,-41,13,-6
30,-233,24,27,-4,37
40,-219,37,11,-10,-19
-14,-275,-10,13,-14,22
-52,-295,-46,-4,20,-20
17,-236,10,11,17,12
50,-206,51,-16,-47,24
-11,-252,10,3,-14,-4
-67,-294,-52,13,37,-9
-10,-274,-8,13,21,-3
46,-218,43,-7,-6,-10
7,-238,15,15,44,5
-40,-292,-67,-30,-3,-21
-23,-276,-34,-7,-12,-4
41,-211,45,29,9,-34
22,-253,26,4,21,-35
-38,-293,-31,-14,-15,13
-47,-303,-48,31,6,15
28,-227,28,-36,16,-17
52,-210,35,13,14,-2
-34,-271,-25,12,-9,9
-53,-296,-48,-2,22,5
-12,-243,27,-51,39,-0
62,-207,30,36,-24,35
-3,-250,-17,33,-15,-29
-40,-299,-48,-14,7,-16
-11,-272,1,-11,14,-28
70,-206,60,19,-10,13
16,-244,9,20,-5,38
-50,-291,-39,11,18,8
-37,-281,-31,14,-16,-34
30,-211,36,4,-9,-25
42,-208,35,-26,-41,21
-32,-293,-34,31,49,-27
-44,-301,-51,17,-12,10
27,-217,24,-0,21,-14
39,-188,34,18,-51,-23
-3,-269,-2,-1,-23,-9
-44,-288,-44,8,-8,-23
23,-261,1,20,-7,2
41,-220,48,-9,28,-5
8,-249,-3,-20,36,-4
-50,-302,-47,9,48,-26
-23,-254,-13,9,-31,24
48,-209,53,-25,20,13
26,-231,26,-7,2,-35
-37,-292,-51,-5,-14,3
-28,-284,-31,28,-7,-16
40,-217,18,27,29,2
22,-220,24,-8,10,-19
-10,-277,-23,-0,34,12
-26,-290,-44,-5,-9,44
24,-239,24,-1,-8,13
69,-214,48,-11,-11,0
-15,-255,-32,-10,14,15
-61,-296,-36,-6,16,-12
12,-254,9,0,14,10
39,-223,48,19,-20,28
9,-253,2,-7,-7,22
-53,-309,-36,5,31,30
-34,-286,-6,-10,11,29
42,-215,42,5,-7,4
28,-242,12,15,9,-15
-45,-286,-31,38,19,24
-53,-300,-25,-30,-14,50
32,-223,19,-69,18,1
55,-220,40,-12,-10,20
-24,-297,-38,16,1,-25
-31,-300,-46,10,15,12
-3,-239,0,-8,-5,30
42,-203,33,21,2,-6
-11,-267,-9,-15,-41,20
-46,-299,-55,-8,25,22
-1,-262,-11,2,3,29
45,-203,54,3,-6,-9
14,-248,10,-6,7,5
-66,-305,-34,6,-26,7
-8,-273,-20,30,36,-16
30,-204,41,-20,0,4
22,-233,31,-3,-16,-40
-30,-284,-17,-16,-48,2
-31,-298,-36,40,9,16
32,-233,33,-13,-14,12
41,-211,23,-31,3,-2
-17,-256,-16,-29,-1,16
-49,-285,-33,15,20,5
16,-244,31,23,-36,39
50,-226,54,-12,-11,23
-9,-260,9,1,27,-6
-49,-300,-42,-45,-23,6
-14,-268,20,-12,1,13
35,-214,56,13,8,20
36,-247,-1,-0,-22,11
-39,-313,-59,16,6,-4
-15,-265,-26,7,-13,3
25,-206,32,4,20,0
3,-225,37,-15,-15,-17
-30,-278,-37,-13,-14,-21
-23,-293,-39,7,-21,11
27,-214,25,8,50,40
41,-206,29,-3,7,-19
2,-283,-12,1,3,-10
-54,-291,-54,-22,3,-15
-1,-234,8,-14,0,56
52,-202,47,-8,16,-18
-7,-274,-20,9,10,12
-43,-295,-40,33,-0,-13
-16,-264,-23,2,-8,11
48,-209,48,8,15,9
26,-235,26,-21,-35,-15
-49,-303,-58,5,-11,15
-6,-270,-22,2,23,-51
34,-216,23,23,-18,-4
51,-226,27,-5,-7,31
-25,-298,-19,15,-2,23
-42,-286,-18,-35,-21,7
18,-217,31,28,-19,-11
40,-199,51,-11,-7,27
-19,-284,-21,4,-11,36
-55,-310,-34,-8,24,19
11,-254,5,-3,-4,-12
45,-215,57,3,-13,14
-14,-243,1,1,-13,12
-45,-291,-43,8,-49,29
-31,-271,-25,18,41,-2
25,-205,39,7,-0,16
17,-243,1,-22,10,-22
-53,-299,-59,-17,-25,3
-46,-299,-32,11,15,11
48,-211,27,11,10,6
31,-217,42,-6,38,-17
-41,-275,-34,-14,-3,-13
-41,-292,-69,-1,10,0
20,-225,28,23,-19,4
46,-204,56,-20,52,-14
-24,-275,2,10,-6,-16
-52,-319,-44,-34,-4,0
-3,-253,15,37,20,-16
41,-191,31,-4,35,5
15,-258,-8,-4,21,7
-48,-291,-66,-21,13,-14
-25,-271,-26,-10,19,33
40,-220,52,-37,-18,-28
20,-224,37,10,9,-12
-35,-293,-47,28,-26,-43
-33,-297,-30,-36,-15,19
38,-231,40,-25,-15,-16
32,-219,42,1,2,-0
-28,-283,-35,11,4,8
-38,-307,-36,-18,17,-3
38,-230,18,-18,14,16
49,-195,63,-57,10,-19
0,-280,-8,-2,20,28
-52,-323,-58,19,-7,-10
0,-242,-5,-1,-18,-1
67,-227,60,25,-20,-6
10,-249,2,-8,17,8
-23,-297,-28,0,-28,21
-30,-287,-5,-1,4,16
42,-230,56,-13,-4,-28
21,-219,36,-4,-20,-13
-37,-288,-46,5,11,39
-56,-291,-37,-32,-27,-14
39,-221,35,-2,23,3
42,-207,33,-20,-44,5
-33,-279,-21,5,-4,14
-57,-289,-29,-13,1,-39
18,-234,32,44,-1,-48
58,-203,53,0,30,31
-15,-262,15,6,10,-16
-22,-312,-58,3,24,-3
-9,-250,3,7,-4,8
46,-207,50,21,4,17
34,-236,33,14,-13,-8
-30,-300,-60,8,22,-9
-26,-273,-26,-8,8,23
41,-218,42,-26,4,21
23,-239,35,29,-9,-24
-23,-288,-39,-0,-35,27
-33,-299,-33,17,-6,-17
20,-213,25,-47,18,-27
37,-209,43,-0,8,-23
-41,-279,-21,-18,-35,-19
-48,-297,-65,9,-11,-21
13,-247,14,25,14,62
47,-194,40,-1,-12,-18
-1,-266,-5,-19,14,35
-48,-314,-61,-1,-43,24
-19,-274,-20,-43,-16,-4
59,-215,45,-19,4,-15
8,-219,26,-10,2,-0
-66,-291,-33,1,-16,-26
-11,-278,-12,23,31,4
28,-231,24,-20,-23,-18
32,-250,30,29,-30,32
-26,-288,-32,-5,-2,12
-27,-293,-48,21,18,14
21,-223,23,25,-1,-20
34,-224,63,4,39,40
-20,-282,-9,32,-6,-7
-50,-314,-45,-26,-36,16
1,-238,6,5,-19,23
60,-206,43,14,8,14
15,-268,9,-23,6,17
-44,-296,-33,-42,16,28
-21,-276,-8,-48,-7,-16
45,-208,57,-2,22,-5
19,-222,27,-7,-3,12
-41,-292,-50,24,-4,6
-29,-294,-21,33,-61,6
43,-201,42,-12,2,4
44,-216,26,-26,11,8
-43,-292,-45,-37,-34,9
-31,-290,-17,-47,11,30
25,-230,23,21,-4,-11
45,-219,47,42,-42,-12
-11,-271,-14,22,-18,37
-43,-294,-53,-31,2,12
15,-263,5,-7,-6,-9
39,-202,40,-13,39,20
18,-258,-17,-13,14,-21
-43,-309,-63,5,13,8
-15,-262,-15,3,8,10
46,-195,51,39,4,-23
25,-245,18,-17,9,9
-49,-302,-46,-8,30,-7
-34,-287,-22,10,-15,4
62,-224,58,37,36,-31
30,-222,46,-19,-22,5
-33,-279,-36,-1,-23,-17
-19,-283,-43,-11,-4,30
29,-219,19,3,8,27
42,-193,53,-31,-4,-35
-9,-249,-9,-16,-6,4
-47,-311,-79,19,7,-7
-3,-256,23,-7,2,-3
40,-220,39,-9,-0,-32
5,-240,24,3,-29,-14
-51,-298,-69,-12,3,15
-29,-275,-11,-4,27,-23
58,-222,39,12,17,6
11,-233,34,24,15,-14
-45,-286,-18,20,11,67
-33,-290,-35,-10,6,-23
45,-230,39,9,-9,9
42,-200,39,-0,-22,15
-36,-267,-35,-0,-50,-17
-50,-296,-38,-10,-15,-7
14,-244,7,17,-9,-11
47,-206,72,29,-26,-21
-10,-254,-4,-23,11,-2
-25,-298,-47,-32,9,15
-17,-262,6,23,-23,20
46,-205,37,2,-0,-12
4,-240,22,-4,-1,16
-40,-284,-61,-16,3,-15
-10,-272,-45,-32,-29,18
24,-226,34,11,8,26
38,-228,45,-8,-29,22
-44,-291,-37,-35,-12,6
-29,-289,-45,-12,12,22
50,-222,36,4,25,-0
49,-219,36,-27,-24,-5
-13,-264,-34,21,19,29
-59,-305,-55,-13,-5,27
20,-251,-4,23,-15,38
59,-223,47,-4,-10,18
13,-253,-3,-21,10,20
-60,-320,-46,3,14,8
4,-267,11,-14,16,-12
30,-203,66,-29,-12,-6
15,-236,20,49,7,-16
-44,-308,-45,8,-5,-15
-7,-298,-36,11,11,30
47,-220,37,12,-39,-14
17,-227,44,7,20,-5
-41,-280,-24,-37,15,52
-54,-281,-51,-26,-21,-17
12,-230,24,-7,-7,-32
39,-216,56,2,38,16
-16,-271,-19,17,18,-29
-52,-320,-49,-11,-1,-2
21,-231,-5,-20,14,40
50,-212,43,11,3,7
5,-254,17,8,-8,-30
-56,-316,-42,6,-23,-21
-18,-262,-8,-12,1,-16
64,-216,53,27,-18,-8
36,-246,15,-0,9,-23
-51,-292,-31,-29,7,17
-26,-285,-31,26,-27,39
50,-219,36,-0,-7,-21
39,-205,45,19,-3,10
-33,-315,-45,7,-2,-11
-40,-303,-54,21,20,12
16,-232,12,7,8,-9
49,-204,41,36,9,17
-28,-279,-25,4,16,-13
-60,-301,-55,-18,1,13
-10,-248,-5,36,7,-13
71,-206,41,-52,20,-7
6,-245,-13,-7,-10,4
-34,-307,-47,-21,-35,2
-15,-263,-10,2,12,-8
33,-214,60,26,-11,-15
18,-226,10,23,10,33
-33,-296,-31,34,13,19
-37,-277,-39,5,38,14
47,-223,25,32,-30,-43
27,-220,42,5,4,7
-16,-284,-39,-32,-41,-1
-26,-321,-43,-24,-8,27
-1,-215,8,-14,-20,28
37,-206,52,-4,-15,4
-23,-272,-14,11,-37,7
-58,-303,-64,-2,12,-3
4,-267,-1,-9,23,4
46,-199,41,7,-11,9
12,-247,1,-2,11,-40
-51,-299,-44,-5,-2,-26
-23,-279,-23,18,4,6
48,-201,36,32,-11,-23
10,-243,24,16,5,15
-25,-304,-54,18,-3,13
-39,-283,-43,1,2,7
40,-220,35,10,25,39
35,-223,42,-11,-0,9
-23,-276,-16,-16,15,19
-46,-301,-50,7,-30,14
20,-246,28,-6,-2,-28
47,-215,55,17,-7,12
-6,-265,-12,-25,-11,18
-56,-298,-33,2,-20,21
-12,-266,0,7,-14,33
61,-209,20,-17,-3,-23
10,-233,13,-27,27,-30
-45,-307,-47,-15,-1,-8
-23,-279,-19,-14,-8,-35
53,-190,54,30,-22,-28
34,-223,32,8,21,-32
-32,-292,-30,-8,-15,21
-35,-297,-43,-9,-6,2
12,-237,25,1,6,8
49,-237,53,45,10,14
-15,-272,-8,-25,-44,45
-52,-295,-33,38,-6,5
29,-239,15,15,19,22
58,-198,50,-4,16,4
22,-251,2,8,-25,24
-53,-306,-40,27,-17,-1
-8,-252,-18,20,5,-43
58,-221,64,19,0,19
13,-244,-0,1,-3,23
-27,-292,-48,14,8,7
-33,-291,-16,15,-4,-3
27,-234,21,7,13,-34
41,-219,0,3,2,14
-32,-282,-28,16,-4,-8
-42,-290,-29,-55,-8,-2
32,-227,23,17,23,-15
41,-201,51,17,3,-25
-18,-262,-28,27,22,41
-52,-320,-63,28,-2,-15
14,-253,-10,9,0,-11
57,-200,47,-6,20,-10
15,-271,-9,18,-14,33
-54,-309,-71,2,-28,-18
-6,-265,-24,-34,33,11
57,-207,47,-23,45,-19
3,-224,26,13,-5,4
-34,-298,-47,12,24,8
-20,-276,-43,-8,-20,-1
57,-222,40,12,2,39
36,-216,25,-31,-17,-2
-32,-277,-25,17,-30,-9
-38,-299,-44,-20,16,-1
4,-222,24,11,36,-20
62,-216,48,-1,5,41
-14,-280,-15,-0,5,42
-60,-314,-52,20,22,-36
13,-252,-9,60,13,-54
42,-210,45,10,-11,16
-21,-255,-1,-21,-28,-15
-48,-300,-48,3,-15,-9
-20,-252,-24,1,0,-17
48,-196,52,42,-15,-2
22,-242,38,9,-16,-30
-23,-287,-46,-2,-43,20
-23,-287,-30,0,17,12
32,-212,36,-8,-24,-24
22,-217,62,-16,-5,23
-36,-271,-39,-33,-38,15
-42,-293,-29,-19,4,-1
16,-222,14,3,-0,-9
35,-212,47,-4,9,-7
-2,-272,-22,5,12,-16
-46,-302,-51,-41,2,-28
-7,-261,4,-5,-43,6
59,-208,49,-19,15,12
1,-256,25,-12,3,16
-47,-296,-53,0,-2,9
-26,-265,-12,-10,-8,4
52,-219,46,-21,-13,36
22,-231,-7,-6,4,-26
-55,-300,-37,-13,-1,14
-51,-278,-32,-24,13,12
30,-235,15,14,-22,-2
33,-208,39,23,12,-21
-33,-286,-32,41,20,-12
-50,-302,-55,-51,6,-11
15,-235,17,18,-33,-40
39,-214,60,-15,-20,-20
-16,-255,5,-15,-3,-4
-45,-294,-41,-28,-11,-15
-5,-269,8,-8,27,-21
51,-212,54,56,-0,16
13,-244,-0,30,-10,-16
-63,-314,-54,-2,26,-12
-23,-274,-22,6,-17,-26
50,-195,19,-7,-0,14
36,-210,44,20,6,17
-32,-279,-33,-29,-22,3
-37,-289,-48,-10,-22,-14
14,-215,34,32,2,14
43,-198,55,-15,1,5
-25,-271,-25,-13,9,26
-54,-297,-39,-56,2,-38
6,-243,12,16,10,-3
58,-195,42,-11,-11,-28
8,-269,-0,3,22,8
-50,-311,-54,-17,-9,-12
6,-276,-17,-13,17,7
30,-206,45,-19,20,15
20,-248,9,10,-10,-5
-41,-295,-43,-14,12,-30
-28,-274,-42,66,6,13
30,-222,58,6,13,16
36,-216,26,12,-35,48
-44,-291,-30,-5,-2,-28
-49,-296,-53,32,22,36
8,-247,19,-28,0,-18
47,-203,29,-10,-29,48
-25,-291,-26,-41,37,-15
-42,-305,-58,-9,23,-60
0,-240,11,-10,14,5
56,-207,45,8,-28,-5
19,-261,3,2,22,-31
-49,-289,-54,5,-3,2
-19,-255,-32,-5,7,5
44,-214,56,-18,-6,-0
24,-237,18,3,3,12
-43,-309,-55,-4,-14,-34
-35,-269,-32,-5,5,-24
44,-218,35,-1,17,14
45,-217,32,5,-3,-11
-34,-283,-41,-24,14,-22
-53,-307,-32,-6,13,17
19,-237,26,11,-16,-1
45,-242,51,-30,13,-12
-18,-268,-2,-10,13,-20
-54,-307,-57,2,8,16
5,-245,15,19,1,14
34,-209,51,29,-19,-17
-0,-248,6,-13,-9,-15
-50,-302,-36,-20,8,-26
-5,-263,4,-19,-0,-42
48,-213,52,26,-24,-4
24,-234,33,20,-8,-16
-43,-301,-26,6,2,-34
-31,-293,-31,5,-11,48
34,-221,29,22,24,-38
26,-220,37,12,15,-4
-45,-266,-21,7,-33,26
-54,-298,-45,-32,-10,-27
26,-222,16,-24,1,-11
27,-220,43,-20,11,-23
12,-262,-16,-10,9,-55
-50,-303,-49,-17,1,-26
2,-256,-18,-58,-1,-20
71,-193,28,5,-8,-8
10,-250,22,15,22,-13
-49,-306,-54,-24,4,-2
-4,-268,-25,-0,-17,-35
38,-218,52,-37,-32,3
34,-240,38,-42,-35,-4
-47,-297,-39,-2,20,1
-42,-290,-31,-16,-5,38
44,-224,40,-13,-26,-16
55,-213,26,-17,37,-6
-22,-272,-22,-15,-38,33
-46,-299,-36,-19,-8,-12
41,-255,5,27,-58,15
54,-214,46,3,35,-40
-5,-260,-21,-41,36,2
-32,-324,-49,-4,-22,-4
3,-272,-13,-1,-4,-20
42,-216,47,-19,4,1
3,-240,26,7,27,-14
-52,-306,-61,24,6,-0
-20,-291,-20,-2,35,22
67,-195,44,7,-16,-6
19,-219,34,14,49,16
-13,-290,-35,-25,13,-39
-27,-302,-58,13,5,-2
20,-222,18,41,18,45
54,-205,52,-36,-7,-26
-17,-271,3,12,12,11
-58,-298,-66,25,6,9
19,-248,6,-18,39,21
45,-216,46,9,-28,23
-4,-257,-11,0,-11,4
-63,-302,-55,6,-8,-15
14,-265,-0,43,-4,-14
44,-217,29,4,22,18
23,-241,15,18,-15,11
-46,-301,-53,25,-29,2
-17,-277,-18,-21,-7,49
39,-222,33,19,34,5
38,-216,39,-3,-20,16
-27,-270,-42,4,-11,2
-45,-284,-42,14,8,12
25,-233,18,10,9,0
37,-202,52,-2,16,-26
-9,-260,-29,4,14,2
-31,-298,-43,-4,11,23
13,-248,32,29,4,-12
62,-205,38,29,-0,24
-13,-265,-10,13,-18,7
-32,-324,-33,2,25,5
-14,-261,-8,5,7,-47
43,-202,47,6,-29,5
26,-230,14,49,3,2
-26,-313,-43,23,24,1
-15,-293,-40,-3,6,-3
23,-217,39,6,-10,-1
32,-210,34,10,-27,-5
-34,-271,-23,-1,-2,26
-45,-282,-42,-15,-17,37
23,-229,20,14,9,-39
53,-212,61,-13,-1,-2
-8,-284,-17,5,-30,21
-58,-300,-35,-3,-28,7
19,-254,24,23,-6,4
55,-200,49,-7,2,17
11,-258,-4,-0,-12,4
-33,-303,-67,-0,1,-11
-22,-261,1,6,-27,10
50,-211,37,2,-21,4
26,-247,28,37,20,25
-51,-302,-31,4,-7,14
-27,-282,-42,3,20,-4
38,-220,34,-28,-8,17
50,-218,43,-3,-15,21
-15,-270,-17,2,9,16
-37,-312,-45,36,-18,-28
22,-232,16,-14,-16,-9
35,-224,50,13,-1,-11
-10,-266,-6,-0,-3,-12
-55,-328,-54,28,12,-16
2,-263,13,7,15,-6
50,-206,55,-15,-15,-18
0,-248,20,-30,7,17
-44,-321,-43,12,-13,-11
-26,-285,-17,2,4,-0
53,-204,31,-9,-29,4
34,-219,34,42,17,-30
-38,-299,-46,-19,-7,-27
-46,-279,-26,34,26,18
16,-230,32,-2,14,12
42,-215,30,-12,-0,7
-33,-281,-16,14,-5,7
-45,-312,-47,-26,15,24
21,-233,11,-28,23,-7
38,-204,47,5,-1,-5
3,-253,-22,21,-10,-9
-42,-302,-53,-17,-7,6
4,-253,3,24,-14,7
35,-201,68,10,41,-1
7,-247,8,-19,-13,-2
-57,-298,-30,19,17,10
-31,-278,-40,44,27,-10
20,-217,32,12,4,4
23,-210,44,-13,-17,27
-36,-298,-40,-10,29,-15
-50,-283,-41,10,-4,-14
24,-233,37,-10,-15,-24
29,-197,40,31,22,14
-8,-279,-22,16,33,-5
-65,-297,-49,-21,2,-5
16,-255,23,-20,-18,8
35,-215,43,27,-33,21
-4,-242,-12,10,-17,23
-42,-303,-44,28,9,-19
-15,-263,-8,-43,2,3
45,-214,43,6,-3,-17
9,-247,25,13,-13,25
-28,-296,-46,-31,-36,20
-32,-289,-15,-24,7,27
38,-210,46,45,-11,-15
29,-218,25,9,17,2
-34,-310,-27,-4,10,13
-37,-287,-26,-33,30,20
33,-231,27,3,5,-7
46,-204,36,8,14,11
-25,-280,-19,-14,14,-12
-44,-301,-40,31,25,19
-3,-243,33,-11,0,25
47,-203,57,-24,9,6
7,-250,4,-1,-9,8
-61,-299,-44,11,-39,29
-8,-270,-5,-15,-9,0
24,-211,53,-3,-31,-34
32,-241,22,-12,-15,3
-44,-283,-46,3,4,-3
-23,-283,-31,2,3,-8
29,-228,45,16,-22,-0
61,-210,45,34,12,-15
-31,-289,-23,-22,1,21
-40,-294,-38,-12,18,2
17,-233,19,1,-17,48
58,-210,37,-3,-11,3
-12,-257,-8,6,-12,18
-44,-301,-29,2,32,27
-20,-248,-11,36,-21,5
55,-217,35,-34,11,-4
-2,-247,-0,3,-6,-35
-75,-311,-43,2,-5,-19
-11,-277,-27,-7,24,20
47,-205,50,-17,4,6
35,-238,18,-50,33,-16
-24,-302,-38,-12,-5,-11
-15,-279,-27,3,-8,-33
57,-229,32,35,1,7
45,-214,49,-47,-6,8
-42,-274,-27,53,9,-6
-55,-292,-46,26,12,-22
28,-222,-9,1,2,2
44,-199,53,-35,-52,57
-8,-272,-3,-6,-2,-5
-45,-315,-44,1,8,-3
2,-257,11,-19,1,24
36,-201,60,-66,8,-15
-5,-253,-5,1,15,26
-59,-318,-50,20,15,6
-14,-265,-24,-8,-29,10
40,-219,41,7,42,21
37,-225,25,-12,-6,6
-49,-305,-50,1,17,48
-43,-286,-42,18,-3,-11
25,-225,46,-17,-28,10
42,-209,28,-13,-27,-11
-17,-287,-22,35,-14,3
-31,-301,-48,41,39,-18
32,-250,7,21,6,-2
48,-211,57,-20,18,-24
-13,-253,-25,-5,-3,-8
-62,-294,-54,2,-30,-8
15,-248,-0,-24,28,-1
41,-196,51,-8,8,-0
17,-224,13,5,-4,7
-38,-304,-40,-18,14,-7
-8,-272,-43,4,4,-23
35,-207,52,-28,-25,16
50,-207,43,11,-18,-12
-36,-287,-36,-5,7,25
-46,-316,-32,11,-51,-33
18,-232,23,13,9,1
44,-205,41,-23,6,-6
-23,-278,-18,19,8,21
-41,-282,-35,-8,20,14
-1,-253,23,-6,-9,-25
45,-211,49,6,25,-22
-2,-238,-25,2,-9,9
-62,-312,-70,-5,47,-17
-11,-260,-7,10,-14,11
42,-211,39,8,-17,21
17,-233,16,38,-21,37
-48,-314,-44,-22,40,-17
-18,-262,-28,11,17,-3
32,-202,22,-11,14,-30
24,-221,27,13,5,-10
-33,-312,-47,-9,12,-4
-45,-285,-55,10,28,20
29,-216,28,-17,-17,-20
62,-220,51,-46,4,-15
-18,-265,-8,10,-23,22
-62,-308,-51,-40,-8,-15
11,-240,6,20,-6,39
42,-206,57,-32,-14,-9
-6,-256,9,-7,2,-10
-55,-294,-62,-43,-36,22
3,-254,-6,-11,6,-11
41,-237,51,-18,25,34
29,-227,29,8,-7,33
-45,-300,-46,34,1,51
-46,-298,-31,-54,30,-17
44,-203,39,1,13,4
48,-214,29,8,-21,-10
-25,-286,-19,-38,-27,6
-40,-302,-40,18,-9,-3
29,-223,18,36,-37,-15
53,-207,38,-1,37,2
6,-271,-4,-1,9,-12
-42,-317,-22,20,-10,-22
8,-260,-14,21,-20,2
51,-200,48,11,3,-29
8,-266,10,-8,46,12
-54,-298,-63,11,5,13
-25,-252,-15,-5,-18,-15
48,-217,43,-1,2,-25
17,-218,36,-7,2,-8
-49,-284,-58,-11,4,-23
-27,-287,-27,-11,2,-28
45,-236,47,16,-49,-9
42,-221,31,-15,23,-12
-30,-282,-26,-31,20,49
-47,-278,-41,-6,-13,-30
16,-234,40,15,-17,-24
53,-195,32,-15,-24,12
-14,-274,2,-53,-9,20
-49,-317,-50,15,7,8
10,-246,22,25,14,38
64,-203,36,-12,34,33
-3,-254,8,11,9,-14
-57,-311,-62,-4,28,18
-7,-284,-28,-13,15,-20
49,-193,46,-22,-35,-32
4,-233,20,24,2,37
-29,-288,-36,0,-11,18
-47,-279,-48,8,-13,-2
26,-235,30,1,17,8
46,-201,48,18,-11,-3
-21,-276,-31,19,-11,12
-46,-308,-59,-19,9,20
-8,-241,3,-8,30,20
40,-191,36,14,-11,-8
-9,-274,-3,-20,35,16
-53,-305,-61,-5,14,-12
-9,-260,4,-8,-37,14
42,-204,41,-10,24,-1
9,-244,13,10,16,33
-46,-307,-36,-5,9,31
-18,-275,-54,18,-18,-24
58,-221,38,-36,10,-8
32,-213,27,-20,20,3
-40,-285,-46,-57,12,6
-45,-293,-22,-2,-1,9
20,-230,38,-23,-41,-34
71,-225,33,-46,-3,25
-36,-277,-17,-0,-43,26
-50,-303,-33,-30,7,-26
-4,-249,-10,1,29,11
64,-200,52,19,-8,-8
-6,-239,9,10,-0,-4
-57,-308,-37,-3,-7,16
-10,-267,-5,5,-16,17
59,-222,65,-23,-44,4
16,-235,1,-54,-11,6
-30,-289,-51,9,-11,10
-36,-285,-32,9,18,10
62,-210,48,11,-52,4
19,-216,36,16,12,-6
-38,-290,-30,-9,-1,18
-40,-300,-42,-8,-19,13
21,-214,39,38,2,-10
33,-217,36,2,-22,-21
-23,-279,-6,1,-45,28
-64,-317,-48,-11,1,-12
13,-229,-3,5,-8,-12
65,-201,79,17,-11,10
9,-240,-3,10,-22,32
-62,-297,-66,12,-41,21
-5,-259,-10,-4,-7,34
47,-220,44,5,-23,-2
13,-236,20,-4,18,-1
-27,-304,-44,-16,2,8
-35,-282,-32,32,14,-12
37,-206,34,-8,-1,6
45,-210,51,10,-8,-20
-46,-288,-33,6,7,-3
-54,-315,-42,-14,-36,11
23,-254,39,-8,-28,40
37,-207,57,-31,31,3
-30,-284,-15,30,-14,13
-59,-307,-44,-5,-32,-37
-0,-235,7,-9,23,18
50,-229,27,5,26,-24
6,-228,15,10,-1,-8
-45,-314,-57,1,-27,25
-7,-272,-34,8,-23,-15
27,-213,40,1,15,14
33,-243,14,-21,31,2
-47,-292,-51,21,-33,11
-18,-287,-36,22,9,-30
35,-226,16,-16,-28,-23
25,-228,51,-17,33,-23
-18,-292,-5,23,-14,10
-36,-326,-47,-3,5,30
17,-228,27,6,-7,8
32,-220,46,27,-8,8
-22,-261,-11,-21,23,32
-43,-304,-36,-4,2,-21
8,-255,-2,-31,39,-15
55,-180,56,-22,-20,-19
30,-249,2,-23,-3,-11
-58,-303,-70,4,-5,15
-25,-268,-26,1,8,13
37,-203,36,9,-22,-23
23,-210,32,12,25,-5
-27,-287,-53,18,11,-3
-53,-295,-18,-6,-2,-3
44,-237,41,13,34,-27
47,-206,32,-8,-5,-2
-18,-263,-18,3,8,-2
-51,-293,-52,-29,6,-20
29,-209,20,46,-1,-7
47,-217,61,-29,-8,-5
-27,-259,-5,-1,33,-5
-51,-296,-50,-11,-5,27
-17,-271,-1,-15,-3,-35
62,-199,44,-25,9,-17
27,-239,12,42,13,2
-50,-306,-55,-7,-19,30
-26,-288,-19,11,-51,-27
42,-203,59,-23,10,7
33,-221,31,9,27,9
-53,-278,-50,-3,-1,-1
-21,-298,-36,11,-3,20
27,-238,42,25,-36,-4
46,-212,48,30,18,-15
-8,-261,-42,-4,5,8
-38,-308,-34,-24,-6,-26
12,-245,12,21,6,9
32,-208,58,5,-8,10
2,-260,-12,-28,-19,-43
-64,-305,-30,8,-0,-5
-14,-265,-21,-7,-3,-28
45,-214,60,27,10,-5
1,-236,-5,-35,-28,-13
-52,-279,-35,-9,4,-25
-31,-274,-20,-22,-29,-33
56,-215,44,18,13,-7
38,-223,34,-7,22,17
-33,-305,-24,11,-11,-2
-28,-284,-58,3,19,5
16,-240,15,-14,27,-16
54,-210,48,-4,-1,-4
-23,-277,-25,-23,10,28
-56,-307,-67,-28,6,-8
12,-239,1,-30,-25,7
47,-202,45,42,9,-9
-11,-267,-5,0,-15,-18
-47,-277,-45,13,38,-23
-12,-252,8,-16,-9,-8
44,-214,44,-20,15,-1
16,-236,20,39,46,18
-33,-288,-50,8,-15,4
-14,-285,-26,-27,-32,-15
31,-209,47,-6,6,-30
46,-209,38,-2,31,-0
-38,-284,-33,3,-7,37
-40,-297,-43,-9,-10,6
27,-240,10,-12,-36,-4
61,-193,54,10,-12,22
-14,-271,-19,-19,-8,34
-50,-281,-38,-2,23,22
6,-246,-1,1,16,-17
39,-213,48,4,-11,-7
20,-254,4,15,9,1
-63,-303,-55,18,2,-20
-5,-267,-17,-3,-6,5
62,-222,52,-19,25,13
25,-229,45,29,-7,8
-41,-307,-38,-2,7,7
-35,-290,-23,1,3,22
47,-221,32,-77,-0,37
35,-229,39,25,7,2
-23,-279,-29,20,-25,25
-46,-297,-35,19,-13,15
21,-231,17,-20,19,-14
38,-203,37,18,-4,19
-15,-280,-10,-15,-25,-17
-54,-314,-35,29,-50,28
-19,-252,11,33,-2,26
52,-209,63,18,-21,-3
17,-248,-3,22,-5,16
-52,-293,-60,-31,-17,-15
-20,-273,-6,-22,1,35
55,-205,58,10,-3,-11
27,-242,8,-27,11,7
-41,-305,-49,-72,-6,-24
-39,-292,-21,20,-8,-30
25,-223,38,8,-30,10
30,-207,41,40,18,-32
-20,-278,-36,10,22,-8
-44,-302,-61,12,-29,-8
-0,-250,10,-13,13,-14
55,-214,40,-14,-17,11
2,-274,-7,-46,20,31
-63,-299,-65,11,4,22
-18,-251,-19,-0,0,-42
36,-205,34,-8,-6,6
16,-256,20,-24,35,26
-58,-299,-54,2,-1,16
-13,-281,-14,-9,-10,-16
43,-219,70,-7,-8,-30
33,-219,37,-3,11,26
-38,-297,-39,-22,-8,29
-35,-301,-38,19,1,8
32,-223,29,-12,4,-12
24,-216,44,21,-16,1
-31,-276,-18,12,2,-17
-42,-297,-60,46,-23,10
26,-250,7,-8,4,23
59,-201,52,3,14,6
4,-245,-2,-20,5,13
-56,-304,-43,-18,10,-7
8,-260,2,4,2,5
39,-195,47,19,-7,-1
26,-235,19,-16,-33,-10
-20,-291,-35,14,-7,18
-27,-283,-28,-39,14,-26
38,-215,44,-9,-8,-46
19,-223,42,37,-13,-25
-37,-295,-28,-24,19,-13
-38,-306,-41,-5,31,-12
39,-236,9,33,-17,-3
37,-219,56,-19,-10,7
-16,-288,-4,-12,-7,-8
-66,-301,-46,31,-2,6
11,-261,14,26,0,9
51,-205,66,7,42,9
-5,-268,-22,6,14,33
-42,-299,-55,-33,8,7
-17,-272,-10,14,30,10
44,-212,57,-0,-23,-30
15,-230,9,-19,29,-12
-44,-303,-37,-6,9,6
-48,-284,-42,37,25,9
50,-221,38,-23,21,-35
39,-224,35,-9,-40,16
-35,-281,-24,38,17,7
-39,-300,-42,-9,-2,-14
41,-246,24,34,-23,-18
40,-194,67,14,-15,5
5,-277,-20,-8,-28,27
-54,-316,-33,19,33,-16
2,-251,5,11,38,-34
33,-213,59,-4,-17,31
13,-263,10,37,-5,-9
-59,-311,-50,-9,-11,6
-13,-272,-12,-3,-31,21
55,-189,59,3,-10,-38
27,-249,12,10,20,19
-17,-308,-38,13,-5,1
-47,-291,-32,-31,-14,6
35,-222,40,0,-19,6
30,-200,56,6,32,-24
-27,-278,-15,14,35,-1
-47,-299,-45,-1,27,-20
26,-235,38,-1,-22,-1
46,-204,56,24,-18,-10
-3,-269,-9,-15,-7,-21
-30,-298,-53,19,18,6
5,-255,13,28,8,2
58,-214,57,-10,20,28
4,-227,6,-9,-32,25
-52,-308,-33,8,6,-23
-25,-274,-9,-10,12,-34
28,-201,59,-32,13,-11
16,-220,50,25,-4,4
-59,-298,-41,-11,19,40
-33,-289,-55,-29,12,14
31,-213,40,-16,30,-4
28,-209,46,48,7,-18
-28,-280,-35,-3,-32,-12
-57,-302,-36,-58,9,-7
8,-235,18,9,32,3
39,-201,57,32,-8,3
-3,-243,-10,-29,-25,-23
-60,-306,-62,2,-31,-11
10,-255,-1,-10,3,-28
33,-210,60,-22,7,-51
15,-223,33,7,14,-22
-36,-303,-54,-28,-7,-2
-16,-265,-28,-50,4,-30
38,-210,29,-19,-7,5
36,-233,37,-28,11,-18
-21,-291,-33,13,-31,6
-47,-285,-45,-0,3,-10
28,-227,24,-40,35,-21
15,-219,56,20,14,3
-11,-272,-14,20,-13,15
-78,-291,-63,15,26,1
13,-259,28,-6,41,22
51,-209,56,-5,8,-23
-4,-269,-3,0,9,5
-43,-309,-45,5,-9,26
-15,-259,-3,-26,20,8
60,-218,69,1,7,-28
18,-247,12,18,-11,22
-40,-307,-61,3,-34,-17
-15,-268,-19,39,-48,11
36,-210,49,-35,0,21
33,-214,29,-5,18,-49
-34,-292,-29,-49,35,26
-40,-287,-49,-10,-23,7
29,-213,21,29,-17,57
48,-199,45,8,-24,26
-7,-280,-22,5,-0,11
-65,-319,-31,12,-16,26
15,-248,18,12,-22,24
48,-212,55,-6,2,-43
5,-250,4,10,-24,-22
-59,-309,-58,-6,3,-11
-25,-269,-19,6,-33,-34
57,-210,49,-13,-23,-12
10,-225,23,0,-23,-20
-46,-303,-51,-20,3,21
-30,-289,-18,-5,-32,3
22,-222,35,21,8,21
53,-215,38,-15,1,-6
-68,-289,-31,-2,7,22
-41,-294,-25,25,-58,13
20,-226,36,-4,20,-2
78,-200,50,-6,13,-15
-21,-263,-17,-16,-1,-12
-61,-287,-44,2,33,-3
6,-256,-3,-31,10,7
60,-211,37,4,-6,-33
12,-242,12,-12,-8,6
-38,-314,-46,-5,23,-23
-21,-283,-34,-37,15,20
34,-209,42,37,19,3
43,-227,10,-24,8,14
-45,-307,-36,11,-22,4
-21,-267,-33,10,-4,-18
29,-210,30,3,16,-38
16,-229,24,12,-12,-27
-26,-285,-27,-12,-28,28
-46,-315,-42,7,-17,17
17,-218,10,27,-7,-15
51,-202,34,-6,-37,-40
1,-278,-11,7,-44,9
-52,-315,-60,-32,-16,-34
-7,-238,2,3,-18,31
59,-209,59,-25,-16,-20
7,-260,2,-16,4,-15
-43,-319,-74,2,-12,15
-21,-281,-25,21,-35,-50
61,-221,30,19,-38,-29
43,-218,34,26,15,-13
-41,-304,-34,-16,4,19
-20,-302,-47,13,-3,19
39,-232,45,4,-2,3
46,-216,39,6,-7,-32
-32,-284,-25,-18,-20,6
-50,-299,-32,7,-26,14
20,-229,0,-12,-11,23
57,-207,69,9,-10,-1
-19,-274,-3,-29,0,18
-56,-323,-53,-9,-6,-1
8,-260,1,25,-0,23
23,-214,47,24,1,13
4,-220,24,5,-5,-4
-54,-306,-47,-12,0,11
-29,-290,-24,16,7,-19
46,-229,34,-11,0,-6
39,-228,33,-12,-7,-33
-45,-287,-38,-11,-29,-18
-33,-286,-44,42,-6,4
29,-230,25,24,-22,37
48,-220,33,17,16,-15
-24,-282,-16,3,31,-33
-59,-284,-38,8,54,12
8,-244,4,-18,6,8
73,-209,59,4,-29,-10
-6,-257,-13,17,-7,21
-62,-297,-43,33,-21,-3
-1,-256,-11,7,-24,-12
35,-210,49,15,-10,14
1,-248,15,-24,-3,-12
-46,-297,-17,18,-4,-8
-10,-276,-45,-21,5,-51
48,-209,22,25,6,29
34,-227,10,10,47,21
-31,-276,-25,-10,-19,-11
-51,-278,-43,19,4,13
10,-232,23,44,13,-28
43,-203,45,-3,-6,13
-14,-278,-19,-23,-37,-9
-59,-302,-55,28,9,-5
7,-239,9,-2,-21,-5
42,-200,48,15,-1,1
-12,-266,6,-2,0,-12
-35,-309,-39,14,-9,26
-11,-279,-18,2,-27,-21
54,-208,41,9,8,14
20,-238,19,5,15,-6
-42,-328,-35,-21,-5,-19
-24,-276,-41,-22,-22,-19
44,-216,42,16,-2,27
38,-215,46,-12,22,-29
-45,-284,-22,35,-18,41
-60,-312,-23,47,-21,-21
8,-240,31,-12,-6,17
53,-215,52,13,-7,13
-13,-286,-2,4,1,-5
-54,-291,-46,14,-6,3
1,-267,3,29,16,-0
41,-210,45,-42,-0,19
2,-275,7,-49,13,7
-34,-297,-40,19,1,-4
-28,-284,-20,-17,17,-4
42,-216,57,-11,-15,6
35,-250,15,32,-43,7
-36,-290,-43,-14,10,14
-56,-283,-19,-5,24,-24
41,-232,60,16,-18,25
43,-198,41,-12,-3,12
-21,-283,-23,-1,-6,11
-49,-289,-39,8,12,-29
24,-238,23,-35,-8,-16
46,-196,40,-2,16,6
-7,-290,-21,-2,15,9
-48,-301,-51,-28,-0,46
-15,-259,-9,2,-11,33
72,-209,36,37,-41,42
10,-262,28,45,-17,43
-46,-301,-46,24,21,35
-11,-259,-33,7,6,-27
58,-197,36,-9,-7,2
46,-234,53,6,3,9
-51,-296,-32,-54,9,17
-36,-296,-31,-23,-22,-19
48,-236,40,0,-14,-29
48,-216,63,-20,12,-8
-27,-273,-8,42,-42,3
-49,-307,-47,-8,-0,-19
15,-246,12,8,15,16
52,-225,32,21,-17,-11
-16,-261,-2,23,-11,-18
-53,-304,-50,-4,19,12
3,-253,8,-33,7,11
40,-202,45,11,-16,4
17,-236,7,1,26,20
-38,-278,-34,22,-20,-15
-27,-281,-38,-4,-2,-21
30,-212,34,-12,19,-3
41,-224,39,-1,-26,-23
-25,-320,-32,-10,-11,33
-32,-312,-37,66,-13,8
25,-250,44,12,8,-14
50,-212,48,5,40,-21
-25,-275,-30,-19,50,1
-28,-314,-64,-21,5,-35
3,-237,-1,0,4,11
59,-179,49,-14,5,-17
-8,-245,7,-24,22,21
-56,-317,-22,-9,5,-15
-24,-261,-2,-22,-4,11
37,-205,54,35,18,-4
16,-233,18,-19,-40,4
-49,-302,-19,48,8,4
-64,-292,-33,-24,44,-31
42,-213,41,-9,30,-16
42,-226,40,9,20,18
-34,-285,-27,20,6,0
-52,-298,-45,5,-25,3
18,-230,20,-16,3,-7
59,-204,53,43,15,-6
-31,-258,-19,-16,15,-5
-43,-307,-34,21,14,3
13,-262,9,6,21,-5
41,-212,63,-51,24,16
-11,-251,5,-11,3,-18
-50,-321,-61,-8,-9,29
-30,-268,7,15,0,43
45,-218,64,-5,14,-8
24,-241,19,6,-13,1
-34,-295,-48,5,-24,15
-17,-289,-25,-13,10,-7
43,-210,44,3,-25,-5
46,-241,40,-13,-12,14
-16,-305,-31,27,-32,-6
-19,-291,-27,22,6,-4
28,-218,23,26,-9,-30
38,-217,50,22,-28,15
-12,-274,-35,15,35,-10
-60,-305,-69,-9,-27,11
4,-256,-6,-2,11,-19
63,-200,64,6,-11,-8
11,-272,15,-12,2,-11
-41,-299,-61,-2,-2,-16
1,-261,-19,6,-18,-12
36,-207,50,4,5,-17
32,-241,29,-36,-18,24
-54,-299,-43,29,6,-9
-26,-278,-27,-22,65,-12
34,-217,29,1,18,-9
19,-217,49,15,-21,0
-20,-289,-33,20,-36,-23
-47,-285,-37,1,-16,10
19,-252,17,13,-22,-0
64,-215,51,25,-37,-15
-14,-264,-7,-6,17,-17
-36,-303,-48,-5,22,44
6,-240,11,-30,-18,-7
64,-210,40,-12,4,3
-1,-248,-3,19,6,-7
-55,-308,-44,22,-3,22
-14,-290,-21,34,12,-18
49,-223,37,7,18,25
35,-218,17,32,0,27
-27,-299,-40,1,-25,22
-19,-258,-37,40,5,5
40,-218,36,-19,13,6
50,-248,31,-9,12,-3
-13,-281,-36,13,-9,-19
-55,-286,-47,4,11,-15
14,-241,33,15,2,-27
44,-211,69,-3,8,73
-14,-282,-7,-1,-1,-23
-30,-294,-40,-3,1,18
-0,-264,-1,29,-11,-1
71,-200,70,-18,-5,-20
21,-230,26,6,10,-37
-51,-293,-32,-4,41,-19
-18,-284,-20,13,2,-16
38,-219,46,-7,-12,11
42,-207,26,-25,-10,-9
-31,-281,-26,-6,35,30
-30,-309,-35,15,22,-14
17,-233,25,-32,18,-7
26,-192,38,9,1,11
-26,-269,-16,23,3,2
-35,-308,-51,34,-5,14
12,-262,10,6,-32,-44
39,-213,41,15,-8,-14
-9,-255,12,25,-1,-11
-52,-297,-54,-14,30,-8
1,-251,-17,22,22,-43
80,-197,49,11,-18,-34
17,-234,11,-11,20,2
-44,-295,-24,45,5,3
-24,-274,-26,-23,-26,-44
40,-227,49,5,-6,5
52,-223,33,-2,19,-47
-44,-275,-41,4,-17,-18
-34,-297,-54,32,-8,-0
22,-230,24,-36,-22,4
47,-213,53,28,-2,26
-36,-276,-8,15,-45,45
-44,-296,-40,-8,-1,12
-5,-271,1,-27,4,-2
63,-220,45,1,-36,-15
-4,-239,-11,-13,-6,19
-49,-318,-49,-4,24,-7
3,-273,-9,13,-6,-6
57,-211,67,-6,-10,40
21,-239,10,17,-16,36
-43,-314,-50,-3,-16,-2
-43,-270,-40,-6,15,8
36,-215,31,10,-13,-10
20,-214,42,21,-42,5
-47,-291,-37,5,-3,-9
-49,-312,-25,5,-40,-18
6,-225,25,-9,-32,-12
63,-211,51,-2,12,6
6,-267,-23,-2,-28,-22
-69,-296,-61,13,-44,52
-2,-262,7,30,30,7
53,-212,63,-14,1,-31
23,-257,-3,3,-12,12
-53,-306,-50,-18,10,3
-21,-263,-5,14,-20,47
27,-224,30,0,24,4
37,-235,6,-1,1,9
-34,-302,-46,0,-12,5
-17,-296,-42,-2,-12,-16
53,-213,47,-2,16,-19
39,-235,61,-42,-10,-6
-26,-280,-29,-16,-9,-13
-43,-308,-27,-22,24,15
26,-244,22,-9,-15,17
54,-201,41,-2,4,19
-5,-294,7,-3,-26,-7
-61,-303,-50,-25,-12,-9
-1,-267,2,-27,23,-4
62,-208,64,-15,36,-34
-7,-231,26,5,-43,-32
-58,-309,-58,-21,-32,4
-7,-265,-26,-12,-35,-23
41,-199,47,-31,-1,-2
8,-227,33,36,2,-3
-38,-288,-28,-16,-12,47
-32,-271,-39,13,-31,-1
42,-215,22,-17,-14,-41
49,-207,37,8,14,11
-12,-275,-47,-14,33,5
-58,-299,-42,49,24,-8
31,-227,12,8,-15,-9
55,-219,35,15,34,-7
15,-254,9,18,10,-17
-46,-308,-38,17,-30,-23
-20,-260,-12,22,-19,-13
54,-191,51,10,-15,4
9,-254,2,46,6,18
-28,-298,-60,5,-36,-17
-23,-293,-35,-26,8,4
30,-212,49,7,22,12
34,-208,35,18,6,-8
-47,-295,-22,37,1,-18
-46,-298,-26,13,6,0
32,-216,26,1,2,-26
55,-207,53,6,-38,26
-25,-290,-11,1,-12,-21
-55,-295,-56,-9,21,-17
20,-258,-1,-12,-21,42
48,-210,59,-6,12,-23
7,-255,0,2,-0,-6
-83,-314,-53,-31,17,17
-9,-261,-4,-15,-8,21
39,-216,51,-23,23,-18
10,-237,35,-17,16,-31
-67,-294,-47,19,5,-19
-28,-278,-36,12,7,-9
57,-222,58,3,8,10
49,-223,42,-13,-31,-1
-41,-287,-30,11,-7,31
-37,-282,-43,8,-14,-8
33,-235,36,-21,5,2
41,-211,57,-26,-39,12
-41,-271,-24,12,2,-3
-64,-301,-45,23,-8,25
6,-247,21,-8,1,-27
59,-196,50,24,-22,14
-3,-241,2,-7,32,0
-38,-304,-37,-4,27,-6
-18,-277,-27,6,-8,5
38,-217,56,-15,-10,2
22,-236,14,27,-18,-18
-42,-302,-40,-18,-39,4
-32,-279,-28,12,19,15
40,-229,48,-2,11,1
34,-209,49,10,12,11
-32,-275,-48,9,36,18
-43,-298,-52,-13,35,-3
13,-247,15,5,42,10
53,-201,44,-28,-32,24
-11,-272,-17,-13,25,27
-59,-313,-37,-19,-20,10
11,-256,-8,12,-12,-11
36,-202,38,-17,4,20
3,-268,9,-29,-3,12
-63,-293,-47,35,3,17
-10,-289,-5,23,-38,-17
36,-190,52,13,-20,14
22,-228,13,3,16,5
-37,-310,-44,5,-4,-14
-30,-282,-20,18,-11,9
19,-228,23,-16,4,21
50,-227,43,14,-21,7
-40,-292,-30,-12,-7,4
-47,-307,-47,13,-13,48
10,-253,18,15,11,-11
55,-220,51,-23,-16,-29
-17,-253,9,-3,-16,-9
-38,-294,-57,13,6,-20
3,-254,4,-36,16,58
34,-203,58,-3,2,-44
15,-242,15,4,-8,39
-48,-294,-48,-0,30,-13
-11,-274,-16,32,-34,-15
39,-192,53,7,12,8
20,-225,21,-24,15,-28
-36,-309,-38,-11,6,22
-39,-286,-28,11,1,-17
36,-213,50,-6,16,-19
54,-224,39,39,12,-29
-8,-279,-16,1,-3,-8
-48,-289,-41,28,-20,-33
21,-230,16,14,21,-1
44,-215,66,-6,59,44
-9,-274,-23,11,-2,-39
-42,-304,-43,20,-29,30
10,-232,8,-0,19,21
55,-206,62,19,5,13
11,-239,24,8,17,-2
-26,-312,-53,-22,3,5
-19,-288,-30,30,14,-8
37,-219,49,-11,-15,6
18,-230,37,-4,9,-38
-27,-312,-43,-14,2,-18
-29,-287,-37,5,27,6
23,-238,28,29,0,35
30,-207,26,9,-40,-42
-13,-276,-29,-25,-16,-31
-46,-310,-48,-9,-9,13
20,-266,9,3,29,30
63,-218,48,40,23,33
21,-260,-2,-4,-10,-24
-68,-291,-40,-21,-21,9
11,-261,1,17,15,-22
51,-204,50,-2,19,-1
18,-236,12,4,-1,-17
-46,-293,-36,-4,-1,-17
-7,-279,-11,-23,-11,-39
43,-220,23,-32,-9,20
39,-237,38,-32,-9,-10
-44,-284,-37,-12,-4,18
-43,-300,-47,28,6,-1
43,-233,29,-11,21,-22
55,-213,42,-6,-18,1
-15,-282,-15,30,-23,-19
-61,-298,-45,12,20,21
9,-238,-12,32,-2,4
41,-182,60,-10,-7,8
-7,-245,-11,-11,11,20
-37,-309,-57,27,3,5
-18,-276,-19,-16,5,9
35,-205,41,-0,-2,-4
10,-238,34,-3,28,33
-43,-310,-32,-30,-4,7
-31,-270,-49,17,-50,10
42,-220,47,9,-19,13
43,-211,31,-4,22,-8
-33,-294,-41,-26,7,-12
-31,-308,-57,-15,-7,-12
15,-231,39,2,-35,11
32,-203,33,-30,5,-29
-15,-267,-16,-0,5,-7
-50,-295,-47,-33,3,-40
7,-247,14,-30,8,-8
54,-196,53,-10,6,18
18,-273,10,-25,-14,-38
-39,-314,-51,32,-35,-3
-25,-272,-20,-5,-48,1
46,-209,40,-13,-26,7
26,-223,24,23,-37,-21
-22,-308,-29,34,-7,-1
-45,-283,-48,-6,-13,-18
27,-212,20,-21,1,-7
46,-216,52,19,1,52
-5,-300,-30,20,46,24
-53,-293,-20,9,-9,-12
23,-209,29,20,-17,8
45,-219,38,5,18,-12
-1,-264,-28,5,-40,25
-60,-293,-39,2,5,-6
-11,-242,4,32,-11,27
64,-188,61,-35,-17,26
4,-258,18,-4,13,1
-63,-306,-39,-18,18,-13
-20,-249,-5,6,-19,11
45,-217,45,31,-28,18
14,-224,26,19,12,2
-50,-294,-40,5,-10,37
-24,-274,-38,-30,1,7
22,-218,43,-20,5,11
31,-207,34,4,48,7
-34,-285,-22,-21,-17,-8
-52,-306,-44,-9,-7,-11
6,-231,15,-2,-46,2
40,-218,68,2,1,-13
-19,-274,-13,22,-34,49
-53,-310,-45,-14,14,-18
-17,-261,11,-2,-48,-1
41,-204,51,-15,8,-13
29,-241,17,5,-35,-13
-48,-294,-53,-20,-57,15
-32,-293,-26,-21,-15,-15
46,-218,52,-12,-14,8
29,-214,21,-6,12,2
-31,-290,-33,14,-15,-13
-34,-296,-41,-22,-9,-17
44,-229,23,-24,19,-33
36,-232,50,-9,-7,9
-32,-281,-24,-12,21,-4
-38,-299,-35,5,19,18
21,-248,21,-6,-9,-10
42,-206,33,-11,33,6
6,-282,4,7,3,19
-59,-318,-49,-2,-9,8
-15,-264,-7,11,-8,-9
44,-199,39,22,34,11
29,-232,4,-5,1,21
-22,-311,-40,-1,38,-16
0,-288,-20,-1,5,28
11,-198,42,-16,-29,25
28,-211,36,-56,2,-14
-28,-290,-43,-5,21,0
-46,-304,-54,9,25,64
19,-246,28,11,18,-46
38,-194,33,-4,-2,8
-32,-274,-6,-1,-43,-16
-54,-328,-38,20,20,9
-11,-245,6,23,-9,9
54,-192,42,-15,-29,-5
7,-259,-0,-1,20,-31
-51,-314,-50,-19,14,13
-15,-258,-17,6,-17,24
23,-211,43,-21,-24,10
29,-236,30,-9,25,-48
-47,-297,-44,-0,-3,24
-39,-280,-25,14,4,20
35,-214,25,14,10,-13
39,-218,21,-1,-18,0
-29,-298,-26,-31,-37,1
-51,-295,-55,-6,-26,12
3,-217,24,12,17,32
66,-204,42,11,-28,-0
-26,-284,-16,-11,-7,-6
-59,-317,-36,-13,-5,-9
3,-246,-12,4,-20,12
51,-229,47,-6,24,-1
5,-248,-20,2,18,-32
-60,-293,-50,26,21,12
-40,-253,-6,-33,10,7
52,-236,57,11,18,-23
26,-233,21,17,14,-27
-59,-283,-31,-11,-1,12
-37,-283,-31,-8,-13,-12
45,-234,43,-2,-2,-31
56,-211,47,-22,-2,0
-30,-284,-23,-12,-5,5
-48,-278,-52,-19,12,9
12,-240,27,-4,-21,9
51,-213,52,-32,-9,33
-7,-259,-1,23,-7,3
-48,-323,-49,-45,1,-40
-6,-261,6,18,13,11
65,-211,61,16,-20,2
19,-239,3,14,-18,-5
-71,-296,-47,-32,39,9
-33,-278,-0,-9,9,-13
54,-214,48,38,17,30
38,-223,45,4,-7,2
-50,-284,-38,21,-15,-38
-23,-288,-35,-8,13,-22
17,-245,15,-17,11,20
32,-223,52,11,-20,-30
-46,-267,-40,-3,-9,-23
-35,-298,-41,-48,6,24
1,-241,22,-4,-4,7
42,-203,48,11,22,-18
4,-281,-1,19,-28,14
-40,-312,-55,-15,-22,8
-0,-262,3,-14,3,6
53,-213,56,-6,9,-7
19,-239,5,-11,-23,19
-47,-321,-65,27,-35,23
-28,-280,-20,-7,-7,34
13,-211,45,4,9,1
19,-220,40,-8,-18,-4
-38,-296,-16,19,36,6
-31,-293,-43,-9,8,-6
39,-238,39,7,-9,-29
42,-215,39,-20,22,39
4,-291,-17,-36,30,-4
-59,-316,-42,19,7,-35
17,-254,18,-29,-37,52
43,-209,50,-23,2,-19
5,-250,-24,14,-23,44
-48,-305,-59,6,32,-8
-17,-260,0,-13,41,-38
66,-200,56,-20,-5,40
25,-241,16,33,2,9
-36,-297,-40,-10,-14,-17
-28,-297,-29,15,4,19
37,-210,22,0,-7,-10
38,-221,45,28,0,-4
-34,-299,-34,-22,-24,11
-30,-299,-46,-13,25,51
29,-214,14,-2,45,2
42,-223,32,-19,-7,-22
-10,-264,-21,30,13,15
-35,-309,-51,-13,-11,-26
1,-242,18,-26,-17,-1
61,-204,49,-8,40,-22
-10,-254,3,-21,-8,-18
-47,-299,-59,21,9,19
-21,-274,-12,-9,12,4
55,-201,38,-29,-1,-13
16,-232,11,-7,26,-29
-23,-293,-43,-3,-33,35
-17,-283,-27,-9,-6,36
37,-214,36,-9,-11,-4
33,-223,38,12,18,-17
-29,-279,-26,11,7,-4
-36,-276,-36,19,-5,-13
21,-243,24,-13,3,-18
52,-209,46,9,12,-42
-23,-257,-7,-23,18,16
-53,-291,-59,-5,-44,-25
-9,-257,8,-0,-13,31
37,-215,50,4,15,17
-6,-247,-13,21,-2,-9
-45,-305,-52,6,33,1
-19,-275,-21,-4,11,7
36,-216,39,5,-10,29
21,-233,39,-25,28,-18
-33,-291,-60,-5,12,27
-29,-286,-37,-11,17,-29
21,-214,30,19,34,1
49,-227,28,4,6,13
-31,-279,-38,-16,-1,9
-51,-298,-37,-44,4,-19
19,-239,13,15,-8,19
55,-207,19,6,29,-11
-16,-257,-7,-19,11,-1
-56,-319,-74,9,-24,13
-5,-260,-6,11,-18,-1
73,-193,37,28,-13,10
18,-250,-9,27,-17,-4
-47,-300,-51,-6,21,-13
-5,-280,-21,43,-5,-5
36,-220,41,13,-3,14
30,-221,28,-5,11,11
-31,-284,-51,-24,-5,4
-37,-284,-19,-1,-26,-21
43,-215,45,4,10,5
37,-213,50,13,-22,-10
-21,-283,-35,-11,23,56
-51,-306,-42,-4,-1,0
5,-248,17,-15,33,29
49,-211,34,-10,-15,-35
-14,-282,10,2,8,1
-46,-300,-55,-24,-15,25
-4,-276,-27,-18,-4,14
47,-216,37,5,-5,6
23,-236,20,17,19,27
-50,-292,-53,-3,18,-10
-19,-271,-28,6,-4,20
52,-221,39,2,1,15
38,-232,29,-17,25,-9
-41,-293,-31,-0,26,13
-27,-294,-36,-17,4,-11
23,-234,43,-11,16,-10
38,-213,38,-55,-8,-9
-15,-280,-26,8,20,23
-51,-301,-36,11,-15,36
3,-241,14,4,-16,19
36,-204,60,-12,3,-15
-1,-252,-7,40,-12,6
-51,-316,-64,41,29,7
13,-270,7,-16,17,-17
58,-208,48,11,-20,-36
26,-238,21,-4,1,6
-47,-295,-37,-0,7,3
-16,-276,-43,-11,30,14
28,-203,56,-7,-9,32
32,-218,34,11,-25,26
-14,-288,-32,25,-2,-9
-45,-282,-49,-3,-8,7
16,-226,37,-18,-27,11
50,-214,36,3,-22,38
-25,-265,-7,-17,-21,-17
-56,-300,-55,16,-20,-1
6,-247,15,36,-2,33
55,-239,55,11,-5,-16
13,-259,12,8,-1,38
-36,-304,-64,-55,-12,-14
-5,-262,-2,-1,-15,-1
61,-207,42,-30,-38,18
15,-245,22,41,-30,19
-27,-269,-41,42,-4,-1
-27,-274,-44,7,-13,12
48,-216,46,-33,-8,19
47,-230,43,-7,7,21
-13,-301,-29,-4,25,-7
-30,-304,-42,-6,-28,14
32,-241,22,46,11,-26
60,-236,49,2,6,-20
-10,-274,-13,-31,-3,-10
-48,-306,-66,8,-4,-24
1,-267,-5,33,15,-11
46,-208,73,8,-16,12
28,-259,-16,39,-4,-2
-30,-303,-61,-16,-9,-17
6,-281,-16,9,4,-33
43,-202,41,12,-36,-8
33,-226,10,-18,-20,-12
-44,-301,-38,23,-7,-3
-40,-289,-0,31,-6,-5
44,-212,27,-17,-24,15
40,-217,33,-28,20,37
-28,-279,-30,-10,6,10
-53,-308,-41,11,-2,-26
7,-230,46,16,23,-15
55,-219,29,11,31,-16
6,-257,-12,-5,-1,1
-50,-309,-32,-23,-27,22
5,-258,-15,24,-9,-8
46,-212,51,21,16,26
7,-242,19,9,4,15
-44,-308,-53,-5,1,-0
-8,-278,-18,6,26,-10
36,-213,56,7,-10,-15
7,-236,30,-1,-25,-14
-41,-296,-26,-0,-1,-34
-22,-297,-36,-32,17,9
55,-233,41,-29,10,18
35,-202,32,32,-42,-14
-28,-291,-31,-3,1,15
-43,-301,-47,-44,3,26
3,-239,10,45,-8,-3
54,-227,41,25,-15,3
1,-266,-17,29,29,26
-60,-319,-54,27,16,-46
2,-254,-1,-22,18,3
38,-218,54,-32,0,1
15,-232,9,-2,18,2
-47,-300,-54,22,8,-2
-16,-273,-24,7,32,7
47,-224,16,-21,-15,5
24,-220,31,-54,4,-29
-45,-293,-49,-16,-14,34
-38,-285,-35,-2,15,-27
25,-226,26,9,-11,-7
46,-194,30,7,21,-1
-2,-273,-18,10,11,11
-55,-316,-34,9,33,9
7,-240,18,-15,14,-23
47,-196,36,40,-7,-37
13,-237,-15,-7,-11,4
-49,-289,-52,3,9,15
0,-265,-1,4,19,-30
44,-203,61,-5,-64,29
2,-238,10,14,10,-3
-29,-307,-44,12,-9,19
-34,-283,-38,15,43,-1
49,-234,60,11,17,-34
38,-235,31,-11,-1,-2
-20,-294,-29,-25,15,-13
-50,-298,-29,-30,-6,17
17,-233,31,3,-7,1
59,-225,36,7,-3,-13
-18,-261,-11,10,-42,16
-17,-292,-50,-29,-11,35
-0,-246,23,66,-33,-29
56,-197,37,-23,11,23
2,-268,17,-15,-8,-12
-35,-320,-46,31,-6,-6
-8,-279,-10,-17,7,-7
44,-220,56,-26,9,28
20,-234,25,19,16,24
-58,-299,-56,2,-22,24
-28,-260,-29,9,22,-19
36,-196,32,-12,-36,-1
45,-216,44,6,-9,-20
-31,-279,-30,-23,19,18
-46,-312,-45,-3,15,4
-4,-233,28,-17,-16,-40
63,-214,42,18,18,-12
-11,-266,-14,11,6,8
-53,-283,-50,10,15,4
-1,-256,-2,-2,-28,-18
44,-223,54,22,19,16
9,-258,-5,4,15,-2
-38,-312,-58,-15,-40,-28
-8,-289,-7,-22,4,-37
39,-207,39,-2,13,13
36,-223,31,-39,10,-9
-39,-291,-39,-30,-44,-15
-48,-284,-39,8,-10,-6
44,-226,19,-25,47,-3
27,-213,23,24,-0,-10
-24,-278,-30,25,-12,16
-36,-297,-32,-14,25,35
17,-240,22,-27,-10,-11
47,-203,58,48,29,11
-12,-274,-14,-17,-8,-13
-39,-303,-41,-23,-16,-11
-5,-262,-17,-26,-4,-48
68,-201,64,12,-23,23
11,-236,8,-3,-2,-6
-50,-316,-55,-25,7,-32
-6,-279,-26,24,6,9
62,-213,43,-20,-6,26
19,-221,23,-23,5,-20
-47,-300,-28,12,12,14
-12,-269,-31,-1,-33,-7
42,-212,25,3,45,-16
34,-217,30,16,-15,28
-28,-273,-27,-1,-29,18
-60,-306,-61,-5,2,-9
23,-254,15,15,-15,-28
59,-213,59,13,41,-5
-8,-269,-1,16,14,2
-61,-316,-30,1,-10,38
8,-268,-2,2,9,-53
40,-190,54,-10,2,41
3,-241,15,-17,-30,50
-58,-323,-44,-19,8,4
-38,-271,-20,16,-31,-19
40,-225,43,-26,17,7
21,-201,39,27,6,-13
-26,-280,-9,-22,13,-2
-31,-317,-26,10,9,34
21,-226,28,23,2,10
45,-203,39,-11,3,-46
-16,-269,-35,39,-1,15
-45,-296,-56,6,26,-43
7,-239,28,19,31,14
38,-214,32,-19,32,-29
8,-241,8,37,24,2
-44,-301,-65,-10,-13,6
-4,-248,-3,28,-3,-26
37,-238,45,-27,25,27
13,-257,32,-13,12,-2
-43,-288,-38,24,-16,3
-32,-285,-21,7,20,22
45,-195,27,-28,-34,14
31,-215,12,1,-9,12
-28,-310,-38,-14,31,-9
-52,-306,-38,3,-19,29
24,-244,37,19,-15,-31
52,-202,34,19,0,-26
-9,-272,-17,16,4,-3
-50,-304,-63,-3,-33,53
-0,-250,15,-28,-40,-23
41,-206,40,14,-15,-6
3,-249,-5,-6,-26,-12
-56,-312,-34,19,8,-3
-6,-277,-8,-38,2,-43
47,-212,46,14,36,-16
35,-240,11,29,-33,-3
-37,-303,-38,60,26,15
-41,-288,-45,-15,0,19
45,-226,45,-2,-27,18
39,-230,56,-4,51,8
-38,-282,-29,17,-19,-20
-46,-303,-45,13,12,-19
19,-253,13,27,-18,26
61,-198,44,-21,0,20
-14,-282,-22,17,-2,27
-68,-312,-61,7,7,26
-3,-254,17,-25,3,10
56,-211,60,5,11,-1
7,-243,14,-1,24,17
-49,-301,-55,-27,-5,3
-13,-290,-25,11,-8,24
40,-214,30,13,-24,17
5,-235,21,8,8,27
-50,-303,-39,50,-4,-26
-30,-271,-30,18,9,5
32,-225,28,7,7,-38
47,-223,53,12,26,20
-42,-271,-35,3,37,-2
-35,-289,-53,-6,-1,-30
20,-241,21,11,1,11
53,-205,42,8,14,-10
2,-276,-16,24,19,2
-61,-284,-66,20,-12,-25
-10,-260,10,-24,-8,-10
53,-207,42,23,-19,9
24,-248,-0,-11,25,-21
-39,-297,-40,-8,-12,-10
-16,-276,-8,9,-22,49
49,-208,35,-31,10,-29
32,-233,56,-35,-10,-11
-38,-293,-60,14,-6,-19
-33,-289,-27,19,3,37
22,-225,57,12,6,54
41,-215,51,-1,42,1
-34,-273,-33,19,11,1
-47,-289,-21,-10,26,-21
8,-249,17,21,32,-2
45,-223,53,-9,-5,10
21,-263,6,12,24,1
-27,-303,-50,61,19,-21
1,-258,-11,-37,-6,7
42,-204,36,-4,24,-27
10,-244,13,-9,11,19
-34,-308,-61,-17,33,6
-13,-280,-43,14,-31,37
52,-218,64,14,1,-12
44,-223,19,3,-13,-26
-52,-290,-32,-44,-9,-24
-22,-293,-44,-16,3,17
53,-218,31,33,-17,-22
38,-221,23,-10,32,-14
-8,-285,-11,-17,6,19
-40,-292,-57,-12,-7,-4
28,-247,7,6,-13,17
63,-208,50,16,31,-8
-6,-256,-15,0,-13,22
-39,-325,-57,1,-25,13
6,-268,-3,-8,-4,1
55,-204,62,5,3,-6
11,-237,21,-5,-13,42
-52,-287,-45,21,-23,9
-41,-278,-38,42,3,21
62,-221,23,-9,8,15
25,-226,37,61,-20,7
-42,-290,-29,-8,22,-33
-34,-293,-50,22,-5,-12
9,-239,35,-1,18,1
51,-205,41,22,-7,20
-31,-278,-26,-1,-4,-34
-35,-311,-52,-16,18,-21
1,-252,22,5,-8,-31
60,-200,48,18,29,18
5,-263,-7,-17,-3,9
-49,-304,-55,-14,44,-43
-7,-262,-1,-49,-11,-10
67,-227,51,-9,-52,9
18,-236,7,39,10,-14
-52,-293,-43,-10,-27,9
-50,-284,-25,28,13,-23
30,-224,39,3,-18,-5
39,-228,35,-3,20,-14
-36,-289,-29,-8,-3,6
-43,-298,-46,1,36,3
38,-235,36,6,-54,-9
49,-219,49,39,-15,14
-9,-260,-5,27,19,0
-42,-317,-51,23,-0,-27
12,-251,3,-22,4,0
53,-192,54,36,-24,21
18,-262,3,7,-26,9
-53,-314,-51,-22,1,-3
-17,-283,-16,-2,10,24
39,-232,55,-25,-24,-6
4,-224,25,-15,0,-25
-44,-295,-45,42,20,-15
-40,-280,-24,16,18,-17
17,-228,42,-13,3,-3
45,-213,42,-18,-0,-2
-22,-276,-31,-23,42,-10
-48,-303,-37,9,4,2
-0,-259,-8,-4,-6,-34
57,-202,40,3,-35,3
-7,-254,8,7,-8,-1
-60,-305,-48,21,-2,-9
-6,-251,-2,14,6,4
53,-203,63,24,17,10
14,-236,14,4,-14,-17
-50,-306,-55,7,5,32
-6,-284,-26,15,-13,7
50,-229,46,-3,-3,-3
8,-230,27,-10,0,-2
-44,-288,-38,-3,2,19
-35,-298,-37,-23,8,-12
41,-225,22,-19,-13,-18
42,-209,42,-5,17,-18
-21,-285,-39,17,-20,-11
-51,-285,-55,37,32,20
27,-241,5,-34,-8,-9
54,-198,39,37,-58,-16
-2,-265,-11,-1,8,-19
-35,-299,-51,19,-5,10
-6,-266,-3,-23,-4,-23
52,-204,34,-10,3,8
29,-261,-3,-3,-16,-20
-47,-298,-46,2,27,-34
-47,-280,-25,8,16,-19
44,-208,40,-5,-20,-10
28,-215,31,13,-23,-19
-38,-290,-29,-24,17,18
-48,-297,-36,-27,34,13
34,-231,35,-43,-13,13
47,-223,46,8,9,23
-28,-297,-26,21,3,-2
-28,-288,-64,21,-40,-4
14,-242,10,-19,-15,3
54,-218,57,25,-3,9
-11,-251,-5,-9,15,-10
-55,-299,-68,-0,-9,4
-5,-269,11,13,15,1
60,-207,43,31,-23,33
15,-231,20,25,16,2
-48,-310,-41,-8,-18,-24
-27,-288,-34,17,-9,-10
37,-209,48,21,12,28
24,-216,28,26,5,-12
-22,-296,-50,8,-23,-40
-48,-292,-40,1,24,-6
15,-224,25,-4,6,-9
26,-216,34,-4,-31,12
-11,-288,-12,11,27,23
-54,-319,-46,9,-15,-13
11,-236,-1,-6,24,4
41,-196,54,8,58,21
6,-261,18,9,19,-24
-50,-300,-37,39,-6,9
-7,-283,14,-2,-11,14
49,-205,49,13,25,8
21,-225,26,1,-29,-7
-46,-286,-47,4,-34,0
-25,-278,-15,8,-24,-18
37,-208,53,-37,19,-4
31,-208,41,24,4,22
-33,-295,-43,19,-37,-41
-47,-295,-34,-7,8,4
17,-226,17,6,3,-5
55,-218,62,2,-2,30
-25,-276,5,35,1,-20
-49,-295,-37,3,8,11
15,-231,-3,29,-1,22
40,-210,46,-2,-1,26
-7,-250,25,17,-13,-2
-39,-321,-41,-33,34,-4
3,-254,-19,27,-30,-8
61,-208,42,-8,38,15
26,-220,7,18,-6,-2
-42,-297,-50,-32,4,22
-34,-305,-39,-6,0,-0
26,-213,41,5,-5,9
35,-215,41,-39,43,1
-14,-285,-29,-10,30,13
-36,-293,-52,-25,19,-51
13,-243,25,9,-18,-14
41,-214,49,19,-18,-48
-18,-261,2,-5,-11,-25
-43,-322,-48,29,12,14
-7,-271,4,-32,-8,-1
33,-210,33,15,23,17
10,-264,-4,-12,-1,-33
-46,-287,-44,-16,2,-2
-19,-286,-22,22,20,6
29,-212,55,20,16,-3
28,-216,36,-7,-48,35
-34,-287,-32,-17,33,48
-32,-290,-27,-5,-8,-10
26,-216,37,26,-10,33
49,-224,28,-4,32,4
-36,-276,-30,-5,10,5
-47,-306,-57,-11,12,-6
16,-241,23,5,27,-9
56,-198,57,-12,-6,23
-8,-245,-6,11,-27,5
-52,-311,-51,23,-3,44
8,-259,-16,7,-2,7
51,-172,56,-27,-18,31
-5,-244,11,31,-31,-2
-47,-314,-47,-9,4,34
-34,-274,-31,-6,8,14
37,-216,43,46,-43,-9
12,-236,34,-18,12,-5
-39,-289,-24,4,7,47
-50,-288,-39,-6,-16,-28
30,-226,18,-43,12,38
37,-193,41,9,-3,15
-32,-277,-12,19,13,21
-54,-311,-45,20,7,4
-2,-249,-3,7,-21,2
61,-213,45,7,28,5
1,-272,-8,-2,12,-24
-68,-299,-45,20,25,-1
-9,-261,-18,-7,-3,-1
64,-195,46,1,-29,5
6,-250,18,18,-19,4
-50,-299,-32,1,3,-63
-15,-260,-29,28,-3,9
52,-222,22,-13,12,4
27,-220,23,8,-33,12
-36,-291,-37,5,-18,19
-41,-304,-43,-6,25,-12
30,-230,26,3,33,-33
42,-225,41,-29,-4,5
-29,-264,-33,-31,26,-12
-52,-311,-44,5,14,17
7,-257,11,-32,-11,26
51,-185,57,21,1,19
18,-254,7,9,21,-9
-41,-302,-50,1,48,8
-8,-280,-4,7,4,-5
44,-212,67,-36,-1,11
22,-230,31,-2,-6,1
-42,-321,-30,41,26,19
-35,-291,-32,-11,-21,-8
44,-217,21,-10,-16,-29
35,-211,36,-9,6,-1
-23,-293,-35,-37,16,-14
-53,-293,-36,-12,6,-13
10,-229,27,14,16,42
52,-194,47,7,31,5
-10,-272,-10,8,17,7
-54,-308,-47,1,9,-14
6,-249,7,-1,-27,15
43,-219,62,13,-19,13
2,-252,-3,-5,-33,-29
-61,-324,-57,16,2,-19
-6,-274,-10,-20,-17,-5
46,-215,38,7,52,51
30,-231,36,-3,-6,28
-38,-285,-41,14,-3,8
-30,-288,-19,28,41,-13
41,-211,28,16,15,29
32,-208,33,23,-14,11
-40,-286,-33,-5,-25,-3
-44,-303,-45,-2,-11,0
24,-239,26,-19,9,8
57,-204,61,12,-29,-17
2,-270,-9,18,1,26
-23,-300,-39,-5,-14,-6
-6,-249,2,-31,7,-38
44,-217,51,-4,-2,7
27,-247,4,-2,3,23
-31,-292,-36,-22,18,-28
-14,-267,-18,-14,7,14
57,-199,53,-27,15,16
34,-240,38,17,-38,-26
-39,-288,-42,24,18,5
-20,-279,-41,12,24,18
45,-219,43,-15,10,-3
39,-211,36,-17,-12,-23
-28,-278,-22,-22,-4,-1
-57,-297,-51,3,12,-5
17,-242,32,-49,12,-5
46,-201,31,15,-35,-3
-5,-257,-8,22,14,12
-37,-287,-41,-23,10,19
12,-252,3,18,7,14
48,-212,46,12,-9,-32
6,-253,27,13,-8,-44
-29,-318,-37,-24,30,34
-25,-273,-38,28,11,-7
35,-213,51,3,-29,2
39,-228,22,-4,-4,-9
-42,-283,-21,-3,16,-10
-49,-297,-28,20,17,-18
42,-211,23,-1,8,1
48,-223,36,14,9,2
-23,-284,-16,-12,-28,21
-63,-302,-33,-2,-17,13
23,-251,10,-13,-1,23
48,-210,43,-18,57,5
-2,-275,-16,17,-46,16
-43,-296,-44,-21,-3,-9
-23,-258,-6,-17,-13,-5
44,-206,46,-33,-11,-5
17,-240,20,-13,16,-10
-38,-323,-35,-38,-11,8
-29,-261,-26,30,20,-12
54,-216,62,31,-11,-9
22,-215,33,21,-24,-11
-34,-278,-35,-11,-11,1
-41,-304,-34,-18,22,21
40,-244,24,-2,-20,21
40,-211,48,-26,-19,-12
-11,-274,-23,21,17,-24
-45,-321,-43,42,12,3
7,-250,6,12,6,28
52,-213,44,17,-22,37
16,-243,-12,-31,-17,13
-69,-291,-62,-7,16,18
-22,-267,-24,-15,13,26
47,-215,60,4,-11,3
19,-222,25,32,-15,-8
-65,-288,-43,-13,-2,-29
-17,-296,-32,2,8,-13
49,-227,42,-23,9,15
36,-230,19,-14,19,3
-41,-273,-46,5,3,-4
-40,-311,-31,8,-8,-13
32,-232,22,58,12,-15
52,-213,52,-2,18,34
-11,-267,-14,6,1,11
-45,-307,-48,-9,39,-29
2,-246,-17,-27,-9,-7
52,-210,44,11,-2,-8
-0,-265,-6,-1,-6,-1
-41,-302,-59,-14,7,-1
-24,-258,1,-3,-13,-7
53,-210,39,30,33,-3
25,-231,30,-43,6,-6
-35,-300,-51,-37,-38,-39
-32,-288,-21,2,26,8
27,-217,43,-33,43,9
23,-202,61,-20,-34,-32
-36,-292,-37,-25,7,-35
-51,-298,-60,7,-6,-17
3,-227,8,8,34,28
30,-205,47,2,0,-1
-2,-241,-20,27,-3,-28
-65,-310,-48,-48,6,-12
10,-245,-1,0,7,-7
37,-211,58,-12,1,0
23,-244,6,26,-24,-8
-44,-288,-26,-11,-9,-12
-31,-274,-27,37,-26,-34
25,-201,37,2,3,-35
37,-238,41,-41,-21,15
-47,-304,-26,-1,-25,-9
-26,-294,-44,27,10,-7
38,-211,37,-1,-15,-2
50,-217,63,11,-17,6
-38,-281,-19,1,7,-15
-52,-297,-47,-0,-7,-1
20,-239,17,-63,14,38
45,-205,51,20,-2,31
9,-264,-1,-0,20,-19
-34,-309,-73,16,-39,-1
-2,-255,-21,3,-1,-18
39,-213,45,-15,4,23
12,-229,29,11,0,16
-45,-306,-51,9,-26,18
-8,-262,-32,19,4,2
48,-216,48,20,-15,-29
28,-237,16,-8,17,-7
-32,-283,-33,-1,-11,-34
-15,-271,-46,-16,10,1
44,-209,21,-17,-8,14
50,-216,59,-10,32,-11
-30,-273,3,-19,-22,17
-44,-304,-52,-2,-9,10
-4,-236,4,2,-7,-1
42,-219,58,27,-5,11
8,-269,-2,0,11,-15
-40,-284,-61,-18,-15,-2
-7,-264,1,22,-15,12
37,-209,57,-4,3,-14
19,-239,34,-13,14,23
-42,-295,-35,2,-6,1
-52,-269,-20,-3,1,-5
56,-216,32,15,51,27
34,-215,35,10,-12,9
-45,-288,-42,9,-29,-13
-43,-284,-34,-17,13,2
34,-226,24,1,19,-29
52,-196,52,7,-29,-12
-13,-273,-11,41,-27,-42
-35,-310,-42,-1,8,3
-6,-245,22,18,-9,26
55,-207,53,-13,-34,-4
-6,-244,-12,-6,65,-4
-57,-300,-47,21,14,38
6,-274,-0,-17,-7,6
38,-216,55,29,18,-0
38,-240,24,-26,-22,-27
-35,-294,-51,-35,-16,10
-14,-305,-28,4,30,-31
39,-203,37,-16,31,-2
32,-211,28,3,-39,-34
-25,-283,-22,-12,-51,0
-43,-292,-37,25,26,-21
22,-223,22,18,-30,18
38,-228,57,8,-12,-18
-3,-263,-16,37,-13,-33
-50,-312,-51,-1,-13,9
-1,-262,-5,1,5,3
60,-196,43,15,-11,23
10,-243,5,-12,8,-2
-53,-320,-51,3,11,17
-11,-269,-15,12,-4,-2
48,-190,48,21,1,-23
12,-224,19,-22,-6,1
-39,-319,-20,22,-12,-28
-21,-299,-30,-14,14,-21
49,-235,24,34,25,-10
52,-243,39,-17,14,4
-28,-287,-30,-8,5,-20
-34,-310,-53,-16,-19,7
15,-238,37,9,-6,7
65,-195,53,-5,22,-21
-6,-270,-7,14,13,-21
-49,-300,-49,30,-6,5
-3,-247,3,-13,17,-14
56,-197,43,36,-32,-30
9,-252,23,-0,-30,9
-35,-316,-62,-22,11,-5
-17,-276,-21,-32,-10,9
50,-225,39,-10,-1,11
20,-240,44,-18,-32,30
-28,-267,-38,-1,41,-10
-37,-293,-21,-6,-4,-43
40,-230,35,10,12,45
58,-218,36,28,0,27
-18,-286,-6,-12,-26,-11
-36,-314,-43,36,1,-27
4,-237,23,-10,-18,24
62,-197,43,27,-54,-9
-4,-252,0,25,-9,-0
-44,-305,-33,-16,14,14
-4,-255,0,-8,6,-46
25,-219,47,5,-5,10
2,-237,14,11,-57,-1
-62,-311,-60,46,22,-2
-28,-287,-33,-30,5,24
50,-200,48,15,20,-15
20,-233,43,-10,12,4
-44,-282,-46,1,-7,-12
-43,-289,-38,-30,-12,35
42,-237,23,6,-15,19
52,-220,34,32,19,2
-14,-270,-17,7,-46,-10
-52,-309,-48,-60,-5,-3
14,-224,5,-8,14,11
52,-204,53,1,-18,25
-21,-244,3,7,-29,-17
-54,-294,-53,11,-17,-22
-34,-252,9,-13,-2,-31
52,-204,42,29,-2,6
21,-231,25,-37,5,17
-38,-318,-28,-21,-45,8
-34,-290,-21,31,44,6
30,-215,42,7,-15,5
40,-216,48,6,11,-13
-34,-286,-48,1,-2,38
-47,-297,-30,-8,6,2
26,-222,8,-42,18,-8
45,-233,34,27,33,27
-22,-255,-29,-15,32,0
-55,-296,-54,25,10,7
1,-222,13,2,33,16
36,-197,31,-23,2,10
-2,-266,14,9,-32,-9
-61,-317,-66,-39,13,24
-16,-285,-16,36,-3,3
50,-210,36,19,6,11
21,-241,33,8,25,-5
-39,-297,-46,-16,4,18
-38,-283,-35,-3,-11,18
37,-206,20,15,19,-34
55,-217,47,-15,-2,2
-28,-277,-37,17,7,11
-59,-301,-60,-9,-26,-21
24,-219,-3,22,-33,13
43,-191,46,-34,-3,-18
-23,-255,-21,-12,-10,41
-26,-323,-61,22,5,17
-6,-245,7,32,-4,23
43,-206,51,-11,-6,0
17,-271,21,19,-37,27
-39,-293,-41,-0,19,-32
-23,-273,-28,-21,11,-13
46,-223,46,11,21,34
37,-229,17,17,-35,3
-39,-299,-35,1,19,21
-38,-298,-20,-21,4,13
39,-227,35,23,20,3
43,-209,23,-10,-10,9
-30,-269,-28,27,21,-8
-46,-295,-33,-44,3,15
14,-231,12,5,-12,0
43,-205,65,-38,-12,22
2,-274,-14,-31,-3,-28
-47,-298,-71,18,-31,-24
-3,-265,6,1,-26,-9
43,-211,59,18,-15,-24
14,-258,12,-7,-28,7
-46,-296,-24,19,16,-36
-7,-268,-35,1,-27,15
43,-202,51,-19,11,24
43,-238,21,23,-5,-28
-40,-285,-40,47,34,-15
-37,-270,-40,14,-9,-11
28,-221,11,-28,4,12
50,-219,44,-8,30,-16
-35,-284,-23,6,-18,23
-49,-294,-43,-19,3,-24
-2,-221,4,24,-34,-7
42,-203,47,-2,-15,3
-5,-246,-6,-21,-10,-19
-56,-309,-38,5,-27,7
8,-264,-13,13,-28,-17
61,-202,56,4,-8,-25
16,-231,30,-9,-14,19
-45,-312,-63,-30,35,14
-30,-264,-43,-10,-5,-8
39,-222,41,36,-17,-19
17,-238,35,-9,33,1
-46,-288,-39,7,16,7
-30,-292,-49,-11,-49,-17
28,-223,25,-10,0,29
43,-208,59,-15,-11,17
-21,-273,-4,2,44,2
-59,-323,-51,4,12,32
11,-225,15,-10,-18,30
46,-213,35,-0,-8,-7
-10,-244,-7,5,-11,22
-29,-291,-44,6,3,17
-26,-275,8,-28,-14,40
49,-217,48,2,17,-18
17,-249,7,-12,18,13
-42,-305,-37,-29,17,-17
-32,-275,-48,7,-32,-30
24,-212,50,29,-17,6
25,-243,29,-12,7,-24
-25,-286,-26,6,22,32
-45,-298,-56,24,-5,-24
34,-243,21,-20,12,-40
37,-183,49,37,-5,4
-35,-269,-38,-12,-48,11
-32,-295,-35,4,20,9
-1,-239,10,-10,18,-17
54,-195,51,-25,-4,-7
5,-268,10,24,34,14
-51,-309,-43,26,32,-39
-12,-269,-14,-10,14,13
45,-198,46,-3,-11,24
43,-250,5,-50,-14,5
-31,-287,-55,16,5,-2
-21,-279,-15,15,12,18
36,-210,24,-18,-31,-6
34,-205,29,32,23,-34
-24,-275,-35,11,7,-2
-36,-315,-29,-17,-19,2
10,-239,37,19,-6,29
76,-197,54,-4,17,29
5,-273,-10,25,3,-0
-56,-296,-62,15,-26,52
-0,-255,-8,3,2,28
52,-207,49,24,12,16
-1,-238,10,1,-8,9
-49,-310,-43,-14,30,1
-9,-284,-13,1,-6,6
37,-209,32,-0,49,1
4,-247,15,22,21,20
-56,-298,-52,28,6,11
-50,-270,-30,23,-13,-1
43,-216,36,35,14,-2
30,-211,38,14,29,-12
-16,-295,-40,5,-1,-22
-41,-309,-44,-4,55,-3
11,-240,18,1,-48,-14
31,-210,40,-22,-9,7
10,-271,-6,39,2,6
-66,-316,-57,-20,-5,-6
-7,-260,3,32,5,11
48,-218,64,-9,-23,12
18,-233,6,19,-13,27
-51,-299,-38,6,-24,-11
-0,-270,-12,9,-10,2
42,-216,41,28,8,-8
33,-227,16,17,10,-9
-27,-295,-24,32,11,-13
-37,-308,-38,-17,0,-22
18,-221,45,-21,-0,12
37,-239,31,9,8,-19
-30,-277,-21,-17,-31,2
-25,-315,-65,-13,0,3
30,-246,11,21,-5,37
50,-216,56,-17,-13,-16
-8,-256,6,13,-18,-3
-49,-301,-51,-9,-32,-16
-10,-276,7,2,13,15
59,-205,56,-13,13,15
10,-246,30,10,-7,-8
-55,-289,-54,33,9,11
-31,-269,-26,-7,-44,-5
42,-210,39,-18,4,16
25,-222,25,29,-16,9
-32,-296,-47,-1,6,2
-54,-291,-45,-6,24,10
25,-215,40,-6,-9,-4
35,-216,37,14,30,8
-27,-299,-26,10,15,24
-52,-292,-38,19,-36,31
11,-224,15,31,-14,-21
32,-195,59,-8,-3,-7
-16,-262,-2,-20,4,-5
-52,-312,-52,7,36,-47
-18,-263,-27,9,41,26
51,-188,46,-0,-3,47
22,-238,22,10,16,2
-64,-321,-34,-26,-18,-21
-8,-274,-9,19,-20,25
42,-209,31,12,-18,17
13,-235,28,-18,17,-9
-38,-292,-29,16,-13,-29
-50,-304,-34,-28,-9,23
21,-218,31,-5,29,0
57,-220,67,-17,-2,8
-21,-277,-22,-2,25,-15
-39,-321,-41,21,23,17
19,-245,-2,9,-4,-13
35,-205,58,9,-20,-13
5,-256,-7,-9,9,-4
-34,-317,-56,1,-27,24
-8,-277,-10,-8,20,-4
15,-214,34,27,-9,22
28,-223,23,6,9,-28
-40,-301,-59,-5,5,-21
-34,-298,-45,-18,-12,9
17,-214,33,19,19,-33
24,-231,36,28,-3,-7
-43,-284,-20,-32,-12,20
-25,-306,-48,4,8,5
32,-242,36,7,-35,-36
31,-204,57,42,11,1
-9,-267,8,1,3,11
-42,-319,-54,40,21,9
12,-245,7,63,-9,-3
47,-218,65,13,-6,19
-8,-256,-9,-4,-14,10
-51,-306,-49,31,-21,39
3,-280,-27,-3,-6,21
41,-204,50,8,-8,-11
28,-244,16,3,-29,26
-38,-280,-56,-32,-29,19
-39,-280,-45,21,-23,32
36,-227,47,0,14,-3
53,-217,21,-24,-2,-12
-20,-275,-28,-14,-11,7
-41,-300,-45,-7,12,4
19,-230,10,6,-2,-41
52,-196,51,22,-33,65
-23,-276,-20,-7,12,10
-43,-309,-77,19,-15,20
0,-262,12,22,-5,-18
60,-197,47,37,-27,-10
11,-235,7,-7,-23,-7
-70,-305,-44,11,-16,-12
-3,-273,-26,-33,-2,3
37,-218,42,-8,-15,-27
32,-223,13,-12,22,26
-27,-311,-22,14,-2,3
-38,-287,-34,19,-9,-13
26,-226,50,46,27,-12
42,-212,33,-39,6,-4
-19,-277,-21,21,-19,-34
-48,-298,-47,3,19,5
11,-248,26,-21,-7,-15
52,-221,37,12,-1,32
-5,-276,-2,-42,27,8
-54,-304,-48,23,1,-13
-1,-276,-4,-11,-22,-1
64,-206,47,-18,-17,-20
4,-233,15,17,28,2
-63,-303,-48,-14,5,-2
-16,-276,-17,-20,9,-19
41,-214,48,-9,-37,18
20,-227,28,13,10,-11
-30,-293,-38,34,17,32
-27,-294,-33,-6,-11,-5
12,-222,41,11,38,10
31,-207,47,11,4,-4
-23,-275,-22,32,18,47
-43,-289,-65,-43,-19,-62
13,-246,10,5,35,40
76,-230,43,-14,8,-7
8,-273,-4,-22,-4,19
-58,-316,-64,42,19,-4
-12,-278,3,22,-20,19
52,-200,56,-4,16,-10
13,-260,29,-19,-31,-32
-44,-314,-48,19,2,-18
-23,-282,-25,55,6,-15
26,-229,36,9,21,14
49,-206,37,-10,-7,-22
-33,-308,-26,-2,8,6
-36,-288,-39,-29,44,1
4,-225,25,-5,10,-3
54,-210,43,6,6,13
-20,-274,-26,8,0,39
-49,-313,-35,-26,34,-8
17,-250,3,-19,13,-5
58,-219,45,-20,-19,-21
7,-222,1,-9,-14,-20
-63,-329,-47,27,23,6
-17,-285,-13,-26,-6,7
57,-212,49,-21,-14,19
21,-244,23,-2,-3,14
-38,-297,-40,37,22,12
-42,-290,-31,4,-10,-21
39,-221,69,-10,5,-18
6,-222,28,7,9,20
-40,-275,-38,-5,-3,-0
-38,-291,-62,-2,4,-7
15,-246,33,31,-41,-5
46,-234,44,32,3,5
-15,-281,-4,-9,3,7
-52,-299,-50,-29,-5,-2
15,-245,-4,12,19,-17
54,-219,49,-30,-8,14
-9,-252,8,15,16,-6
-39,-307,-50,-10,-20,-7
-22,-273,-13,0,-12,-20
37,-213,57,-15,-9,-6
29,-230,19,18,-19,6
-48,-295,-33,-24,-4,48
-25,-289,-17,-1,12,4
46,-211,31,-4,-18,-8
50,-210,31,-30,-5,-9
-26,-300,-16,7,-6,-47
-32,-298,-41,-33,37,-6
21,-246,4,-4,-7,-31
46,-189,46,6,3,-3
5,-264,3,11,-43,19
-51,-303,-41,-5,31,24
22,-255,-7,11,-5,-10
46,-201,53,4,-13,-1
7,-245,20,-12,-18,10
-67,-307,-57,44,9,-46
-13,-270,-22,20,6,-8
36,-209,40,-1,-4,3
13,-231,28,-1,38,15
-47,-288,-28,-28,20,-2
-45,-310,-30,2,40,0
27,-227,33,43,32,-18
51,-223,45,36,2,13
-20,-300,-40,4,-2,-18
-38,-305,-64,-1,37,7
2,-238,-3,-10,-5,4
64,-205,66,11,3,22
3,-263,-6,-3,-19,15
-51,-310,-49,36,-17,5
-22,-255,-15,-26,8,-30
42,-220,35,20,-10,-20
13,-227,17,23,-8,-25
-26,-302,-37,37,12,12
-2,-273,-13,11,-44,24
33,-201,22,22,-44,1
17,-214,42,16,8,-12
-20,-288,-39,5,-13,14
-35,-306,-28,-30,7,0
21,-223,32,11,33,17
42,-211,53,-25,23,-3
-18,-266,-0,-32,41,13
-34,-310,-47,3,-13,-14
5,-257,6,-29,16,17
35,-189,56,6,26,16
6,-256,17,19,4,13
-53,-309,-33,1,2,34
-18,-276,-4,11,1,6
44,-213,49,1,-3,15
9,-243,23,4,-15,18
-26,-302,-48,-5,10,-27
-8,-267,-13,4,-15,-60
25,-216,51,24,15,4
27,-229,44,-1,-19,15
-36,-286,-46,4,14,-2
-39,-297,-56,22,-28,-3
25,-229,23,-12,0,-21
39,-228,68,-18,-38,28
-23,-265,-17,8,11,5
-42,-329,-58,11,16,-23
-5,-248,22,0,2,-22
51,-218,67,7,9,-19
-2,-255,-9,-15,-12,51
-34,-306,-68,-14,-2,5
-1,-277,-6,-5,25,-3
53,-222,58,45,19,4
12,-257,20,-2,-14,-21
-53,-303,-33,6,-26,-8
-24,-296,-31,7,10,10
24,-214,42,-23,17,-14
54,-227,40,-14,3,4
-20,-285,-27,11,3,-23
-33,-287,-53,-1,-6,-7
21,-231,50,-14,-0,-16
48,-225,47,-36,-4,-57
-17,-267,6,8,7,23
-41,-305,-58,4,13,10
8,-248,4,34,27,12
51,-206,42,17,-3,-12
6,-273,-1,-5,3,-3
-60,-304,-47,-7,7,9
-7,-256,-12,-1,-14,-11
48,-218,28,-41,3,37
34,-241,36,2,-17,-8
-45,-304,-42,-7,-19,6
-42,-284,-29,-18,-14,30
34,-208,30,-11,25,-6
61,-201,43,-47,19,-3
-39,-286,-20,-34,-30,22
-47,-298,-55,16,-12,-19
26,-241,27,-31,-4,3
51,-200,50,-1,23,-28
-12,-259,-23,33,12,0
-50,-316,-31,-27,-22,-21
-14,-257,-14,18,2,49
49,-214,56,26,24,-22
13,-240,1,19,-6,5
-67,-303,-50,-9,2,-0
-25,-277,-32,4,-1,-1
57,-230,32,14,14,16
8,-224,23,-5,21,11
-39,-290,-49,-13,-6,-18
-45,-306,-31,46,7,2
41,-213,32,2,14,-41
41,-221,28,-14,-20,-2
-20,-287,-43,-23,-15,-12
-33,-322,-54,10,-23,-27
25,-239,-3,-8,22,-0
60,-200,33,19,24,3
-7,-249,-1,25,20,-20
-60,-306,-33,9,-16,-0
0,-241,-10,-24,-27,50
57,-224,64,22,-26,6
14,-264,-8,11,6,-0
-59,-288,-44,-9,-36,6
-26,-275,-25,-8,-27,-36
31,-205,66,-10,7,-35
32,-211,45,23,14,-50
-38,-291,-51,23,-21,2
-46,-298,-21,35,27,29
41,-227,34,14,-4,-10
57,-213,44,-49,1,-2
-34,-271,-11,-27,-5,29
-50,-304,-41,-16,9,22
2,-243,9,-14,1,-29
48,-216,47,-1,22,-7
25,-251,10,26,20,-10
-63,-319,-44,17,9,8
13,-255,-16,-15,18,-8
46,-199,46,-38,39,32
35,-244,20,-14,-6,12
-25,-309,-46,12,18,7
-28,-275,-21,-2,-23,-12
68,-218,34,32,8,-8
50,-244,44,-30,19,40
-17,-305,-36,-30,-40,-20
-48,-310,-41,-7,11,1
18,-203,19,-26,17,-1
46,-202,36,20,-18,10
-30,-270,-14,13,3,31
-39,-296,-74,-5,-21,-26
11,-229,20,-17,20,-39
25,-220,60,-19,2,3
13,-253,12,24,11,15
-43,-294,-55,-0,8,-3
-13,-277,-2,24,11,-24
43,-209,57,20,-0,-3
44,-228,22,49,6,-1
-37,-277,-50,10,-10,-17
-37,-292,-7,-35,-5,10
37,-228,32,1,2,27
13,-225,30,-7,9,-14
-35,-302,-31,-23,9,4
-36,-299,-35,-5,-19,-15
15,-228,41,27,-9,58
56,-200,33,-14,8,35
-11,-271,-3,0,-2,-3
-43,-289,-52,1,5,-12
0,-271,14,11,0,10
36,-223,42,-21,-6,0
15,-249,4,-8,-6,1
-70,-305,-63,-41,11,-71
-4,-267,-5,14,-11,-2
62,-218,50,5,-15,34
17,-237,4,-3,18,-18
-54,-305,-52,-5,11,-9
-47,-277,-9,25,27,-7
36,-230,47,8,9,18
38,-214,41,16,37,4
-36,-275,-46,7,-8,-4
-39,-280,-42,-21,-12,-28
4,-220,22,1,6,2
53,-203,52,9,37,9
-11,-269,6,-21,-42,-4
-43,-286,-41,-0,-15,-5
6,-246,-6,-35,27,-14
56,-195,41,-2,31,28
10,-234,-10,-20,4,-40
-57,-285,-39,-47,12,-32
-18,-274,-26,-1,8,-4
49,-226,36,5,-8,26
33,-213,16,29,13,0
-47,-282,-41,-1,-29,-19
-51,-299,-42,11,-11,-4
36,-216,56,-52,-37,1
35,-231,40,-41,14,49
-25,-283,-20,-30,-6,-12
-48,-326,-59,5,25,8
13,-239,16,1,1,-15
35,-206,47,5,-9,4
-11,-276,-6,1,3,-36
-50,-327,-59,18,-31,30
-9,-261,0,-12,19,4
48,-222,43,19,22,-11
13,-231,37,-14,-15,13
-48,-313,-43,10,19,-23
-31,-286,-16,-3,-18,4
29,-203,34,-14,25,-13
18,-249,17,19,4,-21
-15,-283,-40,19,12,3
-20,-294,-32,-19,13,-9
24,-232,23,40,-22,1
51,-210,44,10,-12,-18
-11,-289,-22,-31,18,-27
-49,-316,-45,-11,-29,7
22,-226,4,-0,18,25
40,-223,50,-41,11,1
-3,-238,-15,-10,8,64
-56,-311,-56,-26,-23,-6
12,-240,-4,31,6,-12
43,-213,49,18,13,6
27,-246,26,-31,-1,-49
-34,-308,-59,-4,-5,-20
-19,-277,-12,4,-24,21
29,-205,35,22,-14,1
49,-226,35,27,-20,-12
-26,-281,-10,-1,13,-21
-33,-290,-42,9,5,-10
28,-245,14,18,-4,-6
34,-204,44,26,18,-4
-12,-290,-20,-27,8,16
-39,-287,-41,-3,27,2
10,-272,12,-10,4,29
42,-208,39,1,-10,-4
11,-262,-10,2,-22,-15
-35,-291,-47,15,6,21
-29,-270,-14,-13,-15,-24
33,-206,36,7,11,5
19,-220,17,7,11,6
-34,-283,-39,-8,14,32
-40,-286,-31,-10,-8,-12
19,-226,17,-7,7,10
34,-208,39,12,-6,-11
-38,-276,-18,23,10,-5
-49,-308,-63,17,6,-33
37,-251,11,15,24,2
46,-172,32,8,-16,3
-16,-264,-12,-15,42,-32
-53,-293,-67,-26,-8,-23
-6,-250,8,18,-30,23
37,-217,58,29,4,23
0,-253,13,-8,-26,19
-45,-301,-56,-4,3,5
-18,-268,-9,9,24,-28
53,-212,42,-13,20,14
24,-237,23,1,-19,-6
-43,-308,-31,-26,-16,-24
-43,-280,-37,12,-5,-16
24,-217,45,-8,14,-35
43,-220,43,5,-3,-14
-42,-291,-16,-8,-29,-19
-35,-318,-54,21,12,-24
10,-242,16,32,-7,29
57,-191,60,10,6,7
1,-243,-12,-8,-21,-18
-61,-314,-42,34,50,-4
-2,-268,-14,3,40,-7
58,-206,48,2,-16,24
13,-235,4,18,-16,23
-36,-308,-61,-7,-35,-29
-34,-287,-25,-52,59,18
30,-211,39,-25,22,-9
33,-213,31,11,25,-21
-47,-300,-33,-22,0,-21
-40,-290,-50,17,-18,4
28,-216,44,-17,-15,23
54,-195,28,6,-31,-16
-19,-271,-22,7,-5,-22
-64,-301,-35,8,24,16
1,-261,0,39,-14,-10
54,-203,64,24,-7,-18
-11,-269,-6,-26,12,-5
-48,-313,-61,8,-18,-28
-0,-254,-18,5,15,27
52,-208,49,-5,-2,-11
25,-248,9,5,3,-20
-44,-301,-48,20,-8,23
-16,-276,-32,-15,-15,-22
37,-221,44,1,5,-22
43,-238,33,-5,-20,15
-33,-300,-16,35,-48,-51
-22,-287,-36,-20,-5,3
32,-238,39,10,-32,-21
26,-202,43,1,-1,-6
-30,-276,-32,-1,12,-14
-25,-300,-43,-2,-22,-43
-7,-232,-1,4,33,7
57,-200,57,-10,10,-4
-11,-239,2,-23,14,14
-34,-296,-43,5,-14,-1
-19,-261,8,0,17,29
47,-200,40,-34,-3,8
29,-244,22,11,30,-6
-44,-314,-51,22,18,11
-11,-291,-37,-18,-0,15
17,-221,43,33,-20,37
24,-221,22,-13,-19,-27
-38,-270,-44,4,40,-24
-48,-313,-35,4,-53,-5
8,-229,25,0,1,34
38,-197,46,3,-13,-0
-29,-291,-13,9,-11,-12
-54,-307,-35,-19,-26,-6
13,-263,3,9,-5,-21
39,-217,43,6,16,-0
10,-252,-12,-2,-16,-26
-44,-300,-59,-19,-17,-11
8,-289,0,20,-13,-3
62,-205,47,33,-2,-7
26,-253,32,12,-23,-40
-52,-305,-48,-12,10,11
-41,-271,-45,13,-10,-4
36,-244,30,-15,8,14
26,-216,26,-2,-26,-14
-30,-305,-18,-12,-4,-22
-49,-299,-33,-3,-5,-27
25,-238,13,-25,4,-3
45,-212,54,-42,-24,21
-22,-284,-8,-20,14,-17
-57,-308,-46,20,-12,-7
9,-251,6,-12,35,-14
52,-200,49,-6,-11,-40
-12,-245,5,18,29,-3
-48,-311,-43,22,30,-11
-11,-303,-14,-19,-39,-35
58,-207,51,-5,20,-7
23,-244,14,1,2,-24
-34,-286,-43,26,1,-6
-40,-294,-42,-11,22,-16
43,-215,39,42,-10,-18
29,-214,48,-14,23,15
-27,-283,-27,-11,22,13
-37,-274,-58,38,-21,-14
21,-232,12,-14,-5,-38
27,-217,42,35,-13,1
-8,-279,-17,-21,-8,-4
-54,-297,-45,12,-7,-14
9,-257,-5,-33,-3,32
46,-183,50,-14,-14,16
9,-252,30,-12,9,12
-64,-319,-47,-18,-8,-30
-45,-253,-30,51,1,9
44,-218,48,-7,19,5
35,-240,20,4,24,5
-35,-289,-25,-13,12,22
-44,-293,-53,-10,-15,-28
25,-224,25,2,-10,12
35,-216,37,16,32,-2
-24,-264,-23,2,-41,-7
-44,-308,-47,6,7,24
5,-266,30,-11,19,-5
48,-225,36,50,-57,-32
6,-264,-4,-15,-9,4
-51,-329,-51,-38,-31,-19
-15,-263,-17,-20,15,-5
31,-211,46,8,24,-5
10,-240,17,-9,-25,-10
-51,-305,-41,-20,-1,5
-31,-284,-31,7,32,27
59,-205,45,27,9,-29
28,-209,16,25,-25,14
-52,-298,-35,5,18,6
-32,-297,-30,-22,2,12
39,-247,22,3,46,23
39,-225,47,-6,-19,22
-17,-267,-5,8,-24,-9
-48,-311,-44,6,-7,6
-5,-244,11,10,29,41
53,-200,60,-5,-42,-25
-4,-272,-22,-15,-39,-31
-47,-304,-56,11,15,6
-10,-261,2,-13,2,-1
58,-204,47,3,-3,-12
7,-230,-1,-7,-27,-34
-45,-304,-39,-42,17,19
-32,-285,-21,-1,-13,-22
32,-219,52,-63,-14,8
17,-228,29,16,18,15
-21,-289,-32,-1,24,-12
-28,-288,-40,17,-19,20
26,-215,32,-18,9,1
35,-211,61,-17,2,-3
-13,-273,-16,-14,9,-22
-54,-311,-41,-0,-15,-59
11,-237,18,-22,-9,4
44,-220,56,-19,-8,-20
-12,-243,6,-19,5,12
-57,-308,-50,19,-34,6
-26,-282,-17,31,-18,-6
43,-196,45,-13,7,7
-1,-237,23,-49,5,6
-44,-297,-28,2,-4,-20
-23,-292,-33,-38,-15,18
49,-219,33,29,-31,40
48,-199,29,-5,-5,-5
-34,-277,-44,-18,-16,-17
-58,-297,-38,-28,31,6
29,-223,17,-1,-9,11
37,-215,63,33,12,-21
-23,-258,-4,-22,6,1
-46,-319,-41,6,-8,9
2,-267,5,10,18,6
42,-199,37,18,2,42
9,-237,-15,-13,-12,-31
-34,-307,-38,18,-6,-34
-18,-280,-26,38,-5,25
42,-224,55,-19,11,2
10,-227,13,32,11,-25
-45,-293,-47,-20,11,-22
-33,-296,-38,-16,-57,-9
36,-223,31,29,17,-11
34,-221,34,31,-16,-45
-28,-281,-33,6,55,-33
-28,-304,-69,14,-50,14
34,-233,14,-9,42,-4
62,-206,44,-13,-26,5
-7,-254,-15,10,17,-7
-47,-311,-44,-10,31,-9
11,-262,4,17,20,-1
44,-197,66,21,-9,-12
30,-259,4,7,-10,-16
-44,-300,-43,-13,19,-7
-4,-272,-32,-11,11,31
71,-232,55,10,8,-17
40,-215,11,47,8,-43
-34,-299,-66,-41,6,-31
-32,-298,-38,-19,-35,-2
23,-228,31,-9,7,-15
45,-228,45,-30,-4,-21
-24,-284,-1,17,-40,28
-44,-301,-30,11,-20,-23
10,-236,28,14,-15,-12
41,-205,64,-3,-14,23
8,-248,-12,-10,7,11
-59,-305,-65,27,18,-25
-15,-254,12,6,-2,-33
43,-209,57,36,16,1
31,-239,31,-9,-23,-39
-44,-299,-58,-5,-25,-16
-21,-287,-18,8,6,-14
30,-221,51,14,3,-13
29,-226,32,28,0,-24
-45,-274,-34,8,-17,35
-36,-275,-31,-23,-26,14
32,-222,33,-10,31,-4
45,-197,56,16,-24,-0
-25,-261,-26,-21,11,-41
-57,-290,-50,-18,5,-40
23,-230,-6,14,11,13
39,-194,30,39,-13,15
14,-249,-8,-21,12,-36
-46,-310,-52,19,-16,-1
-19,-272,-2,9,-7,17
33,-207,55,-8,39,-8
20,-242,17,-14,-1,-1
-40,-300,-53,7,-3,7
-27,-281,-33,-21,-12,-7
29,-221,32,38,6,32
31,-228,33,-23,-1,42
-38,-286,-55,17,25,-1
-52,-285,-38,-18,7,-6
26,-237,35,-39,19,11
24,-200,26,-14,4,8
-31,-279,-9,-13,-3,-2
-62,-309,-56,-28,-13,18
0,-265,11,-4,-25,-9
62,-197,42,-8,-18,-2
5,-254,8,11,-12,14
-37,-300,-58,-5,-1,12
-6,-273,-31,-13,-7,-5
43,-206,51,15,-7,16
20,-244,36,2,-13,-20
-46,-291,-40,6,-18,-20
-35,-270,-29,11,4,-19
28,-213,27,-43,-32,20
20,-214,29,18,-17,30
-41,-282,-29,-24,5,6
-39,-277,-52,-4,-18,-26
28,-227,21,-6,-6,43
33,-204,59,1,-73,-11
0,-276,-31,11,-8,-29
-52,-290,-53,57,7,-34
8,-246,10,-48,-11,-11
56,-190,49,-6,-19,-32
-7,-249,16,12,24,16
-69,-309,-47,-5,2,16
-29,-282,-18,2,5,-6
46,-194,36,49,-4,59
42,-233,21,18,-11,6
-31,-313,-41,-5,6,1
-42,-291,-31,18,-2,-23
35,-203,32,-2,27,-17
46,-235,30,-2,-24,-28
-28,-268,-41,9,9,-7
-56,-297,-58,35,-6,1
18,-249,13,4,-27,14
23,-185,43,27,20,-23
-21,-269,-2,-8,-12,-3
-57,-311,-59,-17,7,-2
-6,-276,4,-19,-20,7
57,-197,38,-5,7,-29
7,-242,-3,3,9,-16
-40,-300,-45,-16,15,-12
-19,-252,-36,-44,35,-10
52,-211,36,0,-6,4
27,-223,33,9,-37,34
-24,-289,-44,-2,-7,46
-41,-276,-33,-33,-26,-4
38,-242,10,-23,-5,23
48,-207,46,-25,-19,-3
-32,-280,-28,-13,-12,18
-48,-298,-41,24,-38,-21
9,-241,25,23,4,-21
44,-204,38,-2,-17,13
14,-258,-11,-11,4,4
-65,-307,-45,16,23,-15
-2,-251,-3,40,-50,-28
41,-204,62,14,-7,19
26,-255,13,29,-21,-13
-35,-303,-40,-6,-25,25
-20,-288,-16,-24,-5,-3
41,-219,43,9,-21,-13
28,-232,20,-15,-31,-32
-39,-283,-28,3,-6,9
-26,-286,-35,9,7,-16
14,-216,34,-17,2,-9
44,-213,54,-24,-36,-25
-21,-287,-19,8,-24,-12
-60,-312,-32,8,10,-17
15,-234,4,6,-27,-3
64,-206,56,44,-2,-9
-19,-264,-6,-5,-22,-12
-49,-293,-59,-0,33,1
-13,-272,-31,28,28,-19
55,-212,41,37,25,-56
19,-221,30,-14,18,-28
-53,-295,-18,-6,32,9
-36,-275,-56,3,16,10
40,-223,33,31,-16,15
9,-217,52,8,10,-17
-28,-284,-36,13,12,13
-55,-300,-38,20,-4,-3
25,-236,2,-8,31,38
44,-203,39,10,24,-7
-13,-275,-21,33,37,-29
-47,-309,-35,8,21,-0
4,-250,24,15,54,-5
56,-224,57,4,-17,-12
11,-258,6,-0,11,-13
-60,-310,-43,15,35,-11
-24,-282,-6,-6,-26,22
57,-201,18,9,-26,16
35,-245,19,7,-23,-5
-29,-308,-46,54,-2,4
-32,-294,-24,1,20,6
30,-205,23,21,-4,-31
29,-234,42,8,2,2
-11,-274,-37,9,18,15
-39,-302,-51,10,-7,-0
3,-235,36,30,21,-33
31,-213,54,19,-3,18
-24,-268,-14,3,5,48
-49,-308,-51,-8,-7,-7
6,-269,16,-7,20,27
42,-214,56,24,7,21
9,-229,1,-6,-2,-18
-54,-285,-60,-19,6,-1
-36,-273,-14,6,15,20
67,-216,44,32,-1,27
5,-235,16,-8,-1,12
-47,-290,-35,5,-15,39
-20,-288,-51,-1,-1,15
27,-226,36,14,4,9
30,-225,49,3,0,32
-14,-274,-49,8,-18,-17
-17,-293,-50,-1,25,-16
17,-238,15,-9,-2,-26
58,-216,48,13,14,34
-20,-259,-17,-23,9,-6
-47,-314,-41,12,13,24
3,-253,-7,-10,-10,22
52,-232,68,26,-28,-17
4,-237,13,-8,-27,5
-28,-298,-60,-9,-13,-19
-22,-291,-21,-1,-17,-14
56,-218,42,9,-49,-25
34,-223,16,-21,29,13
-42,-296,-17,15,11,-6
-39,-294,-56,39,-23,-30
35,-201,28,10,-8,3
44,-206,34,35,39,-27
-19,-270,-17,1,-20,33
-47,-287,-48,14,-12,-0
5,-233,10,-5,2,1
53,-198,52,15,-19,-14
-11,-266,8,-3,-33,-4
-37,-302,-53,3,-7,9
9,-261,-8,-26,17,-2
33,-211,44,39,33,-13
9,-242,-3,-44,-28,12
-48,-292,-40,1,-15,9
-22,-273,-7,-6,11,28
29,-197,45,8,-3,24
13,-213,24,8,-27,-32
-37,-289,-31,-47,1,-10
-58,-302,-41,18,-4,15
44,-207,35,27,-15,-2
49,-200,25,14,39,2
-18,-288,-37,-42,-15,-1
-52,-323,-39,-3,12,-28
15,-253,14,28,-1,11
42,-205,45,13,28,8
15,-270,-4,-11,2,2
-61,-306,-47,2,12,-20
-1,-260,-4,1,8,18
53,-203,53,-20,-10,-9
42,-241,25,13,26,-21
-42,-302,-44,-21,17,18
-26,-283,-41,-12,-5,-15
29,-219,30,5,20,17
29,-237,36,-4,-8,26
-45,-288,-43,-27,3,1
-35,-308,-50,1,-11,-38
35,-236,31,-5,-24,-7
56,-215,45,-11,1,-18
-18,-264,-7,11,13,-32
-48,-293,-70,-21,8,-19
14,-255,8,-23,10,-3
33,-186,59,-39,2,6
0,-243,-5,2,-15,-17
-37,-308,-42,-35,-10,-10
-9,-264,-10,25,5,-4
38,-217,49,6,13,-13
6,-223,-2,-22,6,-19
-40,-306,-26,-7,-13,-4
-29,-289,-43,6,0,4
44,-215,34,5,-2,-0
44,-210,25,-22,-53,1
-32,-283,-34,-22,-8,9
-57,-302,-57,-6,25,3
18,-225,18,-20,24,20
38,-206,54,-13,-9,5
-17,-268,-13,-5,16,-1
-66,-296,-61,-22,-18,16
11,-247,19,18,-23,-44
62,-214,46,38,10,-16
-3,-252,26,-3,3,28
-48,-301,-32,19,26,-21
-14,-282,-16,6,-22,-10
43,-202,54,-14,19,21
43,-225,15,-22,29,26
-42,-308,-40,-20,3,-15
-27,-268,-31,-25,6,-12
36,-226,35,-9,-14,-17
32,-227,27,-22,11,27
-34,-281,-44,-27,7,3
-48,-293,-36,12,-19,-20
-2,-241,36,34,-4,3
34,-226,28,0,13,20
17,-255,-5,-10,10,7
-59,-328,-57,-13,14,17
-2,-255,-6,8,-17,-1
64,-185,39,-29,11,15
2,-243,11,-10,-17,0
-48,-304,-64,-12,-5,2
-14,-270,-20,-0,20,19
44,-221,48,-15,19,-5
34,-248,29,40,2,-17
-38,-295,-23,-6,-17,5
-26,-291,-30,-29,28,-23
33,-209,27,3,-9,-5
50,-199,40,1,28,-24
-34,-280,-11,-22,39,1
-56,-292,-35,23,-3,-32
16,-231,22,14,-28,19
60,-209,36,-33,5,12
-12,-240,-8,-2,22,22
-69,-303,-45,23,-18,27
-8,-261,-19,-38,18,-38
56,-191,38,-17,22,13
1,-238,20,-2,3,7
-56,-307,-66,-14,-46,15
-27,-269,-13,0,19,-49
44,-206,31,-12,3,-19
25,-212,28,1,-2,40
-33,-297,-36,26,-11,10
-43,-298,-36,18,9,-43
24,-226,31,9,-4,28
48,-215,19,4,2,-17
-24,-249,-42,6,-25,-28
-43,-306,-45,-5,28,3
25,-244,-0,-4,-5,20
39,-202,46,-37,1,21
-6,-264,-0,18,-39,-4
-51,-325,-50,-29,-7,-36
3,-260,5,2,17,10
47,-223,38,-4,17,-10
26,-241,12,16,10,23
-57,-309,-40,-4,-13,3
-27,-299,-26,3,-3,2
48,-219,50,13,-35,-13
37,-226,45,-29,1,13
-25,-276,-10,-1,12,-10
-51,-321,-23,30,-15,12
24,-209,14,31,31,-14
26,-219,51,-4,-2,-20
-19,-264,-19,18,-34,-29
-46,-311,-29,-22,-2,-5
-4,-250,21,-14,2,6
67,-196,49,-17,-25,-6
17,-254,9,-26,-34,10
-46,-298,-47,-11,9,8
-11,-260,7,4,-25,-29
50,-200,26,6,9,-23
30,-239,21,21,1,-28
-69,-295,-51,-17,-5,-22
-24,-281,-35,7,-37,-36
28,-226,43,-19,-18,-13
17,-211,40,13,24,21
-33,-307,-25,-18,1,11
-55,-303,-69,-29,14,-5
29,-241,14,30,29,0
45,-229,52,19,-28,-16
-26,-264,-19,-14,-20,-29
-53,-303,-47,29,29,-3
11,-267,0,18,-13,-39
42,-220,47,15,-3,-2
24,-245,23,13,25,19
-43,-319,-51,-28,-21,-57
-5,-286,-18,-11,-16,-5
52,-208,51,30,23,21
12,-216,33,-18,5,25
-37,-304,-32,49,-48,-13
-34,-295,-26,12,19,25
38,-231,31,-3,-23,1
49,-196,37,-3,-9,-2
-19,-281,-21,26,52,10
-66,-315,-30,2,1,35
4,-233,3,-15,-16,-19
49,-212,54,-6,1,3
-12,-269,-17,0,15,-24
-51,-313,-56,10,26,-25
-8,-253,8,1,13,-5
56,-200,42,30,-27,-26
20,-249,28,40,18,17
-35,-301,-60,-20,-28,28
-17,-279,-32,1,-18,1
48,-202,47,1,-3,-9
32,-227,37,-28,-5,3
-42,-299,-37,20,-2,24
-62,-281,-34,-10,-20,35
29,-229,40,-40,-19,-10
37,-212,36,-44,38,12
-26,-263,-12,-15,-13,10
-31,-302,-44,-13,-20,-26
9,-247,10,6,15,4
36,-222,66,5,27,-14
5,-254,0,13,10,12
-66,-301,-59,25,19,22
-2,-271,-11,27,-7,6
57,-212,41,-13,-3,-12
7,-236,11,-29,4,28
-37,-311,-49,-2,-18,-40
-22,-273,-39,-16,-8,-46
44,-221,56,-5,13,-24
30,-215,34,20,47,-21
-33,-284,-31,45,-7,21
-28,-285,-43,-9,-2,-17
42,-231,34,-26,-21,-18
55,-214,32,-30,1,-2
-28,-286,-29,-23,8,-6
-46,-321,-44,4,-7,-41
13,-243,23,-8,13,26
50,-187,45,6,-9,47
6,-258,21,-7,27,1
-33,-309,-49,9,-19,-31
5,-249,-3,-1,-22,18
65,-206,39,-29,-9,5
30,-235,28,-25,16,26
-46,-305,-33,-3,21,23
-30,-283,-26,-23,12,-21
50,-212,55,-26,23,8
36,-204,35,11,-20,-13
-33,-279,-43,-28,26,-2
-38,-296,-40,-43,17,-5
39,-241,28,-22,11,37
53,-196,54,-0,26,-33
-24,-276,-25,8,1,-17
-34,-299,-31,-23,-23,-23
9,-257,16,7,12,22
53,-188,39,-12,-31,32
2,-256,-12,13,3,2
-41,-289,-55,18,4,-45
-21,-263,-13,-16,25,-4
45,-225,30,17,3,19
14,-236,25,12,9,-20
-38,-291,-38,-23,-25,-19
-39,-279,-21,-7,-9,-23
30,-216,33,3,2,-3
33,-202,28,-8,-8,7
-34,-278,-34,-5,-12,22
-50,-299,-46,10,12,25
30,-230,19,-36,0,-1
71,-205,50,16,45,-35
-30,-255,-1,2,7,-21
-47,-317,-46,-18,-26,37
4,-260,-1,7,15,23
40,-202,59,12,38,15
0,-236,26,-20,-22,36
-66,-306,-42,-4,9,-0
-18,-272,-2,40,-2,50
63,-198,27,27,-2,-29
33,-234,24,9,-39,3
-41,-281,-58,-7,4,-7
-35,-302,-27,5,-5,21
38,-206,40,-37,0,-7
37,-227,29,3,11,-0
-28,-278,-28,16,-27,24
-53,-310,-56,-21,-0,-32
29,-232,19,-1,12,1
56,-197,42,-5,1,25
-5,-264,-7,-8,14,35
-60,-313,-48,19,12,27
-7,-253,2,-42,11,-19
64,-192,58,14,1,18
3,-250,26,30,-56,12
-56,-308,-37,1,25,4
-31,-283,-20,-3,25,4
43,-206,40,17,-24,11
31,-210,31,-3,14,-17
-31,-292,-34,21,7,9
-46,-291,-37,1,8,-12
19,-239,24,-3,-11,-2
47,-204,47,24,4,39
-46,-298,-39,8,-28,-11
-44,-304,-40,-44,7,9
1,-244,17,-8,6,39
42,-226,52,-1,1,-19
-23,-278,-9,1,-5,56
-69,-322,-51,-12,-27,-11
10,-262,-20,7,36,21
47,-200,49,-27,-48,12
7,-260,12,-22,2,2
-48,-303,-29,-9,-4,-8
-34,-289,-33,-20,-19,26
42,-207,23,4,5,-10
48,-220,45,-21,5,3
-38,-294,-34,-12,48,19
-32,-283,-49,-18,-8,24
17,-234,30,-7,-15,-31
41,-197,33,-35,-21,-11
1,-272,-22,-27,14,11
-38,-297,-53,14,8,14
5,-251,25,3,40,-4
47,-217,40,37,-19,-2
-9,-254,-6,8,39,7
-35,-303,-48,-11,-17,-1
-7,-267,-8,3,7,0
47,-188,42,-3,-5,7
12,-234,18,-4,3,40
-34,-284,-48,12,7,16
-35,-287,-38,-13,-7,33
38,-213,26,-2,1,23
24,-224,47,23,15,26
-24,-290,-34,-31,-5,-1
-44,-302,-46,-6,39,-26
5,-213,33,3,-10,39
52,-210,45,-3,5,6
-4,-259,-29,-33,-16,13
-56,-323,-50,-4,3,-15
6,-234,-14,-10,-9,-1
42,-197,41,-1,17,-16
15,-233,15,-35,-11,-5
-57,-307,-50,-32,-3,7
-15,-258,10,-20,-9,-10
36,-212,62,-25,-46,-10
24,-236,19,18,-6,-0
-74,-297,-42,2,-13,-2
-38,-283,-27,-3,0,25
39,-220,45,25,51,23
42,-228,25,21,-23,3
-32,-293,-21,4,-24,-33
-55,-288,-52,-10,3,46
18,-232,26,-6,9,16
38,-198,35,-6,-7,-34
-33,-274,-7,2,41,-9
-46,-316,-47,-1,-6,-15
5,-266,14,-38,4,28
60,-205,43,-17,-18,-26
-2,-245,16,-1,25,18
-47,-295,-41,2,-10,2
-24,-272,-29,-11,20,-13
42,-212,39,-17,-2,-13
34,-242,13,-5,-7,35
-46,-305,-39,2,5,25
-46,-287,-16,-23,-1,-19
45,-240,35,-39,13,-24
40,-223,49,15,-26,-33
-23,-272,-32,23,-2,5
-49,-303,-45,2,-10,17
24,-238,27,12,-3,-19
43,-210,66,1,-7,9
-17,-271,-5,-7,-24,-2
-43,-308,-39,-21,29,23
-6,-265,-9,28,21,21
50,-206,62,40,-4,-15
13,-250,9,11,1,-8
-43,-305,-61,-27,2,-7
-27,-281,-36,-8,-5,-22
42,-222,47,23,11,-5
25,-239,6,-0,25,-24
-34,-314,-44,5,-48,-25
-47,-293,-35,1,-2,3
42,-238,37,26,-28,24
50,-212,23,24,-4,10
-31,-281,-8,-33,-21,-26
-49,-307,-41,2,-10,-14
25,-240,11,-4,46,17
60,-199,45,-4,-5,-12
1,-243,-10,13,14,-9
-57,-328,-51,-1,29,19
-0,-262,2,4,16,-1
57,-198,60,21,43,20
17,-232,-21,21,-21,-18
-57,-313,-44,-1,-11,-12
-37,-286,-9,13,-28,-13
49,-217,46,7,21,-12
41,-244,44,19,-6,12
-32,-284,-47,11,-56,6
-27,-285,-36,13,1,13
33,-219,25,13,-35,3
39,-194,53,-7,-15,16
-25,-284,-10,-25,16,4
-45,-297,-38,-9,44,2
-16,-244,29,25,25,39
52,-205,47,-23,11,31
-7,-256,-8,-10,-14,-6
-48,-315,-50,27,-32,17
-7,-256,-17,20,26,36
59,-208,48,1,23,-9
18,-247,13,-22,4,-10
-45,-306,-36,-15,21,21
-33,-273,-24,29,6,-13
46,-209,23,8,-4,12
27,-222,24,-2,-18,9
-28,-300,-32,-1,-6,6
-42,-295,-58,-26,-8,-23
18,-257,30,-7,3,10
34,-209,55,-1,-15,-22
-20,-291,-36,-5,-20,-50
-68,-295,-54,3,-1,-14
-3,-242,26,-21,20,-14
36,-210,59,-1,-5,2
-15,-278,18,3,-24,-17
-41,-301,-53,-29,-9,10
-21,-269,-11,3,-5,-11
59,-218,42,-28,7,5
10,-221,36,-14,-28,54
-45,-292,-37,-11,1,-11
-33,-289,-32,14,-8,-10
41,-222,69,-3,9,-3
33,-227,32,-34,-7,0
-26,-276,-28,-25,-13,-27
-39,-314,-35,20,9,-9
20,-247,26,-14,-32,-30
44,-208,53,-4,0,2
-14,-276,-29,40,-1,10
-53,-316,-50,-11,3,1
8,-265,8,-7,-8,-15
42,-215,64,12,15,-3
1,-250,1,-11,11,-18
-56,-302,-47,-26,9,-10
-3,-264,-16,3,15,11
45,-207,45,-16,-4,25
38,-244,23,17,-52,17
-36,-309,-34,5,2,9
-37,-285,-18,-4,-12,1
18,-220,30,18,16,33
39,-221,41,-3,-35,12
-32,-276,-30,6,8,-26
-53,-313,-33,7,1,-3
19,-238,20,1,-8,-8
53,-203,51,9,-43,33
-9,-278,4,20,-35,-28
-47,-290,-50,27,20,-3
-6,-260,-7,-20,-14,12
48,-212,60,-1,23,-8
21,-235,-2,11,-4,-25
-47,-310,-60,-15,-14,27
-17,-267,-11,7,-46,12
42,-229,23,5,-5,2
26,-220,21,-31,10,2
-44,-288,-42,-13,-22,-28
-44,-284,-38,-66,-52,28
30,-225,36,-15,-5,-34
47,-203,29,4,5,-21
-38,-271,-27,-5,23,7
-51,-314,-47,18,-18,18
-2,-249,3,-2,-4,-10
59,-202,59,0,21,10
9,-273,-2,11,-6,18
-48,-325,-57,2,27,2
26,-254,1,-7,2,-38
49,-221,47,29,-11,1
2,-251,6,-7,17,29
-25,-304,-69,15,-27,2
-23,-267,-38,-9,13,2
26,-209,45,26,10,-21
26,-226,44,10,-31,-11
-38,-296,-21,43,5,24
-42,-300,-41,14,15,-28
21,-238,28,-9,-56,26
32,-207,41,17,5,55
-25,-293,-26,8,5,-12
-66,-299,-52,38,12,5
12,-262,13,26,-17,14
53,-194,53,-20,27,-1
-7,-245,5,8,-2,15
-57,-322,-44,-10,31,19
-6,-266,3,29,32,6
49,-214,25,-9,24,-3
6,-232,25,40,2,-3
-50,-288,-39,-21,25,-11
-45,-277,-28,-4,-35,38
50,-204,53,-6,-6,-22
50,-227,31,15,18,-26
-33,-276,-46,-4,-28,-6
-39,-293,-23,71,0,17
18,-235,35,-24,29,-25
49,-202,41,21,-24,7
-14,-271,-17,-3,23,-0
-33,-308,-49,-28,-14,14
21,-257,4,17,25,-0
44,-202,46,-18,13,13
18,-274,-3,-3,-32,-31
-55,-303,-36,-31,3,26
-2,-252,-26,-4,-20,36
40,-212,50,16,-40,10
34,-254,27,9,3,3
-45,-300,-56,10,-12,44
-10,-293,-21,-11,-4,1
34,-227,41,1,-18,21
35,-217,19,-17,26,-21
-27,-280,-30,-20,5,17
-37,-293,-38,25,-22,-19
16,-241,33,-22,24,-13
51,-185,64,-1,49,-10
1,-271,-18,-35,-32,-24
-47,-270,-62,-8,-20,29
5,-249,4,4,-35,-3
52,-211,47,-7,43,8
6,-249,9,-3,-16,-37
-50,-305,-60,1,-35,27
-13,-283,-5,-18,6,9
40,-218,47,-14,1,1
11,-232,13,-44,23,20
-40,-266,-32,-16,21,-50
-33,-290,-47,-8,16,21
38,-209,31,5,-55,-2
39,-214,50,4,4,-4
-46,-274,-31,-28,-14,-17
-51,-311,-42,-8,-20,45
25,-234,9,-10,-37,-19
40,-214,29,-3,17,3
-4,-253,-23,-8,17,-34
-38,-310,-65,-13,28,4
-24,-267,-9,-18,-13,-17
41,-208,49,-13,-2,16
-1,-246,-5,-0,-19,40
-44,-308,-38,0,-2,34
-17,-290,5,9,-58,-28
55,-214,48,-29,11,-17
23,-239,23,15,32,40
-29,-278,-21,-20,-11,29
-23,-303,-31,39,-32,1
14,-219,35,19,-21,11
53,-215,49,-10,-24,-10
-31,-286,-8,14,46,34
-57,-311,-44,12,-3,-21
11,-239,12,9,-14,-7
46,-214,59,-47,7,-2
-8,-264,7,-24,-8,-42
-42,-307,-45,-21,-2,21
-10,-260,-10,-4,-4,-24
53,-216,66,-16,-7,-9
17,-251,-0,-24,-9,-5
-43,-307,-53,-1,0,26
-12,-280,-24,-3,-3,22
46,-213,44,-22,2,-5
12,-223,31,-8,6,-19
-48,-278,-30,1,-15,10
-48,-288,-48,-28,7,10
15,-221,29,29,-13,-33
49,-223,32,10,41,-1
-34,-256,-38,44,14,12
-46,-301,-71,-17,-7,-28
6,-241,11,15,16,-5
61,-198,43,44,7,-11
16,-249,-15,-4,-28,1
-51,-314,-37,34,-13,-19
-16,-278,-10,-5,2,-7
58,-216,32,1,4,-21
39,-248,11,30,-19,-0
-35,-305,-55,7,0,-21
-32,-285,-21,4,2,-8
63,-206,35,25,-6,32
30,-221,26,-31,-43,-5
-30,-291,-41,11,-41,4
-37,-301,-40,9,-10,-21
14,-225,17,-13,-17,33
54,-208,49,46,-21,41
-41,-289,-18,-11,-1,7
-47,-304,-50,-4,28,-4
8,-232,11,-25,-1,-9
53,-232,50,22,-7,-1
7,-251,-9,-18,-5,12
-51,-294,-49,10,-16,17
-16,-256,-17,-36,13,-32
42,-201,65,8,19,5
26,-234,4,16,4,-13
-63,-296,-41,-12,-9,3
-24,-290,-28,-6,-13,19
30,-228,25,3,-13,9
27,-217,43,14,-11,3
-44,-302,-32,40,-27,-14
-46,-287,-56,-9,-1,22
11,-232,20,1,-3,-25
41,-222,49,-20,18,-22
-21,-261,5,35,-23,-5
-42,-299,-51,-21,2,31
-20,-262,5,-12,12,-5
45,-214,62,-13,9,-7
12,-252,-12,23,26,-23
-43,-306,-22,-6,-10,-15
-4,-253,-12,9,-8,23
56,-211,62,-12,-12,-6
32,-242,20,11,-12,-17
-45,-289,-37,-9,-12,26
-45,-284,-16,-6,8,-8
33,-203,50,-37,-59,-2
32,-211,34,-41,20,30
-39,-269,-32,-16,-10,34
-55,-299,-42,19,13,0
13,-248,14,-49,12,6
62,-221,54,-18,-46,12
-6,-256,-21,4,22,-19
-29,-310,-60,-2,-11,-55
10,-253,-3,-10,0,-3
59,-202,49,17,-16,-30
18,-249,16,9,-5,3
-54,-300,-61,-3,12,-13
-17,-279,-12,1,33,-12
42,-209,30,35,-29,-15
5,-239,33,-8,24,-4
-58,-302,-30,11,-4,6
-54,-292,-30,-13,-7,18
37,-235,47,53,15,12
42,-219,45,40,-39,27
-21,-274,-41,56,-40,4
-34,-306,-44,-34,-12,31
8,-249,27,12,-7,31
68,-190,48,-7,-5,-9
-16,-289,-21,-10,3,29
-50,-307,-52,8,17,14
3,-258,6,-50,18,28
54,-199,39,29,13,-7
20,-237,13,-17,1,-33
-46,-300,-36,3,6,-14
-10,-289,-17,-24,-33,11
34,-217,38,2,23,8
43,-239,37,21,-14,27
-34,-277,-44,32,-64,30
-32,-289,-33,-12,10,3
26,-220,16,5,14,22
39,-215,36,19,4,19
-7,-294,-30,-29,2,4
-32,-310,-42,-12,-3,-1
18,-247,-6,8,5,29
28,-205,44,2,12,-38
-16,-250,2,15,-14,19
-52,-308,-38,-1,-18,-6
4,-268,-5,-27,1,6
46,-204,45,4,13,-14
15,-246,16,-48,-57,-11
-26,-311,-50,-24,-26,2
-40,-302,-41,34,-24,48
19,-218,48,-11,24,-40
39,-220,44,22,1,-12
-26,-276,-15,25,-8,30
-59,-313,-32,-14,7,-4
30,-227,32,18,-44,22
36,-209,45,15,34,3
-23,-283,-10,-4,22,6
-56,-309,-49,12,15,11
26,-236,4,5,-1,3
51,-191,65,28,37,-2
-9,-267,5,3,-2,21
-35,-309,-50,-6,-19,13
-16,-277,-10,2,-11,-14
39,-193,44,-2,-31,-7
1,-225,25,-6,-2,-23
-56,-293,-49,19,19,-8
-36,-296,-19,-23,30,1
40,-219,48,-28,4,-22
61,-228,28,33,-8,14
-42,-284,-31,54,-11,-2
-32,-284,-57,-26,-3,-30
15,-238,22,41,-29,-16
35,-210,29,46,16,5
-18,-255,-6,-3,26,19
-40,-302,-41,10,-36,8
-1,-249,-3,3,21,-33
43,-203,61,-34,-28,13
8,-245,10,20,20,-10
-39,-301,-48,-36,5,-33
-31,-271,-17,6,-19,12
58,-203,50,-46,-7,-28
7,-213,24,-7,13,-19
-29,-282,-58,-0,-3,-8
-42,-287,-39,7,-16,-4
31,-224,30,32,32,44
39,-220,49,13,5,21
-17,-278,-27,12,5,8
-46,-302,-37,-10,-25,-13
27,-234,7,37,-14,-6
67,-202,42,-3,3,-32
1,-267,-14,-10,-17,-20
-43,-297,-54,-4,-31,42
11,-250,17,-12,3,-18
30,-204,51,1,15,10
7,-239,9,2,-21,-15
-44,-303,-36,9,3,-17
-23,-282,-24,23,24,26
63,-234,35,16,-8,4
35,-240,39,5,-6,-29
-45,-307,-41,-44,-16,-26
-42,-290,-31,-26,-45,4
43,-219,42,-10,8,22
39,-216,35,-3,-42,-9
-36,-268,-38,-15,1,-16
-67,-303,-36,39,2,7
11,-239,2,-20,-16,24
35,-218,41,-16,1,21
-9,-278,-8,-8,10,-35
-55,-300,-47,-12,26,3
-8,-263,-10,-8,-32,29
68,-202,67,-20,41,20
-3,-239,10,-7,-19,-13
-43,-294,-51,13,10,51
-13,-294,-26,-2,-30,-14
48,-206,50,5,45,7
28,-218,37,-35,-14,11
-52,-314,-51,6,34,-14
-41,-306,-39,14,15,-13
20,-245,31,16,18,-12
31,-223,33,-12,23,-0
-32,-284,-19,-10,8,4
-30,-294,-59,10,20,22
11,-247,28,11,-7,14
