82,-202,0,184,-108,-148
67,-297,0,-111,-172,-114
-18,-208,0,-94,-207,67
3,-236,0,206,-68,-451
203,-209,0,200,-108,526
96,-20,0,185,-99,52
108,-131,0,-383,135,-73
47,-98,0,-207,-51,-350
86,-12,0,137,-184,59
172,19,0,-434,-163,307
171,18,0,170,124,131
176,85,0,-166,-224,268
138,84,0,210,-20,-48
208,39,0,269,5,163
80,131,0,-332,-147,413
95,-26,0,281,75,-132
106,-64,0,156,57,347
242,76,0,1,60,-123
210,-47,0,254,97,7
193,-45,0,52,152,-28
75,108,0,-88,-469,-195
136,-11,0,-147,152,-293
77,-51,0,138,-118,-124
84,-50,0,-46,-302,75
138,6,0,-60,-15,108
88,-14,0,-397,-561,157
131,-34,0,-60,-37,161
-51,-245,0,14,-81,42
-58,-129,0,105,-263,36
165,-235,0,-140,236,23
58,-222,0,104,23,143
-42,-272,0,-71,-152,-1
57,-344,0,210,-7,9
-9,-284,0,-145,-138,19
-82,-316,0,-124,-192,-91
-81,-374,0,275,220,-153
-157,-362,0,-201,-6,-402
-130,-407,0,409,-250,-159
-106,-378,0,135,66,87
-112,-414,0,-184,-43,241
-82,-392,0,-6,-2,43
-164,-537,0,9,-228,-281
-168,-555,0,-146,-281,-68
-205,-501,0,613,-311,230
-246,-548,0,22,-200,112
-186,-546,0,-10,-158,-170
-174,-405,0,-357,-240,13
-192,-604,0,152,272,130
-187,-682,0,-263,-158,-252
-111,-602,0,355,63,178
-146,-477,0,393,-241,37
-109,-555,0,-60,-18,36
-69,-547,0,35,-179,-196
-132,-485,0,-3,450,-15
-91,-430,0,-356,-314,-71
-35,-447,0,-103,25,-159
-153,-517,0,48,104,287
-51,-373,0,-304,-7,-52
-92,-425,0,-33,-379,63
-47,-392,0,-210,11,49
-22,-368,0,-120,-102,129
-3,-320,0,-215,124,295
61,-259,0,-103,180,-129
3,-188,0,29,-38,-107
27,-209,0,70,148,-53
35,-180,0,122,-33,-138
74,-212,0,-91,104,-678
79,-80,0,-12,-365,39
14,-116,0,243,165,737
109,-33,0,-164,55,-40
152,-30,0,-275,43,3
144,7,0,-295,148,-112
175,34,0,217,-3,62
154,57,0,210,265,79
43,62,0,-436,-159,-22
188,-25,0,22,-124,-64
43,-35,0,182,-189,255
116,-130,0,-316,-44,-113
133,29,0,107,230,71
217,-4,0,-259,50,-99
90,53,0,127,137,363
129,45,0,-3,-82,-430
140,-45,0,70,362,194
96,-64,0,36,-203,-43
157,-117,0,231,111,293
78,-5,0,-29,160,-296
128,-39,0,-281,129,-282
11,-81,0,33,16,144
-3,-73,0,-338,118,-129
103,-121,0,225,27,-71
-10,-174,0,-214,263,135
12,-238,0,-171,542,82
-21,-302,0,56,69,-77
-10,-239,0,84,58,135
55,-398,0,-90,162,84
-102,-301,0,-232,406,64
-1,-366,0,-63,29,93
84,-413,0,54,-10,-181
-109,-367,0,-130,-94,229
41,-412,0,172,-321,-432
-135,-512,0,-117,326,-188
-177,-425,0,181,23,218
-72,-566,0,30,-111,105
-119,-504,0,75,3,103
-99,-544,0,315,-226,-117
-187,-604,0,-298,47,465
-38,-554,0,-91,-137,149
-39,-533,0,183,90,-103
-190,-572,0,166,100,407
-82,-522,0,-31,-177,-235
-143,-568,0,21,30,-157
-161,-505,0,-61,18,129
-113,-554,0,-352,39,-153
-161,-525,0,-44,17,-193
-163,-524,0,137,-86,-440
-160,-367,0,321,177,-187
14,-536,0,175,-161,138
-215,-449,0,-91,-30,623
-42,-322,0,372,180,-243
-66,-413,0,229,147,-239
89,-448,0,144,-13,-169
64,-340,0,-33,-14,-241
-23,-319,0,-154,-273,154
5,-240,0,-273,205,-95
49,-281,0,-233,-169,-305
25,-245,0,151,-55,-196
50,-170,0,-30,297,5
40,-140,0,-92,-100,13
1,-69,0,159,-178,-130
-10,-159,0,-139,56,153
117,-23,0,-559,-185,339
107,-100,0,109,111,20
66,-105,0,-72,-82,230
136,3,0,74,-111,68
188,-45,0,309,36,-261
176,9,0,336,-279,151
198,-10,0,197,7,-88
182,-17,0,279,-313,-383
175,133,0,-203,-15,-43
37,106,0,517,-176,335
253,15,0,108,-303,-87
175,174,0,-27,81,227
151,20,0,-10,51,184
129,111,0,140,271,-321
146,36,0,88,-50,137
230,-68,0,-235,89,113
134,33,0,130,-77,-353
64,-86,0,196,160,-21
143,-92,0,-152,27,-238
42,-91,0,-522,189,131
169,-53,0,-585,126,-341
10,-123,0,23,-16,-8
-6,-181,0,-29,-592,268
66,-276,0,-387,-65,226
122,-282,0,-115,-10,102
-44,-230,0,-430,87,279
-59,-228,0,-28,-235,226
3,-356,0,139,-135,-154
-104,-390,0,89,-136,237
-68,-468,0,-285,-55,-109
-47,-529,0,174,-275,26
-82,-420,0,45,-191,-47
-48,-488,0,-225,61,277
-93,-532,0,472,-67,-193
-156,-576,0,-177,-564,38
-142,-412,0,-154,-254,212
-152,-587,0,-54,-364,-47
-183,-549,0,-542,-177,143
-237,-480,0,399,-44,-113
-226,-568,0,106,-324,101
-107,-537,0,47,-138,90
-205,-589,0,111,-73,-41
-166,-522,0,-210,-343,362
-89,-528,0,222,68,-159
-137,-531,0,-9,64,-373
-155,-522,0,-120,323,287
-196,-486,0,-209,18,-351
-157,-369,0,-122,214,32
-65,-381,0,10,96,38
-91,-423,0,108,182,-42
-88,-461,0,93,-141,-27
-100,-346,0,78,84,39
-117,-356,0,66,-108,222
19,-268,0,-147,-115,-37
30,-338,0,268,-263,-111
45,-217,0,171,89,-355
60,-226,0,37,234,-372
-24,-98,0,44,-33,-164
-46,-225,0,-51,-246,-54
105,-183,0,89,-75,-59
71,-130,0,-92,-469,297
77,-130,0,-50,206,246
88,-59,0,459,-175,-101
-29,-21,0,-189,-124,143
104,-21,0,129,-57,-35
67,38,0,191,10,177
85,1,0,-23,163,-4
226,98,0,174,-318,-5
119,-28,0,108,4,155
215,-20,0,-169,-182,-56
201,94,0,13,205,-5
148,35,0,26,164,-208
127,8,0,141,196,-158
160,82,0,-4,96,301
206,23,0,195,87,93
163,4,0,-33,-377,16
96,-25,0,76,-106,-116
54,-43,0,233,-11,346
93,-84,0,-194,-47,-306
114,-59,0,111,233,-44
171,-58,0,-141,125,-90
-11,-139,0,142,197,81
64,-78,0,-177,-116,-266
-12,-92,0,-40,-214,104
-34,-196,0,-44,-59,-224
-1,-262,0,-302,-127,386
26,-214,0,-197,-205,46
-10,-76,0,593,-177,174
-97,-276,0,240,392,247
-89,-336,0,-140,-11,463
-21,-359,0,-322,-2,270
-83,-444,0,-89,-103,-96
-62,-418,0,233,293,193
-152,-455,0,-205,252,-44
-85,-496,0,159,-29,-299
-206,-556,0,99,487,-24
-103,-512,0,118,118,85
-138,-519,0,-212,178,-116
-68,-624,0,391,257,-68
-252,-580,0,-239,55,34
-140,-585,0,-99,-39,-244
-195,-494,0,-64,68,-169
-110,-608,0,319,58,188
-155,-564,0,-108,612,-202
-119,-532,0,187,-247,-183
-163,-620,0,-126,-537,83
-253,-524,0,-37,98,112
-126,-490,0,107,98,78
-155,-531,0,257,-87,176
-171,-419,0,-19,-63,147
-166,-402,0,30,70,125
-117,-373,0,-57,-33,161
-90,-426,0,94,211,-186
8,-417,0,158,175,229
-16,-425,0,51,328,-171
-95,-210,0,-144,-298,-79
108,-195,0,-600,107,216
21,-246,0,244,-82,34
8,-207,0,195,280,116
56,-214,0,-51,321,-279
128,-137,0,242,302,76
59,-67,0,-398,-3,74
44,-151,0,-48,111,-215
97,-81,0,-154,-183,-148
66,-38,0,217,45,112
168,-28,0,-95,16,126
78,-76,0,-328,137,-236
99,88,0,95,221,184
175,67,0,-304,-200,-308
179,-3,0,134,114,105
213,51,0,-37,-25,-276
91,10,0,-98,-298,46
93,-21,0,-190,208,-16
192,31,0,-150,-259,-594
167,-1,0,21,542,256
124,21,0,317,264,25
171,-10,0,95,-40,-401
176,-56,0,-237,35,-363
74,22,0,-187,-26,-91
143,-24,0,44,-33,175
114,-22,0,-52,431,197
84,-26,0,-128,-30,35
132,-129,0,-499,-8,19
34,-104,0,-161,-166,179
76,-187,0,179,-249,256
114,-76,0,140,-109,-344
-53,-139,0,-129,-91,97
103,-263,0,-418,154,-125
4,-252,0,277,116,-182
-64,-261,0,-54,80,364
-21,-308,0,-155,16,89
-26,-377,0,-96,-217,-114
3,-341,0,152,-321,165
-4,-510,0,-167,38,-100
-132,-477,0,-136,-35,-99
-56,-493,0,-246,-432,488
-158,-447,0,-134,82,-263
-109,-502,0,64,273,-636
-92,-491,0,-286,179,-429
-152,-495,0,203,-189,103
-116,-494,0,-47,-53,-171
-135,-523,0,-217,-81,75
-105,-454,0,-71,-40,-413
-141,-532,0,-227,333,-1
-151,-531,0,-148,176,159
-83,-602,0,67,255,259
-120,-543,0,133,-246,-43
-162,-522,0,-162,68,-177
-138,-527,0,-259,2,81
-182,-516,0,147,-80,-72
-129,-543,0,-78,225,445
-98,-392,0,-30,89,-64
-104,-476,0,102,185,549
-94,-345,0,282,164,-105
-43,-333,0,50,-43,-124
-21,-420,0,-20,-192,9
17,-355,0,-106,130,-172
-22,-251,0,240,14,-220
-65,-296,0,106,204,-139
26,-246,0,12,-30,130
-14,-121,0,-67,238,-312
53,-159,0,-294,128,-318
71,-152,0,26,35,40
101,-159,0,93,-261,-76
43,-138,0,-188,119,116
129,-89,0,532,-254,-19
112,-101,0,434,113,-378
139,-6,0,-194,207,44
107,46,0,-406,-149,57
116,56,0,-117,100,42
161,-27,0,-156,254,-303
85,8,0,15,453,-357
63,0,0,-12,-75,34
227,69,0,127,-29,229
216,55,0,136,-34,3
196,-59,0,55,-33,5
236,83,0,87,80,-163
104,-53,0,109,-119,-403
132,-33,0,-211,-151,213
58,12,0,-191,-99,-268
239,-84,0,196,-54,-146
96,-97,0,-458,-46,-17
58,-75,0,-36,321,96
202,-91,0,-467,135,91
-13,-49,0,101,-97,182
130,-119,0,144,183,351
-23,-107,0,-154,271,37
76,-149,0,110,127,-109
41,-223,0,-208,-101,-165
-25,-208,0,318,256,205
-42,-298,0,-98,-245,62
83,-289,0,329,270,-137
-57,-262,0,64,202,-731
-102,-406,0,150,-9,95
-140,-368,0,96,-126,7
-137,-504,0,-165,-369,327
-121,-461,0,-33,54,-181
-97,-425,0,66,55,-81
-79,-448,0,85,61,-401
-125,-631,0,-46,515,-7
-151,-589,0,107,29,-19
-178,-454,0,-86,-381,1
-61,-493,0,-151,-172,341
-142,-628,0,38,178,-104
-148,-643,0,-50,-17,-28
-87,-526,0,-203,134,176
-144,-533,0,-203,-378,-15
-177,-566,0,-10,-215,163
-112,-598,0,165,97,-182
-190,-545,0,-289,-138,70
-131,-544,0,93,-228,-41
-198,-455,0,59,-275,-45
-186,-434,0,-30,-24,-74
-137,-418,0,10,-148,155
-86,-545,0,133,-31,-96
19,-416,0,-514,-349,519
-45,-377,0,226,-61,76
-7,-355,0,-352,-118,256
110,-298,0,-378,-72,-251
89,-361,0,-111,104,61
24,-327,0,216,93,-224
36,-314,0,-119,38,82
-23,-122,0,-209,195,-40
100,-125,0,-331,-154,238
56,-94,0,-89,162,84
140,-124,0,336,-134,-48
54,-155,0,-192,233,-111
98,-75,0,137,-75,-225
92,14,0,128,167,430
44,-36,0,13,88,152
88,15,0,-203,77,109
142,-28,0,110,57,-181
109,147,0,123,-227,196
121,43,0,76,86,-196
228,95,0,-311,120,-107
267,-5,0,-4,182,-134
204,105,0,246,257,-104
150,81,0,50,-116,-86
138,97,0,-47,115,-123
168,3,0,35,130,-71
151,-53,0,107,81,118
129,-19,0,230,-91,-159
99,-7,0,-181,95,17
46,65,0,-127,192,-355
8,-59,0,-77,200,-83
78,-44,0,4,-77,200
68,-182,0,-123,8,193
135,-95,0,-306,244,36
71,-170,0,281,6,-8
123,-131,0,-75,144,-89
70,-156,0,82,81,188
-122,-309,0,-7,-127,-27
8,-304,0,-46,337,239
-35,-389,0,77,-620,326
-11,-312,0,-128,-79,143
-36,-419,0,52,122,241
-113,-364,0,334,-215,-381
-106,-403,0,-206,45,-71
-155,-428,0,89,-29,391
-121,-511,0,-52,-22,268
-83,-478,0,-555,-129,-348
-177,-557,0,-246,130,-328
-54,-577,0,-20,137,247
-92,-664,0,98,119,308
-194,-600,0,-144,-175,75
-106,-523,0,-103,13,-27
-171,-607,0,-11,57,-234
-189,-621,0,115,-218,185
-116,-589,0,-108,109,-205
-167,-516,0,427,-142,-108
-196,-554,0,5,-62,-120
-72,-566,0,-312,-16,457
-104,-528,0,-151,-28,135
-191,-443,0,17,21,-247
-163,-473,0,-43,-302,33
-28,-478,0,93,-13,371
-70,-462,0,-267,387,-66
-102,-361,0,-2,-100,-249
-35,-379,0,311,-275,-400
-45,-376,0,-358,-76,-111
-16,-319,0,-82,-21,52
60,-342,0,419,-101,115
-71,-105,0,-25,-223,-102
70,-290,0,-68,-130,205
56,-198,0,-437,-380,-426
69,-93,0,-91,-45,-553
57,-124,0,-33,-178,-126
144,-17,0,-71,54,-0
136,-24,0,-19,-272,-83
42,-88,0,44,-81,-225
124,3,0,286,-369,280
194,28,0,62,-215,51
100,-4,0,-205,143,-263
239,-26,0,-148,29,-179
57,24,0,-246,-121,-221
116,44,0,229,92,153
146,31,0,125,112,-63
180,69,0,130,83,-242
173,37,0,24,-121,-2
61,40,0,118,102,-142
141,-34,0,-329,-88,-132
176,-24,0,-327,-4,195
76,87,0,224,-189,-258
151,12,0,-282,86,340
107,-32,0,363,-137,-114
3,43,0,41,92,-133
128,-129,0,144,-207,-278
83,-32,0,-34,-253,244
25,-210,0,-82,131,224
71,-125,0,219,-87,-129
34,-191,0,-286,41,-113
-12,-177,0,-294,-57,191
-37,-303,0,-282,-18,225
-77,-301,0,60,156,-114
-11,-272,0,250,46,-170
-51,-354,0,23,288,112
-35,-386,0,3,-89,-337
-68,-389,0,-212,208,-117
-64,-411,0,19,-193,-413
-133,-426,0,-82,-134,88
-147,-515,0,-206,19,-185
-115,-527,0,78,22,-18
-19,-514,0,153,-78,-31
-192,-550,0,-256,-108,188
-203,-506,0,-155,-212,-111
-109,-469,0,-322,111,-290
-160,-667,0,-156,-107,189
-114,-500,0,-18,2,-370
-71,-510,0,116,-208,-225
-174,-608,0,-370,-85,-294
-213,-546,0,12,-158,-193
-67,-545,0,67,318,53
-97,-430,0,-2,110,336
-165,-553,0,7,-105,-218
-119,-409,0,274,175,256
-186,-492,0,-286,51,-57
-106,-420,0,285,104,-87
-117,-431,0,300,-114,88
-182,-409,0,82,133,-38
37,-478,0,-234,270,-7
-85,-328,0,247,-257,87
9,-362,0,-225,130,69
-37,-348,0,139,-159,-102
27,-261,0,311,94,369
25,-243,0,143,310,-59
12,-292,0,98,-282,9
-24,-216,0,74,75,102
76,-141,0,-78,117,-80
59,-138,0,94,292,201
190,-143,0,-85,305,-67
158,19,0,78,169,197
49,-52,0,93,-73,50
106,3,0,222,272,-270
79,-25,0,-147,228,-38
190,9,0,-195,22,-280
83,5,0,-116,-357,-484
145,110,0,-407,-154,207
169,4,0,-77,9,-16
189,10,0,-230,-79,102
97,69,0,-33,-80,21
149,89,0,82,-141,15
26,134,0,-55,75,-62
109,20,0,-292,-57,393
89,0,0,-80,196,-102
155,13,0,-118,488,-55
111,-101,0,-122,80,144
139,-127,0,-118,140,307
124,-50,0,-128,62,-132
94,-136,0,71,-92,277
30,-216,0,-121,360,-213
-41,-148,0,45,-141,-4
116,-209,0,166,105,90
133,-211,0,243,467,55
-29,-203,0,-152,159,-97
-12,-236,0,65,37,48
-136,-413,0,-196,107,-86
-57,-290,0,-226,-236,234
-113,-383,0,138,4,158
-47,-380,0,38,252,556
12,-344,0,332,-26,533
-76,-290,0,-94,364,30
-190,-455,0,-234,164,221
-169,-481,0,97,-118,37
-31,-438,0,-88,-44,-134
-213,-466,0,81,145,-204
-141,-416,0,253,-139,4
-202,-603,0,-58,148,-62
-140,-582,0,114,-267,-328
-130,-613,0,-214,110,215
-168,-573,0,20,-121,-633
-193,-637,0,110,218,5
-215,-512,0,-248,133,74
-179,-548,0,-23,-8,-57
-117,-456,0,-169,-347,334
-103,-568,0,102,224,-9
-240,-435,0,351,214,-232
-100,-510,0,38,-151,477
-161,-420,0,155,16,-97
-98,-407,0,-275,-217,-36
-31,-396,0,65,-271,23
-10,-368,0,56,-137,140
-38,-332,0,-198,172,-47
-43,-380,0,108,-184,-219
-43,-343,0,-135,180,-176
-21,-306,0,169,79,-154
15,-273,0,256,-217,-98
75,-241,0,-60,-16,601
93,-165,0,69,-17,-350
84,-133,0,241,88,201
-61,-149,0,-280,-143,-178
83,-190,0,-283,-123,-15
158,-122,0,-146,192,-131
85,-38,0,24,-215,-40
184,-61,0,-366,42,99
121,-1,0,-230,-205,-107
144,-19,0,307,8,56
189,-40,0,-252,-351,137
163,58,0,-105,85,142
109,39,0,-226,-58,767
123,13,0,-226,56,370
127,-79,0,-255,-133,-85
99,-3,0,-120,-218,-59
115,-51,0,12,236,-17
234,-53,0,-396,374,-182
161,-6,0,85,-300,54
176,29,0,-44,-34,228
194,-27,0,-163,190,154
136,-80,0,254,-235,72
90,69,0,105,15,-238
157,-88,0,296,405,197
38,-112,0,-9,-137,-159
42,-167,0,366,-298,90
33,-88,0,-417,228,421
16,-182,0,104,-10,298
81,-197,0,104,217,-276
-26,-222,0,-3,404,-55
-47,-266,0,10,120,-275
95,-357,0,430,30,-384
-134,-405,0,-384,-342,-121
-77,-393,0,-65,-308,-85
-43,-366,0,-193,-52,-191
-135,-445,0,37,-38,209
-126,-396,0,-6,203,507
-108,-423,0,-475,-188,-160
-98,-452,0,-345,-223,221
-109,-552,0,-167,237,-289
-186,-443,0,43,-120,-171
-166,-519,0,392,-124,16
-234,-490,0,361,-74,38
-138,-535,0,182,153,-205
-181,-584,0,-250,134,-139
-70,-503,0,-315,161,283
-131,-578,0,-144,-60,-44
-192,-487,0,-374,-201,-97
-165,-551,0,-122,-80,77
-213,-584,0,-83,152,-161
-81,-525,0,214,-51,5
-109,-557,0,130,-289,-322
-49,-510,0,220,156,-23
-89,-520,0,16,308,270
-50,-471,0,286,-312,-4
-76,-462,0,48,-0,-8
-51,-369,0,-84,-304,-40
-34,-343,0,159,-354,-112
-73,-226,0,200,158,239
-55,-384,0,-120,196,-132
40,-338,0,65,186,-211
-19,-352,0,-204,-21,276
-30,-236,0,61,19,-82
45,-274,0,212,-181,181
93,-112,0,225,-215,109
118,-66,0,-51,282,300
77,-120,0,66,46,189
114,-42,0,-365,462,341
102,-51,0,-247,-382,397
128,-78,0,-61,99,-259
86,6,0,-48,292,-266
122,45,0,-97,-310,-7
130,19,0,-12,43,240
124,82,0,191,-154,-111
116,35,0,-223,-54,-283
85,145,0,-41,9,-77
245,-49,0,-244,197,19
164,10,0,57,-251,260
172,70,0,306,324,-5
132,52,0,101,-142,17
188,-12,0,104,-519,53
134,-75,0,35,141,-117
71,-36,0,26,240,-377
78,-5,0,217,265,105
48,-43,0,46,192,-201
91,-24,0,-417,18,-135
69,-128,0,-160,116,-62
29,-114,0,-300,-202,-144
27,-143,0,-35,276,-224
35,-213,0,56,59,9
26,-220,0,-99,-376,265
-116,-174,0,-154,38,67
74,-323,0,-215,14,75
-60,-252,0,19,319,-156
-23,-320,0,-225,268,152
-56,-351,0,205,140,-20
-87,-354,0,-218,173,-83
-79,-345,0,-397,-44,20
-123,-478,0,57,9,131
-136,-476,0,211,209,168
-148,-565,0,-85,335,174
-82,-452,0,5,-145,156
-160,-529,0,-129,28,77
-72,-585,0,-204,-140,364
-173,-532,0,42,-293,126
-70,-557,0,49,-206,-157
-184,-555,0,230,-191,73
-161,-566,0,-37,48,-119
-166,-490,0,13,328,200
-161,-499,0,-246,-20,-81
-108,-522,0,-164,-171,-269
-168,-511,0,127,251,235
-141,-472,0,89,3,165
-86,-539,0,-213,201,-28
-82,-526,0,69,-233,-170
-58,-383,0,-135,307,284
-143,-458,0,241,-88,173
-32,-356,0,365,-11,149
-102,-298,0,-89,-115,-511
-120,-263,0,-33,-28,-47
26,-360,0,230,-76,-25
-23,-332,0,205,20,57
39,-240,0,178,142,-255
10,-180,0,-220,-140,-328
90,-264,0,103,-151,107
21,-152,0,18,7,-202
15,-186,0,188,169,155
37,-41,0,73,-137,-128
71,-106,0,-229,-67,-162
131,-37,0,105,-172,-48
152,-92,0,-99,-132,33
136,22,0,-40,66,-67
226,-88,0,-168,-107,-260
140,19,0,250,-62,-304
187,-24,0,-49,218,-156
166,81,0,-145,-421,28
74,-17,0,450,47,6
162,54,0,-2,-94,199
94,-5,0,203,-3,482
147,70,0,34,86,135
98,-13,0,-192,-125,-94
110,25,0,-77,199,-189
143,66,0,-148,20,-324
92,13,0,-86,310,197
102,4,0,259,-215,-94
127,-85,0,-189,144,113
120,-88,0,-210,-81,119
86,-108,0,-232,269,-15
-8,-78,0,-113,217,61
87,-60,0,267,58,244
59,-118,0,-160,205,116
143,-204,0,19,-320,-219
80,-120,0,145,-68,-18
31,-348,0,-25,242,149
-60,-426,0,-333,-94,327
28,-299,0,100,-24,50
-25,-315,0,-25,204,-111
-90,-418,0,-68,-253,-153
-92,-325,0,-154,-247,63
-59,-511,0,83,-215,163
-97,-434,0,421,-112,183
-123,-522,0,38,185,136
-236,-501,0,-89,143,118
-190,-526,0,-187,11,-111
-133,-478,0,-99,-72,142
-223,-570,0,-30,-379,-59
-297,-511,0,138,44,88
-173,-510,0,134,465,198
-115,-526,0,-7,61,-49
-149,-572,0,-149,-107,163
-187,-533,0,95,-226,-66
-155,-551,0,264,172,57
-237,-560,0,-241,28,-106
-86,-436,0,27,-2,12
-122,-588,0,145,403,322
-42,-494,0,-338,40,-318
-102,-480,0,-55,-50,-26
-54,-404,0,-12,-96,-44
-19,-510,0,129,-95,263
-92,-509,0,105,-33,131
-97,-262,0,48,-10,-547
-75,-299,0,-226,-186,-137
34,-290,0,-374,335,14
7,-245,0,270,295,-334
-33,-168,0,274,-12,-12
41,-240,0,-253,-45,218
84,-244,0,312,139,275
9,-259,0,-257,72,235
16,-96,0,-152,29,35
48,-134,0,237,24,7
195,-52,0,209,-163,146
66,-51,0,399,-51,-170
132,-83,0,-170,168,183
37,-48,0,90,-696,-159
78,-11,0,-99,3,-89
194,-21,0,-332,-21,15
223,-67,0,-10,-71,116
214,31,0,43,-49,-33
203,14,0,-7,-93,27
69,-1,0,-160,53,245
144,41,0,195,183,78
283,40,0,58,140,217
164,46,0,47,270,160
133,47,0,-183,-174,-179
108,106,0,37,-235,-220
188,-78,0,26,-47,90
51,-33,0,152,271,-329
95,-38,0,-20,-192,-110
67,-151,0,310,178,-123
41,-24,0,-311,-346,80
86,-147,0,-61,-71,165
28,-159,0,-174,124,-237
100,-186,0,-211,287,153
81,-131,0,252,-683,315
-15,-292,0,8,-82,-151
-26,-281,0,336,32,237
4,-353,0,-163,-310,278
-15,-370,0,-487,100,-260
-77,-313,0,-182,-123,118
-110,-399,0,198,59,-91
24,-427,0,134,294,-115
-134,-452,0,35,94,-131
-171,-567,0,29,-389,204
-116,-479,0,-167,241,-266
-149,-446,0,31,-56,-126
-109,-525,0,164,-233,129
-159,-567,0,216,581,251
-95,-557,0,-157,-34,53
-157,-411,0,-124,-94,162
-168,-544,0,64,82,-157
-159,-551,0,249,-148,-17
-132,-562,0,-62,211,-205
-114,-517,0,-295,127,260
-189,-570,0,186,369,24
-196,-528,0,-169,46,95
-90,-476,0,-38,21,36
-165,-438,0,-168,-40,-97
-105,-432,0,80,206,261
-77,-459,0,167,-21,283
-38,-448,0,-159,-11,24
-104,-507,0,96,-197,-91
-91,-368,0,-355,34,43
69,-218,0,-346,39,-28
-44,-411,0,100,-379,-36
24,-271,0,-8,235,-59
-52,-231,0,91,-113,109
2,-214,0,89,344,-479
73,-313,0,-88,163,-159
-59,-154,0,44,-383,-26
73,-186,0,-347,-140,83
8,-26,0,-195,281,136
161,-89,0,-24,133,-29
149,-101,0,-37,382,-245
122,-66,0,-18,-193,197
102,-18,0,34,349,-83
111,-12,0,-29,227,-374
151,-45,0,-31,71,-332
71,20,0,-184,157,112
143,-23,0,-106,-176,-211
143,72,0,-46,-13,36
296,37,0,97,539,-111
82,32,0,-216,-17,6
143,-21,0,-463,-17,70
265,3,0,-32,-191,307
124,55,0,-391,80,-89
79,-6,0,-112,-212,-293
128,-79,0,249,112,80
20,-91,0,114,140,513
161,-13,0,-107,-27,195
116,37,0,119,-8,-196
25,-33,0,8,-234,12
152,-138,0,-175,-40,-186
104,-114,0,-48,-264,34
78,-113,0,-132,251,-13
55,-174,0,70,336,-0
-64,-273,0,281,-252,-163
-10,-274,0,212,144,120
-79,-211,0,-402,224,-396
35,-325,0,107,238,-345
-46,-405,0,-261,340,-324
-3,-333,0,-339,191,211
-16,-327,0,-66,-272,309
-69,-400,0,28,-12,-151
-149,-383,0,-256,-219,-82
-153,-397,0,33,154,250
-83,-501,0,-206,52,-13
-125,-582,0,-236,35,-366
-138,-566,0,-166,-371,120
-241,-534,0,-375,255,-5
-169,-582,0,279,199,325
-196,-572,0,402,183,-306
-143,-543,0,71,162,148
-111,-610,0,164,403,-101
-157,-590,0,159,43,-100
-136,-584,0,-88,32,32
-200,-595,0,153,-157,-226
-24,-543,0,232,-140,-8
-10,-483,0,47,-406,-199
-75,-559,0,19,348,92
-172,-496,0,372,188,238
-75,-391,0,-180,-32,33
2,-473,0,43,116,-104
-16,-382,0,157,84,307
-114,-333,0,-115,79,-180
-79,-338,0,-42,-103,-241
-22,-308,0,-336,14,102
9,-306,0,31,62,-115
-34,-305,0,127,110,-256
11,-216,0,-82,-534,-15
68,-234,0,-273,235,119
25,-88,0,-175,468,-379
201,-108,0,19,-38,-223
52,-61,0,-141,-317,11
105,-91,0,48,184,27
140,-45,0,-469,71,-122
104,-84,0,1,63,74
117,-47,0,-180,113,-312
116,43,0,143,-119,171
186,-9,0,-180,-184,278
173,-11,0,-98,132,-244
122,74,0,161,-317,200
171,50,0,-215,492,-338
157,16,0,-67,22,189
167,53,0,243,205,195
152,-43,0,457,-91,23
210,90,0,73,-32,-22
34,-9,0,-348,-75,-319
110,42,0,6,21,84
103,35,0,350,358,-152
140,-24,0,2,23,95
66,-113,0,-79,232,148
173,28,0,70,151,-155
58,-152,0,-262,274,-380
12,-107,0,315,-18,168
88,-246,0,-130,-25,-4
51,-218,0,-141,-16,-78
58,-281,0,83,-203,9
67,-306,0,209,242,119
-67,-209,0,216,-164,-662
-86,-258,0,-301,-2,114
-65,-346,0,-63,143,281
43,-325,0,495,-113,-106
-68,-420,0,-146,-407,-318
-39,-418,0,-456,185,-203
-97,-390,0,-251,61,47
-122,-404,0,427,94,-111
-147,-479,0,-350,-79,-31
-147,-567,0,213,13,-83
-110,-633,0,-187,-92,13
-183,-507,0,60,328,77
-220,-618,0,219,228,147
-193,-522,0,-97,27,-295
-169,-483,0,-96,-295,-43
-154,-482,0,-182,-164,269
-151,-555,0,238,-206,-221
-164,-630,0,-56,114,50
-108,-508,0,193,65,-221
-110,-498,0,177,-284,-70
-69,-516,0,-88,-208,80
-134,-429,0,-147,57,-17
-164,-541,0,-163,101,50
-113,-446,0,209,-150,-191
-97,-413,0,-400,-69,83
-41,-458,0,11,166,129
-9,-350,0,-208,-149,-60
-65,-298,0,-60,24,54
-43,-261,0,-209,8,149
81,-296,0,297,-8,-23
25,-351,0,-52,168,87
-10,-206,0,-137,-199,-238
-2,-201,0,-61,218,234
-14,-110,0,-54,-32,290
-82,-109,0,86,159,-166
-4,-144,0,-409,78,45
96,-62,0,50,149,-386
144,33,0,160,-52,76
156,-120,0,135,52,-487
158,-24,0,222,-21,122
147,29,0,57,-233,51
129,15,0,178,-139,21
144,-6,0,170,2,-7
118,-11,0,-98,67,-40
200,20,0,23,-175,29
156,91,0,-89,80,19
162,53,0,-194,7,204
118,16,0,22,-285,151
153,-29,0,-139,-70,-317
97,77,0,-137,170,213
163,41,0,-259,109,150
116,19,0,198,307,101
136,121,0,193,-367,26
148,-23,0,-59,-309,360
82,-60,0,-568,-17,-136
127,-119,0,-479,209,-42
122,-59,0,240,44,-65
82,-171,0,322,-305,-114
130,-136,0,-97,377,275
0,-195,0,310,-77,74
47,-243,0,346,-242,-72
-11,-226,0,25,295,-220
-27,-313,0,70,37,-241
-4,-236,0,226,-235,230
-77,-389,0,-107,35,-19
-118,-325,0,54,-174,184
-49,-381,0,451,-9,3
-90,-411,0,-245,175,-128
-139,-498,0,87,-28,-271
-59,-510,0,134,17,137
-86,-468,0,139,253,86
-164,-406,0,197,110,43
-80,-514,0,-317,-308,489
-206,-460,0,-193,144,-424
-164,-653,0,117,-80,-370
-165,-524,0,310,63,373
-200,-528,0,-13,47,93
-144,-599,0,201,-33,123
-90,-610,0,-491,-147,7
-80,-535,0,99,-426,141
-136,-565,0,-54,391,133
-149,-431,0,-354,80,415
-153,-560,0,145,-25,-235
-88,-457,0,182,-45,79
-129,-418,0,-197,-85,165
-118,-483,0,19,389,74
-152,-321,0,212,85,-108
2,-454,0,114,-419,165
-75,-416,0,-172,-35,-201
17,-385,0,-153,136,-176
-52,-274,0,63,25,-326
-15,-270,0,116,0,211
16,-265,0,250,-590,-65
-7,-169,0,-457,-144,38
37,-211,0,-260,61,-207
79,-239,0,438,38,-2
44,-179,0,167,-30,-150
79,-8,0,168,320,450
52,-76,0,-71,36,-143
62,38,0,-232,124,-198
142,-39,0,232,-51,-340
182,5,0,-336,314,-132
137,85,0,231,121,-249
117,-86,0,344,376,-16
159,37,0,-140,162,516
155,12,0,-166,-272,44
202,-35,0,285,12,88
96,51,0,-327,-433,234
172,81,0,-96,180,-349
189,8,0,140,-180,381
1,-53,0,151,18,1
147,113,0,25,-60,-45
174,-11,0,-35,-39,-391
218,-28,0,178,98,-54
123,-50,0,169,398,134
108,2,0,-191,174,37
123,-73,0,468,-88,-121
76,-141,0,15,81,73
36,-33,0,109,-225,-129
146,-228,0,-410,181,-74
15,-176,0,239,195,-82
34,-258,0,189,200,330
-36,-236,0,206,-267,43
-36,-227,0,65,93,290
-89,-282,0,141,31,-187
-98,-350,0,255,-60,187
-42,-320,0,109,115,261
-111,-486,0,-67,243,-227
-165,-356,0,71,350,144
-127,-562,0,111,-89,312
-110,-481,0,157,-24,-180
-38,-452,0,-226,42,-104
-104,-449,0,3,102,399
-109,-505,0,-48,-4,-641
-107,-523,0,229,429,-61
-88,-592,0,77,72,192
-116,-554,0,29,100,266
-101,-468,0,-395,-184,403
-146,-523,0,109,29,-277
-68,-592,0,58,133,111
-195,-553,0,-10,-97,-109
-181,-525,0,-277,335,216
-161,-531,0,-90,111,-191
-55,-533,0,40,381,-213
-160,-501,0,-218,12,327
-74,-463,0,172,86,93
-102,-420,0,-80,-133,-129
-86,-405,0,-90,270,-53
-120,-328,0,-116,-344,-248
18,-387,0,337,-248,173
-90,-419,0,-126,201,71
68,-265,0,154,67,128
41,-309,0,191,165,-51
20,-282,0,75,400,-98
-16,-199,0,-27,3,-347
50,-238,0,-169,93,-76
76,-197,0,-96,7,-19
103,-171,0,-254,-300,17
110,-81,0,155,100,116
85,-116,0,-143,-49,169
234,-106,0,275,-148,81
163,-88,0,15,-118,28
89,50,0,-43,30,-9
211,46,0,-26,-133,-15
84,2,0,-263,-420,-95
137,1,0,-84,72,37
115,-11,0,189,-177,87
70,-31,0,-78,72,27
227,40,0,348,8,219
183,94,0,122,158,-294
155,50,0,22,-7,-427
151,-32,0,-103,214,-320
92,17,0,-186,75,231
80,-5,0,-115,-188,247
118,-32,0,-110,-195,-92
67,11,0,3,27,399
16,11,0,123,-143,-197
118,-78,0,-18,-126,-109
77,-44,0,-132,5,-163
75,-107,0,-230,144,-65
-5,-133,0,41,-4,49
69,-215,0,-84,22,389
23,-185,0,-211,56,-18
-53,-218,0,202,-317,-112
-17,-224,0,489,330,93
-72,-217,0,55,-517,110
-121,-363,0,125,-279,-204
-12,-354,0,304,-38,-219
43,-454,0,-112,169,-542
-61,-438,0,268,-116,380
-125,-375,0,215,-164,155
-110,-390,0,9,11,16
-65,-371,0,50,244,-35
-105,-573,0,306,-144,-341
-163,-457,0,-91,-249,29
-138,-463,0,311,-81,148
-86,-531,0,579,134,15
-124,-554,0,-72,105,253
-135,-549,0,-220,93,-83
-106,-489,0,-147,-16,-141
-175,-547,0,-161,175,73
-177,-546,0,-367,176,78
-164,-504,0,-52,71,-49
-187,-536,0,-87,1,113
-189,-536,0,-136,84,8
-180,-569,0,181,121,-93
-129,-420,0,153,-23,-271
-132,-528,0,-69,-303,-11
-118,-514,0,109,384,-257
-40,-495,0,-591,76,-62
-107,-355,0,-23,65,-37
16,-458,0,-49,284,-107
0,-393,0,47,64,-173
-118,-327,0,-66,173,151
21,-127,0,-8,-207,25
-60,-294,0,316,-335,88
28,-209,0,-50,-4,114
-36,-277,0,325,386,86
-31,-162,0,-53,-348,-348
34,-127,0,-66,-345,-111
81,-172,0,72,35,-244
114,-47,0,-85,112,246
84,30,0,-73,-109,265
113,34,0,54,-151,-206
188,-73,0,403,-150,89
169,-16,0,202,266,-11
181,-25,0,112,-105,158
215,37,0,16,228,34
176,7,0,-92,-55,-203
105,44,0,124,-157,-129
201,14,0,50,52,213
84,40,0,113,-119,-144
141,52,0,-46,-90,-176
100,78,0,-57,64,185
112,69,0,-91,-393,27
122,-66,0,158,-52,89
179,29,0,-283,102,-78
144,-48,0,200,132,-279
135,-7,0,388,-61,503
143,35,0,68,-60,26
75,-150,0,100,-422,-63
86,-94,0,88,314,-213
58,-134,0,24,-173,56
55,-124,0,-116,357,-117
-14,-318,0,-138,10,233
-20,-284,0,125,127,36
-1,-296,0,328,15,7
-59,-307,0,193,-157,76
-104,-349,0,-499,-114,82
-138,-402,0,74,163,-112
-31,-231,0,-180,-112,36
-42,-412,0,-198,315,-100
-23,-408,0,-178,137,332
-159,-480,0,-175,118,-170
-73,-496,0,-367,88,-50
-188,-574,0,109,-105,18
-89,-517,0,81,20,68
-78,-533,0,561,155,-24
-131,-528,0,-95,66,-61
-133,-473,0,24,-205,65
-139,-666,0,79,281,-108
-156,-548,0,-371,-670,152
-132,-622,0,286,-264,-18
-200,-546,0,351,41,-252
-150,-599,0,-21,-108,-78
-189,-547,0,236,-177,120
-207,-455,0,-148,-58,34
-67,-453,0,-94,-114,101
-90,-485,0,-65,-62,10
-35,-523,0,200,-211,88
-147,-423,0,-187,-275,311
-141,-485,0,-336,-25,125
-142,-430,0,164,411,198
-34,-354,0,48,-33,-60
-51,-334,0,241,104,22
-38,-302,0,-98,266,-305
28,-281,0,76,-428,-640
-30,-177,0,-174,-46,176
69,-354,0,33,96,-252
8,-235,0,-37,44,48
-62,-214,0,-36,114,245
65,-127,0,-191,-22,187
92,-99,0,-63,52,321
35,-135,0,-233,55,-180
59,-64,0,-115,69,100
129,-98,0,342,109,67
46,-11,0,-431,35,14
221,13,0,170,201,330
74,29,0,110,-246,119
110,107,0,-9,-229,-50
150,-37,0,-237,-297,-139
67,64,0,-125,-420,-21
94,37,0,177,-13,516
263,123,0,-84,-219,-67
99,23,0,-434,-59,-7
111,26,0,-49,-185,-71
72,50,0,171,160,238
160,31,0,-34,-232,87
118,43,0,-240,76,243
35,-45,0,83,-203,143
113,-24,0,84,229,309
166,-34,0,2,26,118
64,-206,0,194,213,-191
128,-91,0,50,-156,285
-47,-161,0,-230,409,198
98,-148,0,-25,-47,-326
109,-237,0,-192,-143,151
13,-285,0,-152,129,105
-62,-268,0,52,-5,110
-48,-288,0,-210,162,-240
-15,-320,0,-483,32,315
-11,-392,0,-413,99,111
-79,-346,0,155,81,-130
-99,-420,0,-56,69,-20
-120,-373,0,125,147,-188
-78,-425,0,-198,50,-49
-124,-446,0,266,-162,-344
-171,-544,0,66,249,73
-132,-460,0,44,149,-156
-118,-581,0,-298,141,-90
-102,-515,0,-388,-232,-77
-190,-543,0,433,-174,140
-174,-567,0,-429,325,-45
-174,-645,0,-390,274,-139
-122,-562,0,-110,11,266
-181,-598,0,-390,-23,-306
-124,-474,0,27,38,262
-172,-514,0,155,284,243
-124,-546,0,118,-214,-66
-143,-444,0,-4,155,187
-127,-512,0,-270,-242,-257
-160,-472,0,102,305,-139
-43,-546,0,-261,108,24
-121,-457,0,407,-394,-62
-162,-279,0,-124,-4,49
-33,-290,0,14,163,-189
-7,-348,0,-171,-128,267
-88,-252,0,-179,-17,-151
2,-169,0,297,395,21
41,-263,0,251,-106,-362
5,-198,0,434,-36,-107
48,-177,0,173,-155,-91
40,-169,0,51,-166,505
65,-138,0,66,112,106
46,-156,0,-75,-104,-84
106,-7,0,-242,-150,-46
116,-66,0,446,-176,-290
183,-80,0,224,-7,-157
157,29,0,-53,10,-115
122,16,0,-366,-74,-274
188,126,0,-95,177,-29
170,101,0,281,146,-264
-3,41,0,-102,60,30
156,107,0,-67,126,175
180,56,0,-483,-55,-383
165,65,0,-99,-135,76
193,26,0,103,-200,2
163,-37,0,2,-166,86
142,26,0,-120,101,-275
73,-66,0,-134,108,-28
133,4,0,219,-164,233
34,-70,0,-27,207,2
59,-77,0,-264,-62,-476
96,-79,0,351,62,-32
92,-45,0,-123,97,76
-29,-196,0,268,323,-4
19,-205,0,-249,155,249
81,-205,0,125,31,496
-44,-225,0,80,-124,13
-56,-254,0,-33,-87,14
-22,-176,0,324,-92,468
-41,-261,0,124,150,-389
-46,-386,0,189,130,-292
-34,-374,0,123,7,109
-41,-448,0,130,330,19
-95,-466,0,-303,-194,83
-64,-465,0,19,-175,79
-98,-460,0,145,197,-63
-86,-443,0,-404,-162,-60
-162,-546,0,162,145,-401
-113,-505,0,-164,-120,-17
-75,-440,0,-94,-55,379
-263,-503,0,-128,-101,-318
-265,-565,0,135,-35,34
-162,-492,0,-33,-428,309
-113,-563,0,-64,155,36
-157,-549,0,24,-283,-50
-32,-563,0,57,116,-84
-175,-522,0,10,18,136
-201,-480,0,123,57,-369
-173,-480,0,-76,15,70
-157,-472,0,47,-184,140
-153,-566,0,229,-565,-66
-96,-517,0,-61,-139,-124
-47,-415,0,28,-49,-182
-78,-384,0,-221,-257,2
-73,-402,0,183,-145,13
-46,-341,0,-5,-128,-30
-63,-362,0,346,312,264
9,-340,0,29,396,216
75,-264,0,75,34,-333
-33,-260,0,140,92,-186
16,-150,0,-365,-259,-310
25,-178,0,-17,198,-124
104,-173,0,-84,-122,-43
84,-152,0,326,165,-31
84,-81,0,631,-18,65
132,-102,0,179,198,124
126,-76,0,-223,187,256
94,-81,0,-294,-178,-304
184,75,0,-143,145,210
99,-61,0,27,-227,80
134,-3,0,519,-85,-117
218,54,0,206,-80,-11
134,105,0,194,5,-58
36,57,0,-63,-267,1
240,13,0,128,-171,-27
185,72,0,-221,-43,422
146,90,0,197,9,-103
133,106,0,-210,24,175
223,-25,0,-23,-77,-262
163,-11,0,307,89,-29
157,48,0,14,-73,-18
122,-83,0,64,241,-483
62,-9,0,160,-98,-213
90,-124,0,-92,-606,-17
-8,-171,0,-221,-116,152
132,-200,0,-91,-36,-1
69,-82,0,-322,320,-167
-19,-194,0,-14,315,-63
20,-305,0,550,64,386
-61,-285,0,99,157,217
40,-280,0,-41,9,140
75,-367,0,-89,-193,-213
-93,-307,0,299,271,-237
-21,-390,0,137,215,-21
-56,-473,0,-41,-114,224
-64,-404,0,-4,-34,227
-117,-411,0,300,-100,9
-129,-491,0,-75,-141,223
-89,-401,0,29,-4,-17
-127,-471,0,-254,-292,-65
-95,-480,0,139,-78,-34
-158,-529,0,251,-38,-21
-139,-647,0,87,-107,-98
-107,-583,0,-220,-118,311
-174,-563,0,-60,-548,-143
-114,-428,0,-121,188,-42
-132,-566,0,118,-331,-157
-88,-561,0,-54,63,110
-20,-524,0,291,-61,-181
-200,-489,0,-135,345,3
-126,-549,0,-22,-110,-253
-275,-456,0,-33,-228,-268
-72,-506,0,-154,12,-168
-146,-391,0,199,-43,-294
-98,-375,0,100,-24,127
-84,-396,0,105,-92,-818
-94,-450,0,-497,207,-50
51,-314,0,-448,73,24
-52,-319,0,-226,126,-152
-38,-219,0,-11,16,-211
34,-344,0,52,-142,-119
42,-181,0,394,152,-363
-42,-208,0,-319,322,-120
145,-172,0,-125,-56,-48
42,-170,0,112,-374,196
181,-111,0,358,-344,-156
164,-147,0,-210,-184,-78
204,-60,0,1,177,43
132,-19,0,-335,143,-99
119,-1,0,162,-205,-51
79,-41,0,-165,251,175
119,64,0,-175,-38,-121
82,-18,0,-228,-237,16
103,-24,0,-51,-201,26
192,41,0,-361,293,-138
177,11,0,7,-60,184
159,56,0,-22,-40,405
81,103,0,-118,173,311
172,-10,0,-186,72,-341
227,79,0,78,43,-106
44,-14,0,-265,264,158
179,55,0,282,-25,-89
94,-95,0,-184,96,-3
49,-124,0,114,-52,125
196,-77,0,38,-180,-354
66,-29,0,46,64,108
78,-171,0,124,148,44
77,-172,0,-13,164,166
16,-225,0,-404,-281,-85
58,-125,0,-86,-197,44
-34,-110,0,225,158,-371
40,-291,0,8,-428,131
6,-305,0,73,-400,-370
-132,-459,0,-112,16,323
12,-352,0,-5,-5,185
-18,-343,0,138,-79,8
-74,-419,0,27,86,139
-94,-456,0,227,-82,66
-103,-517,0,92,17,162
-117,-430,0,-365,-452,6
-199,-401,0,52,53,140
13,-525,0,275,-169,-47
-180,-485,0,199,354,-430
-27,-531,0,139,-212,438
-221,-553,0,177,283,237
-189,-529,0,-131,-1,-157
-110,-664,0,-137,-327,154
-159,-526,0,-289,-59,-373
-159,-554,0,170,-222,-171
-172,-563,0,-371,175,116
-104,-476,0,148,-508,-115
-98,-520,0,56,17,-2
-8,-539,0,-156,88,-550
-63,-571,0,85,202,-180
-122,-432,0,52,-251,-118
-87,-504,0,-461,55,-56
-51,-372,0,118,262,137
-1,-463,0,-387,215,-152
-133,-323,0,-88,-311,79
-101,-415,0,202,-5,-10
-68,-192,0,231,118,161
-63,-280,0,-25,32,149
126,-197,0,162,-265,-101
28,-190,0,15,34,-251
-99,-209,0,281,29,-24
81,-89,0,268,-13,103
46,-77,0,36,173,247
19,-29,0,-48,-102,163
93,-105,0,76,45,-4
168,-6,0,87,-180,-233
40,23,0,-20,-51,-325
216,25,0,-62,-76,9
107,-1,0,103,126,17
98,16,0,-103,171,33
150,105,0,79,-122,-273
157,140,0,-292,193,-16
156,95,0,73,-37,91
313,78,0,99,61,-392
163,88,0,1,-254,54
240,88,0,-58,2,-150
60,-12,0,5,305,60
169,21,0,-89,115,-108
114,-33,0,-177,24,78
104,2,0,112,168,-31
135,-20,0,-351,-118,-154
117,-104,0,-305,302,-390
50,-86,0,254,-281,-5
47,-141,0,-236,481,-7
22,-200,0,-126,83,104
39,-166,0,356,-194,-35
-8,-199,0,89,-68,-196
32,-158,0,-111,250,-52
-31,-149,0,-115,-210,11
-63,-204,0,78,57,104
36,-292,0,50,-236,63
-15,-313,0,-128,-264,-38
-30,-326,0,-123,244,205
-105,-394,0,-2,-145,-190
-75,-433,0,49,-100,8
-125,-377,0,310,302,-40
-175,-483,0,242,-44,-227
-202,-381,0,-19,202,93
-158,-545,0,107,-137,110
-160,-536,0,-55,-221,45
-144,-449,0,-103,157,-181
-135,-602,0,-134,-164,271
-168,-628,0,310,141,-227
-165,-567,0,-151,47,49
-97,-592,0,-230,-360,-301
-165,-551,0,-155,191,369
-158,-571,0,28,137,119
-43,-541,0,-120,272,-144
-187,-554,0,120,-196,-101
-121,-538,0,127,119,-161
-79,-377,0,216,-52,-224
-102,-507,0,-70,-128,30
-82,-489,0,-72,132,342
-195,-446,0,-152,17,149
-76,-354,0,-184,43,56
-7,-301,0,-143,-345,171
15,-259,0,378,-44,36
63,-327,0,263,173,-322
-31,-156,0,329,-37,-197
2,-227,0,27,-49,241
26,-295,0,216,-211,181
67,-206,0,-33,90,25
111,-137,0,180,-240,-300
108,-153,0,-90,-258,-141
64,-144,0,-142,103,200
133,-182,0,-417,7,81
102,-57,0,-372,-168,-338
185,49,0,84,44,164
35,-56,0,270,-310,-138
122,34,0,-214,-237,-301
104,-22,0,-124,261,23
98,75,0,-209,-180,40
196,1,0,-206,228,364
186,14,0,39,-67,-76
120,6,0,-48,-158,-16
175,69,0,-241,-432,-26
86,21,0,47,-230,41
141,-28,0,62,186,-178
226,-2,0,116,-186,159
106,-30,0,52,-191,436
128,52,0,386,-75,80
47,54,0,332,117,88
114,-4,0,77,-181,-326
-32,-58,0,16,120,-471
20,-13,0,170,-41,-372
1,-67,0,115,-41,-25
82,-130,0,-217,622,-142
59,-181,0,-423,-42,-27
-22,-197,0,215,-141,-138
-44,-219,0,-214,-30,427
10,-173,0,-152,204,-247
-106,-248,0,278,-359,-206
64,-237,0,-63,144,51
1,-309,0,88,-124,-540
-8,-412,0,192,-54,-283
34,-390,0,125,-170,-145
-40,-413,0,-143,-10,388
-144,-407,0,302,-102,215
-87,-406,0,-465,255,142
-115,-513,0,100,-255,-82
-202,-467,0,87,93,-34
-91,-554,0,-523,-9,76
-225,-510,0,115,-75,278
-155,-598,0,-110,-95,71
-154,-462,0,-437,-113,144
-136,-621,0,36,137,50
-100,-573,0,-16,284,160
-98,-645,0,-489,100,-43
-148,-547,0,123,502,27
-200,-482,0,146,-35,-264
-179,-544,0,-23,-264,40
-52,-564,0,-295,22,-321
-74,-562,0,89,192,80
-94,-490,0,114,253,296
-59,-379,0,-81,236,229
-114,-471,0,-12,46,-52
-78,-457,0,498,-188,234
-74,-425,0,-116,48,-52
-58,-313,0,-163,202,92
-143,-291,0,-4,-327,-300
26,-278,0,35,-316,-226
44,-162,0,-385,359,-95
5,-288,0,191,323,-190
-73,-60,0,-519,125,-132
20,-226,0,-151,-125,74
73,-116,0,3,-101,37
20,-164,0,-2,79,-137
50,-117,0,-13,159,201
106,-54,0,-350,-161,140
162,27,0,-204,129,251
232,-16,0,-13,424,135
208,12,0,481,195,-4
106,25,0,8,-132,73
176,-89,0,61,-167,19
148,79,0,-131,-28,-61
183,186,0,332,-234,107
96,16,0,-169,-170,71
227,73,0,282,46,-115
159,71,0,-40,-106,116
126,31,0,5,112,132
170,2,0,-253,110,52
40,8,0,307,-354,425
18,12,0,248,-94,-94
164,-6,0,-202,408,77
155,-131,0,116,-287,-176
44,-33,0,80,104,-153
84,-54,0,-60,-192,264
79,-105,0,211,-106,-19
106,-173,0,-53,-81,4
97,-146,0,433,-249,-172
17,-172,0,-220,-35,165
54,-219,0,-56,408,423
30,-296,0,-389,270,141
-91,-290,0,-252,-133,-151
-50,-225,0,-185,96,101
-35,-362,0,-514,-194,58
-71,-470,0,75,-210,47
-80,-328,0,-339,-22,66
-57,-489,0,95,-169,9
-285,-538,0,-186,112,-382
-143,-526,0,-310,73,-219
-51,-574,0,-20,110,-193
-106,-536,0,272,2,159
-174,-500,0,107,229,305
-111,-585,0,-115,-151,-124
-140,-638,0,197,-70,-293
-125,-567,0,318,-227,274
-183,-490,0,127,9,-321
-180,-617,0,228,-82,-25
-134,-546,0,31,-192,-58
-113,-602,0,105,424,311
-197,-569,0,134,44,30
-101,-552,0,-60,242,319
-3,-523,0,320,-110,239
-107,-513,0,12,-86,-190
-119,-358,0,-216,-122,-64
-23,-395,0,69,-233,-60
-76,-485,0,402,-133,45
-28,-313,0,218,67,-68
3,-367,0,-432,237,-159
-87,-289,0,-278,181,-379
-49,-277,0,-30,45,-130
24,-280,0,249,157,87
-12,-230,0,227,-37,240
63,-175,0,-223,65,258
40,-225,0,-48,-132,332
126,-137,0,142,-290,-4
125,-30,0,-164,-9,94
193,-80,0,109,-152,-304
71,-79,0,8,-1,-61
64,-26,0,-167,208,-166
23,10,0,-440,10,376
157,-36,0,218,221,504
139,80,0,-278,294,-98
92,-2,0,-242,-129,187
155,106,0,154,48,134
135,12,0,133,-28,-294
185,31,0,184,-143,518
155,-9,0,344,-8,-15
133,4,0,-3,-49,-475
192,17,0,38,36,-478
137,8,0,177,32,365
132,44,0,156,209,83
88,61,0,-39,265,-244
67,17,0,-255,176,-345
44,-153,0,99,137,-36
243,-102,0,-215,-283,-301
153,-49,0,-172,-147,-110
71,-106,0,133,-16,-108
49,-139,0,163,337,-35
79,-209,0,85,197,-108
1,-138,0,1,-137,-174
47,-231,0,-114,-56,89
-19,-326,0,-195,288,-181
-78,-241,0,44,-85,-174
-56,-315,0,148,73,-157
-84,-381,0,-38,111,1
-51,-463,0,281,-24,243
-33,-421,0,121,146,281
-128,-459,0,-145,-284,-688
-41,-465,0,-76,68,-161
-93,-418,0,-213,-33,95
-157,-437,0,77,152,251
-126,-460,0,338,196,7
-203,-556,0,430,96,318
-165,-513,0,-52,-11,-64
-202,-470,0,220,-6,195
-150,-511,0,144,194,201
-71,-556,0,125,-416,78
-231,-583,0,-38,-579,-108
-155,-574,0,75,144,-208
-46,-592,0,57,306,-126
-157,-473,0,-119,4,173
-107,-521,0,-57,-247,326
-156,-590,0,-66,-125,35
-80,-356,0,276,126,337
-149,-367,0,-44,76,304
-88,-405,0,-137,-354,151
-99,-474,0,203,239,51
-88,-344,0,-158,134,-277
-80,-521,0,-90,212,220
23,-318,0,302,212,181
-26,-306,0,-83,304,113
15,-251,0,-158,151,123
-2,-194,0,98,135,-239
38,-159,0,362,191,130
36,-143,0,71,154,-104
69,-100,0,2,30,25
159,-74,0,62,168,-63
73,-113,0,-114,-261,204
96,-69,0,262,-16,-24
175,46,0,-93,-178,-56
194,-78,0,244,216,341
206,13,0,-127,435,80
116,-11,0,286,-16,19
59,-51,0,170,-91,63
73,61,0,391,-204,40
147,-5,0,-177,-316,93
148,48,0,201,83,-246
170,120,0,64,80,-189
196,23,0,-215,-263,-207
136,48,0,10,55,-219
335,81,0,141,357,408
25,25,0,348,287,-203
149,31,0,141,187,-153
175,15,0,-46,13,262
127,-126,0,289,-120,260
84,15,0,-531,-275,-233
194,-57,0,74,172,177
95,-173,0,-55,-264,16
86,-79,0,85,255,-60
171,-188,0,229,-277,-100
38,-134,0,-43,54,-244
-44,-283,0,-38,-35,281
55,-324,0,-190,189,-299
-1,-344,0,-17,97,59
-85,-300,0,-67,37,-387
34,-329,0,-77,44,-354
-37,-314,0,-212,-53,-9
-84,-295,0,507,169,64
-48,-447,0,277,-218,81
-201,-412,0,-119,168,-96
-32,-554,0,-446,165,-18
-148,-512,0,40,63,101
-129,-552,0,-358,-238,395
-165,-626,0,-72,-0,-152
9,-541,0,-125,-236,58
-165,-527,0,-133,-26,-29
-170,-526,0,215,314,-152
-139,-633,0,-59,134,16
-248,-492,0,60,308,42
-144,-596,0,-70,-167,120
-67,-469,0,-100,114,-742
-65,-525,0,-355,-177,298
-81,-585,0,303,141,243
-66,-576,0,86,70,-106
-204,-494,0,-56,3,-137
-165,-484,0,-308,76,-93
-192,-433,0,371,-345,192
-77,-380,0,-517,-260,-156
-11,-445,0,-9,-93,-277
-105,-434,0,78,-702,282
-56,-304,0,263,-79,151
-97,-330,0,-251,110,-110
-1,-385,0,115,-23,-159
-81,-270,0,-51,402,-105
-75,-305,0,176,-206,231
82,-205,0,78,100,-6
12,-191,0,157,-23,-274
99,-153,0,-121,135,-186
87,-96,0,-161,-103,-422
70,-170,0,3,-242,140
72,-46,0,66,55,-17
39,-95,0,-357,187,50
113,-108,0,-156,238,413
105,-50,0,-79,139,-274
150,32,0,372,147,-246
96,-23,0,50,-2,258
133,-66,0,71,-93,30
160,-18,0,54,-266,-23
194,49,0,264,-202,224
161,106,0,-498,443,40
195,-64,0,-366,-136,-312
132,-1,0,-160,161,-175
158,128,0,-24,268,-87
140,-13,0,306,105,28
34,-24,0,-100,10,-98
25,26,0,-107,-70,47
166,33,0,40,-134,12
134,-6,0,465,168,59
112,-95,0,-306,-514,-165
130,-133,0,-56,-136,-48
47,-224,0,24,-87,291
7,-190,0,232,-147,86
40,-170,0,-107,-77,202
-3,-186,0,185,-270,200
-4,-237,0,-220,114,-360
-75,-305,0,299,-100,-22
-92,-212,0,-487,77,-55
53,-397,0,20,47,99
-106,-394,0,5,-416,193
-75,-348,0,172,264,171
-134,-446,0,112,197,-21
-25,-473,0,112,545,-201
-174,-397,0,85,101,120
-134,-575,0,-40,-208,87
-86,-536,0,-27,-106,79
-135,-487,0,124,-9,229
-117,-557,0,-48,48,-84
-177,-461,0,65,120,19
-128,-568,0,354,186,112
-270,-541,0,-138,-309,59
-259,-519,0,26,182,160
-136,-557,0,-395,8,260
-23,-546,0,86,-227,12
-77,-631,0,-342,-443,-258
-181,-542,0,-35,159,119
-68,-602,0,-231,272,281
-199,-462,0,-64,28,1
-119,-515,0,126,22,-139
-83,-354,0,-235,219,-226
-112,-370,0,88,312,-223
-130,-457,0,-71,-240,137
-43,-499,0,37,-22,132
-70,-296,0,215,-264,-43
28,-286,0,19,136,285
-63,-281,0,-185,8,-21
1,-331,0,-69,-154,-107
64,-163,0,-148,-1,-302
1,-190,0,-165,-38,106
43,-219,0,210,-56,-92
98,-203,0,167,-224,-192
78,-132,0,-279,-96,-57
29,-83,0,-104,68,39
87,-67,0,283,-24,113
155,-23,0,-200,127,171
96,7,0,-186,262,7
112,44,0,-80,229,-65
90,-1,0,-269,-229,7
149,14,0,121,-198,22
147,-12,0,-68,38,-295
136,80,0,-130,-214,-288
196,10,0,-46,-26,-243
177,33,0,-62,-289,-160
103,132,0,238,-465,295
128,-18,0,298,-176,50
89,44,0,131,-233,253
77,-14,0,-269,46,-170
141,-74,0,103,-116,-324
152,-15,0,-116,-28,-103
49,48,0,144,-103,-85
100,-97,0,-334,123,73
15,-88,0,484,495,-153
41,-148,0,181,47,101
56,-84,0,-202,297,-319
72,-144,0,-320,-258,85
-2,-327,0,394,276,-319
57,-225,0,101,249,43
26,-342,0,36,-9,247
-79,-239,0,-32,-180,-54
-109,-361,0,44,-71,-238
-95,-360,0,-364,1,232
-32,-404,0,-42,-186,-342
-61,-435,0,-112,-475,307
-135,-377,0,-238,30,-258
-160,-451,0,-44,168,246
-199,-516,0,-89,-85,208
-64,-554,0,427,-138,211
-97,-580,0,-40,203,-184
-67,-471,0,435,-62,140
-283,-504,0,-153,47,111
-120,-551,0,33,-171,234
-172,-552,0,68,1,-41
-112,-564,0,-226,173,-93
-119,-507,0,-73,-266,376
-100,-501,0,-105,440,83
-197,-412,0,-100,3,162
-139,-584,0,-64,515,8
-141,-524,0,119,-21,6
-137,-470,0,-87,19,-300
-86,-500,0,81,-167,58
-59,-424,0,-188,-31,-41
-37,-395,0,83,217,111
-146,-366,0,-233,556,289
-71,-321,0,-163,168,298
-21,-313,0,465,-94,-120
23,-326,0,-433,-307,194
36,-267,0,-399,268,-367
51,-217,0,344,-176,218
36,-187,0,6,-11,396
-17,-284,0,54,-189,-36
40,-178,0,-99,11,-129
26,-135,0,338,451,183
83,-147,0,-44,-246,102
-36,-102,0,108,-73,12
138,-94,0,-92,-202,-217
148,-12,0,-172,-106,-186
150,-155,0,31,-108,105
179,86,0,253,19,100
63,24,0,-13,-125,339
161,18,0,63,150,-322
159,113,0,-8,41,-158
184,52,0,-547,95,-182
144,42,0,211,4,85
204,-23,0,-33,-119,-103
183,63,0,53,54,-1
98,91,0,-16,-266,201
3,80,0,-146,-30,160
133,59,0,265,-176,-12
101,3,0,-105,10,141
78,20,0,402,-312,38
163,-1,0,-76,-134,235
121,-126,0,233,-413,313
54,-171,0,160,-34,-158
56,-68,0,64,206,8
-11,-203,0,60,170,-54
108,-167,0,-244,286,-55
-12,-176,0,353,-58,-156
47,-192,0,85,-26,-66
36,-218,0,57,16,-257
-23,-228,0,-192,-66,60
91,-379,0,15,93,-66
-27,-325,0,-36,134,34
-32,-319,0,-92,54,-184
-62,-351,0,340,-161,35
-152,-421,0,-68,35,312
-4,-462,0,-101,159,-304
-104,-393,0,-347,-9,61
-102,-567,0,-290,51,295
-97,-483,0,195,-45,111
-221,-622,0,-19,-91,98
-158,-565,0,1,189,87
-59,-529,0,14,-43,-194
-160,-472,0,-350,163,62
-220,-589,0,48,66,-112
-68,-566,0,-116,-98,-306
-113,-504,0,202,41,144
-135,-573,0,-37,219,-262
-213,-540,0,281,-208,-119
-81,-506,0,145,-188,-42
-146,-516,0,295,418,90
-149,-581,0,-62,-298,149
-233,-482,0,-147,147,8
-159,-497,0,-85,328,-158
-137,-419,0,-27,553,40
-123,-414,0,20,117,72
-118,-394,0,-237,196,-141
-33,-312,0,94,41,-61
-41,-373,0,309,-253,109
-55,-239,0,458,289,-5
21,-295,0,-344,-24,27
-4,-243,0,180,89,-107
-33,-200,0,-60,327,-260
-82,-237,0,-295,82,51
95,-172,0,104,-74,205
73,45,0,403,170,-166
54,-171,0,-7,-244,38
62,-104,0,145,-66,-579
121,-66,0,-173,-100,96
92,4,0,43,-194,-149
177,45,0,152,56,-37
127,21,0,354,47,205
-19,58,0,191,61,-132
111,141,0,-544,385,-4
45,30,0,333,-145,-349
34,-15,0,-330,-233,-113
182,64,0,-238,90,-181
142,147,0,77,-113,-34
157,46,0,79,-253,87
181,73,0,-6,18,139
241,29,0,39,187,287
42,16,0,9,-137,-352
58,0,0,355,151,60
187,-51,0,-542,326,95
172,-64,0,108,160,98
124,-34,0,201,44,196
39,-65,0,133,-124,25
57,-71,0,-336,-93,390
-38,-75,0,97,59,-309
26,-196,0,180,-79,138
55,-244,0,-358,-250,-208
30,-234,0,104,122,-81
-5,-225,0,456,273,142
68,-313,0,52,-9,-13
4,-322,0,12,-6,-13
-89,-284,0,134,-32,113
-48,-435,0,227,165,-41
-51,-493,0,-40,36,-154
-113,-471,0,42,-250,-128
-122,-496,0,160,100,-177
-151,-428,0,479,104,-12
-73,-483,0,-80,-19,-141
-158,-533,0,27,-3,-178
-149,-596,0,-159,-348,-80
-215,-591,0,112,-28,-258
-133,-591,0,-260,104,-36
-126,-647,0,380,388,-17
-101,-550,0,117,-303,-24
-118,-572,0,-285,-155,-96
-184,-549,0,232,-20,108
-226,-537,0,-138,-286,-225
-220,-515,0,232,46,-93
-82,-461,0,-24,-295,-356
-52,-501,0,30,258,233
-161,-410,0,185,110,43
-125,-474,0,18,70,-54
-37,-567,0,23,126,15
-72,-389,0,-95,-115,-250
33,-348,0,-173,-407,122
-58,-321,0,205,670,-333
26,-262,0,10,112,82
-51,-215,0,170,229,-118
20,-163,0,-26,513,-78
-14,-231,0,-196,48,-56
-11,-200,0,-4,122,261
-39,-124,0,-134,276,-97
78,-181,0,221,158,25
35,-115,0,-385,83,66
99,-62,0,4,-3,-72
180,-28,0,221,-156,200
114,-72,0,-4,-21,-67
218,-86,0,-243,271,102
28,13,0,107,118,28
160,-4,0,-12,56,-169
68,-11,0,-219,231,-121
181,110,0,59,186,15
146,72,0,13,40,-201
208,-88,0,39,-112,75
36,43,0,-232,171,58
196,9,0,154,-121,-249
122,64,0,219,154,-17
178,32,0,-365,57,-309
48,12,0,339,-149,90
134,-35,0,-32,90,68
10,-35,0,-169,-49,-26
54,-42,0,47,164,65
150,-86,0,-165,-226,5
57,-163,0,-268,11,48
48,-173,0,-144,-9,174
62,-159,0,-72,21,98
