-11,-21,283,0,0,0
-3,10,252,0,1,0
-34,1,251,0,2,0
-21,10,279,0,4,0
13,-3,250,0,5,0
-23,10,242,0,6,0
23,-25,239,0,7,0
9,-1,259,0,8,0
31,-11,260,0,9,0
-3,-22,302,0,11,0
11,-7,255,0,12,0
8,0,316,0,13,0
36,-1,279,0,14,0
-5,11,276,0,15,0
37,18,271,0,16,0
50,29,284,0,17,0
21,22,293,0,19,0
63,-1,273,0,20,0
63,-18,263,0,21,0
9,-1,250,0,22,0
55,-36,276,0,23,0
31,32,303,0,24,0
40,-5,291,0,25,0
59,4,264,0,26,0
53,11,274,0,27,0
37,10,297,0,28,0
47,-13,294,0,29,0
53,-22,278,0,30,0
56,-23,313,0,31,0
43,-5,292,0,32,0
67,-9,284,0,33,0
48,-20,277,0,34,0
77,-16,274,0,34,0
90,10,284,0,35,0
76,-13,321,0,36,0
37,1,295,0,37,0
114,7,308,0,38,0
78,15,263,0,38,0
77,2,313,0,39,0
72,-26,339,0,40,0
63,2,325,0,41,0
91,-16,283,0,41,0
82,-2,319,0,42,0
105,-47,294,0,43,0
86,8,304,0,43,0
105,-25,329,0,44,0
101,6,290,0,44,0
57,43,277,0,45,0
93,-27,317,0,45,0
71,12,323,0,46,0
81,2,330,0,46,0
114,13,318,0,47,0
101,21,303,0,47,0
122,1,297,0,48,0
111,21,306,0,48,0
87,3,297,0,48,0
106,-21,317,0,49,0
74,35,336,0,49,0
114,5,318,0,49,0
97,27,334,0,49,0
103,-5,280,0,49,0
112,31,329,0,50,0
85,11,318,0,50,0
60,-18,342,0,50,0
115,-11,302,0,50,0
110,-3,285,0,50,0
119,-2,312,0,50,0
110,2,276,0,50,0
125,2,292,0,50,0
99,13,293,0,50,0
110,6,284,0,50,0
95,3,326,0,50,0
117,-19,277,0,50,0
86,11,354,0,49,0
107,-31,326,0,49,0
102,-11,281,0,49,0
95,21,301,0,49,0
106,-1,323,0,48,0
123,35,298,0,48,0
121,-10,271,0,48,0
93,35,299,0,47,0
97,3,267,0,47,0
130,11,284,0,47,0
110,23,332,0,46,0
89,-4,283,0,46,0
61,-15,330,0,45,0
89,-14,302,0,45,0
91,-31,292,0,44,0
105,-18,318,0,43,0
126,1,298,0,43,0
71,20,282,0,42,0
64,32,332,0,42,0
91,41,300,0,41,0
98,-6,293,0,40,0
89,-10,344,0,40,0
49,16,315,0,39,0
59,-35,299,0,38,0
100,-32,325,0,37,0
70,-48,290,0,36,0
81,4,302,0,36,0
30,6,261,0,35,0
59,19,285,0,34,0
49,24,295,0,33,0
73,38,302,0,32,0
53,-18,282,0,31,0
54,7,305,0,30,0
61,-26,280,0,29,0
19,-10,286,0,28,0
104,-2,287,0,27,0
77,-16,275,0,26,0
49,3,311,0,25,0
28,43,244,0,24,0
45,8,263,0,23,0
37,-10,289,0,22,0
8,3,293,0,21,0
13,-2,288,0,20,0
1,21,275,0,19,0
75,10,308,0,18,0
17,38,267,0,17,0
29,23,252,0,16,0
19,16,274,0,15,0
41,-3,269,0,13,0
27,-27,261,0,12,0
33,1,288,0,11,0
1,-16,242,0,10,0
25,19,266,0,9,0
17,-8,226,0,8,0
43,10,252,0,6,0
18,-19,269,0,5,0
-6,14,258,0,4,0
26,-32,268,0,3,0
8,5,272,0,2,0
0,-17,252,0,1,0
-1,8,271,0,-1,0
8,-5,256,0,-2,0
-15,9,245,0,-3,0
3,-3,243,0,-4,0
-16,-16,289,0,-5,0
-9,16,200,0,-7,0
-6,-14,220,0,-8,0
-36,-37,245,0,-9,0
-13,-5,223,0,-10,0
-38,-21,257,0,-11,0
-29,58,241,0,-12,0
0,5,239,0,-14,0
-35,-24,270,0,-15,0
-41,13,233,0,-16,0
-47,-6,272,0,-17,0
-56,21,219,0,-18,0
-28,-49,273,0,-19,0
-82,8,237,0,-20,0
-34,-36,223,0,-21,0
-59,-1,218,0,-22,0
-65,13,210,0,-23,0
-26,-9,207,0,-24,0
-51,15,214,0,-25,0
-53,-7,219,0,-26,0
-13,-20,230,0,-27,0
-47,1,210,0,-28,0
-42,-6,238,0,-29,0
-32,-17,186,0,-30,0
-53,-6,258,0,-31,0
-100,-7,221,0,-32,0
-79,4,234,0,-33,0
-87,39,211,0,-34,0
-96,8,223,0,-35,0
-67,18,217,0,-36,0
-30,-38,224,0,-37,0
-68,2,215,0,-37,0
-64,34,203,0,-38,0
-86,-9,221,0,-39,0
-83,-13,178,0,-40,0
-95,18,230,0,-40,0
-81,17,191,0,-41,0
-100,-10,187,0,-42,0
-114,-26,208,0,-42,0
-58,18,234,0,-43,0
-38,26,194,0,-44,0
-92,-38,218,0,-44,0
-91,23,241,0,-45,0
-87,-8,229,0,-45,0
-93,-14,202,0,-46,0
-92,-3,219,0,-46,0
-75,-36,214,0,-47,0
-80,17,214,0,-47,0
-69,-8,200,0,-47,0
-78,-16,208,0,-48,0
-95,16,206,0,-48,0
-87,-14,215,0,-48,0
-82,37,208,0,-49,0
-84,9,176,0,-49,0
-129,-7,196,0,-49,0
-63,8,175,0,-49,0
-112,-11,197,0,-50,0
-100,17,209,0,-50,0
-113,17,244,0,-50,0
-91,-18,236,0,-50,0
-106,12,243,0,-50,0
-88,14,203,0,-50,0
-99,24,227,0,-50,0
-116,-6,191,0,-50,0
-89,-8,217,0,-50,0
-67,-16,196,0,-50,0
-64,-16,197,0,-50,0
-103,20,235,0,-50,0
-103,23,231,0,-49,0
-107,12,216,0,-49,0
-102,-3,185,0,-49,0
-85,30,204,0,-49,0
-80,-2,200,0,-49,0
-106,-14,256,0,-48,0
-80,17,187,0,-48,0
-99,-20,229,0,-48,0
-125,-13,222,0,-47,0
-137,-9,215,0,-47,0
-92,-6,228,0,-46,0
-108,34,217,0,-46,0
-68,0,229,0,-45,0
-103,37,223,0,-45,0
-97,-43,234,0,-44,0
-124,-16,200,0,-44,0
-77,-24,223,0,-43,0
-73,-25,202,0,-43,0
-103,-9,194,0,-42,0
-62,17,213,0,-41,0
-92,42,203,0,-41,0
-80,-1,214,0,-40,0
-91,-4,196,0,-39,0
-52,21,248,0,-38,0
-59,5,206,0,-38,0
-41,31,198,0,-37,0
-78,8,230,0,-36,0
-26,-1,200,0,-35,0
-72,-5,220,0,-34,0
-42,6,252,0,-33,0
-106,27,241,0,-33,0
-54,-1,211,0,-32,0
-51,51,246,0,-31,0
-52,45,244,0,-30,0
-27,36,218,0,-29,0
-91,2,250,0,-28,0
-16,29,237,0,-27,0
-34,-10,207,0,-26,0
-37,-7,232,0,-25,0
-60,-6,224,0,-24,0
-18,0,256,0,-23,0
-35,35,263,0,-22,0
-32,-18,227,0,-21,0
-50,-37,246,0,-20,0
-38,7,218,0,-18,0
-77,48,211,0,-17,0
-49,12,256,0,-16,0
-38,-5,269,0,-15,0
4,20,255,0,-14,0
-7,29,263,0,-13,0
-35,-2,223,0,-12,0
-12,-32,255,0,-10,0
-21,-17,245,0,-9,0
-5,-5,228,0,-8,0
15,34,245,0,-7,0
-4,-4,279,0,-6,0
16,-21,243,0,-5,0
4,-25,228,0,-3,0
-30,14,259,0,-2,0
-19,9,237,0,-1,0
40,8,259,0,0,0
-34,6,262,0,1,0
51,9,292,0,2,0
-4,12,229,0,4,0
-42,-24,223,0,5,0
19,-44,238,0,6,0
20,-3,259,0,7,0
13,-10,268,0,8,0
16,43,300,0,10,0
18,19,262,0,11,0
54,-12,266,0,12,0
45,26,308,0,13,0
22,21,274,0,14,0
17,9,267,0,15,0
65,24,308,0,16,0
28,33,252,0,18,0
40,-13,293,0,19,0
65,15,281,0,20,0
27,-0,307,0,21,0
68,-47,269,0,22,0
14,-10,268,0,23,0
87,-12,263,0,24,0
17,44,307,0,25,0
41,53,321,0,26,0
53,5,264,0,27,0
69,-36,269,0,28,0
28,8,307,0,29,0
80,7,297,0,30,0
40,5,266,0,31,0
98,-7,262,0,32,0
40,27,296,0,33,0
49,-12,283,0,34,0
32,-8,286,0,34,0
72,-15,303,0,35,0
86,16,280,0,36,0
46,3,292,0,37,0
50,10,280,0,38,0
39,2,297,0,39,0
102,-10,263,0,39,0
65,-7,296,0,40,0
70,38,288,0,41,0
71,-35,307,0,41,0
106,-10,275,0,42,0
90,23,274,0,43,0
58,13,338,0,43,0
101,1,289,0,44,0
81,-20,291,0,44,0
105,12,298,0,45,0
86,-38,311,0,45,0
98,-4,303,0,46,0
47,-32,276,0,46,0
88,3,301,0,47,0
100,29,302,0,47,0
78,21,287,0,48,0
87,4,270,0,48,0
113,23,308,0,48,0
107,7,317,0,49,0
109,-6,312,0,49,0
76,-11,327,0,49,0
137,14,286,0,49,0
116,-9,268,0,49,0
115,-2,308,0,50,0
93,12,315,0,50,0
80,11,325,0,50,0
83,14,304,0,50,0
127,21,297,0,50,0
86,-12,316,0,50,0
124,1,309,0,50,0
82,-31,300,0,50,0
112,32,283,0,50,0
65,32,308,0,50,0
71,14,288,0,50,0
88,16,281,0,50,0
118,14,286,0,49,0
96,15,317,0,49,0
133,-12,306,0,49,0
121,-12,275,0,49,0
63,7,334,0,48,0
101,-20,297,0,48,0
90,4,274,0,48,0
94,-51,303,0,47,0
80,13,295,0,47,0
87,5,302,0,47,0
69,20,283,0,46,0
90,18,303,0,46,0
95,-21,322,0,45,0
77,7,272,0,45,0
70,-1,313,0,44,0
92,20,296,0,43,0
87,-8,267,0,43,0
69,-25,292,0,42,0
76,8,299,0,42,0
83,-20,292,0,41,0
65,-18,293,0,40,0
75,33,312,0,39,0
70,-31,268,0,39,0
35,-11,293,0,38,0
74,-12,343,0,37,0
63,15,322,0,36,0
104,12,300,0,36,0
95,-22,275,0,35,0
77,19,313,0,34,0
66,31,275,0,33,0
61,13,273,0,32,0
9,40,266,0,31,0
88,10,245,0,30,0
69,-3,254,0,29,0
61,2,282,0,28,0
73,-14,245,0,27,0
57,28,285,0,26,0
57,17,279,0,25,0
47,9,289,0,24,0
65,23,282,0,23,0
37,11,296,0,22,0
46,-7,268,0,21,0
-17,25,266,0,20,0
79,7,283,0,19,0
13,-6,290,0,18,0
3,9,290,0,17,0
66,-28,309,0,16,0
15,-25,278,0,14,0
15,27,260,0,13,0
30,6,313,0,12,0
13,-1,249,0,11,0
22,-0,269,0,10,0
2,-0,276,0,9,0
42,-0,264,0,8,0
16,9,254,0,6,0
24,-0,245,0,5,0
-30,8,230,0,4,0
21,12,248,0,3,0
20,-22,261,0,2,0
4,-37,234,0,0,0
43,-1,277,0,-1,0
-23,19,251,0,-2,0
0,0,264,0,-3,0
-4,-18,250,0,-4,0
-9,-5,274,0,-5,0
-16,16,295,0,-7,0
1,2,238,0,-8,0
22,-2,224,0,-9,0
-44,-2,214,0,-10,0
-13,-6,256,0,-11,0
-67,24,214,0,-12,0
-21,-26,264,0,-14,0
-36,-1,223,0,-15,0
-26,-1,245,0,-16,0
-34,-44,231,0,-17,0
-58,-13,208,0,-18,0
-24,20,242,0,-19,0
-45,-9,196,0,-20,0
-24,6,246,0,-21,0
-74,-18,226,0,-22,0
-84,33,251,0,-23,0
-76,22,231,0,-25,0
-58,-0,226,0,-26,0
-64,17,218,0,-27,0
-76,7,243,0,-28,0
-43,-15,201,0,-29,0
-102,-16,188,0,-30,0
-69,1,225,0,-30,0
-79,11,216,0,-31,0
-84,-12,217,0,-32,0
-48,-68,202,0,-33,0
-103,-18,234,0,-34,0
-71,23,230,0,-35,0
-51,-18,230,0,-36,0
-63,-29,194,0,-37,0
-98,-1,192,0,-37,0
-58,-18,205,0,-38,0
-63,4,208,0,-39,0
-80,-6,227,0,-40,0
-63,11,199,0,-40,0
-81,11,192,0,-41,0
-107,-12,198,0,-42,0
-96,-37,177,0,-42,0
-52,10,205,0,-43,0
-96,24,254,0,-44,0
-98,19,219,0,-44,0
-100,-7,196,0,-45,0
-79,-9,210,0,-45,0
-128,14,233,0,-46,0
-119,5,202,0,-46,0
-105,15,233,0,-47,0
-105,27,192,0,-47,0
-89,6,202,0,-47,0
-81,-27,217,0,-48,0
-63,-9,193,0,-48,0
-124,-16,214,0,-48,0
-71,-2,191,0,-49,0
-88,-30,186,0,-49,0
-99,-44,230,0,-49,0
-109,3,235,0,-49,0
-109,-27,198,0,-50,0
-97,-31,195,0,-50,0
-100,10,241,0,-50,0
-143,27,176,0,-50,0
-119,-15,238,0,-50,0
-78,38,216,0,-50,0
-78,1,189,0,-50,0
-82,-24,177,0,-50,0
-89,-7,198,0,-50,0
-109,-8,231,0,-50,0
-174,17,202,0,-50,0
-79,29,155,0,-50,0
-134,-12,193,0,-49,0
-99,-17,205,0,-49,0
-119,-7,203,0,-49,0
-113,-39,217,0,-49,0
-81,-23,225,0,-48,0
-98,17,225,0,-48,0
-114,-4,198,0,-48,0
-88,19,183,0,-47,0
-96,-4,209,0,-47,0
-77,-19,210,0,-47,0
-109,-2,257,0,-46,0
-76,-11,182,0,-46,0
-113,6,206,0,-45,0
-82,-10,229,0,-45,0
-99,32,190,0,-44,0
-76,-34,255,0,-44,0
-72,26,240,0,-43,0
-96,13,232,0,-43,0
-92,-16,201,0,-42,0
-82,-16,207,0,-41,0
-59,-24,243,0,-41,0
-81,-13,224,0,-40,0
-56,-2,188,0,-39,0
-69,-2,256,0,-38,0
-82,-32,222,0,-38,0
-67,3,239,0,-37,0
-81,-6,264,0,-36,0
-103,-6,217,0,-35,0
-85,34,211,0,-34,0
-61,19,207,0,-33,0
-57,17,202,0,-33,0
-79,20,245,0,-32,0
-48,5,259,0,-31,0
-89,2,226,0,-30,0
-58,-39,219,0,-29,0
-63,-27,194,0,-28,0
-59,-55,240,0,-27,0
-44,2,228,0,-26,0
-52,-1,232,0,-25,0
-4,11,227,0,-24,0
-39,18,246,0,-23,0
-27,0,258,0,-22,0
-50,-31,258,0,-21,0
-59,0,232,0,-19,0
-45,-39,245,0,-18,0
-36,-4,209,0,-17,0
-63,-4,259,0,-16,0
-40,20,285,0,-15,0
-66,-8,209,0,-14,0
-69,-41,223,0,-13,0
-44,-41,274,0,-12,0
-48,-13,254,0,-10,0
-35,9,246,0,-9,0
-25,-5,270,0,-8,0
-40,22,244,0,-7,0
-12,-40,241,0,-6,0
8,-6,220,0,-5,0
-4,-30,254,0,-3,0
6,9,270,0,-2,0
-43,17,244,0,-1,0
12,-33,265,0,0,0
-4,-2,262,0,1,0
34,-9,291,0,3,0
20,30,271,0,4,0
34,-6,251,0,5,0
47,-2,260,0,6,0
23,-4,273,0,7,0
30,-9,292,0,8,0
17,-23,272,0,10,0
32,4,259,0,11,0
48,-9,250,0,12,0
22,-8,250,0,13,0
13,4,279,0,14,0
42,-2,284,0,15,0
33,-32,260,0,16,0
22,-1,265,0,18,0
25,-6,278,0,19,0
-5,-19,281,0,20,0
14,-22,266,0,21,0
57,4,286,0,22,0
49,-10,324,0,23,0
19,-4,226,0,24,0
23,5,290,0,25,0
40,15,289,0,26,0
29,12,281,0,27,0
39,-16,282,0,28,0
27,1,309,0,29,0
54,11,265,0,30,0
46,-15,314,0,31,0
74,43,285,0,32,0
42,8,302,0,33,0
49,27,291,0,34,0
69,-9,308,0,35,0
62,33,315,0,35,0
75,10,302,0,36,0
54,-0,315,0,37,0
80,-18,286,0,38,0
78,3,297,0,39,0
62,7,354,0,39,0
92,20,303,0,40,0
50,-12,289,0,41,0
76,-54,307,0,41,0
87,16,305,0,42,0
55,1,301,0,43,0
134,-36,314,0,43,0
106,-12,272,0,44,0
96,-1,274,0,44,0
112,17,294,0,45,0
134,-4,311,0,45,0
75,12,343,0,46,0
89,-27,292,0,46,0
90,-16,310,0,47,0
74,23,336,0,47,0
112,-26,301,0,48,0
108,10,342,0,48,0
95,-1,297,0,48,0
133,10,320,0,49,0
98,-1,309,0,49,0
82,-31,329,0,49,0
126,-1,323,0,49,0
100,-15,320,0,49,0
64,1,309,0,50,0
110,-3,286,0,50,0
93,4,319,0,50,0
120,25,313,0,50,0
97,-5,301,0,50,0
134,20,300,0,50,0
119,-27,316,0,50,0
82,-10,279,0,50,0
98,12,268,0,50,0
87,14,296,0,50,0
96,24,332,0,50,0
79,31,297,0,50,0
75,10,318,0,49,0
103,-14,310,0,49,0
94,-34,347,0,49,0
119,1,321,0,49,0
66,12,329,0,48,0
96,8,315,0,48,0
81,-6,314,0,48,0
81,9,303,0,47,0
82,-14,309,0,47,0
106,15,322,0,46,0
102,-1,274,0,46,0
124,8,296,0,46,0
89,-17,293,0,45,0
108,12,273,0,45,0
54,-2,306,0,44,0
64,3,276,0,43,0
65,-16,308,0,43,0
78,-36,285,0,42,0
106,11,299,0,42,0
107,15,342,0,41,0
66,-0,285,0,40,0
43,6,324,0,39,0
63,-1,302,0,39,0
57,19,304,0,38,0
60,15,260,0,37,0
82,-11,293,0,36,0
40,7,271,0,36,0
34,15,295,0,35,0
75,-11,285,0,34,0
73,3,294,0,33,0
50,-17,278,0,32,0
90,-3,294,0,31,0
31,4,301,0,30,0
64,10,288,0,29,0
42,-11,299,0,28,0
11,1,291,0,27,0
70,-14,277,0,26,0
52,-45,318,0,25,0
22,-13,280,0,24,0
44,11,298,0,23,0
54,-9,253,0,22,0
10,-6,280,0,21,0
60,-41,286,0,20,0
2,-12,281,0,19,0
61,40,256,0,18,0
42,9,254,0,17,0
35,34,265,0,16,0
53,25,289,0,14,0
30,-20,244,0,13,0
6,-28,246,0,12,0
13,48,263,0,11,0
31,5,284,0,10,0
37,-18,275,0,9,0
2,-11,269,0,7,0
10,1,259,0,6,0
0,6,281,0,5,0
-0,-7,249,0,4,0
21,3,242,0,3,0
37,17,275,0,2,0
-14,-8,274,0,0,0
3,-10,267,0,-1,0
-10,-29,232,0,-2,0
14,1,249,0,-3,0
-23,-3,287,0,-4,0
-15,-11,254,0,-6,0
50,-20,229,0,-7,0
-20,-3,220,0,-8,0
-20,-6,263,0,-9,0
-4,10,268,0,-10,0
-15,0,240,0,-11,0
-14,-34,217,0,-13,0
6,-29,264,0,-14,0
7,2,249,0,-15,0
12,41,249,0,-16,0
-42,19,224,0,-17,0
-28,2,229,0,-18,0
-2,3,217,0,-19,0
-33,-16,244,0,-20,0
-32,2,244,0,-21,0
-67,4,241,0,-23,0
-36,-20,242,0,-24,0
-47,-15,203,0,-25,0
-54,26,215,0,-26,0
-72,-3,206,0,-27,0
-60,26,241,0,-28,0
-81,17,191,0,-29,0
-40,19,215,0,-30,0
-22,9,216,0,-31,0
-65,-19,211,0,-31,0
-68,16,212,0,-32,0
-85,12,212,0,-33,0
-86,6,214,0,-34,0
-98,-9,220,0,-35,0
-47,-3,223,0,-36,0
-63,4,249,0,-37,0
-74,9,228,0,-37,0
-86,27,194,0,-38,0
-118,15,210,0,-39,0
-89,6,203,0,-40,0
-50,-7,227,0,-40,0
-70,24,227,0,-41,0
-79,-2,223,0,-42,0
-83,17,180,0,-42,0
-92,-32,235,0,-43,0
-95,-35,205,0,-44,0
-68,3,183,0,-44,0
-65,5,226,0,-45,0
-127,-2,209,0,-45,0
-126,-36,226,0,-46,0
-72,-18,184,0,-46,0
-104,3,239,0,-47,0
-85,-17,216,0,-47,0
-100,-12,240,0,-47,0
-98,-1,207,0,-48,0
-91,-21,243,0,-48,0
-114,18,207,0,-48,0
-114,15,225,0,-49,0
-109,24,187,0,-49,0
-93,25,172,0,-49,0
-87,-15,196,0,-49,0
-118,13,182,0,-50,0
-128,-33,216,0,-50,0
-132,20,193,0,-50,0
-66,8,205,0,-50,0
-107,25,211,0,-50,0
-123,-16,234,0,-50,0
-97,-39,217,0,-50,0
-102,10,256,0,-50,0
-79,5,200,0,-50,0
-61,-5,209,0,-50,0
-96,-8,207,0,-50,0
-57,21,203,0,-50,0
-120,35,228,0,-49,0
-115,-2,163,0,-49,0
-104,-6,220,0,-49,0
-121,1,233,0,-49,0
-64,-6,194,0,-48,0
-64,-7,226,0,-48,0
-84,2,232,0,-48,0
-71,29,205,0,-47,0
-87,-7,191,0,-47,0
-92,-13,194,0,-47,0
-85,-12,188,0,-46,0
-84,-2,240,0,-46,0
-63,29,192,0,-45,0
-65,-36,188,0,-45,0
-70,-5,218,0,-44,0
-118,12,213,0,-44,0
-134,-28,242,0,-43,0
-104,-3,191,0,-42,0
-55,-0,221,0,-42,0
-86,-27,233,0,-41,0
-67,-35,231,0,-40,0
-81,31,197,0,-40,0
-64,-16,245,0,-39,0
-47,-8,241,0,-38,0
-88,-39,233,0,-37,0
-73,34,186,0,-37,0
-29,-13,225,0,-36,0
-66,20,205,0,-35,0
-81,7,193,0,-34,0
-60,6,225,0,-33,0
-64,40,224,0,-32,0
-73,38,227,0,-32,0
-67,-48,216,0,-31,0
-45,14,229,0,-30,0
-69,-28,224,0,-29,0
-25,-13,240,0,-28,0
-63,-20,231,0,-27,0
-59,12,252,0,-26,0
-34,6,241,0,-25,0
-47,-7,242,0,-24,0
-83,12,240,0,-23,0
-29,-9,206,0,-22,0
-44,3,260,0,-20,0
-4,7,228,0,-19,0
-17,20,246,0,-18,0
-34,-14,242,0,-17,0
-25,-15,261,0,-16,0
-47,6,236,0,-15,0
-37,-38,260,0,-14,0
-45,-17,252,0,-13,0
-30,-11,229,0,-11,0
-12,-18,261,0,-10,0
-24,18,285,0,-9,0
-27,17,250,0,-8,0
-25,25,255,0,-7,0
8,7,258,0,-6,0
-13,-30,238,0,-4,0
21,-2,289,0,-3,0
57,7,246,0,-2,0
-1,-15,279,0,-1,0
-16,0,260,0,0,0
7,14,225,0,1,0
29,7,248,0,3,0
9,-9,286,0,4,0
-8,7,282,0,5,0
7,21,231,0,6,0
10,20,233,0,7,0
10,-11,261,0,9,0
48,-26,255,0,10,0
-19,14,242,0,11,0
36,-28,288,0,12,0
20,14,259,0,13,0
61,-7,276,0,14,0
65,16,274,0,15,0
47,-36,284,0,17,0
29,-15,287,0,18,0
43,-66,302,0,19,0
8,12,287,0,20,0
92,41,296,0,21,0
52,17,278,0,22,0
44,-7,281,0,23,0
46,-10,292,0,24,0
68,2,332,0,25,0
53,-47,279,0,26,0
50,30,257,0,27,0
83,10,257,0,28,0
72,-11,263,0,29,0
57,26,290,0,30,0
56,-41,227,0,31,0
51,-24,312,0,32,0
83,27,277,0,33,0
92,-16,286,0,34,0
71,-11,297,0,35,0
43,-7,269,0,35,0
56,-29,283,0,36,0
76,30,261,0,37,0
62,6,314,0,38,0
56,-41,278,0,39,0
94,43,305,0,39,0
64,-25,293,0,40,0
56,-19,298,0,41,0
63,16,302,0,41,0
96,-37,292,0,42,0
85,-4,267,0,43,0
70,-23,324,0,43,0
73,7,319,0,44,0
110,9,288,0,44,0
85,2,313,0,45,0
136,1,246,0,46,0
68,15,297,0,46,0
116,-13,313,0,46,0
97,-9,306,0,47,0
83,16,335,0,47,0
133,-27,303,0,48,0
133,48,343,0,48,0
72,20,305,0,48,0
97,-17,306,0,49,0
92,-44,347,0,49,0
57,-21,313,0,49,0
111,5,290,0,49,0
114,-1,293,0,49,0
79,10,290,0,50,0
118,-31,344,0,50,0
138,-7,319,0,50,0
117,9,331,0,50,0
132,10,311,0,50,0
85,-15,287,0,50,0
92,-20,348,0,50,0
102,-14,283,0,50,0
104,19,296,0,50,0
91,-1,327,0,50,0
110,18,313,0,50,0
117,-10,300,0,49,0
95,-16,318,0,49,0
95,-38,317,0,49,0
104,30,332,0,49,0
93,12,316,0,49,0
78,-23,305,0,48,0
102,-19,343,0,48,0
119,-6,286,0,48,0
118,11,301,0,47,0
127,-35,340,0,47,0
72,7,313,0,46,0
93,29,331,0,46,0
106,36,328,0,46,0
108,-0,279,0,45,0
66,16,280,0,44,0
95,23,272,0,44,0
108,-8,311,0,43,0
77,7,301,0,43,0
68,-21,330,0,42,0
57,-5,292,0,41,0
58,-7,291,0,41,0
78,26,297,0,40,0
52,20,282,0,39,0
79,-22,293,0,39,0
111,1,288,0,38,0
77,21,328,0,37,0
93,0,265,0,36,0
49,-2,274,0,35,0
102,23,269,0,35,0
55,-23,304,0,34,0
84,5,258,0,33,0
30,-1,270,0,32,0
68,36,253,0,31,0
42,-23,313,0,30,0
36,3,292,0,29,0
74,-3,299,0,28,0
25,6,280,0,27,0
63,0,269,0,26,0
60,9,314,0,25,0
68,14,294,0,24,0
33,6,284,0,23,0
58,-5,251,0,22,0
41,9,295,0,21,0
68,6,286,0,20,0
66,-32,277,0,19,0
42,2,264,0,18,0
36,-8,234,0,17,0
35,-35,285,0,15,0
41,-39,291,0,14,0
23,-3,252,0,13,0
28,32,259,0,12,0
-2,17,285,0,11,0
49,-0,258,0,10,0
11,14,272,0,9,0
56,25,264,0,7,0
15,7,314,0,6,0
-6,-13,264,0,5,0
38,22,256,0,4,0
24,19,276,0,3,0
22,-2,268,0,1,0
-22,-31,307,0,0,0
-7,18,266,0,-1,0
-24,4,250,0,-2,0
-3,-32,209,0,-3,0
-5,16,274,0,-4,0
21,3,300,0,-6,0
-6,-30,238,0,-7,0
-20,16,248,0,-8,0
-46,15,224,0,-9,0
-17,2,241,0,-10,0
-34,-7,270,0,-11,0
-3,7,245,0,-13,0
-26,-20,225,0,-14,0
-52,-10,238,0,-15,0
-18,-5,238,0,-16,0
26,40,264,0,-17,0
-76,1,251,0,-18,0
-28,49,237,0,-19,0
-92,37,238,0,-20,0
-66,12,241,0,-22,0
-32,-14,225,0,-23,0
-71,-13,249,0,-24,0
-25,-29,239,0,-25,0
-63,-22,253,0,-26,0
-30,-8,203,0,-27,0
-36,50,234,0,-28,0
-90,-20,238,0,-29,0
-68,15,225,0,-30,0
-59,-19,211,0,-31,0
-62,-2,237,0,-32,0
-68,-7,236,0,-32,0
-56,-28,209,0,-33,0
-49,-3,232,0,-34,0
-65,-19,242,0,-35,0
-51,10,216,0,-36,0
-67,-5,223,0,-37,0
-90,-1,225,0,-38,0
-74,21,221,0,-38,0
-61,13,214,0,-39,0
-92,34,214,0,-40,0
-60,13,211,0,-40,0
-93,14,214,0,-41,0
-76,-39,205,0,-42,0
-83,-1,213,0,-42,0
-80,4,203,0,-43,0
-131,-14,213,0,-44,0
-120,-4,208,0,-44,0
-121,-26,198,0,-45,0
-83,7,211,0,-45,0
-120,-0,219,0,-46,0
-70,9,205,0,-46,0
-73,9,221,0,-47,0
-119,51,183,0,-47,0
-78,9,203,0,-47,0
-106,13,211,0,-48,0
-77,-27,217,0,-48,0
-131,15,241,0,-48,0
-109,19,222,0,-49,0
-89,-8,206,0,-49,0
-98,27,231,0,-49,0
-101,-15,206,0,-49,0
-98,9,188,0,-50,0
-91,-19,174,0,-50,0
-81,20,211,0,-50,0
-89,-41,207,0,-50,0
-101,21,208,0,-50,0
-132,-24,213,0,-50,0
-108,-9,198,0,-50,0
-144,13,211,0,-50,0
-90,12,197,0,-50,0
-74,-9,180,0,-50,0
-106,-20,175,0,-50,0
-89,4,238,0,-50,0
-97,19,236,0,-49,0
-122,-10,236,0,-49,0
-105,24,210,0,-49,0
-109,-22,209,0,-49,0
-109,-28,199,0,-48,0
-58,-25,197,0,-48,0
-91,6,209,0,-48,0
-116,-3,194,0,-47,0
-135,0,202,0,-47,0
-97,-6,223,0,-47,0
-160,-22,210,0,-46,0
-95,27,208,0,-46,0
-65,-17,186,0,-45,0
-120,25,199,0,-45,0
-99,-17,233,0,-44,0
-100,-16,193,0,-44,0
-86,26,238,0,-43,0
-84,27,179,0,-42,0
-61,-18,227,0,-42,0
-66,2,172,0,-41,0
-92,35,212,0,-40,0
-80,16,243,0,-40,0
-67,-15,212,0,-39,0
-58,-31,243,0,-38,0
-80,3,187,0,-37,0
-64,13,252,0,-37,0
-54,-17,217,0,-36,0
-59,-30,260,0,-35,0
-67,-30,232,0,-34,0
-82,-7,225,0,-33,0
-44,-8,232,0,-32,0
-61,-8,225,0,-31,0
-81,18,199,0,-31,0
-37,-39,228,0,-30,0
-86,-1,207,0,-29,0
-67,-6,252,0,-28,0
-20,24,229,0,-27,0
-25,-6,241,0,-26,0
-74,-27,251,0,-25,0
-74,-2,256,0,-24,0
-35,-2,214,0,-22,0
-28,-2,212,0,-21,0
-47,2,219,0,-20,0
-8,22,264,0,-19,0
-75,-31,251,0,-18,0
11,-24,248,0,-17,0
-35,33,254,0,-16,0
-46,-23,227,0,-15,0
-34,8,224,0,-14,0
-19,27,247,0,-13,0
-14,20,252,0,-11,0
15,6,243,0,-10,0
-38,13,239,0,-9,0
16,-6,254,0,-8,0
-36,47,264,0,-7,0
16,9,259,0,-6,0
-21,-3,241,0,-4,0
-11,8,257,0,-3,0
-27,3,237,0,-2,0
-21,-32,239,0,-1,0
38,-8,255,0,0,0
-34,7,263,0,2,0
1,15,250,0,3,0
-12,-21,251,0,4,0
44,-10,276,0,5,0
8,-27,255,0,6,0
27,-3,300,0,7,0
39,21,276,0,9,0
67,30,280,0,10,0
36,24,233,0,11,0
25,38,302,0,12,0
-24,19,244,0,13,0
18,-28,234,0,14,0
38,-2,275,0,16,0
13,18,289,0,17,0
7,5,278,0,18,0
48,6,280,0,19,0
39,14,308,0,20,0
63,-0,257,0,21,0
56,4,283,0,22,0
40,9,267,0,23,0
67,25,288,0,24,0
31,7,305,0,25,0
61,17,294,0,26,0
68,-21,289,0,27,0
54,-1,292,0,28,0
50,-5,274,0,29,0
40,11,287,0,30,0
42,-27,287,0,31,0
60,11,298,0,32,0
38,-10,295,0,33,0
43,-1,258,0,34,0
85,-28,273,0,35,0
98,1,297,0,36,0
55,23,270,0,36,0
79,7,279,0,37,0
41,6,307,0,38,0
83,-18,296,0,39,0
71,43,292,0,39,0
85,-3,313,0,40,0
71,-12,303,0,41,0
64,24,303,0,42,0
46,18,329,0,42,0
89,24,299,0,43,0
79,-8,298,0,43,0
106,18,318,0,44,0
102,9,322,0,45,0
87,12,278,0,45,0
122,1,326,0,46,0
85,-2,276,0,46,0
127,1,285,0,46,0
110,-17,304,0,47,0
101,-18,297,0,47,0
87,-5,313,0,48,0
73,15,287,0,48,0
91,21,272,0,48,0
119,-14,328,0,49,0
91,-16,305,0,49,0
128,7,322,0,49,0
89,10,280,0,49,0
82,10,303,0,50,0
70,-8,320,0,50,0
97,29,323,0,50,0
123,14,281,0,50,0
90,-41,306,0,50,0
114,-19,301,0,50,0
96,12,259,0,50,0
110,-8,300,0,50,0
122,-28,345,0,50,0
119,13,276,0,50,0
93,5,303,0,50,0
80,-4,303,0,50,0
109,2,286,0,49,0
68,5,276,0,49,0
70,17,322,0,49,0
56,-10,314,0,49,0
78,2,330,0,49,0
81,40,298,0,48,0
100,1,317,0,48,0
93,-2,288,0,48,0
102,-12,314,0,47,0
109,18,343,0,47,0
76,16,295,0,46,0
79,-14,297,0,46,0
115,-15,310,0,45,0
73,-12,342,0,45,0
102,-10,306,0,44,0
55,3,317,0,44,0
129,-4,298,0,43,0
81,-4,332,0,43,0
91,-26,295,0,42,0
92,27,293,0,41,0
70,-8,324,0,41,0
61,-28,288,0,40,0
93,8,286,0,39,0
56,9,294,0,39,0
96,5,319,0,38,0
49,-1,277,0,37,0
71,4,281,0,36,0
50,8,284,0,35,0
64,-14,295,0,35,0
61,-25,293,0,34,0
61,-7,281,0,33,0
44,-24,277,0,32,0
80,-2,274,0,31,0
24,7,282,0,30,0
49,12,257,0,29,0
84,11,305,0,28,0
88,8,297,0,27,0
35,-13,304,0,26,0
84,-31,297,0,25,0
59,26,278,0,24,0
51,-22,311,0,23,0
49,36,278,0,22,0
38,-37,287,0,21,0
1,21,299,0,20,0
24,34,264,0,19,0
50,-47,275,0,18,0
51,-13,285,0,16,0
27,20,293,0,15,0
-5,16,254,0,14,0
-0,21,278,0,13,0
34,5,271,0,12,0
-10,56,275,0,11,0
21,39,267,0,10,0
51,23,250,0,8,0
29,31,275,0,7,0
17,10,250,0,6,0
6,-17,282,0,5,0
14,-15,272,0,4,0
-1,20,284,0,3,0
15,-18,228,0,1,0
38,1,249,0,0,0
-31,11,233,0,-1,0
-17,6,252,0,-2,0
-22,1,286,0,-3,0
-5,27,247,0,-5,0
-49,-16,258,0,-6,0
-35,-3,223,0,-7,0
-42,-8,291,0,-8,0
-44,9,212,0,-9,0
-31,9,207,0,-10,0
-27,0,220,0,-12,0
-42,-11,230,0,-13,0
-7,25,247,0,-14,0
-12,-26,242,0,-15,0
-68,-17,252,0,-16,0
-24,-10,234,0,-17,0
-56,-14,258,0,-18,0
-53,17,252,0,-19,0
-58,-17,274,0,-21,0
-30,5,205,0,-22,0
-74,-11,232,0,-23,0
-28,23,220,0,-24,0
-82,-7,225,0,-25,0
-80,-18,260,0,-26,0
-59,-17,222,0,-27,0
-60,11,250,0,-28,0
-43,20,215,0,-29,0
-42,-8,219,0,-30,0
-64,-37,239,0,-31,0
-52,12,253,0,-32,0
-57,35,201,0,-33,0
-88,1,234,0,-33,0
-72,4,221,0,-34,0
-63,5,204,0,-35,0
-123,3,212,0,-36,0
-63,19,223,0,-37,0
-117,-1,216,0,-38,0
-114,22,217,0,-38,0
-99,-2,235,0,-39,0
-90,-10,217,0,-40,0
-122,-5,209,0,-41,0
-83,-9,225,0,-41,0
-78,11,200,0,-42,0
-78,53,210,0,-43,0
-118,-23,185,0,-43,0
-120,-39,217,0,-44,0
-99,18,215,0,-44,0
-82,-18,184,0,-45,0
-106,-17,172,0,-45,0
-74,-4,223,0,-46,0
-84,-2,180,0,-46,0
-55,11,207,0,-47,0
-131,-12,189,0,-47,0
-101,-27,188,0,-48,0
-117,24,213,0,-48,0
-118,3,222,0,-48,0
-110,3,182,0,-48,0
-119,14,245,0,-49,0
-109,-7,218,0,-49,0
-98,15,231,0,-49,0
-52,-22,201,0,-49,0
-78,-31,197,0,-50,0
-104,3,215,0,-50,0
-148,18,196,0,-50,0
-105,-9,212,0,-50,0
-112,6,191,0,-50,0
-117,31,218,0,-50,0
-105,-6,224,0,-50,0
-72,-23,196,0,-50,0
-81,4,179,0,-50,0
-117,12,194,0,-50,0
-110,-7,171,0,-50,0
-107,-15,209,0,-50,0
-47,8,197,0,-49,0
-74,29,222,0,-49,0
-116,17,199,0,-49,0
-103,20,229,0,-49,0
-90,-10,195,0,-48,0
-77,-10,219,0,-48,0
-98,-5,209,0,-48,0
-89,8,238,0,-47,0
-71,6,230,0,-47,0
-89,-12,219,0,-47,0
-95,28,219,0,-46,0
-64,-17,238,0,-46,0
-87,8,201,0,-45,0
-75,-24,214,0,-45,0
-73,15,227,0,-44,0
-92,-3,220,0,-44,0
-114,-3,179,0,-43,0
-106,-2,220,0,-42,0
-90,-18,184,0,-42,0
-53,-25,187,0,-41,0
-90,-8,232,0,-40,0
-93,-20,213,0,-40,0
-89,-14,229,0,-39,0
-89,-24,251,0,-38,0
-97,9,229,0,-37,0
-74,32,262,0,-37,0
-80,-7,226,0,-36,0
-75,1,222,0,-35,0
-71,-41,266,0,-34,0
-79,23,210,0,-33,0
-77,-1,226,0,-32,0
-70,-22,230,0,-31,0
-48,20,205,0,-30,0
-7,-14,209,0,-29,0
-52,35,227,0,-29,0
-72,24,212,0,-28,0
-34,-2,213,0,-27,0
-45,7,238,0,-26,0
-8,-11,229,0,-25,0
-28,-4,258,0,-23,0
-37,11,261,0,-22,0
-55,12,245,0,-21,0
-60,3,224,0,-20,0
-64,-12,268,0,-19,0
-11,-33,237,0,-18,0
-40,27,235,0,-17,0
-21,5,260,0,-16,0
-17,8,278,0,-15,0
-26,3,229,0,-14,0
-59,-12,272,0,-12,0
19,5,232,0,-11,0
-20,-8,276,0,-10,0
-20,25,216,0,-9,0
-2,6,245,0,-8,0
-19,-24,246,0,-7,0
1,25,249,0,-5,0
-39,-7,270,0,-4,0
-10,11,234,0,-3,0
-2,2,245,0,-2,0
7,-12,260,0,-1,0
36,15,224,0,0,0
16,33,277,0,2,0
13,-2,212,0,3,0
-12,-28,281,0,4,0
4,1,279,0,5,0
-18,-49,201,0,6,0
-1,-8,270,0,8,0
42,-27,307,0,9,0
51,17,262,0,10,0
9,26,246,0,11,0
5,18,295,0,12,0
30,8,226,0,13,0
58,22,294,0,14,0
45,4,258,0,16,0
49,-30,257,0,17,0
-2,-22,286,0,18,0
-7,-36,263,0,19,0
30,-11,285,0,20,0
49,19,234,0,21,0
62,-11,254,0,22,0
30,9,264,0,23,0
34,-19,316,0,24,0
13,12,285,0,25,0
60,-19,269,0,26,0
72,4,266,0,27,0
36,-17,299,0,28,0
55,28,288,0,29,0
53,-2,293,0,30,0
48,42,276,0,31,0
54,-2,271,0,32,0
50,7,298,0,33,0
87,16,294,0,34,0
70,12,312,0,35,0
54,-10,271,0,36,0
65,-30,317,0,36,0
82,-26,311,0,37,0
69,20,292,0,38,0
70,-20,288,0,39,0
49,-16,305,0,40,0
119,-19,284,0,40,0
76,-33,275,0,41,0
79,21,297,0,42,0
82,-40,335,0,42,0
89,-37,330,0,43,0
63,23,279,0,43,0
72,-3,309,0,44,0
71,-17,309,0,45,0
71,-37,289,0,45,0
88,-24,262,0,46,0
95,-26,311,0,46,0
87,-34,317,0,47,0
61,27,305,0,47,0
86,14,291,0,47,0
78,13,298,0,48,0
74,32,320,0,48,0
68,15,292,0,48,0
113,3,281,0,49,0
50,-16,287,0,49,0
80,7,316,0,49,0
109,-20,321,0,49,0
89,8,293,0,50,0
117,3,307,0,50,0
98,7,322,0,50,0
121,13,262,0,50,0
72,-21,337,0,50,0
106,5,272,0,50,0
106,17,317,0,50,0
105,17,335,0,50,0
105,2,303,0,50,0
67,7,293,0,50,0
109,-16,283,0,50,0
82,22,276,0,50,0
63,-16,316,0,49,0
83,-3,293,0,49,0
95,-55,272,0,49,0
87,6,352,0,49,0
90,-30,310,0,49,0
100,-7,266,0,48,0
79,42,276,0,48,0
84,14,299,0,48,0
73,-9,305,0,47,0
74,16,305,0,47,0
98,-19,321,0,46,0
81,-18,309,0,46,0
76,22,292,0,45,0
80,31,311,0,45,0
72,-12,296,0,44,0
75,40,301,0,44,0
73,-51,302,0,43,0
40,-14,325,0,43,0
113,-26,311,0,42,0
71,11,299,0,41,0
48,0,285,0,41,0
107,-7,338,0,40,0
108,-22,297,0,39,0
86,-8,327,0,38,0
81,-7,301,0,38,0
57,13,294,0,37,0
105,-7,282,0,36,0
56,-4,299,0,35,0
60,25,282,0,34,0
35,-32,288,0,34,0
99,-27,301,0,33,0
57,8,294,0,32,0
58,-35,311,0,31,0
70,-26,298,0,30,0
52,-14,266,0,29,0
17,29,312,0,28,0
67,25,285,0,27,0
48,-10,300,0,26,0
55,4,285,0,25,0
29,-9,308,0,24,0
31,7,277,0,23,0
44,-6,264,0,22,0
38,-3,295,0,21,0
14,-35,278,0,20,0
38,5,271,0,19,0
47,-17,293,0,17,0
72,-25,240,0,16,0
-14,27,295,0,15,0
3,-0,248,0,14,0
27,29,278,0,13,0
8,-12,268,0,12,0
10,-20,257,0,11,0
-11,-32,232,0,9,0
16,12,285,0,8,0
21,-22,260,0,7,0
-15,-5,259,0,6,0
54,6,273,0,5,0
-1,6,251,0,4,0
49,-10,273,0,2,0
-19,26,238,0,1,0
-9,19,227,0,0,0
-1,12,213,0,-1,0
24,-12,250,0,-2,0
4,-41,237,0,-3,0
11,-5,256,0,-5,0
-32,3,261,0,-6,0
29,19,240,0,-7,0
-3,14,279,0,-8,0
7,36,237,0,-9,0
-9,28,234,0,-11,0
-41,0,235,0,-12,0
-45,18,260,0,-13,0
-18,-7,228,0,-14,0
-36,-33,245,0,-15,0
-59,-44,227,0,-16,0
-55,-35,250,0,-17,0
-4,24,259,0,-18,0
-39,19,230,0,-20,0
-46,-27,240,0,-21,0
-53,-36,234,0,-22,0
-10,2,258,0,-23,0
-19,9,251,0,-24,0
-65,10,254,0,-25,0
-46,-15,232,0,-26,0
-37,2,238,0,-27,0
-41,9,229,0,-28,0
-37,11,236,0,-29,0
-74,-25,231,0,-30,0
-46,-4,209,0,-31,0
-51,53,198,0,-32,0
-90,-6,210,0,-33,0
-58,7,218,0,-33,0
-71,-12,225,0,-34,0
-108,2,235,0,-35,0
-59,-51,201,0,-36,0
-60,-8,253,0,-37,0
-63,42,213,0,-38,0
-88,-30,213,0,-38,0
-70,4,245,0,-39,0
-86,-30,231,0,-40,0
-93,9,209,0,-41,0
-103,-5,202,0,-41,0
-121,20,231,0,-42,0
-79,26,187,0,-43,0
-94,-0,249,0,-43,0
-105,31,223,0,-44,0
-97,-14,176,0,-44,0
-107,-26,227,0,-45,0
-84,5,232,0,-45,0
-109,5,232,0,-46,0
-102,-18,234,0,-46,0
-113,14,190,0,-47,0
-79,9,213,0,-47,0
-109,-29,192,0,-48,0
-118,-9,223,0,-48,0
-100,7,216,0,-48,0
-85,5,197,0,-49,0
-97,-9,209,0,-49,0
-96,-22,195,0,-49,0
-89,6,200,0,-49,0
-62,3,190,0,-49,0
-111,-14,190,0,-50,0
-78,1,189,0,-50,0
-139,9,213,0,-50,0
-127,-39,158,0,-50,0
-90,-9,215,0,-50,0
-75,-1,198,0,-50,0
-69,-4,203,0,-50,0
-85,-31,194,0,-50,0
-116,-4,222,0,-50,0
-130,5,208,0,-50,0
-102,-19,228,0,-50,0
-121,-7,199,0,-50,0
-129,-21,238,0,-49,0
-123,13,179,0,-49,0
-120,-15,209,0,-49,0
-152,7,186,0,-49,0
-89,22,183,0,-48,0
-115,0,222,0,-48,0
-107,16,205,0,-48,0
-53,4,182,0,-47,0
-86,-35,208,0,-47,0
-81,9,212,0,-47,0
-108,19,170,0,-46,0
-103,-10,226,0,-46,0
-113,16,204,0,-45,0
-99,-11,192,0,-45,0
-109,6,224,0,-44,0
-111,-32,236,0,-44,0
-90,-14,223,0,-43,0
-86,-2,181,0,-42,0
-88,1,211,0,-42,0
-121,-1,254,0,-41,0
-88,-21,237,0,-40,0
-59,-12,229,0,-40,0
-106,-20,217,0,-39,0
-93,-2,239,0,-38,0
-83,-0,264,0,-37,0
-116,-21,202,0,-37,0
-69,24,229,0,-36,0
-75,-0,199,0,-35,0
-94,-24,231,0,-34,0
-83,-7,258,0,-33,0
-38,7,186,0,-32,0
-68,-25,240,0,-31,0
-44,-8,219,0,-30,0
-18,-28,198,0,-29,0
-46,-3,239,0,-28,0
-36,32,244,0,-27,0
-30,-5,218,0,-26,0
-43,11,254,0,-25,0
-68,-27,217,0,-24,0
-16,-25,208,0,-23,0
-29,-4,237,0,-22,0
-49,19,258,0,-21,0
-43,-8,199,0,-20,0
-36,15,224,0,-19,0
-9,8,251,0,-18,0
-2,11,264,0,-17,0
-40,3,252,0,-16,0
-31,-11,221,0,-15,0
-47,-3,254,0,-13,0
1,-6,263,0,-12,0
-3,-26,249,0,-11,0
-39,11,253,0,-10,0
2,8,214,0,-9,0
-14,18,243,0,-8,0
-85,-5,246,0,-7,0
5,1,268,0,-5,0
-16,-9,271,0,-4,0
1,-7,218,0,-3,0
-28,37,243,0,-2,0
2,5,245,0,-1,0
10,-25,221,0,1,0
4,14,251,0,2,0
12,-46,260,0,3,0
-17,18,275,0,4,0
-6,-11,262,0,5,0
4,27,269,0,6,0
41,6,240,0,8,0
27,-7,261,0,9,0
37,-5,258,0,10,0
25,26,253,0,11,0
33,-12,296,0,12,0
46,-19,253,0,13,0
7,-8,231,0,15,0
35,21,261,0,16,0
105,-7,232,0,17,0
46,26,276,0,18,0
49,-16,275,0,19,0
31,12,261,0,20,0
51,-40,270,0,21,0
50,0,296,0,22,0
18,6,294,0,23,0
-4,24,300,0,24,0
96,-22,268,0,25,0
24,-14,267,0,26,0
49,1,284,0,27,0
70,46,294,0,28,0
32,-4,309,0,29,0
35,-17,300,0,30,0
58,-7,294,0,31,0
50,5,296,0,32,0
68,-28,315,0,33,0
82,5,271,0,34,0
85,9,301,0,35,0
94,11,285,0,36,0
56,-1,275,0,36,0
41,14,293,0,37,0
67,-33,281,0,38,0
85,1,312,0,39,0
85,-29,299,0,40,0
89,4,321,0,40,0
72,37,259,0,41,0
85,5,271,0,42,0
67,-40,290,0,42,0
67,-6,298,0,43,0
100,-18,278,0,43,0
87,-7,301,0,44,0
80,-23,291,0,45,0
115,-6,331,0,45,0
125,31,281,0,46,0
80,-9,311,0,46,0
70,-48,292,0,47,0
81,-1,312,0,47,0
127,6,306,0,47,0
60,26,306,0,48,0
92,42,288,0,48,0
99,9,309,0,48,0
122,-22,321,0,49,0
105,12,319,0,49,0
95,18,324,0,49,0
76,6,311,0,49,0
119,-30,305,0,50,0
89,19,347,0,50,0
110,13,283,0,50,0
75,-2,292,0,50,0
99,-14,293,0,50,0
107,32,295,0,50,0
72,11,337,0,50,0
128,-24,307,0,50,0
61,-12,296,0,50,0
100,-30,332,0,50,0
111,1,302,0,50,0
115,-14,316,0,50,0
74,-17,321,0,49,0
134,20,305,0,49,0
90,0,320,0,49,0
94,-7,328,0,49,0
93,-18,299,0,49,0
82,15,283,0,48,0
86,3,280,0,48,0
101,-11,316,0,48,0
89,-4,323,0,47,0
102,10,281,0,47,0
111,-17,297,0,46,0
97,-33,283,0,46,0
42,-15,308,0,45,0
100,-17,296,0,45,0
47,25,320,0,44,0
58,1,282,0,44,0
91,34,282,0,43,0
65,6,289,0,43,0
85,-18,293,0,42,0
103,24,289,0,41,0
78,15,301,0,41,0
30,2,279,0,40,0
81,13,314,0,39,0
78,13,307,0,38,0
97,30,291,0,38,0
76,9,303,0,37,0
55,7,288,0,36,0
42,6,300,0,35,0
60,-12,314,0,34,0
80,-15,333,0,34,0
89,24,287,0,33,0
70,6,301,0,32,0
66,18,302,0,31,0
20,36,260,0,30,0
93,-15,259,0,29,0
50,2,325,0,28,0
69,-39,302,0,27,0
23,-47,298,0,26,0
22,23,271,0,25,0
47,-33,305,0,24,0
33,-5,283,0,23,0
24,12,260,0,22,0
93,-15,267,0,21,0
80,-18,279,0,20,0
49,26,277,0,18,0
17,39,294,0,17,0
7,20,250,0,16,0
-8,-36,295,0,15,0
30,-32,269,0,14,0
69,-7,263,0,13,0
20,-45,249,0,12,0
6,1,264,0,11,0
17,4,258,0,9,0
21,-0,251,0,8,0
-6,26,280,0,7,0
-14,-12,244,0,6,0
19,40,241,0,5,0
-12,13,310,0,4,0
25,11,267,0,2,0
11,-15,285,0,1,0
-12,-10,247,0,-0,0
-3,16,242,0,-1,0
2,-4,263,0,-2,0
-24,14,274,0,-4,0
-2,16,298,0,-5,0
-1,31,251,0,-6,0
0,-25,247,0,-7,0
-3,-1,272,0,-8,0
1,3,213,0,-9,0
-29,-26,253,0,-11,0
1,33,247,0,-12,0
-8,3,229,0,-13,0
-44,-12,284,0,-14,0
-39,10,236,0,-15,0
-49,-23,225,0,-16,0
-43,22,268,0,-17,0
-59,6,243,0,-19,0
-46,-39,237,0,-20,0
-57,14,243,0,-21,0
-61,22,237,0,-22,0
-21,8,212,0,-23,0
-66,9,268,0,-24,0
-58,0,246,0,-25,0
-52,-6,216,0,-26,0
-84,-17,251,0,-27,0
-48,-29,197,0,-28,0
-39,4,215,0,-29,0
-77,-3,240,0,-30,0
-63,-2,216,0,-31,0
-78,16,207,0,-32,0
-62,16,247,0,-33,0
-83,5,232,0,-34,0
-53,16,251,0,-34,0
-112,-12,238,0,-35,0
-114,11,173,0,-36,0
-121,-11,209,0,-37,0
-90,-34,208,0,-38,0
-84,-8,243,0,-38,0
-39,7,253,0,-39,0
-59,-33,231,0,-40,0
-52,-25,230,0,-41,0
-76,-1,215,0,-41,0
-133,5,238,0,-42,0
-95,26,189,0,-43,0
-82,3,205,0,-43,0
-77,-2,231,0,-44,0
-97,-34,215,0,-44,0
-69,-20,216,0,-45,0
-111,11,202,0,-45,0
-78,16,202,0,-46,0
-68,11,191,0,-46,0
-96,-3,201,0,-47,0
-82,-2,185,0,-47,0
-111,-37,223,0,-48,0
-110,-19,193,0,-48,0
-81,27,185,0,-48,0
-107,-26,210,0,-49,0
-113,-34,210,0,-49,0
-79,4,225,0,-49,0
-129,15,198,0,-49,0
-95,-8,190,0,-49,0
-86,-24,184,0,-50,0
-118,-20,196,0,-50,0
-128,-5,192,0,-50,0
-85,-10,210,0,-50,0
-81,29,244,0,-50,0
-104,3,183,0,-50,0
-94,-10,214,0,-50,0
-79,8,190,0,-50,0
-110,8,225,0,-50,0
-128,20,202,0,-50,0
-92,-19,195,0,-50,0
-89,-2,197,0,-50,0
-102,-8,195,0,-49,0
-100,7,203,0,-49,0
-76,21,202,0,-49,0
-110,18,189,0,-49,0
-126,19,211,0,-48,0
-64,-4,173,0,-48,0
-123,-6,178,0,-48,0
-98,62,209,0,-47,0
-112,-32,186,0,-47,0
-96,-6,253,0,-47,0
-120,21,205,0,-46,0
-74,11,200,0,-46,0
-100,1,194,0,-45,0
-75,31,178,0,-45,0
-96,-0,210,0,-44,0
-88,4,203,0,-43,0
-98,17,208,0,-43,0
-84,-21,226,0,-42,0
-64,22,220,0,-42,0
-88,16,200,0,-41,0
-78,14,222,0,-40,0
-147,-2,242,0,-40,0
-113,19,215,0,-39,0
-81,-24,191,0,-38,0
-70,-2,206,0,-37,0
-103,-20,180,0,-36,0
-84,27,220,0,-36,0
-68,-50,235,0,-35,0
-72,7,229,0,-34,0
-35,-15,260,0,-33,0
-48,-19,208,0,-32,0
-85,-46,210,0,-31,0
-28,-18,260,0,-30,0
-48,-12,204,0,-29,0
-57,-31,235,0,-28,0
-92,-14,212,0,-27,0
2,9,243,0,-26,0
-53,-20,227,0,-25,0
-38,18,231,0,-24,0
-49,-10,222,0,-23,0
-63,33,206,0,-22,0
-26,44,229,0,-21,0
-35,13,243,0,-20,0
-13,21,246,0,-19,0
-47,6,231,0,-18,0
-34,-28,240,0,-17,0
-51,18,276,0,-16,0
-22,5,185,0,-15,0
-49,59,226,0,-13,0
-72,-10,255,0,-12,0
-23,-30,263,0,-11,0
-9,-4,244,0,-10,0
-29,20,211,0,-9,0
-39,16,303,0,-8,0
-33,25,282,0,-6,0
-9,23,252,0,-5,0
-2,36,276,0,-4,0
5,13,269,0,-3,0
8,-13,252,0,-2,0
37,-3,237,0,-1,0
34,45,257,0,1,0
9,-32,268,0,2,0
14,14,277,0,3,0
-11,-0,276,0,4,0
-3,2,266,0,5,0
33,-34,242,0,7,0
24,18,257,0,8,0
19,18,261,0,9,0
8,-22,212,0,10,0
9,14,232,0,11,0
11,-6,294,0,12,0
38,4,294,0,14,0
50,-77,277,0,15,0
24,-4,267,0,16,0
34,-6,279,0,17,0
48,-29,254,0,18,0
31,-5,228,0,19,0
44,1,255,0,20,0
61,0,275,0,21,0
34,-8,256,0,22,0
53,19,253,0,23,0
67,-12,287,0,24,0
38,-8,269,0,26,0
52,4,335,0,27,0
75,23,307,0,28,0
45,3,309,0,28,0
45,1,277,0,29,0
63,11,300,0,30,0
73,26,285,0,31,0
62,-11,266,0,32,0
62,-3,288,0,33,0
83,2,317,0,34,0
57,7,302,0,35,0
70,15,300,0,36,0
54,38,290,0,37,0
88,8,274,0,37,0
104,31,301,0,38,0
57,20,320,0,39,0
87,15,262,0,40,0
81,-5,299,0,40,0
81,9,297,0,41,0
102,3,260,0,42,0
77,22,277,0,42,0
82,0,278,0,43,0
75,27,284,0,44,0
81,34,252,0,44,0
90,-17,332,0,45,0
90,7,311,0,45,0
53,12,283,0,46,0
107,6,273,0,46,0
67,7,277,0,47,0
78,-9,304,0,47,0
60,-1,307,0,47,0
70,-30,276,0,48,0
108,15,331,0,48,0
89,0,331,0,48,0
100,4,243,0,49,0
97,-30,326,0,49,0
114,-57,338,0,49,0
105,-7,312,0,49,0
106,-2,317,0,50,0
118,20,301,0,50,0
84,-11,301,0,50,0
107,-39,288,0,50,0
70,5,293,0,50,0
126,-50,311,0,50,0
100,10,334,0,50,0
92,-9,309,0,50,0
102,20,301,0,50,0
101,-2,300,0,50,0
96,-8,314,0,50,0
67,-20,342,0,50,0
82,-18,265,0,49,0
86,30,300,0,49,0
92,-24,270,0,49,0
67,-16,314,0,49,0
73,31,341,0,49,0
93,-43,290,0,48,0
63,3,300,0,48,0
104,2,276,0,48,0
86,-4,314,0,47,0
92,20,319,0,47,0
74,22,317,0,46,0
115,-1,310,0,46,0
84,-7,312,0,45,0
67,-45,301,0,45,0
64,-9,280,0,44,0
106,33,292,0,44,0
84,-24,322,0,43,0
96,-6,288,0,43,0
71,-3,263,0,42,0
98,-34,289,0,41,0
49,45,271,0,41,0
61,11,294,0,40,0
55,13,291,0,39,0
66,12,308,0,38,0
104,-6,289,0,38,0
79,16,314,0,37,0
60,6,287,0,36,0
87,-26,329,0,35,0
62,-23,294,0,34,0
83,6,295,0,33,0
63,19,281,0,33,0
41,13,303,0,32,0
64,-0,311,0,31,0
56,3,269,0,30,0
43,18,310,0,29,0
3,-13,261,0,28,0
58,-30,282,0,27,0
44,-31,297,0,26,0
47,-11,271,0,25,0
76,-8,286,0,24,0
16,20,269,0,23,0
65,8,280,0,22,0
40,-23,258,0,21,0
18,-3,288,0,20,0
26,23,269,0,18,0
31,-4,299,0,17,0
38,-7,285,0,16,0
24,-21,280,0,15,0
33,24,250,0,14,0
17,10,282,0,13,0
20,37,255,0,12,0
10,1,261,0,10,0
20,11,289,0,9,0
78,-19,239,0,8,0
5,-11,271,0,7,0
14,-23,268,0,6,0
-40,7,270,0,5,0
31,3,249,0,3,0
35,1,238,0,2,0
2,12,296,0,1,0
17,12,253,0,-0,0
7,-34,284,0,-1,0
-5,7,273,0,-2,0
-21,-17,244,0,-4,0
15,-18,216,0,-5,0
-17,-5,236,0,-6,0
-16,-1,273,0,-7,0
-13,6,255,0,-8,0
-15,10,222,0,-10,0
-59,6,224,0,-11,0
-32,3,249,0,-12,0
-48,-2,220,0,-13,0
-46,16,272,0,-14,0
-27,20,211,0,-15,0
-40,4,235,0,-16,0
-49,10,252,0,-18,0
-62,-49,220,0,-19,0
-82,19,227,0,-20,0
-58,7,250,0,-21,0
-54,-9,248,0,-22,0
-34,-29,236,0,-23,0
-12,-13,208,0,-24,0
-44,-28,203,0,-25,0
-61,16,268,0,-26,0
-52,5,191,0,-27,0
-38,1,222,0,-28,0
-57,18,242,0,-29,0
-65,43,214,0,-30,0
-76,-19,200,0,-31,0
-80,7,248,0,-32,0
-62,13,214,0,-33,0
-46,-19,240,0,-34,0
-54,-1,196,0,-35,0
-39,-11,209,0,-35,0
-35,-25,255,0,-36,0
-59,-2,216,0,-37,0
-86,12,237,0,-38,0
-73,-20,233,0,-39,0
-119,-28,212,0,-39,0
-63,10,172,0,-40,0
-47,-5,230,0,-41,0
-65,-36,186,0,-41,0
-109,3,234,0,-42,0
-104,6,209,0,-43,0
-79,-28,216,0,-43,0
-90,-10,233,0,-44,0
-65,22,201,0,-44,0
-80,-6,167,0,-45,0
-96,30,219,0,-45,0
-79,27,240,0,-46,0
-105,0,187,0,-46,0
-105,-41,204,0,-47,0
-81,47,196,0,-47,0
-75,-7,175,0,-48,0
-72,23,199,0,-48,0
-94,-2,208,0,-48,0
-81,33,191,0,-49,0
-53,0,197,0,-49,0
-124,-14,220,0,-49,0
-84,-12,203,0,-49,0
-107,2,212,0,-49,0
-101,-15,181,0,-50,0
-75,-18,225,0,-50,0
-77,-4,233,0,-50,0
-107,-33,242,0,-50,0
-123,-38,223,0,-50,0
-105,-11,212,0,-50,0
-119,6,232,0,-50,0
-109,-4,199,0,-50,0
-58,40,197,0,-50,0
-136,-25,220,0,-50,0
-78,5,189,0,-50,0
-85,-1,175,0,-50,0
-68,3,219,0,-49,0
-120,5,198,0,-49,0
-100,3,202,0,-49,0
-82,-7,183,0,-49,0
-81,3,212,0,-48,0
-101,17,183,0,-48,0
-105,-5,227,0,-48,0
-113,17,211,0,-47,0
-119,-7,208,0,-47,0
-81,-33,192,0,-46,0
-91,-6,203,0,-46,0
-70,3,244,0,-46,0
-80,-6,199,0,-45,0
-96,7,211,0,-45,0
-72,-17,188,0,-44,0
-91,-6,232,0,-43,0
-57,-13,178,0,-43,0
-56,16,244,0,-42,0
-52,-9,185,0,-42,0
-79,-21,209,0,-41,0
-74,39,263,0,-40,0
-57,23,220,0,-39,0
-44,15,241,0,-39,0
-101,-38,185,0,-38,0
-70,-3,169,0,-37,0
-48,-22,209,0,-36,0
-81,-12,161,0,-36,0
-79,-16,216,0,-35,0
-73,1,233,0,-34,0
-70,9,193,0,-33,0
-51,-15,216,0,-32,0
-63,6,228,0,-31,0
-68,11,199,0,-30,0
-60,3,252,0,-29,0
-45,-20,242,0,-28,0
-30,-36,215,0,-27,0
-25,-13,215,0,-26,0
-33,-31,232,0,-25,0
-46,-2,240,0,-24,0
-38,22,236,0,-23,0
-28,-0,220,0,-22,0
-31,-6,259,0,-21,0
-30,12,265,0,-20,0
-44,12,242,0,-19,0
-48,-17,250,0,-18,0
-49,29,271,0,-17,0
-19,-15,255,0,-16,0
-16,-11,232,0,-14,0
-22,-13,242,0,-13,0
0,-14,269,0,-12,0
-26,-18,252,0,-11,0
-7,36,261,0,-10,0
-9,-14,239,0,-9,0
-32,-9,229,0,-8,0
-6,-0,270,0,-6,0
27,-7,256,0,-5,0
12,-25,249,0,-4,0
16,19,257,0,-3,0
21,-13,240,0,-2,0
-14,1,264,0,-0,0
5,-25,252,0,1,0
0,4,297,0,2,0
-0,11,247,0,3,0
26,-56,304,0,4,0
45,-4,265,0,6,0
-11,-25,298,0,7,0
9,13,287,0,8,0
1,6,258,0,9,0
8,-21,255,0,10,0
14,7,280,0,11,0
-8,-8,274,0,12,0
19,6,259,0,14,0
-9,-4,295,0,15,0
26,-10,247,0,16,0
-22,-5,294,0,17,0
39,2,292,0,18,0
18,-21,267,0,19,0
38,15,274,0,20,0
58,61,276,0,21,0
13,-30,273,0,22,0
64,-6,270,0,24,0
6,-12,279,0,25,0
93,-2,281,0,26,0
33,-17,294,0,27,0
48,-3,278,0,28,0
25,1,280,0,29,0
55,-10,259,0,30,0
88,23,312,0,30,0
89,-33,301,0,31,0
28,2,284,0,32,0
57,8,291,0,33,0
70,14,272,0,34,0
98,36,294,0,35,0
86,-14,326,0,36,0
71,-26,311,0,37,0
71,0,272,0,37,0
91,-14,324,0,38,0
91,-13,305,0,39,0
76,7,267,0,40,0
71,1,335,0,40,0
96,-9,301,0,41,0
104,16,316,0,42,0
74,-26,300,0,42,0
58,26,309,0,43,0
114,-22,308,0,44,0
89,4,271,0,44,0
98,-11,303,0,45,0
109,6,307,0,45,0
79,-12,278,0,46,0
86,-18,314,0,46,0
84,13,287,0,47,0
133,16,311,0,47,0
108,-13,316,0,47,0
108,9,297,0,48,0
66,8,303,0,48,0
109,13,306,0,48,0
74,-15,297,0,49,0
102,-15,305,0,49,0
70,-6,267,0,49,0
104,2,306,0,49,0
88,4,297,0,50,0
124,-15,319,0,50,0
123,-19,325,0,50,0
125,1,287,0,50,0
126,-17,289,0,50,0
129,-6,317,0,50,0
87,18,313,0,50,0
61,13,286,0,50,0
130,-14,295,0,50,0
94,-18,310,0,50,0
67,-1,306,0,50,0
86,-18,306,0,50,0
120,10,304,0,49,0
119,5,307,0,49,0
127,-24,296,0,49,0
133,2,319,0,49,0
80,17,340,0,48,0
109,14,316,0,48,0
92,15,257,0,48,0
74,12,276,0,47,0
138,-3,294,0,47,0
80,11,325,0,47,0
80,16,323,0,46,0
90,30,291,0,46,0
110,-28,314,0,45,0
92,9,318,0,45,0
116,-7,330,0,44,0
66,54,320,0,44,0
74,-18,261,0,43,0
124,29,272,0,42,0
86,-25,340,0,42,0
81,4,286,0,41,0
96,16,305,0,41,0
105,-5,311,0,40,0
89,-5,281,0,39,0
69,-16,292,0,38,0
67,-19,284,0,38,0
33,13,253,0,37,0
64,38,308,0,36,0
87,-8,312,0,35,0
79,3,307,0,34,0
71,-19,286,0,33,0
79,-17,268,0,32,0
54,19,258,0,32,0
74,0,278,0,31,0
54,-3,281,0,30,0
61,-4,303,0,29,0
90,18,306,0,28,0
67,-2,287,0,27,0
63,-6,291,0,26,0
20,-2,276,0,25,0
44,8,310,0,24,0
45,18,273,0,23,0
52,32,262,0,22,0
58,20,281,0,20,0
37,-53,302,0,19,0
50,-23,250,0,18,0
5,-3,319,0,17,0
33,17,286,0,16,0
15,-15,259,0,15,0
39,-22,270,0,14,0
-1,-14,306,0,13,0
66,-19,275,0,12,0
15,-1,298,0,10,0
33,32,284,0,9,0
31,-11,273,0,8,0
12,-3,255,0,7,0
-3,14,307,0,6,0
48,-5,262,0,5,0
19,13,258,0,3,0
-35,-21,286,0,2,0
-1,-15,266,0,1,0
-12,-2,219,0,-0,0
-14,14,277,0,-1,0
7,-37,235,0,-3,0
-12,-0,257,0,-4,0
-3,-22,228,0,-5,0
-20,3,247,0,-6,0
22,-30,280,0,-7,0
-31,-2,228,0,-8,0
-70,-26,229,0,-10,0
-19,-26,268,0,-11,0
-16,-5,262,0,-12,0
-48,-2,243,0,-13,0
-11,-15,235,0,-14,0
-17,24,240,0,-15,0
-41,7,260,0,-17,0
-12,-14,218,0,-18,0
-50,4,251,0,-19,0
-22,-14,212,0,-20,0
-52,-22,223,0,-21,0
-51,-19,248,0,-22,0
-88,18,220,0,-23,0
-35,-26,221,0,-24,0
-62,-2,255,0,-25,0
-54,-37,211,0,-26,0
-43,-7,218,0,-27,0
-73,-35,220,0,-28,0
-75,13,202,0,-29,0
-26,-36,219,0,-30,0
-62,42,243,0,-31,0
-44,-23,194,0,-32,0
-63,-0,197,0,-33,0
-74,-6,204,0,-34,0
-79,11,200,0,-35,0
-63,-9,219,0,-35,0
-50,-20,245,0,-36,0
-51,3,226,0,-37,0
-72,1,230,0,-38,0
-88,-45,245,0,-39,0
-92,-39,193,0,-39,0
-64,6,239,0,-40,0
-62,14,200,0,-41,0
-55,-4,233,0,-41,0
-88,-30,222,0,-42,0
-94,-7,215,0,-43,0
-97,-33,199,0,-43,0
-56,42,195,0,-44,0
-127,2,208,0,-44,0
-80,-4,214,0,-45,0
-64,17,180,0,-45,0
-97,4,228,0,-46,0
-110,1,178,0,-46,0
-91,-42,201,0,-47,0
-104,-6,165,0,-47,0
-102,6,230,0,-48,0
-85,21,178,0,-48,0
-108,-6,199,0,-48,0
-101,11,195,0,-49,0
-92,11,191,0,-49,0
-76,-4,222,0,-49,0
-125,22,178,0,-49,0
-136,-10,187,0,-49,0
-107,3,163,0,-50,0
-92,6,183,0,-50,0
-107,39,226,0,-50,0
-85,2,237,0,-50,0
-131,5,238,0,-50,0
-121,11,195,0,-50,0
-127,25,206,0,-50,0
-91,11,196,0,-50,0
-98,13,210,0,-50,0
-97,0,173,0,-50,0
-128,20,214,0,-50,0
-83,15,222,0,-50,0
-73,20,220,0,-49,0
-93,1,206,0,-49,0
-101,-3,251,0,-49,0
-39,29,220,0,-49,0
-77,2,229,0,-48,0
-117,-17,240,0,-48,0
-83,8,230,0,-48,0
-96,-9,192,0,-47,0
-120,9,215,0,-47,0
-75,40,223,0,-46,0
-81,10,214,0,-46,0
-80,-5,218,0,-46,0
-79,-14,215,0,-45,0
-62,-30,207,0,-45,0
-61,46,229,0,-44,0
-87,8,234,0,-43,0
-97,33,186,0,-43,0
-68,8,230,0,-42,0
-66,-2,188,0,-41,0
-72,-27,212,0,-41,0
-53,19,194,0,-40,0
-84,-5,231,0,-39,0
-94,19,241,0,-39,0
-76,25,237,0,-38,0
-32,-12,189,0,-37,0
-32,-3,230,0,-36,0
-71,-3,206,0,-35,0
-85,-21,208,0,-35,0
-87,-8,269,0,-34,0
-77,6,242,0,-33,0
-70,-29,187,0,-32,0
-56,-38,208,0,-31,0
-70,-22,187,0,-30,0
-42,-10,237,0,-29,0
-86,2,189,0,-28,0
-59,53,232,0,-27,0
-28,5,216,0,-26,0
-27,-15,235,0,-25,0
-73,-32,217,0,-24,0
-59,7,244,0,-23,0
-43,46,241,0,-22,0
-55,1,243,0,-21,0
-66,-5,229,0,-20,0
-31,-39,244,0,-19,0
-37,-4,232,0,-18,0
-42,27,253,0,-17,0
-36,24,223,0,-15,0
-25,6,267,0,-14,0
-39,-17,204,0,-13,0
-61,-16,222,0,-12,0
-36,-38,265,0,-11,0
-6,-1,266,0,-10,0
-5,-14,240,0,-9,0
-26,-5,209,0,-7,0
-19,-4,221,0,-6,0
-8,-9,271,0,-5,0
16,-19,309,0,-4,0
-7,-9,237,0,-3,0
21,-2,275,0,-2,0
-41,-9,249,0,-0,0
30,-25,253,0,1,0
-19,-9,232,0,2,0
10,17,266,0,3,0
3,-16,294,0,4,0
5,-3,271,0,6,0
23,18,248,0,7,0
11,46,270,0,8,0
27,35,259,0,9,0
-25,14,257,0,10,0
35,7,269,0,11,0
43,2,247,0,13,0
19,-3,252,0,14,0
31,-28,245,0,15,0
51,3,258,0,16,0
48,3,250,0,17,0
-16,18,239,0,18,0
44,9,304,0,19,0
40,-10,279,0,20,0
62,20,257,0,21,0
64,-7,317,0,23,0
39,-11,259,0,24,0
25,20,302,0,25,0
62,2,286,0,26,0
41,-17,257,0,27,0
50,-32,288,0,28,0
54,-10,289,0,29,0
76,-7,267,0,30,0
58,-3,308,0,31,0
75,-32,275,0,31,0
78,-3,330,0,32,0
84,-13,297,0,33,0
92,-27,303,0,34,0
105,51,265,0,35,0
56,-12,267,0,36,0
41,-8,274,0,37,0
12,17,296,0,37,0
117,-6,264,0,38,0
80,-1,283,0,39,0
67,21,292,0,40,0
84,-19,276,0,40,0
96,13,292,0,41,0
62,17,284,0,42,0
66,-16,289,0,42,0
105,7,291,0,43,0
53,-0,300,0,44,0
69,16,313,0,44,0
90,-8,294,0,45,0
59,25,329,0,45,0
111,-7,300,0,46,0
138,10,281,0,46,0
79,-4,303,0,47,0
46,8,287,0,47,0
85,51,308,0,47,0
101,-9,340,0,48,0
98,22,332,0,48,0
60,-3,274,0,48,0
103,-3,291,0,49,0
58,14,320,0,49,0
130,-2,302,0,49,0
95,-20,281,0,49,0
112,-60,306,0,50,0
78,-9,296,0,50,0
111,-13,274,0,50,0
97,17,286,0,50,0
100,-38,302,0,50,0
132,16,326,0,50,0
95,-25,259,0,50,0
129,-8,299,0,50,0
75,17,324,0,50,0
103,18,305,0,50,0
106,-8,329,0,50,0
90,23,305,0,50,0
104,-6,338,0,49,0
98,-31,279,0,49,0
79,-33,322,0,49,0
88,-6,319,0,49,0
122,-2,288,0,48,0
76,6,307,0,48,0
127,-28,292,0,48,0
83,17,308,0,47,0
81,8,308,0,47,0
108,27,300,0,47,0
58,13,332,0,46,0
69,1,343,0,46,0
114,3,292,0,45,0
141,14,326,0,45,0
87,-18,319,0,44,0
55,-16,303,0,44,0
92,1,300,0,43,0
66,13,288,0,42,0
70,36,294,0,42,0
68,1,296,0,41,0
51,-3,302,0,40,0
90,2,265,0,40,0
71,1,289,0,39,0
99,-46,290,0,38,0
106,31,257,0,37,0
74,-22,256,0,37,0
117,27,319,0,36,0
96,-19,312,0,35,0
93,3,300,0,34,0
55,31,268,0,33,0
48,-33,314,0,32,0
74,-43,261,0,31,0
36,24,317,0,31,0
53,10,284,0,30,0
28,6,253,0,29,0
91,3,303,0,28,0
30,-8,302,0,27,0
73,-4,259,0,26,0
78,18,269,0,25,0
50,-19,281,0,24,0
-17,-11,286,0,23,0
40,-9,300,0,21,0
79,33,300,0,20,0
34,-9,298,0,19,0
81,-10,304,0,18,0
20,-6,263,0,17,0
47,24,309,0,16,0
29,-11,262,0,15,0
33,-9,279,0,14,0
49,-10,267,0,13,0
21,-10,269,0,11,0
24,25,251,0,10,0
38,8,293,0,9,0
4,6,240,0,8,0
31,-21,285,0,7,0
26,-3,265,0,6,0
20,28,256,0,4,0
40,-15,238,0,3,0
-10,13,240,0,2,0
30,7,254,0,1,0
-9,-13,243,0,-0,0
-7,-16,291,0,-2,0
-2,33,290,0,-3,0
-26,-13,272,0,-4,0
-18,-17,234,0,-5,0
-29,1,229,0,-6,0
-11,-8,228,0,-7,0
-33,-32,247,0,-9,0
-54,-7,245,0,-10,0
-12,-1,234,0,-11,0
-56,-45,239,0,-12,0
-15,-16,231,0,-13,0
-10,7,234,0,-14,0
-5,-0,210,0,-15,0
-27,-32,241,0,-17,0
-25,-30,233,0,-18,0
-38,11,248,0,-19,0
-23,2,245,0,-20,0
-54,6,259,0,-21,0
-41,-27,245,0,-22,0
-55,-21,263,0,-23,0
-56,-8,245,0,-24,0
-62,-14,255,0,-25,0
-49,9,240,0,-26,0
-40,5,246,0,-27,0
-67,-21,255,0,-28,0
-53,-12,221,0,-29,0
-44,9,221,0,-30,0
-10,37,284,0,-31,0
-90,12,213,0,-32,0
-72,21,222,0,-33,0
-86,7,179,0,-34,0
-35,-29,244,0,-35,0
-52,23,229,0,-35,0
-54,15,194,0,-36,0
-53,10,203,0,-37,0
-86,-23,232,0,-38,0
-124,12,228,0,-39,0
-38,5,192,0,-39,0
-70,-0,214,0,-40,0
-73,-14,221,0,-41,0
-67,29,199,0,-41,0
-64,12,241,0,-42,0
-85,4,168,0,-43,0
-60,-27,198,0,-43,0
-78,23,237,0,-44,0
-82,3,190,0,-45,0
-95,-3,223,0,-45,0
-100,3,235,0,-46,0
-130,-6,209,0,-46,0
-70,-4,222,0,-46,0
-91,2,204,0,-47,0
-86,15,214,0,-47,0
-105,27,236,0,-48,0
-93,1,209,0,-48,0
-83,17,211,0,-48,0
-108,-25,240,0,-49,0
-88,33,204,0,-49,0
-116,39,165,0,-49,0
-115,-3,205,0,-49,0
-98,0,204,0,-50,0
-115,2,171,0,-50,0
-85,-42,193,0,-50,0
-93,-20,205,0,-50,0
-79,-20,194,0,-50,0
-104,10,222,0,-50,0
-116,-47,218,0,-50,0
-106,-34,210,0,-50,0
-108,-7,238,0,-50,0
-78,-25,232,0,-50,0
-88,10,185,0,-50,0
-86,6,205,0,-50,0
-106,-30,210,0,-49,0
-106,20,209,0,-49,0
-99,-1,214,0,-49,0
-76,2,223,0,-49,0
-100,-1,218,0,-49,0
-86,-10,178,0,-48,0
-95,36,218,0,-48,0
-153,14,238,0,-48,0
-70,35,194,0,-47,0
-65,18,194,0,-47,0
-99,22,220,0,-46,0
-118,10,193,0,-46,0
-68,19,243,0,-45,0
-92,-35,208,0,-45,0
-96,18,210,0,-44,0
-87,3,215,0,-44,0
-128,-23,216,0,-43,0
-75,-33,208,0,-43,0
-37,1,209,0,-42,0
-67,-23,203,0,-41,0
-93,-25,213,0,-41,0
-69,26,193,0,-40,0
-89,-3,201,0,-39,0
-75,19,208,0,-39,0
-74,-9,199,0,-38,0
-33,33,235,0,-37,0
-57,1,215,0,-36,0
-69,-8,217,0,-35,0
-95,26,205,0,-35,0
-79,-12,271,0,-34,0
-53,16,225,0,-33,0
-44,-2,191,0,-32,0
-61,0,230,0,-31,0
-58,-23,244,0,-30,0
-93,4,199,0,-29,0
-70,43,227,0,-28,0
-29,20,208,0,-27,0
-57,-20,233,0,-26,0
-70,-4,253,0,-25,0
-51,-2,246,0,-24,0
-20,35,252,0,-23,0
-33,5,246,0,-22,0
-80,7,183,0,-21,0
-25,-10,247,0,-20,0
-28,17,252,0,-19,0
-32,4,224,0,-18,0
-3,23,194,0,-17,0
-39,-6,246,0,-15,0
-22,-11,243,0,-14,0
-17,10,256,0,-13,0
-15,-17,252,0,-12,0
-7,-18,246,0,-11,0
-28,-16,232,0,-10,0
23,8,255,0,-8,0
-31,23,247,0,-7,0
-24,-20,262,0,-6,0
-52,1,274,0,-5,0
-33,8,260,0,-4,0
-17,-9,253,0,-3,0
14,-9,239,0,-1,0
18,-8,272,0,-0,0
-4,7,218,0,1,0
23,-17,217,0,2,0
2,7,268,0,3,0
6,-4,286,0,5,0
11,5,263,0,6,0
-29,29,298,0,7,0
6,-12,267,0,8,0
-5,-3,265,0,9,0
-8,-2,271,0,10,0
31,11,208,0,12,0
-15,43,287,0,13,0
-31,-4,257,0,14,0
25,-43,275,0,15,0
-0,0,229,0,16,0
48,-1,288,0,17,0
26,4,246,0,18,0
24,-18,289,0,19,0
77,55,247,0,20,0
16,-35,306,0,22,0
49,-18,270,0,23,0
66,-9,287,0,24,0
44,-19,323,0,25,0
66,-0,291,0,26,0
72,30,251,0,27,0
47,-10,266,0,28,0
76,-1,308,0,29,0
58,-14,241,0,30,0
59,23,281,0,31,0
91,37,282,0,32,0
54,21,297,0,32,0
53,-27,309,0,33,0
58,26,313,0,34,0
90,-23,294,0,35,0
59,-9,277,0,36,0
89,35,281,0,37,0
85,25,296,0,38,0
108,21,328,0,38,0
46,21,286,0,39,0
93,9,322,0,40,0
98,19,286,0,41,0
48,27,299,0,41,0
97,-15,302,0,42,0
61,24,285,0,42,0
73,-19,307,0,43,0
61,5,299,0,44,0
63,16,319,0,44,0
88,-12,325,0,45,0
77,-34,284,0,45,0
115,1,317,0,46,0
90,-17,295,0,46,0
79,19,325,0,47,0
91,48,294,0,47,0
75,-25,295,0,47,0
72,21,311,0,48,0
113,-4,315,0,48,0
75,24,291,0,48,0
85,5,300,0,49,0
82,-0,335,0,49,0
62,6,328,0,49,0
111,-44,320,0,49,0
104,14,294,0,50,0
94,5,306,0,50,0
89,31,304,0,50,0
95,-20,276,0,50,0
113,11,316,0,50,0
109,10,296,0,50,0
100,-45,298,0,50,0
65,-20,273,0,50,0
114,-22,342,0,50,0
70,45,316,0,50,0
109,-29,303,0,50,0
109,7,295,0,50,0
118,1,321,0,49,0
115,13,322,0,49,0
75,-18,271,0,49,0
117,-11,316,0,49,0
72,3,271,0,48,0
112,-34,288,0,48,0
116,14,302,0,48,0
81,0,345,0,47,0
89,10,314,0,47,0
66,-39,268,0,47,0
72,1,304,0,46,0
103,-18,298,0,46,0
93,0,279,0,45,0
124,-25,299,0,45,0
76,27,316,0,44,0
65,-10,289,0,44,0
63,-13,267,0,43,0
51,-23,304,0,42,0
86,14,292,0,42,0
79,3,276,0,41,0
49,15,310,0,40,0
43,50,271,0,40,0
109,14,264,0,39,0
58,30,269,0,38,0
52,3,272,0,37,0
55,-9,283,0,37,0
46,-33,281,0,36,0
55,-15,277,0,35,0
49,-33,311,0,34,0
49,18,282,0,33,0
99,-37,286,0,32,0
17,-11,280,0,31,0
45,-23,293,0,30,0
58,11,286,0,30,0
56,6,282,0,29,0
37,-0,285,0,28,0
49,14,291,0,27,0
46,-9,295,0,26,0
46,-3,331,0,25,0
28,-7,274,0,24,0
8,11,281,0,22,0
83,3,258,0,21,0
52,9,296,0,20,0
25,22,302,0,19,0
34,-5,275,0,18,0
29,26,286,0,17,0
41,-2,249,0,16,0
53,10,250,0,15,0
27,-2,287,0,14,0
26,3,251,0,12,0
-32,-4,247,0,11,0
21,12,265,0,10,0
37,21,297,0,9,0
13,-1,256,0,8,0
25,54,260,0,7,0
8,9,259,0,6,0
14,17,234,0,4,0
-9,29,257,0,3,0
9,-17,254,0,2,0
19,-23,268,0,1,0
-3,9,249,0,-0,0
-46,1,235,0,-2,0
-4,11,251,0,-3,0
7,-32,257,0,-4,0
-17,-14,229,0,-5,0
-28,12,240,0,-6,0
-33,5,235,0,-8,0
-16,-13,260,0,-9,0
-20,30,277,0,-10,0
-25,-14,274,0,-11,0
3,12,193,0,-12,0
-47,-40,257,0,-13,0
-68,-15,291,0,-14,0
-83,6,217,0,-16,0
-45,-3,252,0,-17,0
-32,34,227,0,-18,0
-25,6,220,0,-19,0
-28,-4,253,0,-20,0
-45,5,233,0,-21,0
-41,1,216,0,-22,0
-51,7,235,0,-23,0
-65,-9,237,0,-24,0
-50,6,268,0,-25,0
-41,-21,227,0,-26,0
-65,-21,247,0,-27,0
-54,7,200,0,-28,0
-78,2,211,0,-29,0
-41,23,190,0,-30,0
-105,26,211,0,-31,0
-84,-19,201,0,-32,0
-73,17,230,0,-33,0
-84,-29,253,0,-34,0
-98,-15,229,0,-35,0
-59,17,203,0,-36,0
-65,-16,221,0,-36,0
-73,-6,221,0,-37,0
-46,-16,194,0,-38,0
-67,-19,198,0,-39,0
-111,10,208,0,-39,0
-73,52,212,0,-40,0
-76,12,206,0,-41,0
-65,13,240,0,-42,0
-101,-35,202,0,-42,0
-73,20,201,0,-43,0
-54,-21,223,0,-43,0
-94,-35,254,0,-44,0
-75,-5,216,0,-45,0
-87,24,218,0,-45,0
-112,17,198,0,-46,0
-59,32,218,0,-46,0
-90,9,205,0,-46,0
-83,4,214,0,-47,0
-125,34,192,0,-47,0
-97,24,171,0,-48,0
-104,-14,189,0,-48,0
-70,8,234,0,-48,0
-114,25,194,0,-49,0
-130,-8,197,0,-49,0
-65,3,222,0,-49,0
-99,-4,232,0,-49,0
-87,23,240,0,-50,0
-86,-7,192,0,-50,0
-121,11,220,0,-50,0
-111,-20,179,0,-50,0
-118,1,228,0,-50,0
-120,3,195,0,-50,0
-110,-21,177,0,-50,0
-98,-24,195,0,-50,0
-84,51,203,0,-50,0
-113,-25,196,0,-50,0
-123,7,224,0,-50,0
-100,23,204,0,-50,0
-89,-19,187,0,-49,0
-80,51,202,0,-49,0
-106,18,200,0,-49,0
-99,28,193,0,-49,0
-99,3,214,0,-49,0
-131,36,210,0,-48,0
-126,15,217,0,-48,0
-87,-34,240,0,-48,0
-81,-4,199,0,-47,0
-104,3,202,0,-47,0
-101,12,199,0,-46,0
-100,28,220,0,-46,0
-104,-6,206,0,-45,0
-104,-53,180,0,-45,0
-83,-19,208,0,-44,0
-100,-4,181,0,-44,0
-89,-26,236,0,-43,0
-69,-25,260,0,-43,0
-92,9,183,0,-42,0
-60,32,233,0,-41,0
-110,10,208,0,-41,0
-75,9,218,0,-40,0
-34,-21,236,0,-39,0
-56,-27,227,0,-39,0
-53,-22,207,0,-38,0
-26,-16,198,0,-37,0
-55,37,216,0,-36,0
-51,-19,206,0,-35,0
-66,35,210,0,-35,0
-65,6,234,0,-34,0
-64,4,213,0,-33,0
-65,5,224,0,-32,0
-72,-12,215,0,-31,0
-61,-13,217,0,-30,0
-72,14,225,0,-29,0
-39,4,231,0,-28,0
-19,-22,221,0,-27,0
-46,-29,224,0,-26,0
-63,23,276,0,-25,0
-55,23,230,0,-24,0
-29,-29,223,0,-23,0
-50,-24,232,0,-22,0
-24,-8,248,0,-21,0
-58,46,235,0,-20,0
-53,2,233,0,-19,0
-61,8,224,0,-18,0
-29,4,229,0,-16,0
-27,22,260,0,-15,0
-24,12,244,0,-14,0
9,28,237,0,-13,0
8,29,235,0,-12,0
-51,20,222,0,-11,0
-29,-23,248,0,-10,0
-11,-24,259,0,-8,0
-49,-7,296,0,-7,0
-24,36,218,0,-6,0
-7,16,287,0,-5,0
-5,-0,234,0,-4,0
-2,-5,269,0,-2,0
-14,27,232,0,-1,0
17,-5,243,0,-0,0
-12,1,264,0,1,0
3,-6,253,0,2,0
-22,-24,263,0,3,0
8,18,214,0,5,0
-5,-2,262,0,6,0
-9,2,277,0,7,0
14,-32,256,0,8,0
20,16,273,0,9,0
41,61,279,0,10,0
14,2,267,0,12,0
6,4,272,0,13,0
27,-56,245,0,14,0
72,-15,256,0,15,0
54,-50,289,0,16,0
8,9,252,0,17,0
34,33,262,0,18,0
12,10,293,0,19,0
50,-7,313,0,21,0
52,20,265,0,22,0
37,-22,301,0,23,0
43,1,256,0,24,0
29,6,300,0,25,0
70,42,247,0,26,0
76,27,317,0,27,0
51,45,284,0,28,0
47,5,280,0,29,0
55,21,287,0,30,0
82,2,301,0,31,0
64,-23,296,0,32,0
86,12,276,0,33,0
52,-31,263,0,33,0
55,3,292,0,34,0
37,-35,293,0,35,0
73,-16,287,0,36,0
87,-27,274,0,37,0
65,8,286,0,38,0
56,-27,279,0,38,0
88,24,302,0,39,0
64,17,270,0,40,0
85,23,313,0,41,0
75,-6,287,0,41,0
61,29,322,0,42,0
90,13,321,0,43,0
60,-24,296,0,43,0
94,7,290,0,44,0
115,21,322,0,44,0
72,7,331,0,45,0
100,-39,309,0,45,0
136,3,335,0,46,0
93,-38,333,0,46,0
106,33,328,0,47,0
92,1,308,0,47,0
111,8,335,0,48,0
134,-13,310,0,48,0
91,6,327,0,48,0
75,4,317,0,49,0
94,-6,308,0,49,0
112,-24,307,0,49,0
132,21,302,0,49,0
100,-39,279,0,49,0
94,-8,359,0,50,0
81,4,300,0,50,0
109,25,320,0,50,0
68,-0,298,0,50,0
97,-29,350,0,50,0
125,3,311,0,50,0
110,13,299,0,50,0
101,-26,269,0,50,0
121,57,332,0,50,0
92,26,281,0,50,0
91,-24,288,0,50,0
95,-12,332,0,50,0
110,19,296,0,49,0
68,10,314,0,49,0
91,-16,296,0,49,0
93,11,336,0,49,0
105,34,285,0,48,0
38,-5,276,0,48,0
76,-20,344,0,48,0
55,-10,270,0,47,0
115,-1,318,0,47,0
114,-31,285,0,47,0
101,12,315,0,46,0
74,29,319,0,46,0
89,33,284,0,45,0
