-7,-269,-18,-12,21,24
23,-241,-16,17,2,-77
-24,-282,4,-43,-70,75
-36,-239,13,13,-1,28
-18,-215,-13,-11,-1,-26
-13,-225,-2,-24,-15,-40
-3,-224,2,2,39,55
-18,-224,17,-19,47,28
28,-205,-1,-32,-20,-13
-8,-224,18,4,33,-1
0,-241,-12,-48,23,1
-24,-197,30,-55,51,-27
-42,-200,30,24,-22,8
-33,-198,29,-85,24,54
18,-214,19,-33,-61,20
8,-155,69,44,-52,14
21,-196,20,6,-0,-2
14,-171,29,49,-84,-51
19,-188,4,13,36,43
33,-184,47,-13,-33,-1
21,-135,43,-21,-68,73
66,-180,49,-31,68,-28
8,-120,91,33,-14,-38
4,-156,54,15,-76,27
15,-146,61,3,-62,-37
-25,-143,65,8,65,62
2,-143,25,-17,-34,3
-3,-126,55,66,34,-24
1,-152,28,-41,-42,-3
-7,-123,54,-32,42,-17
32,-139,63,18,-16,22
8,-132,43,14,12,31
5,-103,30,-30,70,-33
11,-137,61,29,-64,18
1,-122,73,31,-18,-22
-2,-97,61,6,-38,-4
20,-115,48,-4,43,8
-6,-127,62,4,-48,52
32,-104,58,11,42,-18
-22,-109,119,4,33,-11
-8,-116,73,9,-6,-2
-16,-131,61,10,27,-22
-10,-111,98,76,-63,14
-37,-107,86,9,35,-63
-17,-115,97,-1,-13,24
9,-101,70,41,-22,36
-9,-81,82,-28,-7,-45
2,-102,64,35,18,-15
12,-91,57,-30,-97,6
-5,-109,71,-21,2,-33
25,-112,93,-2,29,-4
-24,-122,88,36,0,59
7,-111,93,65,-6,-51
-0,-122,69,13,-6,-2
30,-131,67,68,-3,29
4,-71,96,-14,-11,-12
14,-118,64,2,13,37
38,-86,77,66,50,-81
37,-110,56,-34,7,-25
23,-131,59,17,-15,40
-33,-132,68,-55,-30,50
-28,-153,79,69,-10,-22
11,-115,44,15,46,16
9,-117,3,-19,31,-45
-0,-143,66,6,-50,100
-9,-109,48,45,-1,14
-4,-123,31,38,-45,-54
-13,-139,76,-29,35,15
-22,-106,43,-32,-24,58
30,-123,39,-9,4,33
2,-121,39,13,-16,-3
13,-121,65,-24,-57,14
-2,-138,31,22,-18,36
21,-120,17,-9,11,-53
-41,-153,58,-3,72,-2
13,-169,38,7,47,-29
21,-173,55,-56,9,33
-6,-142,32,22,4,14
-0,-153,21,85,19,-5
2,-167,26,-30,32,15
-4,-160,9,-7,53,39
14,-219,9,-12,-57,30
13,-192,21,-33,-27,-53
24,-159,5,-5,-20,-53
-17,-207,27,28,73,-7
20,-163,24,-28,-4,-15
13,-203,50,84,25,21
-43,-197,28,10,-42,-29
-8,-211,44,90,-17,24
-9,-191,31,35,-47,36
-28,-250,33,39,74,-5
8,-244,-2,-57,3,59
-11,-235,-2,7,31,43
-0,-204,43,24,-41,-15
2,-240,14,-25,-65,35
9,-228,-3,-9,-17,-16
29,-258,46,24,8,35
6,-237,28,-1,4,-82
19,-208,-19,-40,93,113
30,-257,13,-56,-6,-36
-40,-236,22,-73,-36,-46
20,-265,-6,12,-38,3
-31,-274,39,16,-62,8
-8,-283,-16,-20,-39,34
35,-284,3,-1,-97,-13
6,-264,-21,-54,75,13
20,-295,-18,50,-40,15
42,-261,-10,35,-48,-66
1,-273,-52,-30,-31,-8
-28,-299,-12,-54,-30,-21
-37,-320,-60,-19,-4,53
-41,-316,-1,5,62,-15
3,-279,-56,-31,12,-5
6,-329,-21,-28,21,-16
-0,-349,-22,35,42,6
33,-280,-26,12,2,49
14,-313,-69,-48,44,-10
1,-295,-14,2,-51,-31
-12,-319,-73,-53,49,54
11,-301,-53,8,-6,-36
-12,-363,-11,-41,-9,75
27,-346,-33,66,-6,84
9,-315,-18,14,-62,35
15,-387,-52,-135,-5,-21
9,-343,-54,-74,13,74
11,-366,-43,-33,27,-46
26,-337,-45,1,-38,-21
-27,-352,-33,-26,-15,25
-25,-392,-63,5,-51,18
-12,-376,-65,14,28,2
-5,-358,-47,-54,-7,76
-0,-392,-56,-23,1,0
30,-387,-57,13,28,19
-4,-373,-38,-30,-19,98
7,-361,-92,-38,6,-15
-38,-435,-49,30,65,11
-37,-441,-46,-56,-17,30
-19,-399,-82,-75,-53,-54
5,-408,-49,11,7,-115
-5,-425,-68,53,-34,52
-14,-417,-69,3,43,21
-2,-403,-44,-33,34,13
7,-398,-38,-16,10,-32
5,-416,-28,-21,20,-73
-15,-406,-96,-20,-14,-21
4,-405,-61,-60,33,5
-1,-360,-99,36,-36,12
17,-397,-73,62,94,52
-7,-431,-55,40,-51,35
22,-368,-107,49,32,125
-20,-418,-90,-33,3,29
17,-433,-66,-17,-33,-47
-15,-416,-74,-4,48,22
8,-457,-109,27,60,25
-23,-417,-70,-13,25,21
-43,-377,-72,13,32,31
17,-419,-89,-76,32,-13
28,-398,-100,48,-11,-48
-10,-408,-56,35,-9,39
-6,-425,-92,-73,-23,-5
9,-404,-78,-10,-60,-55
11,-400,-44,-18,13,17
-17,-381,-66,-3,-48,-76
4,-410,-46,27,-53,-16
22,-441,-85,-22,24,35
10,-373,-74,2,-20,-32
18,-386,-53,-82,9,25
4,-390,-88,-33,-14,-0
-21,-390,-55,4,-19,-4
-24,-366,-90,9,-17,50
-25,-362,-44,11,34,-112
-30,-339,-77,-10,-31,14
33,-367,-45,4,-25,-34
19,-421,-62,43,-17,37
15,-314,-27,37,38,14
-20,-373,-37,24,-21,-3
18,-353,-74,4,5,20
13,-334,-57,86,-5,48
-24,-353,-26,9,14,34
27,-345,-40,14,-49,-77
22,-325,5,13,3,-41
2,-339,-55,-41,-44,42
13,-372,-17,12,-78,61
76,-349,-23,63,-84,-12
15,-297,-48,-42,21,-4
-30,-300,-29,55,17,6
15,-313,-40,30,-5,33
16,-306,-14,62,-9,16
-10,-355,-14,13,58,51
17,-312,-22,46,31,-10
7,-312,-44,-28,20,3
7,-313,17,-12,-17,33
-11,-300,-11,-36,19,12
21,-270,-53,11,-52,74
27,-266,-14,-31,-52,77
-20,-271,18,8,22,3
-11,-266,-11,3,-17,-31
-14,-290,-2,-57,-51,-3
-1,-293,-26,79,14,-10
24,-259,-36,-13,-31,-47
40,-257,-21,-5,26,43
-6,-263,23,-36,65,83
-18,-232,11,15,9,80
-28,-227,-2,-34,64,-29
8,-239,17,-32,-21,-23
-30,-232,33,-45,17,-81
-1,-234,25,27,-36,60
-13,-226,22,37,52,-3
-35,-215,-2,-24,7,-24
-18,-204,6,9,-22,50
0,-196,36,-55,27,24
1,-225,31,-40,22,-32
20,-180,17,42,-25,78
36,-208,31,-46,-29,19
14,-174,48,-7,8,3
-10,-248,11,-25,33,25
-19,-187,44,19,-96,-43
10,-196,48,-40,34,72
20,-147,90,23,-45,14
-6,-144,36,59,6,33
10,-164,47,-13,2,36
-28,-174,64,93,19,-31
6,-191,34,-51,-2,44
-18,-112,65,29,-11,-66
24,-145,43,34,37,18
6,-177,80,-15,1,-55
31,-106,51,88,88,-16
43,-144,61,-13,42,27
-1,-121,52,-34,-9,9
-24,-144,57,-3,-118,-20
34,-152,51,10,-2,34
50,-120,55,-0,66,23
21,-142,85,45,18,-1
-5,-116,93,9,-21,-105
-6,-146,65,-12,61,-21
-34,-141,112,-41,-8,18
-34,-113,83,-52,-68,18
21,-103,90,46,-17,-37
-24,-91,11,-1,-24,18
40,-91,43,-52,82,43
-3,-108,64,13,21,47
-20,-139,58,91,-45,60
7,-125,56,-35,-25,67
-13,-122,72,-3,19,-37
19,-121,81,-41,44,-19
-5,-102,46,-49,-32,17
-17,-113,97,9,-58,-39
-30,-94,71,-16,-23,-27
-16,-119,91,-0,-79,-67
-17,-97,84,-55,37,12
-35,-122,59,8,43,-62
-10,-107,104,-45,-52,40
31,-60,87,-69,-19,25
-26,-88,80,-8,-41,-5
-13,-102,90,23,-69,84
-9,-97,43,-20,7,10
-4,-128,67,56,24,21
23,-98,46,-28,-55,8
-7,-112,74,14,-105,58
32,-110,82,-80,13,38
7,-149,73,-27,12,-32
-13,-122,53,-56,37,-35
-20,-104,63,24,-39,-20
-3,-132,75,-85,-14,-37
18,-127,53,-44,-37,-31
20,-115,107,5,-24,16
19,-136,58,33,-15,9
-7,-114,68,10,3,-15
-2,-135,104,-28,-15,30
4,-102,34,24,-2,10
26,-89,57,28,-32,-16
13,-130,64,54,-67,-46
-4,-146,44,14,-10,-57
12,-156,44,-66,-9,-55
6,-151,80,77,-84,2
39,-119,27,-1,-48,58
53,-153,76,45,50,37
11,-109,36,22,-57,-34
27,-169,93,13,-26,-82
30,-124,52,67,-35,79
31,-119,41,-49,-32,-9
14,-178,80,-12,3,6
-11,-184,37,-87,-48,65
-11,-177,39,55,35,26
14,-180,65,-56,-43,-47
-3,-209,18,-15,62,2
6,-211,48,-73,26,-51
4,-199,29,-12,48,-24
12,-170,-1,15,27,6
2,-232,26,14,6,-10
-30,-202,23,49,66,-39
-38,-222,37,26,38,36
-1,-204,58,-11,20,24
-1,-196,27,-18,32,-12
-11,-216,4,-40,15,-27
-23,-240,11,-32,-37,62
-14,-240,36,-15,-19,27
10,-237,-1,8,-11,49
10,-279,47,-21,-12,-1
-31,-258,40,-34,-2,38
15,-276,-15,36,-9,39
-5,-225,26,-16,-113,-42
-14,-255,3,-22,13,-45
33,-262,0,-40,48,-7
30,-313,-34,-11,6,9
-45,-304,-29,24,-21,26
14,-271,-27,20,-24,-3
30,-283,-30,10,47,-6
-2,-264,9,-55,40,-5
-7,-293,-3,17,-14,-49
23,-316,-20,-19,-25,-42
13,-305,-40,-23,42,-37
-2,-315,-50,69,-27,-23
29,-334,-1,34,4,-10
33,-299,-14,13,52,39
-10,-332,-18,-19,-21,38
-25,-314,2,-8,34,-47
-24,-370,-37,37,-8,-21
-24,-342,-26,5,12,11
-19,-336,-42,-19,-21,40
2,-330,-54,-13,53,-43
6,-362,-89,126,32,7
24,-345,-37,7,36,10
5,-354,-52,-18,32,-41
-12,-354,-61,70,-27,-37
14,-353,-48,-1,25,-37
-1,-338,-70,3,-21,50
18,-363,-14,-67,67,69
12,-412,-48,38,-38,-8
37,-351,-81,-60,-28,-64
-2,-391,-46,56,10,-53
-0,-411,-64,-8,-24,-12
32,-392,-117,5,-6,33
27,-372,-61,-29,-34,78
7,-413,-59,78,-63,18
-30,-407,-64,-60,7,-61
50,-421,-54,68,-20,16
-4,-386,-104,20,-50,68
6,-417,-70,-87,-24,-59
-36,-440,-72,-4,-34,44
23,-398,-77,17,19,-103
-37,-370,-53,-58,31,-20
50,-410,-106,42,33,-25
-14,-409,-89,-7,4,13
23,-422,-75,-44,-59,-42
-5,-412,-77,-51,14,-50
-9,-364,-84,29,23,21
-26,-403,-44,-10,-12,-2
11,-406,-99,45,-48,-33
-9,-413,-99,27,-20,7
3,-423,-73,-16,28,-4
-0,-412,-94,-69,-69,12
-10,-396,-87,-20,-25,105
-30,-422,-32,4,21,19
-11,-429,-91,-39,-25,88
3,-411,-115,34,36,-62
51,-371,-24,34,23,-15
-19,-422,-90,37,-44,-52
2,-432,-77,8,-44,-35
3,-381,-88,87,18,-47
18,-379,-86,44,37,33
-16,-414,-105,-51,15,-38
-5,-383,-27,39,18,-34
-16,-392,-122,17,-29,34
12,-371,-56,74,32,-26
1,-379,-50,-52,45,-71
35,-423,-55,60,17,-45
9,-404,-55,-30,-19,3
-4,-380,-48,37,-12,-64
-12,-370,-61,89,-66,47
-16,-389,-63,53,68,-2
-7,-376,-21,-1,-63,-32
-1,-389,-90,-26,-104,83
38,-387,-28,11,0,-47
1,-349,-68,27,10,18
4,-337,-65,61,26,23
19,-379,-20,6,-68,16
27,-377,-34,26,60,23
15,-337,-37,63,-35,-44
-0,-349,-46,8,-49,-16
-20,-356,-35,57,-10,9
6,-354,-55,-50,35,48
-30,-323,-21,-19,34,-6
-2,-367,-20,-1,51,35
-13,-317,-49,-29,80,59
-16,-318,-6,12,-21,-38
25,-322,-52,-1,36,23
16,-265,-1,35,36,24
-16,-321,7,-39,22,-20
32,-354,-26,17,25,17
-15,-296,-59,52,-47,48
23,-289,-37,-82,18,-34
-26,-315,-35,11,-30,37
16,-317,28,-71,-81,39
46,-261,-18,-16,-18,12
-6,-288,-17,-64,63,-45
-2,-256,4,35,-16,64
-10,-274,-21,45,-49,-43
-1,-243,37,13,9,-40
19,-234,-4,54,71,-34
-23,-251,-2,-33,13,-5
21,-238,8,-28,47,-42
19,-262,21,-44,2,-57
17,-204,16,-36,44,-17
-26,-247,-7,-38,-49,-0
-1,-224,21,-35,-17,-15
-44,-208,7,27,-43,-0
17,-215,35,-37,7,26
6,-230,12,-3,42,-66
25,-239,16,-4,2,55
-4,-178,24,15,47,0
1,-211,57,-22,-4,-55
14,-207,22,-16,40,10
21,-217,6,4,-2,26
14,-200,11,2,46,-9
-14,-185,39,49,-18,-45
-11,-175,25,64,-20,26
2,-181,18,-33,10,-11
-39,-144,39,-39,54,-58
21,-165,56,-16,55,76
-18,-152,46,-3,12,66
-29,-173,24,-14,28,-13
-8,-172,34,-77,42,39
3,-157,65,20,21,-45
14,-144,40,-21,13,21
-36,-151,48,44,-67,25
-22,-134,38,-25,-12,-16
9,-120,68,53,-47,15
5,-132,74,20,3,-15
16,-123,93,11,-30,37
43,-166,68,22,15,-86
-7,-144,32,-23,25,-24
4,-113,74,25,77,-13
-40,-131,84,15,-54,9
21,-108,55,65,33,39
-29,-142,98,8,-15,-84
-15,-129,20,38,-44,-63
-2,-111,11,79,39,40
23,-129,85,-21,86,106
5,-112,40,-12,5,-23
-18,-124,52,-45,19,-55
6,-105,54,-7,3,-23
-29,-84,56,-16,-15,4
-2,-139,76,-53,12,-5
-2,-115,86,33,45,43
-25,-96,45,-37,66,-32
-4,-117,45,-56,115,-37
-15,-122,80,113,-52,27
20,-113,73,-9,72,-10
12,-93,89,-15,-27,-7
-46,-94,88,22,13,-10
-21,-98,84,38,-20,68
-3,-128,98,22,-16,-35
1,-97,108,-6,14,46
10,-104,47,33,3,11
13,-106,85,17,-31,6
6,-110,70,-4,-56,-31
-11,-103,84,-39,-37,2
-6,-116,40,60,-19,37
40,-108,39,19,17,9
-21,-105,74,28,-35,33
30,-80,67,19,-34,60
6,-140,78,-49,50,21
-17,-105,82,-18,-21,79
29,-113,64,-11,-8,26
-14,-84,70,103,-34,-36
-17,-117,68,-19,48,10
-8,-139,51,-17,15,-26
12,-115,88,-3,49,60
-25,-130,73,-18,-17,-5
-6,-156,107,14,12,-48
28,-113,37,-21,11,63
21,-117,32,30,-85,-117
38,-163,27,32,-74,38
25,-144,70,-4,-27,-64
5,-140,50,51,-40,38
22,-139,65,-43,37,-16
16,-141,62,-23,27,29
-5,-136,60,-46,22,68
18,-170,92,46,11,-7
-5,-163,80,20,-1,-30
3,-158,19,15,-60,-38
20,-176,67,-36,-93,-16
-13,-199,47,-72,-3,-34
2,-194,41,32,34,-37
23,-169,45,-10,33,-48
-10,-173,59,-47,-7,-23
-9,-198,13,-41,-10,20
-10,-175,43,-82,-29,-18
8,-165,15,41,61,52
12,-232,25,32,16,10
-8,-207,11,4,-25,46
-3,-236,28,-39,24,-51
2,-243,21,30,-43,29
-5,-234,17,5,-104,-1
10,-223,33,-19,69,-40
33,-266,25,-41,-14,3
29,-219,22,8,-35,13
-17,-234,40,35,4,4
-5,-239,45,11,79,-48
4,-262,-11,52,2,46
-37,-254,3,-21,57,7
14,-274,10,-23,12,39
27,-272,-0,8,24,-24
3,-312,-25,-9,69,22
20,-284,-40,25,20,-2
0,-273,3,35,4,-41
-9,-277,-39,59,-63,102
27,-318,-10,24,-55,-15
-4,-251,-39,7,-10,-7
-10,-332,-33,3,-28,0
29,-292,-44,49,-1,-10
6,-301,1,-32,-24,-8
-30,-322,-13,34,20,17
-13,-317,-34,-16,22,-17
-22,-322,-33,50,-18,-63
-18,-294,-36,48,-22,-10
-2,-333,-44,19,18,55
17,-342,-56,33,-56,-26
-0,-333,-39,82,-4,-15
7,-356,-30,-4,-27,-14
-15,-335,-32,24,14,-28
36,-345,-41,-12,68,-14
18,-351,-67,-25,11,-45
8,-376,-37,7,-3,49
24,-382,-39,39,-30,40
-2,-361,-74,-5,32,-30
-19,-347,-45,-15,6,11
-5,-407,-81,15,11,-59
-36,-362,-54,-39,0,4
-19,-404,-74,-30,4,41
22,-378,-72,34,62,15
-15,-376,-49,29,-32,4
1,-382,-67,17,-10,-13
-3,-422,-80,26,33,-31
-11,-382,-44,-26,6,34
-1,-399,-63,69,1,9
9,-407,-84,-66,-33,59
-12,-420,-93,-57,-25,66
-23,-387,-64,16,33,-51
-27,-435,-42,44,41,-6
3,-406,-47,23,-101,36
24,-399,-92,45,-4,-35
-8,-408,-73,31,2,-22
-45,-401,-101,46,22,23
11,-447,-67,20,7,14
1,-407,-91,24,-39,14
9,-418,-76,-74,30,-38
27,-406,-51,30,34,-13
0,-392,-96,11,-2,-24
-28,-406,-90,90,16,-51
5,-390,-81,-20,-45,-25
-37,-398,-85,47,1,-31
-13,-369,-84,-50,-22,43
2,-418,-91,42,-24,3
-9,-423,-93,32,29,-5
8,-415,-106,9,-10,74
-23,-371,-54,-21,-15,-54
1,-359,-65,-39,52,-10
9,-417,-93,-8,-33,13
6,-377,-77,8,-22,-15
24,-385,-78,21,124,23
-11,-408,-55,-37,-6,22
2,-388,-50,-6,-1,-46
11,-372,-102,34,26,123
18,-381,-50,29,-12,-113
58,-384,-50,-21,-0,-20
-23,-391,-63,30,-31,24
9,-421,-68,35,-42,-54
-32,-371,-61,-40,-33,-53
12,-397,-101,-5,-66,-43
-15,-364,-38,-25,3,-72
-19,-388,-73,-3,-13,-59
36,-354,-52,-46,13,8
26,-364,-77,83,62,-27
-30,-395,-33,26,-2,-18
6,-396,-65,-40,51,-5
11,-357,-35,-47,37,-93
-16,-324,-42,9,-18,-48
-3,-332,-33,-61,15,36
-11,-359,-28,8,-19,60
-11,-346,-68,-25,-18,-10
60,-339,-25,25,-1,-16
5,-342,-19,72,45,-34
6,-312,-39,27,-65,-68
-27,-303,-0,28,17,-17
17,-325,-23,10,-13,53
-47,-361,-35,14,-48,-111
-39,-307,-15,5,44,-36
-12,-310,-45,-35,-41,-17
10,-266,11,-60,-21,-86
-8,-257,20,-11,-7,54
-18,-250,-18,-29,10,1
13,-258,-19,65,-10,-42
3,-280,-19,-45,36,-34
5,-314,8,3,-39,-34
20,-268,-8,-17,-7,-6
1,-335,-15,-15,3,20
-5,-265,-0,34,7,-1
49,-279,27,1,-26,2
-31,-285,12,-32,-68,5
-12,-239,0,25,-54,31
-24,-255,-11,-13,-34,-10
10,-295,28,6,-30,36
11,-240,4,40,7,-52
33,-249,32,2,37,21
19,-207,31,-7,29,-65
-23,-205,47,16,10,33
23,-220,29,-35,41,41
10,-210,28,-42,8,-16
-10,-204,45,-42,15,34
-4,-186,24,-1,-20,-49
8,-189,6,7,38,-31
6,-163,40,49,44,-23
-1,-162,16,-79,-37,2
-32,-152,51,-40,66,-17
12,-178,64,4,-10,23
9,-204,-9,-7,-5,-98
5,-181,5,16,67,-45
-18,-190,37,-16,-0,20
-0,-167,43,40,5,-29
21,-153,38,20,37,73
-18,-151,23,30,-42,-33
2,-101,56,-73,29,-6
40,-162,67,44,10,-33
-6,-131,82,0,16,17
1,-158,84,-51,-28,0
0,-168,58,1,-11,-37
-20,-171,76,47,-14,58
-5,-134,76,30,23,-16
-2,-97,26,39,6,10
31,-125,81,75,63,38
-8,-109,60,7,-30,-44
3,-121,60,29,-28,-30
-29,-85,98,-40,25,115
-21,-92,102,18,16,-54
-10,-131,72,-34,-5,-95
14,-124,55,50,-63,40
39,-107,80,87,-61,25
23,-110,69,37,35,33
30,-141,52,-6,9,-67
-18,-102,72,-99,6,-16
46,-115,68,-4,-31,25
33,-88,63,39,-16,-33
13,-121,78,-9,-35,54
3,-79,90,-51,57,-57
11,-141,41,25,5,14
2,-109,104,46,5,-25
-6,-104,86,61,27,-41
1,-119,107,68,-90,-13
-18,-113,61,-48,20,16
-29,-111,85,36,-42,-12
49,-105,62,40,4,-84
-23,-143,58,-34,14,34
-24,-86,95,-39,-33,-43
10,-107,53,-39,-29,64
-2,-100,57,-38,43,2
-30,-141,84,-2,-35,11
18,-114,41,-51,-77,-14
5,-102,72,51,-26,-29
-16,-109,102,-47,48,69
5,-99,68,-94,49,-17
14,-122,80,6,40,0
-23,-98,58,101,7,-17
4,-111,46,-26,-5,12
13,-92,68,31,5,12
-10,-148,81,-12,1,-66
-24,-101,109,-33,2,0
-23,-128,93,52,-11,-12
-11,-130,84,-27,47,-1
2,-100,63,7,20,-44
-1,-161,77,-23,-36,-13
-38,-143,81,-23,-39,2
16,-116,41,-4,0,19
9,-142,84,10,-36,42
7,-158,48,28,25,56
-1,-168,49,28,63,76
-13,-202,3,0,-40,-14
-31,-175,51,-14,-8,19
14,-141,77,61,49,-17
-5,-197,46,-67,-19,-43
-14,-140,23,-33,-11,-38
8,-174,43,16,11,-68
15,-173,1,5,-40,20
-11,-146,21,-16,25,-21
-20,-190,13,40,40,72
-14,-203,10,-3,58,-48
-16,-228,29,-4,33,19
26,-194,-5,-59,-21,-9
39,-199,1,3,-12,15
-18,-197,30,-23,-81,23
-29,-212,26,-24,-30,7
2,-230,39,5,66,-14
-12,-222,63,40,80,-39
-0,-265,18,-9,19,-73
34,-238,31,45,-14,-31
-2,-254,12,25,-32,16
-6,-232,15,28,17,-28
-5,-246,-20,28,27,-25
17,-241,-9,49,1,10
6,-264,27,-69,21,2
-21,-266,17,59,-92,5
2,-282,3,13,12,2
-0,-292,6,32,-5,-16
30,-272,30,35,59,-17
-11,-297,15,86,-22,-13
8,-280,-7,-98,-18,25
39,-286,19,-11,-3,-12
5,-299,-26,8,76,-69
10,-276,-28,6,13,50
-42,-290,-11,-42,-11,3
3,-309,-33,24,33,10
20,-316,-40,4,12,-16
23,-319,-40,-15,56,-12
3,-338,-9,-30,43,-82
17,-341,-47,49,41,-45
-5,-329,-48,-14,82,2
30,-350,-20,63,13,14
18,-348,-5,17,22,0
-4,-341,-34,50,-23,33
23,-334,-49,40,-12,-27
27,-354,-41,-24,-63,43
-22,-360,-50,34,20,-58
-19,-392,-2,47,53,-51
48,-388,-48,-41,-6,-3
-11,-361,-91,15,-65,63
13,-341,-51,42,4,8
29,-388,-60,-43,23,2
-7,-371,-40,26,-2,18
-8,-405,-23,-47,-13,-102
-10,-363,-55,-85,-16,-68
23,-441,-58,21,21,-85
4,-419,-16,-46,-24,-23
15,-395,-58,-48,79,5
43,-392,-87,33,26,28
8,-387,-59,-41,29,67
-18,-379,-84,19,14,9
-17,-452,-72,82,67,9
61,-391,-18,10,-109,-54
6,-379,-101,-12,-37,37
18,-388,-107,-41,45,52
12,-404,-56,21,-7,-12
3,-443,-82,-20,5,-95
-14,-410,-66,56,14,-15
2,-380,-93,-28,5,53
-18,-411,-72,-27,-31,-5
-8,-393,-70,-79,-29,-3
-7,-418,-62,-12,57,8
-35,-425,-89,65,56,-9
5,-434,-78,-62,-5,-26
-27,-414,-106,-28,7,-23
28,-408,-84,-39,-64,78
3,-413,-106,34,-8,23
-3,-438,-88,-0,30,-4
-4,-392,-21,-11,-6,20
-9,-426,-88,-55,-32,26
25,-395,-93,-50,8,34
-36,-390,-90,14,8,16
24,-368,-69,35,-26,46
31,-405,-32,-22,-37,-8
-1,-397,-40,5,114,7
4,-368,-73,-50,-77,-41
-6,-442,-109,-7,42,-0
-12,-399,-78,-14,36,28
-7,-390,-40,-65,-10,9
-8,-423,-87,19,71,-54
6,-395,-53,-15,7,58
38,-398,-64,31,-25,-47
1,-402,-46,1,-15,34
15,-350,-83,-36,72,54
1,-360,-15,2,33,-71
12,-357,-63,31,-62,59
7,-390,-61,41,-35,13
-33,-328,-67,-29,51,-0
-16,-372,-53,-38,25,37
-29,-390,-70,-83,-61,-19
-11,-377,-76,32,-52,-21
26,-369,-58,-3,15,-11
-13,-312,-43,67,-30,62
-26,-338,-54,5,-28,11
14,-326,-29,58,-6,90
15,-332,-61,20,-1,-17
31,-296,-13,-59,-12,-7
13,-356,-51,52,2,61
-2,-319,-54,56,-19,-48
-4,-334,-18,75,33,2
-4,-351,-19,12,-2,7
-25,-301,-35,7,-24,-17
-29,-302,-22,71,42,48
-11,-303,-54,-55,37,8
13,-271,6,-62,27,-17
-12,-288,6,42,-3,31
10,-265,-21,16,11,14
34,-296,-28,3,62,-4
-5,-310,-6,-50,47,14
21,-296,-30,75,7,29
14,-281,-1,13,-26,38
23,-287,-22,28,36,-17
4,-297,-33,-68,-14,-30
3,-264,-11,21,38,30
31,-246,-16,-43,-14,-23
-10,-285,4,-2,-35,-85
-20,-236,-6,-76,-55,82
-12,-217,-4,52,36,7
-30,-226,-4,59,-1,0
5,-225,-9,3,-42,-74
13,-233,35,-13,20,65
19,-242,31,-35,-49,12
20,-192,19,-35,6,14
8,-185,24,-24,3,-16
4,-208,22,30,-9,-8
9,-190,16,33,57,49
10,-188,8,75,40,-45
2,-190,47,40,2,-17
-0,-192,42,17,-61,4
13,-198,58,73,8,37
-9,-164,20,-6,-42,-79
-41,-188,53,-49,6,21
5,-168,27,-75,23,-71
20,-135,56,-85,104,71
-23,-162,49,-13,-33,-30
8,-178,45,68,-56,9
-18,-167,86,54,-47,1
10,-153,57,-52,42,-15
18,-128,80,-34,-56,-45
30,-156,21,-63,15,-41
-25,-187,23,-18,-0,30
20,-169,40,91,46,33
-8,-125,113,33,-46,-9
-11,-97,66,-65,68,-19
-37,-141,72,59,-30,56
13,-108,28,-28,26,-17
23,-116,78,-2,-6,-16
-23,-110,43,20,14,-10
40,-128,61,-17,-8,-5
3,-88,87,6,-25,-46
3,-100,96,3,-25,20
-20,-123,72,24,-12,19
-40,-120,49,-16,-8,53
54,-102,67,48,24,6
-10,-99,112,40,-2,-28
11,-114,90,27,-23,-1
-16,-102,44,8,-31,-70
-6,-101,62,-16,6,-7
-15,-108,70,72,-17,-66
-37,-76,84,-4,-27,23
10,-94,82,-33,6,29
-38,-119,100,25,-102,-13
-20,-47,89,-11,-45,-6
25,-80,79,-5,-1,59
-16,-93,118,17,-6,-36
-14,-125,39,-23,40,-9
27,-72,84,-22,-19,-4
35,-77,69,-10,48,13
-23,-100,50,-37,25,31
18,-112,93,-110,-0,66
1,-83,59,38,36,-45
-30,-143,59,-5,-7,11
9,-115,69,5,-19,-34
-34,-105,102,28,-11,-26
-11,-131,70,-38,-12,-7
-35,-119,103,8,10,6
-12,-118,78,-49,60,-22
-8,-96,77,2,28,-5
6,-125,90,10,33,-10
24,-154,13,-7,19,25
19,-148,68,-40,22,8
-7,-130,45,-64,-47,12
33,-137,68,15,-13,-51
-27,-117,97,41,1,-41
-33,-137,52,-29,-28,-1
-25,-164,59,-0,-4,14
-27,-162,57,-24,37,-8
11,-135,24,24,15,7
29,-138,34,31,-1,30
11,-154,88,-112,-61,-4
10,-174,52,18,11,-40
-24,-167,33,-35,-5,7
-10,-160,82,6,-58,-49
-27,-174,55,17,3,24
34,-183,18,21,-33,-4
-11,-190,47,-46,6,-30
-30,-172,21,33,0,67
-3,-188,33,10,-58,-37
35,-146,58,56,8,-49
-39,-206,12,-6,-43,-96
25,-199,49,31,-1,-24
-17,-212,39,-44,68,-27
-8,-207,41,-19,1,46
-3,-183,36,26,36,71
-51,-182,40,-12,-9,-1
-39,-204,34,43,7,-25
-16,-229,-17,94,33,-25
3,-194,0,-75,-25,8
12,-204,-5,20,-5,-35
17,-232,-14,-5,-26,53
22,-254,-15,-43,-20,-3
-14,-245,17,-56,24,-23
-51,-233,-8,-18,-11,30
-25,-232,37,-3,57,-49
6,-277,-21,68,-17,30
-27,-274,-11,65,64,-49
-41,-251,-35,-109,-65,-20
-8,-311,-17,21,34,-50
18,-279,-11,36,85,-1
-10,-242,49,25,35,14
26,-287,-13,-62,33,-40
-2,-272,-47,-44,19,7
-18,-309,-31,60,-58,18
29,-326,-30,-47,-77,43
-22,-298,-13,-66,-53,-20
18,-325,-10,-19,-55,21
5,-315,-41,65,-1,-31
-7,-316,-25,-53,-5,5
10,-338,-36,-2,-18,48
-36,-351,-51,44,31,-12
18,-348,-10,73,-87,16
11,-372,1,60,31,36
-17,-368,-33,17,-22,8
14,-311,9,9,-15,-27
46,-349,-69,5,-0,53
12,-347,-18,-97,-41,17
25,-357,-72,69,46,45
4,-345,-68,-7,-57,-11
8,-350,-48,26,-16,25
-21,-359,-43,14,-59,51
24,-369,-95,4,-20,-34
-12,-353,-59,71,-45,17
13,-386,-46,-21,12,-19
-5,-345,-44,-10,18,-8
37,-375,-68,42,12,-22
-29,-410,-38,29,23,-17
4,-389,-83,-47,-50,-39
12,-386,-67,-20,40,7
18,-420,-52,7,-55,-14
-4,-358,-61,48,43,41
29,-403,-70,2,-24,27
29,-421,-86,25,21,95
-7,-380,-49,23,13,-10
-13,-375,-49,-22,41,22
-3,-401,-46,16,20,50
-9,-401,-57,37,2,3
-4,-390,-88,-16,19,19
36,-408,-80,42,-26,-3
-14,-369,-77,3,26,-53
-27,-426,-86,78,-4,-13
-6,-428,-67,50,-15,-16
-54,-420,-74,34,64,-16
-4,-368,-79,-5,31,-3
44,-389,-63,-28,-10,18
14,-397,-94,20,17,-43
-16,-385,-65,-13,-90,29
-29,-420,-59,-44,15,-17
7,-398,-62,-3,-27,43
-4,-432,-69,12,-8,11
-13,-418,-86,64,-5,26
22,-421,-44,30,-60,25
-6,-431,-68,53,20,2
14,-384,-88,61,-78,52
13,-412,-81,9,-9,48
-4,-397,-70,37,-27,36
-0,-408,-97,-94,42,-15
-7,-389,-66,-60,32,35
53,-354,-70,5,-67,18
12,-360,-64,-18,29,2
-1,-384,-49,37,-47,-45
0,-405,-66,-45,32,29
10,-398,-64,-10,-39,2
39,-373,-5,41,61,21
-6,-390,-80,-42,20,-53
-10,-366,-64,-14,-42,90
-11,-385,-83,40,-102,19
12,-385,-119,31,17,14
18,-418,-6,-51,-66,9
6,-375,-72,-8,-35,-14
-1,-399,-62,75,21,-15
2,-359,-67,-11,8,70
-9,-358,-28,-47,-139,21
-46,-309,-31,-16,-79,-76
-37,-363,-54,26,1,-7
14,-337,-40,16,21,-37
-6,-342,-58,66,13,31
23,-364,-67,43,-53,15
13,-299,-18,3,49,-36
-13,-286,-64,27,-30,-5
-2,-309,-28,31,-16,-14
-21,-308,-76,-12,-29,55
12,-302,-33,55,-63,-46
26,-295,7,43,-6,64
19,-307,-51,73,49,31
1,-302,-30,-36,-69,17
44,-285,-9,43,-35,-8
13,-306,-3,57,-21,39
-8,-323,-21,45,-3,-16
19,-281,-4,16,-33,29
-3,-283,-43,59,-50,53
2,-269,2,32,-65,38
-24,-249,40,30,20,49
-2,-253,5,-13,-36,51
6,-229,18,-20,9,7
32,-245,4,-43,-4,96
-27,-280,4,47,47,92
-6,-236,23,-25,-28,-95
2,-252,20,-34,36,31
-19,-249,-14,45,-29,-77
-1,-243,7,-37,2,-43
26,-214,29,11,-92,17
20,-185,-21,26,58,-61
3,-235,35,-33,-1,28
-9,-245,28,24,19,-56
-32,-184,57,4,-17,10
10,-201,24,46,-23,-17
15,-195,13,-12,-20,8
30,-191,9,28,-7,31
-17,-202,22,-54,22,-117
-13,-179,56,-14,-23,-79
-30,-198,59,39,4,79
31,-144,32,-51,30,44
-20,-195,122,-29,87,-31
20,-189,69,30,17,-30
-3,-169,58,28,27,20
45,-203,53,-63,13,-74
36,-178,53,62,-10,-1
-18,-156,55,3,20,-17
30,-123,43,-32,32,-11
7,-150,54,-27,13,-97
47,-162,56,-23,16,33
-7,-188,99,7,22,-1
8,-119,17,6,75,13
17,-114,113,-44,119,-38
20,-137,83,5,30,-2
26,-158,86,28,1,-39
2,-136,43,48,-58,-73
-24,-127,12,25,-31,-34
4,-145,51,-8,1,-11
27,-139,67,27,50,18
18,-125,71,-4,25,-10
-3,-100,102,10,57,-32
-23,-94,79,11,-33,-9
-5,-117,75,43,0,-19
16,-116,51,-54,-1,-15
-9,-102,49,40,-59,-18
0,-138,55,16,-76,20
31,-112,118,9,-2,-32
-31,-98,49,-0,15,-46
18,-93,82,-69,3,12
32,-107,76,15,-41,26
2,-114,46,36,24,-35
-1,-101,71,9,89,-4
-30,-120,55,-9,-10,76
1,-114,76,-32,9,26
44,-119,95,22,-36,-75
-6,-97,81,38,19,-15
-5,-131,56,-54,-34,33
36,-105,93,46,57,38
-11,-110,80,-16,44,-28
-7,-94,79,-4,73,-31
17,-124,76,-33,4,13
34,-106,98,-22,35,5
0,-134,106,48,-37,51
-11,-140,48,-20,-90,42
9,-143,76,-33,-31,-9
-45,-115,108,-8,1,14
-19,-95,32,41,-43,-21
-23,-118,72,-97,-34,-4
-26,-118,50,-5,-17,-34
5,-118,92,6,38,-17
-11,-114,108,-76,-27,10
-26,-127,53,6,10,35
-24,-117,83,43,45,90
3,-126,82,-32,52,-31
14,-169,113,7,-16,33
-13,-119,5,-2,-10,-21
13,-124,45,-23,-7,-70
3,-190,65,11,27,74
3,-146,57,8,-3,18
-3,-165,35,50,44,44
-14,-164,54,-27,-3,3
-24,-144,70,-3,-33,38
-18,-145,28,15,49,-45
19,-120,22,-45,43,-69
-4,-165,16,17,55,-8
-8,-198,7,22,15,14
-15,-172,36,33,-24,38
-14,-155,36,40,-7,17
23,-205,13,-1,59,8
5,-181,25,10,17,17
4,-212,79,-23,18,23
26,-181,38,-18,23,-8
-4,-205,-12,-32,-20,-63
-1,-229,34,28,27,-2
-7,-177,25,10,-6,-92
26,-233,23,69,4,-10
-12,-246,27,-43,-3,-1
-6,-204,16,14,-77,87
0,-253,17,9,80,25
43,-246,-1,-40,11,-17
-4,-237,21,55,27,86
-21,-217,27,-44,4,-6
-1,-285,-37,-21,-27,33
-10,-256,-3,-74,80,-33
31,-234,7,-26,-28,-61
8,-245,5,-29,-37,-15
-12,-269,-3,-21,-45,-10
27,-256,24,42,30,42
-5,-278,-12,17,40,43
26,-262,14,-41,16,22
-9,-253,-18,42,15,25
13,-307,-38,-3,-68,-56
34,-274,-11,-0,-16,-4
-32,-282,31,-46,6,-51
-34,-321,-14,20,24,1
10,-299,-31,28,10,-32
-5,-321,-12,-1,9,24
2,-301,-18,55,13,15
-4,-299,-38,21,-1,48
-1,-349,-28,-43,-4,-22
-3,-342,-67,-1,2,26
7,-350,-64,15,41,54
-24,-340,-71,1,7,34
-7,-364,-30,20,-22,-10
-10,-357,-30,25,2,70
-17,-310,-29,-16,-49,-9
1,-348,-31,63,-18,54
14,-356,-56,-15,-59,13
-27,-354,-39,-11,-0,-34
-6,-345,-36,-23,16,6
10,-373,-81,8,-27,31
12,-366,-24,6,-43,-18
-23,-356,-96,-42,-30,-34
4,-369,-44,-41,-72,-54
-1,-391,-103,28,38,19
5,-402,-71,15,-25,31
2,-361,-53,7,87,-44
-18,-389,-68,-16,56,31
9,-406,-71,-17,-49,-20
11,-401,-58,-1,12,5
19,-389,-60,0,-16,-47
-12,-392,-75,32,-15,-31
17,-385,-81,25,-45,-39
6,-380,-75,-5,-23,6
9,-366,-92,47,-89,49
-4,-396,-100,32,34,-58
13,-453,-88,-83,8,-34
-22,-377,-84,46,8,87
-34,-389,-95,49,-29,5
9,-451,-100,-56,14,1
21,-432,-78,16,51,32
-17,-425,-82,-31,34,73
35,-428,-94,-33,7,-25
-1,-453,-90,9,66,-67
10,-404,-70,26,39,12
-14,-403,-70,-5,8,-64
3,-390,-64,61,-33,59
11,-419,-40,-32,16,-71
27,-419,-77,17,2,-29
16,-433,-120,-47,8,-1
-51,-375,-15,-33,3,31
-25,-396,-80,0,-40,65
9,-406,-73,-1,26,13
18,-378,-137,-45,-8,36
20,-411,-90,45,5,-56
8,-417,-94,-50,52,-2
20,-386,-69,-54,-90,32
-32,-409,-38,-36,-14,15
-27,-380,-81,-16,26,-17
9,-405,-82,19,11,-21
3,-387,-54,-27,-38,19
-5,-380,-56,18,-42,-44
5,-382,-50,13,-42,-12
34,-359,-53,-30,15,33
10,-382,-68,76,39,93
9,-401,-94,-41,-58,19
6,-341,-96,44,9,-16
17,-371,-59,-5,-8,-21
7,-371,-22,29,-61,-42
29,-369,-40,-53,-31,-34
-5,-370,-33,-12,-21,-18
18,-350,-44,33,-45,78
16,-371,-45,-36,5,11
15,-374,-3,29,-26,21
43,-316,-41,-51,-57,18
10,-328,-12,-34,-10,-4
3,-336,-21,-17,34,-5
-28,-306,-40,-15,39,-49
11,-298,-16,-18,19,81
27,-331,-19,12,-53,-64
-26,-341,-5,-88,12,11
-58,-312,-18,42,31,-35
15,-303,-41,-12,-47,-69
-12,-268,10,107,19,26
-2,-294,-24,16,-16,8
-39,-267,-21,-28,-14,48
-36,-261,-22,77,10,50
12,-268,-10,-68,50,-31
-3,-299,-28,-53,-51,13
-27,-263,10,-50,-28,49
-12,-255,17,-21,-18,-30
11,-284,-15,-33,8,11
24,-238,30,31,-11,14
20,-235,16,-14,27,-9
0,-240,18,28,-7,-1
-16,-249,2,-28,-25,-25
18,-235,1,14,-20,28
-15,-255,58,-10,-49,5
8,-220,14,-34,-35,26
-26,-228,-22,-39,-12,44
-8,-207,-17,32,85,7
1,-237,15,17,-20,-44
-1,-190,31,-7,-87,-40
24,-230,17,35,53,29
-34,-222,44,70,8,-57
-7,-198,22,-11,-6,-67
5,-181,49,-26,-0,9
4,-197,39,-3,-12,-14
-16,-183,48,4,-51,-69
33,-205,45,52,-48,43
3,-142,55,-6,69,-30
5,-164,8,20,75,-26
6,-164,-8,-18,68,106
-8,-172,23,-69,-76,13
-61,-181,37,31,-13,45
-24,-182,72,-20,-5,-40
-16,-154,12,-32,63,-51
7,-141,51,-96,-36,25
4,-134,104,-80,-65,3
24,-143,66,0,-57,-30
-6,-114,42,39,78,-22
-9,-122,54,-21,44,-21
38,-134,84,5,5,58
-16,-151,71,-35,39,-38
-5,-124,37,15,-17,-36
-5,-139,69,51,-62,90
-1,-126,53,44,11,103
-2,-136,53,-82,58,-5
-0,-137,84,-90,-42,52
-18,-138,53,-3,-76,35
10,-86,72,-58,21,-16
11,-115,84,29,47,3
26,-144,62,-30,53,-40
-16,-72,73,17,7,70
20,-105,57,-69,-82,-16
13,-111,38,-37,63,30
27,-81,100,-5,26,33
-22,-131,73,31,58,45
-31,-98,98,-32,-21,54
27,-130,59,-62,-52,2
16,-105,65,8,88,56
-31,-67,102,-66,20,32
10,-113,87,-9,-16,-21
33,-85,23,36,28,-63
2,-114,120,-22,33,50
16,-93,92,-10,-57,10
10,-126,87,-68,-42,-24
6,-105,53,41,88,1
-52,-101,75,31,-16,-22
-30,-109,86,-19,9,57
19,-121,69,-7,19,-3
-16,-100,41,-10,1,53
17,-129,83,51,48,-37
38,-153,78,76,-110,-32
-30,-132,55,23,10,-12
-30,-96,64,-16,-21,-52
-29,-106,70,-19,73,8
22,-107,87,-35,-22,-15
-12,-113,28,14,-33,-43
25,-140,99,-39,-34,-4
-32,-167,59,-47,36,-54
13,-117,80,22,17,-23
18,-98,55,-34,43,-3
18,-114,62,56,28,-86
34,-137,92,33,20,34
12,-108,82,-3,46,27
-18,-134,75,73,-70,-50
-19,-114,35,-25,-51,-20
16,-166,55,67,-15,35
-30,-150,46,-6,-57,35
-13,-160,68,5,10,51
-0,-164,25,-5,-36,-74
-24,-170,44,113,33,-24
32,-170,38,47,4,58
-1,-191,21,13,-5,-38
-10,-194,28,47,-64,1
0,-186,99,-30,61,29
-52,-159,30,-8,32,17
-13,-181,26,11,-28,-3
-2,-185,35,22,-25,-18
13,-198,8,6,7,39
10,-203,4,-4,6,-9
2,-198,1,-43,-55,-20
21,-207,3,47,27,36
-15,-225,48,14,-35,-53
-11,-229,37,1,-14,2
8,-231,17,92,27,43
-5,-226,-3,-47,48,-35
-16,-281,-2,-43,40,-24
7,-216,29,33,49,33
-25,-243,-13,26,-21,-9
-10,-222,-9,-19,13,6
-32,-251,17,-8,-60,-7
-7,-249,14,-23,18,-20
43,-276,-38,-7,-5,25
-24,-283,-11,-18,14,-11
23,-242,10,7,-6,29
33,-287,-27,39,-34,35
-15,-284,2,-41,-10,66
40,-272,5,18,-66,16
-13,-300,-41,94,1,15
-12,-293,-45,7,29,-31
26,-312,-6,17,43,53
22,-297,17,-25,37,-43
-4,-324,-51,-5,-15,-91
20,-333,-45,54,4,-9
5,-290,14,-7,-23,2
11,-308,-48,1,-20,-77
48,-360,-32,-48,15,-34
41,-327,-46,-20,42,-21
-20,-342,-49,35,-45,6
15,-319,-70,-17,35,-7
7,-330,-58,-2,-9,16
-20,-344,-61,43,-58,-31
-20,-384,-45,61,-9,17
-21,-324,-54,9,-5,-56
-26,-381,-60,8,35,-24
16,-352,-35,-66,-12,45
9,-371,-67,-5,-25,25
-5,-369,-88,17,21,12
18,-378,-60,24,-13,-43
-17,-331,-56,11,45,-10
36,-397,-42,-5,22,12
6,-391,-62,-29,-11,9
-37,-380,-71,43,-38,-23
10,-339,-50,-5,8,-61
-17,-378,-43,11,13,-33
9,-382,-40,46,5,-15
-3,-413,-99,6,-35,25
22,-393,-48,-4,14,-68
6,-397,-3,69,-52,-9
29,-379,-80,-12,-55,-69
-13,-391,-67,88,11,-18
13,-394,-51,-32,41,12
37,-419,-76,-6,-17,28
-36,-424,-81,25,21,3
-8,-416,-78,16,-22,5
-1,-400,-58,-44,68,-42
-11,-378,-104,-3,19,78
-12,-398,-57,-17,-4,13
2,-404,-100,-19,59,6
24,-363,-96,-5,-41,49
-19,-379,-72,-47,-49,46
-18,-431,-98,82,-13,-31
-18,-420,-117,27,56,16
-17,-404,-86,-28,-35,-5
6,-414,-58,-21,-8,-2
25,-374,-44,-7,-78,32
10,-399,-71,-53,-41,14
56,-371,-70,21,-6,-1
2,-385,-60,63,37,1
19,-380,-97,-6,-38,4
21,-405,-51,-20,0,-17
7,-376,-57,-25,-25,-15
-14,-406,-108,48,-110,-59
-2,-408,-62,46,-67,-16
10,-392,-76,-24,13,-34
-17,-422,-81,13,43,-46
-25,-391,-62,25,-34,-61
1,-427,-83,-63,108,14
-12,-366,-71,11,35,-46
14,-428,-55,-17,41,67
-38,-373,-38,-59,-8,58
8,-369,-64,-45,-8,-2
-16,-380,-65,-82,73,-14
-30,-396,-48,8,-66,1
-16,-384,-71,5,47,-51
27,-367,-52,-32,-9,-14
-18,-374,-51,4,-1,-5
-29,-384,-35,15,6,54
5,-381,-64,9,-9,-5
-4,-331,-52,-15,50,36
9,-357,-53,18,-0,114
21,-399,-45,-45,-36,-7
12,-356,4,-40,24,68
2,-370,-26,7,-25,53
14,-330,-31,23,39,-57
-12,-335,-37,-36,-46,-28
8,-303,-37,-9,10,-10
21,-286,-56,17,-40,-13
-4,-301,-24,-71,-47,-10
-29,-307,-34,22,93,8
15,-300,-14,-17,5,33
18,-297,-17,-40,-5,7
-1,-341,-12,9,25,-36
-14,-298,15,19,18,1
3,-272,-41,-43,77,44
-20,-306,-51,30,8,-20
-13,-292,-10,-71,26,6
-16,-279,-22,38,30,43
-2,-269,-5,-30,-14,-3
-6,-272,-0,-21,-1,25
21,-237,26,-40,86,16
-28,-257,-20,-49,5,47
6,-239,2,50,2,-41
-17,-256,-8,-14,15,-39
-25,-230,-1,-11,-21,23
-16,-248,23,-6,25,-33
-13,-246,-8,-64,31,-56
-26,-247,21,-15,31,-20
6,-212,29,-80,-25,39
-13,-210,41,37,12,-5
8,-200,9,-31,19,19
-5,-214,37,4,-31,-10
-3,-179,20,-48,-98,7
50,-179,34,-8,-0,-47
-3,-180,31,-29,-73,-55
-21,-185,10,-19,67,9
8,-179,17,-93,-66,-63
-20,-207,25,47,18,-50
5,-188,32,15,-39,49
42,-158,31,29,32,3
-16,-122,36,10,33,62
6,-189,56,-49,-35,-96
-5,-162,62,24,-44,-16
-22,-186,65,-32,25,-64
-3,-193,78,5,16,-47
10,-134,18,-52,47,-18
27,-144,71,46,-12,-9
20,-119,52,26,-46,-20
-50,-145,63,-27,68,-49
-2,-152,46,-0,-76,-18
-17,-141,21,65,48,21
0,-145,53,-20,19,-87
44,-138,44,2,40,4
-21,-89,63,63,-4,-21
17,-159,51,9,-21,-19
-9,-150,78,3,66,24
16,-134,74,70,19,-24
21,-123,72,56,-29,-2
-24,-149,69,-24,-20,-14
-2,-124,78,-13,31,8
26,-106,85,35,25,-26
12,-126,76,-36,-59,14
-17,-158,84,25,16,-24
2,-136,59,-50,-29,-17
-7,-67,85,8,-78,40
18,-90,68,-24,-13,-50
-8,-158,96,85,-30,26
14,-82,88,23,2,6
14,-59,73,-46,52,96
-5,-82,58,-29,16,38
-12,-70,91,-45,-6,-17
-1,-128,59,17,-17,-38
-32,-126,58,17,55,-42
18,-92,70,-23,-14,26
-19,-89,44,12,23,-46
5,-118,92,-7,-5,-65
27,-89,79,-99,-3,-19
23,-94,93,43,-52,-67
28,-107,60,39,13,-6
-8,-60,82,40,-18,-5
25,-89,69,34,12,12
-0,-103,38,59,68,5
1,-169,69,8,-50,22
40,-132,64,43,-40,6
-18,-113,35,-21,-23,-20
0,-114,88,-36,-29,96
-18,-92,75,57,1,-146
1,-132,67,14,7,-7
5,-127,95,-30,-61,-12
7,-112,68,-58,60,-86
-22,-110,38,32,59,-13
-0,-123,52,-20,-13,-54
29,-142,40,15,-28,37
-5,-139,68,-49,14,-15
-6,-143,36,-1,15,-26
13,-160,32,5,-17,-44
-13,-177,39,-44,20,21
13,-126,62,6,-2,0
-16,-135,79,-12,57,-4
27,-179,45,28,-49,7
6,-171,2,1,-16,13
20,-158,92,55,32,-38
-0,-180,24,12,75,0
27,-148,23,-26,-7,18
-29,-191,44,-39,32,-26
-43,-190,-11,-38,-9,-22
-65,-236,56,1,-72,72
-23,-195,12,-8,5,-51
-26,-196,63,4,-20,20
-20,-201,8,66,-18,-70
24,-220,15,-52,27,-23
10,-196,9,24,47,-14
5,-235,50,24,29,-11
-12,-197,40,62,29,26
-23,-231,16,-26,-77,-1
17,-219,19,-24,60,-19
24,-242,22,-21,-29,-41
-24,-261,14,-77,26,46
8,-265,25,67,-45,39
-2,-260,-20,-21,31,42
-4,-271,2,68,17,-9
-15,-250,4,-2,55,-85
16,-251,-16,-6,38,19
-17,-282,-4,-37,-24,1
-13,-294,-6,5,-25,80
-5,-316,-35,16,-2,8
18,-313,-0,-48,26,-44
-12,-298,-19,46,-52,21
-2,-275,7,-73,13,62
-33,-296,-5,-52,-16,-53
2,-313,-39,-60,-23,-19
-17,-279,-83,-23,4,-28
7,-271,-7,-55,8,61
-6,-310,-32,12,-8,37
40,-300,-42,-0,25,77
-9,-315,8,15,-13,2
7,-329,-28,-26,56,-94
-15,-338,-8,-56,80,-3
31,-330,-60,-24,-34,-4
21,-356,-47,-16,-2,-37
35,-362,-18,-10,-93,3
21,-351,-56,20,-7,18
2,-354,-61,-28,-1,21
14,-349,-29,-90,-45,118
26,-349,-53,42,-21,16
-19,-366,-61,79,-11,-19
-18,-368,-82,-101,19,24
-10,-353,-67,56,-8,-1
7,-367,-47,43,13,-31
-2,-349,-76,20,44,54
5,-367,-36,1,16,54
8,-337,-29,8,-9,-13
10,-374,-65,-11,44,-16
-18,-418,-38,-63,2,14
29,-396,-96,22,22,48
35,-353,-46,1,7,1
17,-388,-91,-20,9,-72
9,-383,-66,-5,-1,32
41,-380,-24,38,-38,25
-11,-408,-95,79,-5,-26
-0,-424,-72,27,74,5
-19,-433,-57,13,-70,6
-13,-413,-79,23,-49,5
15,-414,-49,-49,3,-83
7,-398,-83,15,-20,-5
-18,-389,-114,13,4,90
22,-396,-60,53,71,1
-5,-427,-70,2,47,-36
-11,-405,-87,23,-22,-33
9,-413,-97,-1,-12,-21
3,-398,-68,-51,-15,-19
-13,-435,-59,-6,32,11
-26,-420,-93,-3,21,-20
3,-432,-30,-8,47,28
-15,-378,-66,-8,36,-51
-24,-415,-39,-107,21,38
-10,-388,-39,92,-5,-16
-4,-399,-82,-50,23,0
12,-378,-61,29,15,-26
-32,-418,-80,25,-30,-21
5,-414,-73,35,-36,4
-27,-399,-83,10,-47,16
11,-373,-90,-52,-10,10
5,-420,-81,64,-63,26
4,-391,-74,-77,-54,-14
39,-402,-48,-37,-15,17
18,-405,-81,2,-14,15
-4,-436,-66,19,74,21
-5,-394,-81,29,20,-22
-6,-405,-32,-14,44,28
-22,-379,-60,-26,34,13
7,-341,-74,-5,27,-41
-11,-387,-14,-12,44,4
12,-355,-58,21,22,-1
-51,-340,-68,63,56,-10
33,-325,-29,34,-19,-28
-23,-343,-8,13,-33,25
17,-362,-28,-63,21,-0
-17,-325,-36,11,42,74
13,-355,-25,25,-25,26
10,-359,-34,31,-60,-31
1,-367,-40,-10,10,-62
-26,-342,-59,40,22,-7
10,-378,-48,-20,-80,86
37,-330,-21,-28,-30,-26
-37,-344,-3,34,-62,66
-13,-332,-32,11,-26,73
-56,-320,-37,-12,39,-17
12,-322,-37,-53,-4,-41
-1,-339,-16,10,44,-61
-25,-311,-52,-4,-6,28
-17,-303,-18,23,19,9
-10,-333,-29,25,48,-14
-33,-293,-12,30,-44,59
-10,-271,-1,-42,1,-53
8,-312,-20,22,-24,42
-0,-271,-12,-82,-18,-7
-1,-263,-22,45,-3,92
5,-279,-5,-7,-21,14
-19,-319,-7,16,15,37
-8,-269,26,-9,27,2
5,-261,-46,46,6,28
47,-266,-14,-92,17,68
-5,-273,23,84,-9,11
26,-257,7,-34,58,42
-10,-200,-3,26,15,28
14,-227,37,50,66,54
5,-242,-17,-13,38,-26
-14,-230,107,-19,7,-47
6,-222,29,4,65,19
-1,-196,24,-23,69,-12
-19,-193,2,14,9,-8
-1,-191,46,47,-9,-19
-0,-204,0,-22,-30,-33
10,-187,-33,28,-25,-9
-39,-193,5,-43,67,10
-20,-173,41,73,12,84
10,-203,31,-1,-13,9
6,-171,91,48,24,-9
-3,-171,33,-36,-20,5
-6,-166,23,28,17,-34
20,-127,77,2,29,13
-13,-208,67,6,-59,9
-4,-136,31,-23,26,-81
6,-149,67,-10,37,-14
-22,-180,45,4,-16,-20
16,-134,19,21,-42,27
-17,-114,45,-112,40,24
12,-127,50,-65,9,30
17,-166,29,-37,16,13
9,-130,81,-28,73,14
-23,-106,106,-14,61,59
50,-135,73,52,-1,30
12,-110,71,-9,-38,-25
-6,-141,66,16,45,-12
-5,-127,61,-64,5,14
-17,-131,87,-8,61,51
-8,-108,85,-21,-56,-4
-2,-144,44,15,-37,59
32,-121,74,26,-36,30
8,-155,101,-17,46,-40
5,-111,67,-27,16,-65
-24,-88,101,48,17,-27
7,-122,33,-30,-51,4
-15,-113,80,86,-90,-22
19,-76,67,-17,48,-86
14,-116,36,34,-10,-4
-14,-91,115,-32,-44,29
-18,-91,64,12,-5,0
1,-105,97,3,-35,15
-30,-84,40,-2,25,-10
-8,-104,90,54,-32,-48
-12,-97,88,52,-36,-33
-4,-84,44,30,9,37
-40,-101,89,3,-26,-50
-18,-70,75,16,91,-3
-25,-154,54,-12,15,-28
-9,-122,66,37,-42,32
-2,-132,97,-23,-16,-34
-15,-86,29,8,9,33
17,-114,90,-60,-58,-10
21,-145,66,-24,99,15
-26,-133,81,-70,2,-13
-15,-123,86,16,-36,19
20,-116,48,40,-23,42
19,-83,51,-14,0,1
-7,-107,95,-9,5,-41
-4,-130,72,24,26,11
6,-166,41,-25,-32,-54
7,-140,69,36,11,-56
-20,-148,65,15,-32,48
-4,-132,25,11,-39,-49
0,-133,51,12,16,6
-17,-121,45,-41,-6,6
2,-120,53,82,5,44
22,-147,48,25,38,-43
6,-155,68,-1,4,108
-11,-143,38,21,-19,-8
4,-177,40,5,-8,-60
-17,-168,11,34,-10,14
-5,-214,32,-21,69,-4
3,-155,34,-26,1,-40
3,-159,44,-47,8,19
33,-190,20,78,-84,13
-15,-192,21,47,58,-59
1,-202,44,-21,35,-62
14,-204,45,27,-69,72
-3,-215,44,-18,56,41
17,-194,16,13,-0,6
-35,-189,30,59,17,-1
2,-176,25,60,10,50
-3,-214,9,-7,-3,52
22,-192,46,42,-5,2
-24,-182,4,-63,14,-7
-18,-238,22,29,-25,-3
16,-168,6,-43,78,-94
15,-248,7,41,-61,41
27,-235,-15,68,30,-54
14,-254,-3,11,-0,2
-26,-260,-14,-88,1,-13
32,-272,41,-31,-93,-64
7,-272,64,-9,-62,-21
-11,-275,12,-43,8,-46
-0,-301,14,-9,70,37
-33,-287,-29,-56,-0,-0
-7,-278,-8,-33,-17,27
-2,-319,1,34,-37,-31
-6,-314,-44,-43,18,-70
8,-312,-8,-52,20,-31
23,-292,-54,-24,15,-4
47,-306,4,11,15,-46
-1,-326,-45,-72,42,34
-4,-327,-25,5,-56,-25
4,-340,-16,44,23,-8
26,-317,-33,-19,-20,-20
-81,-312,-41,57,47,44
10,-366,-40,66,34,-75
-37,-308,-59,21,1,-46
3,-356,-39,-7,15,-68
-7,-326,-41,15,-8,-47
-11,-335,-60,-29,28,53
-10,-352,-46,72,13,21
-14,-349,-24,32,28,33
23,-355,-56,-5,-48,-46
-5,-389,-36,14,-7,13
-28,-337,-23,49,-30,-47
-8,-384,-56,46,54,-28
0,-361,-53,29,2,43
11,-372,-65,-3,2,39
13,-358,-73,40,64,-84
-17,-358,-46,82,45,-44
9,-325,-82,-34,27,84
6,-389,-70,-96,-3,-17
15,-379,-56,-41,39,-20
26,-373,-49,-46,-34,-15
15,-386,-41,-1,42,-3
-19,-405,-88,45,-10,-65
0,-394,-58,27,-27,39
-25,-355,-73,38,-10,56
3,-397,-73,-24,-52,2
21,-410,-48,50,43,-39
6,-384,-66,-5,-44,33
-30,-388,-35,-19,16,-79
-13,-436,-92,-0,-45,48
7,-387,-90,-2,-43,-52
-9,-381,-83,-25,-36,-6
11,-426,-69,-17,27,-26
35,-392,-99,19,19,-34
29,-440,-69,87,-43,140
-35,-421,-68,-59,-36,4
-1,-436,-91,-18,-32,-67
-12,-417,-103,-17,63,30
7,-432,-68,43,-32,-28
37,-388,-101,-91,30,1
2,-396,-60,-0,13,-14
-18,-403,-102,12,-7,-39
-18,-407,-57,55,16,38
-33,-374,-70,11,3,52
-1,-431,-41,29,50,-53
-31,-411,-32,-27,11,39
8,-382,-42,-79,-11,2
-1,-398,-42,-4,-92,13
5,-399,-70,47,-23,22
6,-407,-59,-38,-61,3
23,-386,-74,-62,-46,-23
13,-386,-60,-73,-25,26
-32,-419,-36,-47,-37,18
9,-372,-83,-35,-26,-25
14,-360,-60,13,-1,46
14,-381,-85,-19,-7,-84
56,-385,-52,-29,75,-28
1,-392,-72,-4,63,59
-14,-415,-55,-31,47,-10
-25,-370,-56,78,-37,-34
-1,-330,-39,22,40,100
27,-376,-56,-10,66,47
-18,-339,-65,32,19,-19
25,-358,-23,-22,-4,-43
-3,-353,-43,74,17,74
-15,-360,-74,19,23,-10
8,-312,-49,54,3,9
-30,-370,-50,-23,24,-6
20,-379,-28,-17,-93,14
53,-355,-24,28,-27,35
11,-291,-16,-31,-17,10
4,-341,-42,-9,2,-8
29,-372,-20,-8,40,-19
40,-303,-47,-9,-32,-4
31,-307,-20,9,-47,25
-20,-348,2,17,-39,-19
-22,-288,-81,70,12,-30
-21,-315,-12,48,-70,-18
36,-257,-2,-9,-52,47
3,-304,-25,-8,-28,13
1,-315,10,7,-2,15
-26,-313,3,-22,6,-33
-14,-249,8,-11,27,-17
-29,-245,-6,-0,44,-13
-8,-243,-17,-1,-30,-73
5,-236,-21,-72,40,-36
-5,-299,21,-13,-26,52
-18,-305,-3,-20,5,7
-4,-242,-38,-3,11,19
-37,-271,-6,30,-11,11
2,-250,-12,6,58,-9
1,-235,7,21,-49,37
0,-243,33,52,40,-22
1,-234,-14,-101,32,22
-7,-223,21,-22,-6,30
-28,-212,-21,15,-0,-54
39,-203,22,-22,-23,8
5,-196,23,3,-18,-72
-22,-173,21,57,-14,-81
-10,-200,73,-23,-57,6
2,-185,31,-73,-16,76
12,-200,41,-4,5,27
-13,-198,9,-38,-27,14
-8,-181,37,59,45,-12
2,-200,32,26,75,-1
-31,-162,42,33,-4,46
-13,-119,45,13,-18,21
-12,-181,84,-62,6,60
14,-158,43,19,-30,28
6,-180,89,-32,96,82
27,-159,42,-32,51,-4
-6,-156,36,58,61,13
13,-168,73,-15,5,22
-35,-119,62,35,12,-23
42,-166,33,59,1,-3
3,-135,26,8,-1,-6
-55,-148,61,14,9,-4
17,-144,90,41,-58,125
-14,-136,39,4,50,-10
-11,-121,34,-20,-57,18
-7,-124,58,-18,-24,29
15,-122,75,-13,-113,15
15,-119,72,18,60,51
20,-150,80,-2,33,-42
-15,-105,79,-32,26,40
3,-125,86,9,-5,30
-18,-110,61,-47,-32,14
-2,-95,70,34,28,0
14,-90,75,4,27,22
-30,-138,91,55,-11,60
12,-79,84,-78,7,45
2,-96,44,35,-40,-35
-3,-77,60,18,13,39
38,-120,80,-41,-19,-6
-15,-93,42,38,-19,54
21,-124,102,4,22,63
21,-118,84,15,89,0
-1,-107,124,17,-47,14
-11,-101,82,-31,45,-67
-19,-144,89,-53,-21,-28
-30,-151,72,-66,-5,-23
-7,-106,82,57,60,80
35,-134,63,46,-8,-7
-22,-92,41,-30,-18,9
17,-160,63,12,-65,-6
13,-128,83,53,-10,37
-15,-130,63,-36,2,15
1,-138,99,52,13,32
49,-106,40,-11,-13,-33
9,-124,102,-14,9,16
1,-103,50,-22,13,-34
-38,-137,32,-39,-28,1
3,-146,76,-46,42,2
32,-134,40,11,-14,-7
-7,-159,52,-18,9,-17
-8,-115,78,52,-16,35
6,-115,48,-15,14,7
-2,-114,80,53,-3,48
18,-125,85,-46,-2,55
-6,-194,74,-15,-77,41
50,-146,57,26,33,-29
-25,-143,87,68,18,-20
8,-183,20,-62,9,48
24,-124,65,-20,50,23
10,-184,55,-52,8,-37
7,-159,69,-12,40,39
-25,-164,39,34,52,-28
11,-166,75,2,44,-11
18,-171,40,15,-86,3
-15,-182,37,19,-32,-22
11,-199,38,32,44,4
-21,-143,36,32,29,43
-9,-186,17,-7,4,78
-5,-165,22,9,61,-42
-23,-174,94,-21,-10,-61
18,-184,19,-35,13,-24
27,-207,6,35,18,51
6,-216,23,52,-1,22
49,-223,51,-8,4,-7
-40,-237,-16,-21,57,38
20,-239,10,23,23,29
30,-228,20,-40,3,-47
-54,-216,10,-5,-20,54
-9,-236,28,-5,-38,23
-26,-236,24,55,16,-70
6,-276,-21,-22,-21,55
-27,-275,-6,-57,-19,36
3,-247,34,-21,-36,30
-29,-234,-19,-95,36,-45
-0,-273,11,-4,-6,-12
4,-277,-32,34,67,37
16,-299,-9,51,10,-16
-6,-294,-1,-24,-23,6
20,-277,-29,-6,-49,53
2,-272,-39,-6,45,-33
-12,-308,-22,-26,29,-99
33,-289,-42,-58,68,-20
2,-326,4,-19,-55,-28
24,-293,-38,-34,32,27
-23,-320,-9,9,-29,69
-16,-322,-54,51,-11,-8
-4,-310,-57,64,-80,-75
-27,-310,-53,0,-40,12
-6,-302,-32,52,-78,10
-2,-319,-10,32,9,-52
-5,-319,-21,79,-26,21
-25,-333,-42,24,-8,-5
-30,-343,-40,-16,49,-27
-17,-398,-19,-116,-61,84
39,-339,-81,-17,27,60
-1,-394,-72,-43,-2,-47
41,-368,-12,39,-25,-43
3,-339,-52,57,36,-26
-7,-357,-48,22,-52,-39
-19,-350,-64,19,-25,-42
-2,-405,-62,87,27,46
26,-353,-60,3,-25,31
-19,-357,-66,-75,19,14
29,-404,-59,37,-16,112
12,-410,-60,51,-79,-41
12,-351,-27,-70,-60,30
7,-372,-85,29,-29,73
-22,-395,-72,25,-21,-36
-1,-387,-69,14,40,14
33,-392,-45,35,7,-52
15,-392,-51,14,-10,-7
-18,-407,-77,-40,16,-46
-6,-397,-83,-53,67,61
39,-410,-71,-35,39,-8
-16,-391,-103,10,-34,-3
18,-427,-52,7,25,-7
-8,-406,-67,-14,-61,2
-3,-371,-115,7,-39,23
40,-393,-103,61,-54,21
31,-383,-63,12,-22,9
5,-423,-56,23,-103,-28
-5,-430,-76,52,60,59
-9,-390,-70,46,-87,-4
16,-408,-54,-33,55,53
-18,-414,-90,-5,-12,32
-13,-415,-29,27,46,-47
-2,-421,-91,10,33,-10
-4,-397,-81,-88,-45,-31
14,-397,-105,43,1,99
9,-382,-88,-12,-12,37
26,-396,-87,-42,-29,59
4,-378,-80,-4,8,14
12,-445,-64,-15,12,-20
25,-448,-65,-64,-30,47
-15,-390,-80,-28,77,-8
-20,-395,-47,-15,8,15
18,-392,-54,9,22,-25
7,-393,-74,79,-76,-14
-11,-378,-65,-5,74,20
-1,-391,-63,26,-3,-5
6,-401,-67,-128,14,-18
-4,-379,-86,-48,-27,8
3,-385,-85,31,-18,-63
3,-372,-49,12,4,-21
8,-392,-68,-12,1,-14
14,-381,-38,-8,39,-14
1,-412,-40,-32,-20,-20
-55,-395,-49,5,-22,-20
5,-356,-52,-9,33,4
4,-352,-8,-44,47,97
8,-329,-67,-6,-106,-43
-48,-297,-36,-58,8,15
16,-322,-51,44,-44,26
-37,-328,-16,3,-62,-46
-36,-342,-13,20,-52,-13
34,-338,-55,10,-13,-52
-6,-328,-62,-3,-27,-5
48,-349,-66,9,-90,30
24,-333,-34,-5,56,-22
-32,-314,-48,-17,51,9
8,-311,-78,51,41,-2
2,-295,-35,16,-1,29
-1,-338,-20,-41,-21,-11
10,-305,-22,-66,-39,6
16,-254,-4,-95,21,-17
24,-325,7,0,-55,25
-4,-289,-29,-8,44,21
29,-293,14,53,-9,-11
-1,-305,4,-43,-31,16
-9,-259,-3,-48,-10,-85
22,-272,-8,91,75,-47
32,-273,4,45,-18,-18
-1,-275,19,32,-23,-59
-2,-246,8,-11,47,61
-22,-213,21,10,7,-22
-36,-249,8,23,-35,5
15,-222,-5,-83,6,12
-9,-236,-16,61,7,52
34,-231,23,-33,26,-44
13,-217,33,10,-2,36
4,-222,64,-25,-14,-28
14,-184,-3,24,4,30
-5,-231,18,-67,0,13
3,-206,14,20,46,1
8,-227,23,29,-29,30
44,-220,18,-1,-61,15
-33,-193,18,-27,6,41
-21,-226,21,22,44,-19
-12,-173,23,-7,-21,-12
-25,-152,16,52,40,17
-6,-178,42,27,-25,-38
-25,-172,12,4,-35,46
11,-155,37,25,18,-28
-7,-147,49,24,99,-1
18,-131,49,24,-41,-60
28,-172,43,-13,26,-9
12,-151,18,46,51,24
-13,-152,20,-11,-105,28
-32,-166,65,-71,34,-4
-13,-149,56,38,-34,3
1,-113,46,34,-16,-4
44,-129,43,21,68,18
16,-141,69,7,-19,13
-1,-122,50,-75,28,-15
0,-167,53,1,-88,-15
10,-97,66,-88,27,52
12,-131,54,32,43,-55
-17,-124,64,-52,67,14
5,-100,79,-19,5,-15
2,-106,102,50,-33,47
-34,-109,75,-14,66,-4
8,-160,86,-10,-20,-9
15,-117,76,6,16,-14
-22,-109,63,-8,-58,-5
-28,-101,90,40,35,0
-9,-90,91,-11,8,97
-10,-109,69,-21,-70,68
-18,-129,51,-12,-60,31
3,-126,103,-72,38,29
-20,-130,73,-44,-46,-63
-35,-89,84,-3,36,30
-35,-125,55,-51,-52,-7
13,-117,59,50,-53,34
-7,-111,93,7,25,47
14,-109,51,-41,-23,-14
11,-94,56,28,18,12
-15,-114,92,43,25,-60
8,-96,60,47,64,29
16,-83,66,-58,10,4
7,-113,36,-10,80,49
-24,-139,77,-18,0,42
-2,-95,53,-61,-53,36
15,-94,94,60,87,32
-4,-124,82,44,-26,24
-8,-123,71,-28,43,28
-14,-104,49,61,46,-2
-3,-116,54,34,53,-14
-24,-158,72,-3,2,-9
-7,-155,84,-1,-66,-31
-8,-144,78,21,17,1
11,-137,73,6,-52,59
-39,-129,48,32,50,-17
47,-127,85,63,52,-23
-84,-159,41,-40,71,-18
2,-125,32,-28,-10,-70
-22,-116,25,68,41,-63
-26,-123,50,-17,43,-10
-21,-186,39,-66,-24,-57
-37,-132,52,-40,59,-17
-17,-159,63,-55,31,-30
18,-156,26,104,42,-16
-9,-152,64,68,1,70
-35,-186,20,-13,50,-6
5,-163,62,-22,-9,7
-18,-186,39,-56,3,-3
21,-153,50,116,-36,14
-11,-164,33,22,8,-65
-10,-238,33,2,35,53
-1,-222,17,39,-35,-93
25,-222,59,-7,15,-1
23,-204,35,3,19,-30
17,-184,42,-37,-36,-86
4,-234,18,-24,-80,26
0,-199,5,-14,-18,-1
-39,-216,42,-5,-30,80
-19,-234,20,-26,61,11
-9,-234,22,7,-35,45
-42,-262,-13,16,-35,41
12,-260,34,-11,-95,77
4,-211,38,10,-11,-69
20,-241,-17,24,-55,-29
3,-259,-10,6,-29,104
-2,-252,-2,-22,114,107
8,-281,-15,-23,0,68
28,-227,-29,-25,50,-17
-6,-279,-20,60,14,-16
-3,-271,18,37,25,-14
-21,-275,-30,19,12,-94
1,-298,-24,-10,-13,32
6,-278,17,19,38,-14
-21,-292,-61,36,-2,6
-6,-318,-18,-51,32,-34
-27,-265,-0,36,-39,-4
5,-277,-28,13,13,74
-5,-328,-9,-12,35,-72
-50,-313,-51,-20,-10,-16
23,-356,-24,32,23,-13
-12,-319,-57,-8,5,-18
22,-305,-40,12,-55,30
-37,-324,-31,-22,35,42
15,-344,-34,-30,-70,20
-28,-325,-61,-11,4,68
2,-335,-54,-22,44,-48
-31,-367,-38,-23,-40,31
-37,-358,-89,-11,21,41
-7,-360,-68,-20,-23,4
42,-366,-26,6,10,-38
-10,-368,-40,34,-14,-1
-11,-363,-44,-17,8,-19
10,-387,-71,13,-40,52
50,-371,-76,25,-54,19
12,-345,-35,88,3,47
10,-348,-67,-31,-20,48
19,-390,-82,43,42,25
17,-380,-73,-12,-18,18
-25,-413,-52,56,22,-2
2,-380,-64,-61,9,5
-7,-396,-78,-62,-18,-43
-6,-373,-81,27,-34,27
23,-377,-68,23,25,114
40,-423,-28,-16,25,51
-19,-402,-84,66,-7,-3
16,-392,-66,42,28,62
9,-362,-82,27,-7,-38
-18,-440,-89,66,-40,3
12,-346,-63,-29,11,-42
-24,-375,-61,33,28,-34
-34,-416,-56,-18,-77,4
-4,-361,-114,17,20,-29
4,-356,-50,1,-67,11
13,-422,-88,36,-6,19
-6,-408,-54,63,12,44
4,-416,-99,-34,28,-14
-1,-381,-51,22,-4,-9
-10,-380,-0,51,4,-1
-20,-421,-70,25,21,24
8,-408,-56,30,75,85
-15,-383,-79,114,34,-9
-14,-464,-85,-34,-15,18
-32,-419,-125,40,33,28
-14,-394,-56,26,-56,-52
27,-416,-63,6,-71,-103
-26,-400,-73,2,-33,-127
-8,-398,-76,-54,-17,46
-13,-404,-36,-30,61,-8
3,-408,-61,26,-35,4
11,-399,-51,-23,6,32
22,-398,-66,-26,-5,15
-22,-390,-58,-21,-3,49
-4,-401,-54,-43,-26,-15
47,-384,-37,-5,-43,-19
8,-365,-77,-19,-22,-13
22,-372,-60,22,-100,47
1,-353,-58,13,-5,22
5,-380,-59,46,31,-11
3,-374,-59,-17,83,-43
-12,-383,-50,-8,60,33
1,-363,-80,-19,48,56
1,-395,-37,44,-41,-62
7,-319,-28,-10,-32,42
6,-343,-55,-49,11,24
-6,-349,-49,17,-48,-16
16,-334,-9,-60,-27,-72
-8,-359,-35,-27,-12,51
12,-337,-40,5,8,-6
-3,-304,-39,38,3,-33
23,-301,-52,-16,-31,83
32,-308,-29,56,-31,-37
29,-331,-27,26,9,-14
-1,-297,-26,-61,1,86
-5,-325,-36,-6,-27,-53
-12,-356,-4,-41,60,56
13,-309,-0,77,124,34
-19,-287,-39,6,25,-76
15,-270,-33,10,15,21
29,-286,8,-22,9,8
24,-296,-1,-15,-18,-56
-49,-258,29,33,-36,-13
1,-251,-22,-30,15,-82
-27,-255,-5,-23,15,-33
31,-231,-39,20,-9,-57
-1,-249,-11,31,-4,51
14,-241,-12,-2,-6,8
22,-244,-12,71,45,65
-16,-257,-12,62,-4,9
5,-224,15,7,9,3
9,-282,19,-39,0,39
-3,-246,12,-116,25,27
25,-233,34,-29,49,-31
-11,-204,15,49,15,-32
-29,-221,56,-58,59,-4
4,-221,50,-50,19,40
-1,-204,23,-65,-3,24
-11,-205,28,28,36,-12
11,-146,18,50,13,6
-24,-172,23,41,5,13
12,-200,39,3,31,11
33,-201,18,21,73,13
10,-173,53,13,-35,-41
-9,-156,44,45,-17,20
19,-161,44,-10,-6,31
-4,-183,54,41,25,50
29,-170,30,76,-3,1
-2,-185,75,12,-52,-67
-5,-153,38,10,-14,34
9,-135,44,55,-5,19
15,-148,54,-44,74,-44
38,-136,66,-65,35,30
9,-149,71,-58,-23,76
23,-139,68,-52,-34,21
4,-125,43,39,32,15
-15,-110,48,29,62,-74
33,-132,22,-11,19,-13
-11,-138,61,-19,5,23
-12,-108,35,-16,22,-54
-2,-152,26,-7,4,-32
-6,-115,99,-21,-12,7
-13,-130,62,10,-57,48
18,-124,81,55,-12,13
-18,-132,76,7,52,-46
-24,-145,61,68,-40,-45
72,-123,99,-22,25,-23
6,-94,55,-68,11,58
4,-139,68,-49,8,31
7,-151,59,10,58,-44
11,-101,73,31,-30,-66
-30,-77,42,61,58,25
34,-112,43,-48,-3,29
-3,-126,70,-29,-34,-17
-29,-101,80,16,17,-67
16,-120,105,24,-12,-23
0,-64,93,-2,42,28
16,-98,90,41,9,-51
-14,-144,58,-18,4,-37
-13,-114,80,26,33,-55
-28,-101,62,95,-3,-14
-35,-100,62,-1,-57,14
-21,-121,109,54,-9,-0
-19,-95,83,22,43,44
29,-124,52,-54,-68,-14
27,-95,91,-18,-44,-31
12,-129,38,75,-21,-12
4,-98,63,-23,-37,24
13,-122,68,13,18,-30
-5,-101,50,-48,13,38
-4,-141,58,21,70,56
15,-134,36,-9,10,58
13,-142,70,-32,-34,22
-18,-159,71,18,-3,30
-7,-113,79,-70,1,28
24,-123,64,63,-4,-64
2,-128,64,91,-29,4
-0,-154,53,-63,11,-39
14,-141,32,-3,-75,-81
3,-131,56,48,-38,-126
-2,-123,27,25,2,-48
-25,-129,65,51,55,4
-18,-148,39,-10,-16,12
-7,-197,53,35,-57,35
-4,-149,63,-28,78,-11
-45,-168,107,4,2,-38
-2,-156,59,26,33,-34
-39,-225,34,-45,-11,14
1,-202,34,-8,-17,21
2,-211,26,-43,-62,-20
-39,-205,70,-23,-3,-9
6,-213,-2,-43,-35,-8
1,-175,-16,-71,-35,19
2,-192,13,44,-37,-64
-1,-199,35,15,-2,-9
-6,-199,45,8,45,-6
14,-220,25,-72,8,28
-13,-205,12,10,13,26
-25,-234,9,4,-6,-17
2,-222,-13,60,51,75
-49,-225,19,22,1,45
15,-189,9,-33,-41,-12
-12,-236,2,17,-52,9
1,-239,6,30,-4,-16
-4,-247,-11,-66,9,-24
-6,-218,-15,-2,-14,-22
-1,-261,-23,-29,-45,-91
-22,-269,1,11,4,-4
8,-294,-18,40,14,-17
14,-266,-17,-15,-17,-53
-8,-298,1,-65,-19,32
8,-279,25,-112,22,-34
-41,-296,7,117,9,-67
46,-301,-20,1,-28,-33
0,-298,-5,67,11,-53
30,-289,1,-26,135,-4
7,-303,-33,6,7,3
-28,-306,-42,36,53,-16
9,-319,-34,82,62,29
7,-315,-51,-13,-18,47
-28,-285,-55,3,16,59
-24,-303,-41,-61,20,5
-25,-357,-54,18,-70,-1
23,-366,-64,-8,22,-19
-0,-341,-29,-26,23,-10
-23,-337,-33,-3,16,27
58,-374,-15,-26,3,-18
-21,-362,-67,-4,29,33
5,-351,-49,68,1,-8
13,-352,-71,8,111,-0
-27,-357,-42,41,-83,40
-47,-360,-25,18,-48,-23
10,-373,-58,-28,-71,-35
-7,-340,-53,-38,-28,47
-13,-366,-60,60,9,41
17,-390,-65,-24,-54,55
1,-376,-87,17,11,19
27,-379,-54,-61,55,-6
-7,-368,-78,60,-19,-10
-8,-375,-68,25,-30,-36
17,-427,-85,-14,7,-10
26,-383,-66,13,24,-1
-20,-370,-48,18,-10,-10
-4,-414,-64,42,-35,79
4,-403,-86,-8,-11,-6
1,-390,-77,8,-38,-1
-27,-413,-66,19,7,-33
-8,-385,-42,-88,9,-15
4,-403,-96,28,55,33
-29,-433,-44,25,26,77
-27,-412,-102,11,18,18
-22,-369,-85,-4,25,33
-2,-413,-79,-21,35,-15
-13,-400,-84,-28,60,-18
4,-444,-92,37,-90,-13
-26,-392,-86,18,65,20
-32,-446,-85,-73,63,-12
-26,-383,-83,-46,82,-5
5,-414,-97,123,-51,-30
-32,-410,-58,-21,-9,-23
22,-401,-85,3,-28,-16
-12,-381,-97,-23,-46,18
16,-385,-73,29,-20,7
-21,-381,-110,-37,50,-25
-9,-409,-82,-32,-35,3
-8,-418,-66,-51,20,16
-17,-420,-73,25,-53,-7
7,-390,-45,-14,-95,59
58,-382,-69,24,-29,22
-8,-418,-44,58,31,22
18,-378,-43,62,-3,38
-2,-416,-64,-53,52,-4
26,-376,-55,88,-7,-50
2,-383,-87,32,-19,6
-10,-391,-42,-12,5,-69
3,-364,-66,24,-10,-60
7,-398,-72,9,-1,54
-3,-395,-52,-5,-48,11
9,-353,-33,-86,4,-31
2,-341,-65,-76,-49,16
-40,-387,-73,32,59,38
22,-384,-74,24,-28,-39
-13,-360,-48,-23,0,-15
-4,-377,-62,-22,21,-30
-47,-368,-10,-15,-45,36
-37,-342,-30,-79,15,-2
-28,-365,-45,8,28,7
15,-348,-57,21,-8,-26
3,-325,-42,-25,6,1
27,-322,-28,55,-18,-1
-30,-310,-29,-90,-52,-24
-26,-351,-78,66,46,47
24,-296,-42,-43,-23,-28
-4,-335,-16,17,-29,40
-1,-326,10,-13,7,-31
-11,-312,-30,51,11,-15
19,-284,-29,10,23,14
30,-280,-59,-79,52,1
6,-292,-11,19,34,-40
8,-253,-9,-16,-6,21
26,-271,12,20,9,-18
-7,-259,2,11,-23,65
-1,-283,38,-1,-55,8
-1,-219,14,67,2,36
35,-261,18,-33,-4,-29
-11,-287,2,-31,-5,-49
-45,-265,-4,44,-44,14
-16,-230,-26,82,20,-6
-15,-225,4,-80,90,-79
15,-232,30,67,77,51
-2,-253,13,-27,-24,29
-5,-249,-22,25,38,-22
-24,-236,22,0,-50,56
-17,-247,2,25,-46,-25
7,-188,11,25,10,-53
-6,-251,48,-3,-16,-29
2,-189,25,-14,-25,51
-3,-220,-9,12,5,44
-7,-217,38,44,-46,-28
-23,-236,36,11,66,-82
-10,-201,60,10,-23,15
7,-234,36,29,42,-54
11,-193,38,-33,-5,68
16,-198,36,-34,8,40
-8,-163,16,-12,-7,-6
1,-152,47,18,-58,49
28,-165,44,-54,-90,-21
-12,-161,52,-55,37,7
-9,-160,31,-46,42,2
-14,-174,38,8,37,26
15,-165,32,-16,-33,-19
-46,-156,29,-32,13,-27
-10,-150,63,57,-13,-11
36,-165,61,-36,17,61
1,-137,38,-8,21,32
-14,-138,52,-72,13,38
4,-120,58,-0,-12,-27
21,-164,76,41,56,-57
16,-146,68,-34,-55,-9
-2,-97,73,96,-12,-27
13,-153,74,-47,-15,-69
-15,-128,63,-64,4,-45
6,-107,70,-83,-20,-11
36,-72,103,-43,-10,8
21,-120,103,22,30,102
23,-101,53,-1,45,39
23,-72,66,47,22,-7
-21,-111,56,57,56,-41
4,-76,62,76,-1,8
24,-120,62,27,-62,-20
13,-111,110,-29,-56,35
8,-105,70,-9,1,-29
-1,-103,43,-37,-22,18
0,-124,49,8,-24,65
-8,-108,63,-21,-25,-13
44,-113,99,-7,-21,68
-18,-47,96,-30,-48,-30
-5,-103,82,12,5,-11
24,-97,93,2,-50,-24
-12,-145,89,-50,-16,-14
-19,-121,35,11,64,-15
-14,-68,57,-84,50,68
40,-103,65,-13,14,11
22,-138,70,22,36,-4
22,-87,52,7,-11,56
-24,-120,43,-28,25,29
6,-127,70,59,-9,46
-36,-114,65,-42,-59,3
11,-113,91,-30,35,4
-25,-95,66,55,-16,84
-19,-106,39,67,-95,-26
-4,-136,82,20,-0,-21
2,-115,24,14,39,-16
22,-125,40,-40,-93,-33
-31,-129,68,-9,-21,-2
0,-100,43,-41,-17,16
17,-143,83,-40,-3,10
16,-157,84,-44,16,-26
-1,-144,72,-2,19,34
12,-130,64,85,-51,15
-14,-154,48,-40,32,-2
-14,-120,53,-28,5,-13
12,-189,40,3,-20,126
-19,-130,49,-4,23,-23
-40,-223,80,-10,86,45
5,-151,37,-9,-46,26
2,-164,46,21,9,65
-21,-150,43,-46,88,2
6,-167,23,-44,-41,-3
-21,-203,22,43,-36,-36
-13,-184,64,108,2,-48
29,-185,12,100,-76,15
23,-157,4,79,78,26
-25,-165,48,-12,9,51
-8,-231,55,32,43,18
-19,-218,-6,17,49,-74
9,-187,-9,-7,-11,-29
-4,-220,17,27,14,-20
-4,-238,35,35,27,-29
-5,-232,43,15,-17,1
6,-255,-3,-43,-18,-6
-15,-199,33,-51,44,2
20,-234,57,29,-10,-80
14,-229,-16,-5,-8,-13
-29,-238,28,-43,17,51
-45,-248,18,16,-30,-7
-21,-253,6,-43,-47,31
-9,-256,-21,50,28,22
-36,-266,11,0,-42,58
17,-286,19,-89,-12,-38
-8,-308,7,13,-65,18
4,-281,-9,-97,-23,15
11,-275,-17,46,47,-15
20,-301,-29,2,-12,25
25,-268,-17,-16,-104,99
-12,-288,4,-19,-3,11
-17,-248,-44,-14,49,16
12,-334,-3,32,41,-8
-36,-329,-41,-13,4,-10
-3,-322,-33,35,-12,-9
31,-320,-63,-45,9,29
10,-309,-42,24,-10,36
1,-327,-37,11,50,39
-18,-279,-54,-18,-12,-4
-19,-338,-30,58,-23,29
14,-348,-16,5,-30,-8
37,-329,-56,33,40,81
20,-360,-61,24,59,-46
-1,-357,-52,-12,-53,10
-18,-307,-41,-53,12,-8
15,-357,-39,-9,28,-47
33,-351,-38,24,-27,17
8,-357,-54,32,58,-94
-46,-348,-43,43,-27,-6
-2,-346,-45,25,-32,-26
5,-361,-58,-50,3,-5
-33,-353,-77,-21,21,24
14,-332,-70,47,-41,19
-8,-386,-66,35,-16,-25
41,-384,-46,56,44,26
-12,-395,-61,45,-34,50
44,-389,-41,0,-14,8
-25,-409,-71,7,-17,-16
-27,-419,-49,-66,76,55
14,-411,-78,-76,-52,53
-2,-387,-66,-7,-0,-26
-11,-407,-68,-80,6,59
17,-405,-57,13,48,67
0,-399,-101,-2,6,-56
29,-359,-35,8,49,-15
-15,-418,-50,-63,-20,-18
-16,-371,-50,47,40,0
-24,-405,-56,-3,23,-21
4,-407,-108,52,41,37
-12,-388,-93,10,-52,-20
-28,-410,-84,61,-12,-99
-18,-438,-96,-28,-67,0
-3,-405,-67,-6,13,16
11,-405,-82,-3,45,19
20,-403,-29,-53,-17,10
22,-473,-97,-8,-22,52
-3,-448,-54,-58,9,54
2,-401,-43,-14,-21,72
-3,-387,-75,50,-44,-30
0,-400,-33,-4,15,-14
-11,-390,-88,42,-7,-70
-8,-378,-68,-38,48,42
10,-376,-94,-3,77,3
-17,-407,-37,-27,34,-49
4,-440,-79,28,17,-25
-5,-395,-79,47,-68,47
46,-378,-88,-3,45,20
19,-403,-35,-10,-15,-31
-11,-413,-32,-4,37,44
20,-363,-88,30,8,67
-25,-387,-34,-8,-7,2
5,-362,-58,-74,23,-79
-26,-373,-49,-63,25,-3
-17,-376,-40,34,-41,-11
29,-377,-50,-5,61,-25
0,-379,-62,-41,9,31
7,-364,-51,8,29,-116
-12,-376,-49,-16,-30,5
5,-376,-76,3,-26,-51
-3,-348,-35,-2,33,-91
9,-324,-59,-49,41,-30
17,-349,-32,6,49,-9
-11,-350,-50,-80,15,48
15,-346,-47,-8,-29,-80
8,-336,-49,-54,-16,33
-35,-337,-33,-4,24,22
6,-336,-26,-22,33,-17
-17,-351,-36,45,-3,-2
22,-310,-36,-2,16,3
14,-310,-31,90,2,11
-29,-312,-30,-54,43,-2
-3,-309,-0,-56,-1,5
-9,-314,4,10,38,-19
12,-270,-31,12,52,-31
33,-328,-14,-52,-56,69
-17,-276,-2,1,10,-13
-14,-316,-22,40,-8,-59
-0,-261,-5,5,-25,47
-17,-288,7,39,-75,-48
-17,-266,-57,43,85,29
-20,-276,13,-28,27,8
2,-260,25,25,-46,57
-19,-234,21,-46,-22,-37
-2,-267,11,-42,-6,-0
30,-253,-2,-74,-87,-45
9,-226,26,34,17,-30
-6,-284,-20,-59,12,-21
28,-212,-1,-13,-50,30
8,-218,17,-15,-19,34
-20,-213,46,18,78,62
11,-169,19,-10,1,-27
1,-197,4,31,-84,-50
31,-219,-3,43,-16,25
12,-190,31,36,-37,63
-25,-201,1,8,-15,-9
39,-188,32,30,-53,-17
-17,-181,64,-36,-16,63
-3,-206,45,-11,9,9
6,-155,18,-61,2,-38
-33,-162,41,-16,8,18
28,-128,55,-14,-4,33
9,-169,28,-37,-25,-102
13,-200,35,16,15,27
-10,-154,42,-27,-33,21
-14,-163,30,-41,29,11
23,-141,30,-31,-39,-18
-23,-147,47,-0,12,40
-10,-150,98,-36,-41,-9
-7,-137,33,-14,-16,-59
33,-143,26,6,-44,-24
3,-142,46,33,-33,-16
2,-143,62,1,-39,3
46,-148,47,-1,-20,38
35,-127,75,23,18,-17
9,-120,40,1,-0,-15
-18,-134,90,-29,11,6
-28,-122,83,8,-11,-32
4,-130,41,-27,4,-22
-2,-152,60,47,-17,-42
43,-110,62,16,4,53
-3,-110,77,-18,-73,21
-11,-94,82,-1,-72,-23
3,-116,71,18,-22,-20
-10,-75,92,-41,12,4
10,-126,50,-6,24,-27
42,-133,59,-2,-18,24
-8,-77,68,-43,-3,-23
11,-145,92,-10,95,8
4,-124,84,20,-24,-31
24,-88,79,-49,-37,-7
-12,-143,53,-21,-40,68
-10,-83,57,36,-46,-38
16,-137,65,5,-9,59
-24,-93,64,46,54,26
-22,-108,84,10,8,10
0,-82,59,5,7,13
-45,-130,76,4,39,-27
-8,-107,69,53,35,-27
6,-107,70,-12,30,3
26,-97,75,-37,17,-77
8,-116,103,39,12,76
-6,-123,105,-11,-41,11
3,-93,66,60,25,-52
15,-99,85,16,27,20
10,-142,46,-13,-104,-40
23,-118,85,15,52,13
1,-147,19,-33,3,21
19,-156,72,70,-9,26
-33,-109,57,9,103,54
-4,-126,62,-59,-16,46
7,-154,97,33,-15,-19
-11,-128,59,-86,39,20
-14,-169,29,8,-14,37
1,-117,59,-34,-28,-1
-8,-143,45,-17,20,-46
-7,-195,53,21,-32,26
-14,-150,41,45,-28,-59
-21,-148,58,-15,-14,-78
4,-160,41,-21,17,-31
12,-155,49,-58,2,57
-7,-162,32,-30,20,-31
-12,-113,50,13,-6,-105
-2,-167,35,6,6,-77
-19,-158,49,17,59,-11
1,-179,56,14,90,6
-2,-175,29,41,39,48
-19,-193,24,-38,-14,-16
1,-217,4,-2,40,28
-12,-190,26,16,36,-67
-9,-187,42,4,33,14
-18,-213,70,14,51,19
4,-196,18,50,28,46
23,-198,15,-30,25,-13
-1,-213,30,-16,10,8
-29,-244,-12,20,-50,-34
-42,-225,104,-32,120,-9
-18,-190,35,-13,42,7
21,-249,45,-16,41,55
-30,-206,22,-79,46,-66
0,-231,22,6,-1,-13
2,-290,6,8,26,-32
2,-291,-21,-35,-14,-4
3,-255,-5,5,-48,24
17,-245,12,14,25,-16
-26,-264,-30,-38,21,84
40,-289,-17,46,-35,-3
-4,-232,-45,40,-43,-97
-7,-291,-8,82,-51,-14
26,-297,-12,-26,-42,10
-18,-295,-36,28,45,-37
12,-308,-5,-30,16,-1
-44,-348,-33,30,35,20
22,-291,-9,-32,7,88
-18,-320,-37,-77,-2,-30
-10,-320,-12,-21,-39,0
-18,-303,-3,53,-60,42
-24,-331,-8,-24,-36,65
12,-339,-41,9,-4,-49
17,-342,-22,104,40,21
31,-322,-40,33,-11,-40
-5,-379,-40,127,77,8
-18,-346,-34,-54,9,-1
18,-327,-36,-34,-6,75
-7,-358,-60,-104,48,13
-39,-354,-59,-2,-41,-1
35,-378,-29,17,-31,12
-1,-368,-39,10,-51,-4
3,-357,-45,-30,-82,-48
12,-351,-32,23,-75,48
22,-422,-78,21,-50,-52
-6,-342,-71,-14,-26,-22
-6,-361,-60,-4,-23,-39
22,-383,-68,-42,0,-11
-25,-392,-59,6,-46,-15
26,-346,-42,71,65,27
22,-367,-97,42,54,-80
10,-372,-80,37,-33,9
-4,-349,-81,15,29,46
-12,-392,-47,-40,60,28
-19,-354,-111,21,-37,6
-10,-359,-54,51,-7,55
-15,-378,-29,36,69,-39
-15,-401,-62,31,-14,-7
-9,-396,-64,-2,-24,-4
11,-403,-73,27,52,8
10,-388,-74,57,-34,-19
-14,-400,-63,-20,-14,-15
-10,-424,-80,29,-38,-41
17,-391,-64,-41,10,-21
21,-413,-66,-25,-15,-64
22,-434,-79,-15,13,-22
-2,-369,-79,12,-32,-26
2,-388,-86,36,30,-4
-1,-394,-69,-55,33,-5
11,-417,-101,-1,-20,68
1,-431,-53,10,-52,-60
-25,-389,-98,10,-75,-16
24,-373,-67,12,54,-50
16,-364,-74,-38,24,-39
-4,-409,-52,15,-66,-47
-8,-394,-71,4,36,-21
-3,-410,-68,-35,-15,60
26,-364,-81,11,-28,-99
26,-367,-55,16,6,-15
-10,-392,-66,-59,-51,-31
-20,-401,-71,27,26,44
-15,-423,-60,-27,31,-0
3,-351,-78,-10,-20,-49
-16,-418,-82,-3,-32,18
-25,-398,-92,-22,-6,18
29,-341,-52,11,10,19
-7,-357,-51,93,3,-12
-20,-375,-62,-47,95,-23
-16,-347,-49,30,-51,-11
25,-373,-12,72,66,-19
19,-402,-79,17,58,-51
2,-366,-56,-43,50,-43
-10,-356,-65,2,21,18
-24,-359,-53,-56,-32,-28
-10,-346,-21,49,42,7
30,-342,-57,35,-15,-12
0,-390,-27,-104,15,-53
-18,-327,-14,-50,25,-70
-17,-327,-55,34,45,-29
-2,-329,-48,-63,37,57
32,-351,-65,4,-11,-18
-12,-338,-5,32,21,-35
-11,-301,-48,-50,0,6
5,-289,-41,-4,-2,-47
-34,-338,-54,-19,24,-21
21,-278,-40,-8,64,11
49,-321,-30,-11,78,-75
-1,-323,-14,96,-62,2
15,-298,-20,-25,86,44
28,-278,-29,18,-7,38
14,-315,-4,3,46,10
-31,-314,-23,-72,-18,-52
5,-286,25,34,-1,36
52,-260,10,24,28,14
-12,-279,-22,-49,35,34
6,-271,-34,35,61,-1
-9,-266,33,-36,55,21
-0,-257,21,8,-23,25
-19,-248,-26,-17,22,-61
11,-238,24,14,-78,11
4,-249,16,-63,12,-22
37,-224,17,56,8,52
-9,-218,52,13,15,-20
-27,-204,25,70,13,30
15,-246,24,4,-9,19
17,-183,32,-7,-3,-32
27,-246,43,27,-53,-78
-19,-199,67,-45,-41,-19
7,-190,35,47,-18,-51
12,-215,53,-1,-6,36
-3,-188,31,-16,-20,-52
3,-196,28,23,-3,-6
32,-202,5,-2,30,-15
11,-169,29,1,-13,-5
42,-174,8,-29,-15,-42
4,-202,77,9,7,22
7,-171,68,13,-45,-52
5,-163,58,-63,28,-26
-3,-153,56,-17,12,17
19,-179,72,-58,29,-6
-15,-135,47,-2,-15,-28
19,-166,71,60,15,-48
41,-182,48,21,-36,30
-52,-142,30,-66,-29,-19
18,-171,58,33,-10,-37
28,-133,76,-55,94,5
11,-141,60,-43,57,117
-15,-136,28,-4,-43,-3
-10,-148,38,4,-66,18
-6,-110,97,-7,-51,-128
1,-132,80,2,83,59
11,-91,61,70,28,-53
-0,-96,21,-24,33,-35
-46,-97,95,16,-26,5
-25,-102,60,1,6,6
35,-119,95,40,-1,-22
6,-122,62,-0,21,-12
8,-120,85,67,26,78
17,-107,93,70,-14,-9
36,-94,28,22,81,-26
43,-60,87,-39,31,25
42,-129,49,13,5,18
17,-101,79,-19,-62,22
-24,-103,50,-67,-58,-17
-12,-141,66,7,12,52
25,-92,58,15,-76,-91
-5,-91,106,26,14,23
-14,-101,78,36,79,-2
1,-108,74,10,-15,-16
-35,-133,54,32,26,1
18,-96,66,34,-20,-18
-18,-120,56,-45,63,5
33,-113,86,82,-4,31
-22,-101,39,-41,44,-38
6,-79,67,-17,65,-81
3,-143,64,-19,13,-16
3,-125,94,1,-25,-13
1,-68,53,-30,-26,1
-1,-106,95,37,28,7
13,-116,118,36,-80,26
-19,-157,45,7,-34,-25
-9,-151,53,62,-58,93
15,-152,25,-23,-29,-47
-27,-115,65,16,-7,-14
8,-113,62,58,19,-14
-21,-148,54,51,25,-47
3,-115,68,44,-47,-7
-23,-117,78,-8,-5,-2
20,-164,31,19,-64,37
17,-158,99,71,13,-38
35,-153,69,81,-24,50
5,-176,70,16,19,66
44,-153,58,31,1,72
9,-192,56,-14,-49,-10
-17,-154,40,-64,31,-25
-15,-147,46,4,-11,-52
-12,-155,61,4,-95,-15
6,-182,47,-73,61,15
17,-167,7,26,24,27
-4,-219,71,30,35,62
35,-167,53,33,-27,-25
5,-169,16,37,-36,18
21,-190,27,25,18,-18
-32,-233,66,45,10,-25
-28,-204,41,36,-44,-8
-7,-254,30,41,14,-13
8,-225,23,44,-50,-43
-31,-203,13,-6,9,-28
7,-204,23,44,1,-44
-17,-212,8,-9,-45,-29
-1,-233,41,-27,-13,30
-31,-217,21,-47,47,-93
-24,-234,10,34,42,-10
18,-206,22,-24,30,26
-7,-229,29,1,-26,34
6,-220,10,-88,-36,-22
9,-251,18,-8,-29,80
-18,-237,5,17,27,-29
16,-272,-14,40,-38,40
-14,-296,19,33,35,-1
-32,-281,-5,-114,-15,0
2,-284,-46,-4,-13,13
-7,-304,-44,-44,18,11
3,-284,7,-17,4,26
-37,-277,-28,68,-55,49
14,-295,-13,43,-11,-87
-56,-293,-24,103,14,27
-9,-247,-50,89,65,-11
-19,-310,9,-36,138,-0
-2,-327,-64,-56,47,-80
1,-349,-24,-34,24,-46
-21,-295,-8,14,-62,-19
-0,-324,19,-12,14,-89
39,-347,-68,37,-3,4
-11,-334,-55,-13,3,65
19,-313,-69,-29,-18,98
-22,-315,-45,36,69,15
-28,-303,-34,6,-15,12
12,-318,-92,-29,89,17
2,-298,-21,15,-3,4
3,-376,-36,-17,-13,6
-14,-334,-39,25,65,1
-6,-344,-60,-58,61,17
18,-351,-66,-58,-21,1
-15,-363,-53,63,-21,68
-13,-387,-53,-22,-2,8
14,-406,-55,-6,-38,-45
-21,-398,-66,-15,9,26
5,-373,-36,15,-16,-15
-48,-401,-61,33,-15,15
12,-390,-97,-5,-35,3
-6,-363,-53,-4,-44,58
21,-419,-63,-66,18,-45
-15,-415,-69,64,9,72
11,-384,-42,35,-13,-63
-17,-407,-52,-29,-18,8
13,-408,-51,-75,-38,-6
-15,-390,-73,-34,-25,1
9,-399,-105,45,-81,19
18,-399,-49,14,41,-36
-3,-389,-51,-19,-47,-50
-7,-389,-45,-46,108,-77
9,-396,-75,-24,-29,34
1,-383,-62,-19,-13,-15
29,-436,-109,-66,-18,-24
7,-387,-79,3,-42,33
3,0,2,6,4,-7
0,5,3,1,5,2
-1,2,-1,-0,7,0
-0,0,-1,-7,-6,-3
-1,-1,2,3,-7,-5
-0,-5,0,-3,7,1
1,-2,1,1,2,-3
-0,-1,-1,5,-4,-5
1,-4,-2,-2,-1,1
-0,1,-3,11,-1,-3
-3,0,3,1,-0,4
-2,-1,-1,-5,8,-0
-1,0,-3,4,2,-2
-3,-1,2,-1,-0,2
-1,1,1,7,-7,-0
1,0,-3,-2,5,7
2,1,1,0,5,-4
-2,4,-1,2,5,-5
-0,1,-4,1,-1,3
-3,-0,-2,-3,1,1
-359,-182,675,2333,204,1896
688,-282,652,2646,3462,-2399
238,682,489,3573,-1460,1040
56,-106,566,5068,-2834,2707
1062,-19,-319,7063,1669,-559
-12,110,-354,9464,3324,-167
-163,552,1191,12158,-618,1478
-362,1095,1264,15021,579,-540
269,2084,865,17917,141,2757
617,2043,232,20712,-2497,-2377
1312,2872,1541,23275,-761,4173
1929,3191,1294,25486,-3315,848
906,2165,828,27241,825,108
621,3446,318,28459,5283,-274
1021,3990,1423,29082,2868,2708
1796,3174,1035,29082,118,-2662
1241,2770,975,28459,-765,-310
2130,1999,886,27241,455,-379
1463,3214,1137,25486,-1899,3720
739,3306,2011,23275,383,-2769
1263,2702,1377,20712,2648,-796
270,2104,476,17917,-329,-1022
828,1623,536,15021,2356,-2682
-45,1239,282,12158,-63,841
990,976,1020,9464,-2410,-2
-430,-76,73,7063,1,318
580,-169,403,5068,-119,1084
247,-99,-209,3573,-1099,-1485
473,707,-313,2646,-1220,-375
-115,-621,140,2333,79,1786
0,7,262,2,-1,-2
7,2,257,-0,1,-3
-4,-0,256,-3,3,2
-0,2,255,0,0,-5
-2,-9,262,-1,1,-0
-5,16,250,0,1,2
-0,-1,257,-1,2,1
-1,-7,256,-0,1,5
-3,-3,258,2,0,-2
2,1,250,3,-0,-3
-4,3,249,-1,1,-3
9,1,264,-3,2,2
4,-8,250,2,-7,0
3,3,262,1,1,-2
1,6,249,-1,-0,2
-5,2,256,-0,1,-0
-9,2,259,2,0,1
-9,3,258,2,-3,-1
-7,2,256,-4,1,-0
1,3,248,-0,-2,3
-0,-3,254,-3,-1,-1
-3,3,262,2,2,-1
-12,9,255,-0,4,-4
-7,1,255,2,-0,-2
7,3,257,0,0,-1
2,-7,256,2,1,2
13,-4,255,-2,0,-1
-9,-9,249,1,-2,-4
-0,-4,253,-2,-1,-2
0,-2,257,1,-4,2
-2,2,256,-2,2,2
1,2,253,1,1,1
-5,9,250,-2,0,3
4,4,258,1,2,1
10,-5,246,-2,-0,-2
-7,1,258,0,-1,1
-1,5,256,2,0,0
5,7,252,3,2,3
13,2,261,-3,-5,2
3,-7,252,-1,-1,-2
0,4,249,-0,0,-0
3,-5,252,-2,3,-1
3,3,253,-0,-1,-0
5,-2,259,-4,0,-3
8,1,257,-0,2,-2
-1,-2,259,-2,-1,-1
-2,3,252,-1,-1,-1
3,1,262,-2,1,3
-0,6,260,-1,3,-3
6,-3,253,0,-3,3
5,-2,253,3,1,0
10,3,254,-2,1,1
-0,-1,264,2,-1,-1
-2,1,252,-0,-1,1
-4,-2,250,0,1,-3
5,3,255,-2,0,-1
10,-4,247,2,1,-3
8,-2,257,1,1,1
0,-7,254,-1,1,1
6,-1,244,-0,2,-5
-7,-5,259,-5,-2,4
10,-3,257,-3,-4,-1
6,4,261,2,1,2
0,9,259,-1,3,1
3,0,256,-1,-1,-0
4,-1,255,-2,-1,-2
11,4,255,1,3,-0
2,-8,257,-3,3,-3
3,-2,256,-0,-0,1
-1,2,248,-0,-2,0
-5,-2,252,-4,-2,1
-2,-1,260,1,1,2
1,6,259,-1,-1,-2
1,-0,252,3,-1,0
5,10,253,3,-4,-1
4,5,252,-0,3,0
-4,6,257,-1,-0,-2
-3,-0,250,1,-0,-1
-2,13,264,-2,-0,-2
-9,-2,242,-0,-2,-0
-6,-4,259,-1,3,2
3,0,254,-3,-2,-1
-3,1,258,2,0,-2
-5,-3,254,-1,2,0
-0,2,260,-1,-1,2
-2,7,263,-1,-0,-1
-5,0,254,2,1,1
-4,5,251,2,-2,-0
5,-8,255,1,-2,4
0,-9,251,-0,-3,2
-2,-2,256,1,-1,1
-10,-4,256,1,-1,2
9,7,253,2,4,-1
7,-3,258,-2,-2,-2
9,11,257,-2,-1,2
10,-3,257,-1,-1,-1
-2,-2,254,-2,-4,-3
-8,2,259,0,-1,-0
1,-2,263,-1,1,1
5,2,260,0,1,-2
1,-7,265,-1,-0,-3
-0,3,256,1,-1,-1
-2,1,262,2,-1,1
3,-1,249,-0,-1,-1
5,-4,254,1,3,-2
-1,-1,265,-1,3,-1
4,4,259,0,1,-2
-5,3,258,-3,-4,-1
-0,-4,257,2,1,1
6,2,251,3,0,1
1,1,257,4,-2,2
-7,-0,246,-3,-0,1
-1,-2,247,-2,-1,0
-0,6,255,-2,1,-4
-4,10,252,1,0,-1
-4,7,254,-1,2,3
-2,5,265,-3,4,-0
5,-3,250,-2,-3,2
5,-5,257,-5,1,2
-3,0,252,4,-2,4
-2,-1,262,4,1,1
-2,-5,257,-2,-3,-2
-1,1,254,-2,-2,2
12,5,251,1,-2,2
4,-7,254,2,-2,3
-1,1,267,1,-0,2
9,3,261,-6,0,2
10,-3,259,-1,-2,-2
0,1,257,-3,-1,-6
3,-5,260,-1,-2,1
1,-10,258,-2,-3,0
4,-2,253,1,-0,-4
1,3,254,-2,3,3
3,-0,249,3,-3,0
-4,-0,261,-1,4,-2
0,1,257,6,-1,3
7,-6,248,-3,-4,1
-5,-2,262,-4,-2,-0
0,12,256,-1,-3,1
-0,-5,256,-1,-3,-0
8,1,264,-2,1,1
5,-4,259,2,0,4
2,1,264,3,0,2
-3,5,255,-1,-1,1
3,9,247,-3,3,0
0,-2,259,-6,1,1
-2,8,262,-3,0,1
-0,-4,252,0,-0,5
3,-3,253,0,1,-0
8,3,257,-1,0,0
-6,10,258,-1,2,4
-10,6,257,-3,-3,-2
3,-1,261,4,0,2
-1,-4,268,2,1,0
0,-4,247,0,-2,-0
-8,6,259,4,1,1
-2,3,256,-1,-1,-2
2,-4,249,-0,1,-1
2,-4,258,-2,1,-1
-5,9,254,1,3,-1
6,-2,265,3,-2,2
5,-0,251,-0,-0,2
-3,3,256,1,2,-1
3,3,250,1,0,-0
2,6,257,-1,1,0
-1,-2,260,0,1,0
3,0,252,-0,-0,1
-4,-2,253,0,2,5
-1,-2,256,-1,-4,2
1,-4,253,-1,1,1
4,-3,257,6,1,1
-4,-5,251,1,-0,0
-1,2,258,0,-1,-1
4,9,253,1,-2,-0
-4,-1,259,-2,1,0
-6,-5,245,1,1,-3
-5,-11,256,1,2,2
-1,1,260,4,3,1
-10,6,259,-1,3,3
3,-7,253,4,-1,1
9,0,252,1,0,-2
-12,-11,257,1,0,2
-2,3,256,1,-3,1
-1,2,259,-0,1,2
-2,-3,246,1,1,4
-2,-1,250,-1,-1,-3
6,4,251,-3,1,1
6,-1,253,2,-1,3
5,-3,254,-4,0,-1
-5,4,256,-2,-0,-0
-9,1,255,3,-0,-4
-1,-5,252,-0,-2,0
-8,-3,262,-1,-0,5
0,18,254,4,3,2
10,-5,256,1,1,2
4,5,248,-2,-3,-2
-4,-8,254,3,-1,0
-1,3,250,0,-1,2
1,-7,244,-3,0,0
4,-7,251,-1,-2,-3
-1,9,256,2,1,-1
6,-2,255,-3,0,1
3,7,263,-1,-4,1
-9,3,249,-3,-3,-2
-1,4,251,1,3,1
6,8,261,0,-2,-1
-4,-2,258,-2,-4,-0
6,0,246,1,-0,1
6,5,260,3,-2,-4
2,4,255,-0,-3,0
4,-1,249,2,-2,-2
-0,-6,253,2,2,2
-2,-1,253,-1,2,-0
-7,-7,252,-1,1,-3
-12,10,258,-1,0,3
-2,1,250,-4,-3,-4
-2,-2,258,0,1,1
4,-4,258,1,2,3
-5,-5,262,3,-0,1
-5,1,256,2,-2,-1
-5,-0,248,3,-4,2
-1,1,251,-1,-3,-1
2,0,263,1,-1,2
3,-1,252,-4,-0,2
-3,5,261,-4,1,1
-2,-9,255,3,1,-3
-1,4,255,1,-2,1
7,2,253,0,-2,0
-12,1,261,-2,2,1
1,-4,244,1,-2,-2
-0,-6,255,1,-1,1
-2,6,253,0,-4,0
-4,5,257,1,-4,-2
0,-2,259,4,-1,-1
-8,-2,251,1,-0,4
2,-1,258,2,-5,1
-5,6,255,2,4,-4
0,4,262,3,3,-2
-0,-0,254,-5,1,3
-2,-0,263,1,-1,3
-13,-1,253,3,-1,3
-6,-4,252,-4,7,0
-2,3,250,-5,2,-1
-4,-2,257,2,2,-1
-1,-6,259,-1,0,-1
-11,-2,245,2,-3,-2
-3,10,258,4,2,-1
-4,1,256,-0,-0,4
5,4,251,-1,-1,-1
7,4,260,-0,2,-1
-0,7,252,1,0,-2
-5,-1,245,-1,-0,-1
-1,-1,253,2,-1,-4
-4,-8,258,1,-1,-1
3,-7,257,-1,2,3
-2,1,251,1,1,-2
3,7,258,3,-1,1
-3,4,264,2,1,0
-6,-9,260,-1,-1,2
-2,4,262,-2,0,-1
-2,-8,249,4,-1,0
-3,0,259,-2,1,1
2,-3,258,-2,2,-2
-1,-1,257,1,-0,-2
5,-5,260,-3,-3,-0
3,-0,254,3,-1,2
1,7,251,-1,-3,-1
-2,-10,261,2,-2,2
-4,2,264,2,-2,-1
-10,-5,262,-1,-0,1
-0,1,258,-0,-2,-1
2,4,252,-1,1,-3
2,-8,252,1,0,-1
-2,-8,259,-2,-1,-1
9,-2,250,1,-0,0
6,7,257,-0,1,-0
-3,5,265,1,-2,-3
-4,-7,261,-2,1,1
-3,3,259,-1,-0,4
1,1,258,-0,3,3
4,-3,256,-1,1,-1
-3,-2,255,-0,-3,-2
3,-2,251,-0,0,-0
-6,-2,260,-0,0,1
3,2,256,1,3,2
-5,8,256,-2,-3,-1
-1,1,269,-1,-0,-1
-3,2,248,1,-1,-2
-4,-6,262,1,2,1
-4,4,256,-2,-1,-1
8,-1,251,3,-1,2
-4,2,254,4,-0,-2
-11,3,247,2,1,2
-1,-3,248,-4,-3,-1
3,6,256,-1,-2,3
-3,-6,250,-2,1,6
11,2,252,-0,-2,2
0,-0,251,-1,0,1
-10,3,268,7,-2,2
-1,-0,257,-0,0,1
14,-9,261,-0,-0,-1
5,5,253,-1,-4,-4
7,9,258,-1,-1,2
-1,8,253,2,1,2
2,-4,253,0,4,-0
-1,-9,262,-0,2,1
-4,-6,255,-0,-2,0
0,-3,263,0,2,-0
3,12,264,-2,-0,-1
3,-9,249,-0,2,-0
3,-6,252,-0,-1,4
0,-0,254,-1,-2,-1
-2,1,265,1,-1,-6
-3,-0,252,2,-1,-2
6,5,259,-1,1,1
-1,-12,261,-1,2,-2
-4,-4,254,-2,1,1
5,-3,256,2,-0,1
4,-8,253,-1,0,2
-8,3,254,1,-2,-2
5,-1,253,3,0,2
0,8,246,1,-0,0
4,7,260,1,-1,2
3,-4,260,-1,0,1
2,5,257,2,0,0
10,-0,263,-2,-0,-2
3,-5,256,2,0,-3
5,-5,259,0,1,2
-6,-12,249,-0,1,2
-2,2,260,2,-0,3
-2,-5,260,0,-1,2
2,-2,255,-1,1,-2
6,-1,254,-1,-2,-2
-3,8,252,-3,0,-2
-10,-2,257,3,2,-1
-5,5,251,-1,1,-2
-4,3,272,1,-2,3
-5,3,256,-2,-3,1
-9,-1,259,0,2,0
11,5,253,1,3,-1
6,-8,258,1,1,0
-5,10,264,-1,-0,0
-6,-8,256,1,-2,3
-3,-4,253,-2,0,5
2,-4,262,-0,0,-0
-3,-0,261,2,-1,-1
6,1,259,1,-2,-4
2,0,252,-1,0,-4
2,-1,258,-1,4,-1
-5,-6,259,0,-0,-2
3,-5,259,2,-2,-1
6,10,254,1,1,2
5,-1,259,1,-1,-0
-0,3,255,1,2,3
8,3,264,3,-1,-1
1,-8,262,0,1,-1
4,-4,261,-0,-4,0
-11,-4,260,1,-1,3
-3,-0,251,-2,4,-1
2,-2,265,-1,1,1
-3,-2,257,-2,-1,1
10,-0,256,1,2,-1
0,6,255,1,-0,-0
-2,-5,252,-3,2,1
7,1,241,-1,2,1
2,-2,262,-1,-1,-5
1,-12,257,-3,-3,3
2,3,256,1,-1,-2
-5,-4,258,-1,1,-4
10,8,254,2,0,1
-4,5,249,-0,-2,1
-4,-7,256,-2,-3,-4
-2,1,263,-3,-3,-2
-6,9,248,-1,1,-0
3,-1,251,-3,-2,3
-8,-8,258,-2,2,1
-6,-3,271,-1,-0,-2
5,-0,258,-1,-4,1
-3,3,253,-1,-2,2
-1,-3,271,-3,1,1
-4,5,260,2,-3,3
-3,-5,252,-2,-3,3
-4,1,264,-1,-1,1
-6,4,256,0,-4,2
5,-6,261,-2,-1,-2
3,1,257,2,-1,2
3,1,250,-2,-1,2
-4,-4,259,-2,-1,0
-3,8,259,-2,0,0
-5,1,268,2,0,-2
4,2,259,-0,0,1
0,-8,258,-2,4,0
-3,4,259,3,-0,4
-4,7,261,-0,2,-4
0,2,262,-0,1,-2
9,-10,267,1,2,2
2,1,257,-2,-1,-1
8,9,259,2,-1,-4
-5,-6,258,0,5,-2
-0,8,247,-2,3,-1
1,-3,255,2,4,2
0,5,255,4,-2,-1
0,-5,254,-2,-2,0
-5,-3,254,-2,-4,3
9,-3,251,-1,4,-0
7,-3,256,-0,-3,-1
3,-4,256,2,3,-2
4,-1,259,1,-1,-0
3,-4,256,1,4,2
1,-3,263,1,-1,-2
4,-8,250,-0,1,-1
-3,4,260,-3,1,-6
11,-9,263,-3,3,-3
13,2,251,4,-1,-3
-0,-3,256,0,-2,-2
2,-1,256,-6,6,0
-3,-2,255,-1,-2,1
-3,2,256,-1,-4,-2
12,-1,260,-0,-1,-5
4,-4,253,-1,1,0
-1,1,263,2,1,-1
-7,4,261,1,2,1
-4,-2,260,2,-0,1
3,-9,262,-3,1,-1
-11,-1,254,3,-2,0
-1,-5,250,1,1,2
6,4,255,2,0,-1
-4,-5,262,-1,-1,0
-1,-5,258,-3,0,-4
2,2,249,1,-3,-3
14,6,245,-1,-2,-2
-8,-1,257,-1,-2,-3
6,-6,247,2,4,0
0,3,257,1,-0,-1
2,-5,263,1,1,-0
-6,4,259,-1,-1,1
-5,5,247,1,-1,2
-6,-12,256,-3,-2,-1
6,0,244,2,-1,-2
4,-1,247,1,-3,-1
1,0,251,3,0,-1
-4,-7,263,-1,0,1
-1,5,252,1,4,-3
-11,-7,248,-1,-2,-2
5,11,260,0,6,2
-1,4,251,0,1,-1
0,-9,251,-1,2,1
3,4,257,-0,1,3
5,-4,256,0,-0,-1
-8,-5,257,3,0,4
-2,5,259,1,0,3
-3,-5,246,-1,-0,-4
-5,-3,267,-1,1,1
-4,1,247,1,-0,-0
7,-0,237,-2,-2,-3
5,-7,243,-0,2,-1
-7,4,250,0,0,-0
-2,4,257,2,1,2
-6,2,245,-1,-1,-2
-1,-2,251,-1,1,0
7,-6,252,-2,1,-1
-1,-2,251,0,-3,-1
6,-4,258,1,-6,-1
4,3,256,3,1,-1
7,-4,262,0,2,2
4,-1,259,-2,-1,1
-6,8,253,1,-1,2
-2,1,260,1,0,2
-5,-2,245,-2,3,2
2,7,254,3,-1,4
-4,-7,268,-3,3,1
5,-2,256,-2,-1,0
-3,1,249,-3,3,-3
2,8,252,1,-2,0
-5,5,262,-2,3,1
-4,-1,256,-1,-1,-1
6,-5,253,1,2,-1
-2,-0,244,1,-0,2
5,-8,260,2,-1,1
-3,2,252,0,1,3
3,-9,259,-2,1,-2
0,-7,250,-3,0,2
-2,9,258,-4,2,-3
3,-4,259,-0,-1,2
-3,6,259,-1,-1,1
-0,13,262,-2,0,1
2,-9,248,-3,-0,-2
0,-2,256,-3,-1,2
0,1,255,0,0,-2
-3,1,250,1,1,0
3,7,260,-2,-1,-3
-3,-4,257,-1,-1,-1
6,6,262,1,2,2
-0,7,257,-0,-2,-1
-3,-6,263,-2,1,0
-11,-11,252,-2,2,-1
10,-2,263,0,-5,-0
8,3,255,-3,2,1
4,-7,256,-0,-1,3
-2,3,259,0,3,-1
4,-4,253,1,-2,1
-0,-4,256,-1,-3,6
1,4,262,-2,-1,0
-6,1,254,2,4,1
9,-7,260,1,-2,2
2,1,251,-1,-2,-1
-4,2,262,0,1,1
3,-3,257,1,-0,2
11,-7,265,-3,-4,-1
5,-0,245,4,-1,0
4,5,254,-0,-1,-0
-2,-2,252,3,1,0
-8,-3,264,0,-2,1
-1,3,254,-2,1,-1
-3,2,253,5,-1,3
-2,4,267,3,-2,3
-8,4,260,-2,-3,-3
-1,5,256,1,-2,0
1,-11,250,2,-2,0
-9,2,245,-0,-1,-4
-3,-5,250,-1,-3,-1
2,2,256,-0,1,1
1,-6,256,3,-3,3
-7,3,259,2,-2,2
-5,8,253,-1,1,1
1,6,257,-2,5,3
-5,3,252,1,-1,4
6,-4,257,3,-1,1
-4,0,258,-1,-1,3
-1,2,259,1,1,-1
4,6,256,-1,-2,1
-6,-5,247,-1,1,1
-0,6,261,1,1,2
-2,-4,261,2,-1,-1
-7,-3,257,-0,-5,2
4,15,253,0,0,1
4,-1,259,-1,-0,0
-7,2,256,-1,-2,-1
-0,-5,251,-3,0,-0
-2,-2,269,-1,2,-2
10,-7,255,3,-1,-5
0,13,253,1,-3,0
-1,-6,256,0,1,-0
3,1,256,-3,2,-3
-2,0,251,1,-0,2
3,-3,253,-0,-1,3
6,1,249,-0,-1,1
-5,1,253,-0,-2,-1
9,-2,248,2,-1,-0
10,-2,259,0,1,3
-8,-8,261,0,-2,0
1,5,254,-1,2,-1
0,3,254,2,2,1
2,-1,253,-3,0,-1
3,5,264,2,-3,2
8,-10,253,2,1,0
-4,2,259,1,0,1
6,1,247,2,-2,1
3,7,256,1,0,0
2,10,254,1,-0,-2
1,-0,257,-3,3,-2
-6,3,255,2,-0,1
0,10,255,-1,-0,3
-4,3,256,-1,1,-1
-2,-7,250,-2,-3,-1
-4,-0,263,-1,-3,-0
2,-6,259,-1,-2,0
-8,-2,257,-0,3,-1
3,6,257,2,3,-0
4,-1,256,-0,0,-0
7,-6,253,-1,-0,1
-2,4,261,1,1,3
6,5,253,1,-1,2
-1,-5,253,-3,-1,-0
-4,-10,265,-4,-3,2
2,1,260,1,4,2
6,-8,259,0,-3,2
-4,2,259,-1,-0,-2
-1,-6,253,2,2,1
3,3,256,1,1,-0
0,-4,259,4,-3,-3
1,1,251,1,1,-0
-5,-3,263,-1,3,4
1,-3,255,-3,-3,-1
6,-3,264,-2,-1,-2
9,3,253,1,2,1
12,-2,250,2,2,-1
-2,2,265,-1,-1,2
0,-0,258,1,-1,1
2,4,255,-5,-1,0
4,-2,251,-1,-2,-2
6,-3,255,-1,3,-1
-1,-5,259,1,-3,2
-7,3,255,-1,-1,-1
8,5,247,-1,0,-0
3,-8,251,1,-3,2
-0,5,255,-3,2,-1
4,-4,259,1,2,-2
8,-6,253,1,-5,-1
4,-1,253,-2,-0,-3
6,2,255,-1,-3,-1
-5,0,251,0,-2,-2
5,-4,263,1,1,-1
-4,2,255,-1,5,-1
-0,1,255,1,-0,-1
-6,-1,257,0,-2,2
0,-2,256,-2,1,3
1,2,264,-0,1,2
-6,8,263,-2,-0,2
1,-3,259,0,-2,-1
-1,-1,253,1,-0,-1
-3,0,259,0,-1,3
3,6,256,1,1,-1
13,1,258,0,1,-1
-7,13,263,0,-0,-1
-3,-1,251,-1,0,-1
-0,1,250,2,5,-1
-3,3,250,-3,1,-1
-1,2,262,-0,4,1
1,-7,250,-1,-0,-3
1,-3,257,-1,2,-1
11,-4,253,-0,-0,2
2,-6,257,1,3,-0
1,-9,254,1,-3,4
2,-5,251,3,-2,-1
5,-1,253,1,-0,-0
-5,-1,251,-0,-4,-0
-2,-7,259,-1,-1,2
-5,0,254,-0,4,2
-1,9,256,3,-2,-3
10,-5,256,3,2,-4
6,-2,251,2,-2,1
-5,-1,256,2,1,-0
-12,-3,257,1,-2,2
-5,-6,261,-0,1,2
3,-1,248,-2,-2,2
-5,-2,241,0,1,2
-1,-6,255,1,-1,2
10,-5,254,-0,1,5
1,-3,256,-2,1,-1
-2,-3,257,-2,3,2
1,-3,259,2,2,-2
2,-3,255,0,1,-1
-7,0,246,4,-1,-1
-5,-3,247,1,-2,-4
4,-7,257,-1,-1,-1
2,6,268,-0,3,0
-4,5,248,-1,3,-2
4,11,271,-1,-0,-1
-0,1,253,-1,1,0
5,2,255,-2,-1,2
7,-0,248,-0,2,0
15,1,262,-1,-1,-1
-2,-0,250,1,-2,-1
-11,1,256,-1,-1,-1
-2,-3,258,2,1,2
3,-8,253,-2,0,0
3,-3,266,-1,-1,0
6,-8,250,2,-0,3
9,5,258,-1,-3,0
-5,-6,257,-2,1,-4
-5,8,252,1,1,3
1,-5,260,2,-1,-1
2,4,253,3,2,4
7,3,256,-2,4,-3
-5,-1,255,-0,1,-2
1,6,257,2,-0,-0
-2,1,248,1,-1,4
-1,2,260,2,0,-1
-1,-1,260,-1,2,1
-4,7,248,0,3,-2
-3,-2,256,-2,5,2
-5,-3,260,2,-0,-0
-7,-3,258,-0,1,2
-2,-9,259,3,0,-1
-5,-5,251,1,-3,0
-3,3,261,-1,2,-0
4,-2,257,-3,-0,-2
5,5,250,-0,-1,-2
-9,-1,257,-1,-2,-3
-11,-6,259,-5,1,1
3,-4,251,1,-0,0
-6,4,247,1,-1,4
-3,-2,264,-2,3,-0
-2,-8,262,-3,-4,2
2,-1,254,1,1,-1
7,7,254,1,3,1
3,5,254,-0,-3,0
7,3,252,1,-1,1
4,-3,255,2,-1,1
5,1,249,0,2,-5
-0,1,258,0,3,-0
4,3,253,-4,4,1
1,0,254,-2,-2,-3
-2,-4,255,0,2,-1
-4,-1,256,2,-2,2
13,-9,252,-2,-1,4
-4,2,262,-2,1,-2
4,-5,251,-0,-0,0
-2,2,251,-2,-3,0
-5,-9,247,0,3,-1
1,-9,254,0,1,1
-5,-4,257,-1,1,-0
3,-7,261,0,1,-1
2,-2,269,2,2,-2
1,-1,259,-3,-1,1
-0,3,259,0,1,-1
-5,10,256,-2,2,4
-2,2,260,5,0,3
5,-5,256,-2,0,1
1,2,261,1,-2,-0
8,-1,253,-1,-1,3
-9,1,253,1,-1,-0
1,-2,258,-0,3,-1
-6,-1,255,-3,0,4
10,-1,260,-1,2,-6
-5,-2,261,-1,2,-3
3,5,255,0,3,-0
1,-1,262,2,3,-1
3,2,263,-2,-1,-2
-7,-9,258,2,3,-3
0,2,265,1,-2,-0
0,-0,252,-3,-3,0
3,7,257,-2,0,2
2,6,257,-1,1,-2
7,-6,258,1,2,-0
5,-7,257,1,1,-0
1,-3,259,-0,2,2
4,10,254,1,-1,0
0,6,247,-2,-2,-3
-1,5,251,1,-0,-1
-4,-2,252,-2,1,-1
6,0,256,-6,1,-1
3,3,249,4,1,-3
5,-2,261,2,0,-1
-1,-1,250,3,-2,0
0,-0,253,-1,-4,1
-8,-8,262,-4,2,-1
1,-2,250,-0,1,1
0,-4,244,0,0,5
1,3,250,1,2,2
2,5,254,-3,-1,1
8,-6,257,2,4,0
-0,7,263,1,1,-1
-2,-4,256,2,0,5
3,7,260,0,-3,-1
2,-5,257,-1,2,-1
3,0,259,-3,2,-2
-1,4,259,-5,1,-0
-3,6,254,0,-2,-2
-1,-7,262,2,3,-1
1,-2,250,-2,-0,3
-5,-2,253,1,3,0
0,-2,250,1,2,0
6,-4,262,2,-1,-1
-5,4,253,2,1,-1
1,-2,258,-1,2,-2
3,-1,264,-0,1,-2
9,1,254,2,3,-0
7,6,265,-1,3,1
3,-1,265,1,1,-0
7,3,256,-3,-6,0
1,4,255,-0,0,1
10,2,263,2,-0,-1
-1,-13,258,-1,-2,-2
1,-3,258,-3,0,-3
-11,-8,252,-4,1,1
-5,-3,249,-0,-3,-0
-0,-7,258,2,3,0
-5,4,255,-2,2,0
-2,3,253,-1,-3,3
-2,-1,264,0,3,-0
-6,3,259,0,3,2
0,2,253,1,2,-2
-7,-3,260,0,2,-1
2,5,247,-1,1,0
8,2,253,-2,-3,-2
5,-0,248,4,0,-3
12,-5,247,-2,0,2
5,-3,261,2,1,-0
9,3,262,-1,-3,0
1,-9,256,-1,-3,-0
-0,-5,256,-2,-1,-1
-6,3,252,-2,-0,-0
0,12,263,0,1,1
0,-9,261,-1,1,-0
-4,-15,262,2,-2,-2
3,0,255,3,-2,0
1,6,254,5,1,1
-2,-6,259,-3,-1,-3
-8,1,260,-3,1,-2
-1,-3,253,-2,-1,-1
-2,-5,250,2,2,-0
1,-1,261,-0,-1,0
-1,-8,259,1,2,3
3,-0,256,2,-4,-0
1,11,251,-2,2,2
8,-1,260,-2,-1,0
2,-5,257,1,-2,2
8,-8,248,-4,2,-3
-3,5,255,-2,-2,-2
10,-1,252,3,2,-3
-10,2,256,3,1,3
0,-7,249,-0,-2,3
6,5,251,1,0,0
1,-3,260,4,1,-2
4,3,254,-2,2,0
1,-4,255,-1,-0,0
1,3,251,-1,0,3
-3,10,255,-4,-1,1
-4,-1,248,-1,-2,-2
9,7,259,2,3,-1
-7,7,263,-2,1,0
-4,-4,255,-3,2,-3
1,-3,259,-3,-0,-1
-4,2,258,6,2,-3
-2,-2,260,-4,-1,1
1,12,259,3,-1,-2
-4,1,253,-2,1,-1
6,1,261,2,2,3
2,4,265,-2,3,-0
0,-4,255,-1,-2,-2
2,-1,253,1,2,0
-6,-4,242,-0,4,0
-8,1,254,-1,3,1
-6,4,254,2,1,1
-8,3,252,-2,2,1
9,-2,260,0,-0,-2
9,3,259,1,-0,3
-3,0,251,-1,-1,1
10,-9,247,1,1,1
9,0,260,-2,0,0
3,-2,258,-2,1,-1
-2,3,252,3,0,-3
-2,4,261,-0,1,-2
-5,-6,250,-0,5,1
-2,3,259,3,-1,3
-10,-4,261,0,-0,3
-3,-8,263,-0,-2,-2
-9,1,257,-1,2,-2
1,-10,250,-2,-1,-0
1,-12,247,4,-3,-1
-5,12,252,3,-1,0
1,2,255,-1,2,-2
-4,-1,256,4,-2,-0
-4,5,261,-2,0,-1
-2,-3,253,-2,5,-0
1,-3,255,0,-1,0
-1,5,254,-1,1,-2
-4,3,257,-0,1,3
-2,1,262,1,-4,-0
6,2,263,-0,-2,2
-2,-1,260,-2,1,3
10,-1,252,0,-2,-2
-5,-0,263,-1,-1,-1
1,-3,249,-4,2,-2
-11,2,253,-0,1,-3
-13,5,256,2,-2,1
-2,4,269,-2,-2,-1
-4,-2,259,0,-1,3
9,2,248,-3,0,1
-10,2,255,1,0,2
10,4,256,0,-0,3
-4,-8,249,-1,-3,1
-6,5,257,1,0,1
9,-7,264,-2,-3,-1
6,-1,256,-1,2,2
-1,-0,258,3,-2,1
4,-4,257,-2,-1,-1
-10,-2,257,-0,-1,2
-1,1,256,-1,2,-2
7,2,259,-1,0,-0
4,0,257,-2,-2,-3
-3,5,251,2,2,4
9,-1,253,-0,-1,-1
2,8,261,1,2,2
1,4,265,-2,-2,0
-5,6,264,-1,1,3
-6,1,257,2,0,-1
-5,2,261,1,-2,1
7,-0,254,0,-0,-0
0,-8,259,0,-3,-1
9,5,256,1,-0,0
-5,-0,259,-3,0,-2
1,8,265,1,4,-1
4,5,258,1,1,2
-7,-4,266,-4,-2,1
-1,-4,254,2,1,3
3,-15,257,-4,2,-0
-4,4,250,-4,0,1
-7,13,260,-5,2,-3
-6,-4,264,-1,3,0
-6,-11,256,-1,-2,3
-3,-10,257,1,2,1
-0,7,259,1,1,1
-1,-2,260,-1,-2,-1
8,-10,257,1,0,-2
3,6,254,-2,4,4
-4,4,259,-4,-0,-2
-3,5,265,-0,1,-1
3,-6,263,3,-1,1
5,9,256,-1,3,3
1,-9,255,1,3,2
-2,-7,257,-2,-2,-1
-1,4,259,1,1,4
5,3,255,1,1,0
2,1,251,1,-2,-3
0,-0,258,1,-0,-1
-4,-2,257,1,2,1
7,4,251,-1,-1,0
-2,-2,259,4,0,-1
10,-8,255,-1,-6,-1
1,4,255,0,-1,-0
-4,-2,262,-2,-1,1
-2,6,262,3,1,-0
1,-3,256,-2,2,-1
2,-0,253,-0,-2,-1
11,2,256,0,4,0
1,9,260,4,2,2
6,7,253,3,0,2
-8,-1,252,1,-0,1
-1,2,258,2,0,-1
-5,-1,257,-1,-3,-0
-8,-1,244,1,-2,1
3,-4,258,-1,-4,0
6,-4,263,-0,1,-2
4,7,255,-3,-0,-4
-3,-6,262,1,1,0
-9,-2,264,-1,-4,3
0,-6,259,-3,1,3
-5,6,261,-1,-2,1
-3,-3,262,1,0,-0
-2,10,262,2,-3,-2
7,-6,258,-1,1,2
-5,1,258,5,-1,0
3,-2,251,-1,1,0
-3,4,259,-1,-0,1
-2,-1,257,3,1,-2
8,-8,251,-1,0,-3
7,0,260,-1,-6,-3
-5,-3,253,0,-0,-2
0,-1,258,-2,-1,-1
-1,4,248,0,-1,3
3,6,261,0,-1,-1
-4,-1,263,3,2,-0
1,5,259,1,2,-1
-8,-1,258,-3,3,1
7,1,260,-1,-2,2
-11,7,263,4,-3,-2
-2,4,262,2,2,2
3,3,253,-0,-2,-1
1,-4,257,2,-2,-2
-2,-1,263,1,1,-0
3,2,253,1,-1,2
-6,-8,255,1,2,-0
-1,4,260,2,-2,1
-2,-1,245,2,-2,-1
-0,-1,252,-2,2,-3
6,-5,256,-1,3,-2
6,6,251,-0,-3,2
2,-7,245,-0,-2,-1
1,0,258,-4,0,-2
-2,-3,260,4,1,-0
-4,1,257,-3,-1,0
-8,3,257,4,-1,-2
7,2,249,-2,-2,6
-4,1,258,-3,1,0
-3,-4,260,1,0,-1
8,4,258,0,-2,0
-3,10,254,1,2,1
3,-2,257,-0,2,-2
-5,-1,263,3,1,-0
4,0,255,5,0,2
-5,-4,250,1,3,2
-3,-9,250,-1,1,-0
5,-1,256,3,-1,-2
-3,-1,258,-0,-1,-1
-1,8,250,-2,-0,0
2,5,258,1,2,-1
2,-11,257,3,-3,-2
5,2,250,-2,-1,-3
-1,2,257,1,1,-4
-6,10,249,-0,1,2
0,-3,257,-2,1,-2
-4,-7,267,-0,-0,2
5,0,257,-1,3,-1
2,-3,262,3,0,3
1,-7,256,2,1,-3
5,-5,254,2,-0,1
-1,4,260,-4,2,1
-1,1,259,4,3,0
3,-1,255,-0,1,-2
4,-3,257,1,5,-2
-2,-10,262,3,2,0
-0,-4,257,-3,-2,-3
1,6,260,-2,-2,2
-1,5,262,2,3,-2
-5,1,252,2,2,-1
5,7,261,-2,1,0
-8,4,258,2,-3,-6
-4,-5,259,3,0,2
