7,-249,10,11,85,13
21,-272,-20,-97,2,-21
46,-257,-3,95,-33,8
-10,-247,18,76,44,-48
16,-247,1,80,96,29
-32,-279,-25,-60,125,-61
9,-237,-34,-61,14,50
28,-264,5,85,-100,3
34,-245,-21,-40,-43,4
38,-270,-33,-25,-121,54
45,-276,-14,33,138,-3
38,-256,39,-42,29,-3
33,-233,10,4,42,56
17,-263,-5,27,29,33
29,-265,-30,73,-13,53
56,-261,13,18,44,-10
59,-268,-25,-29,61,-51
58,-269,28,-97,66,-16
45,-252,23,29,163,-24
62,-268,4,-34,8,-18
101,-263,-5,-6,-4,-119
58,-258,-6,6,-76,-70
56,-236,21,-65,15,-16
48,-264,-15,-38,-36,-4
35,-259,-37,58,75,-14
90,-246,-2,46,-13,12
62,-246,6,9,6,67
27,-253,9,-46,-11,-91
45,-232,-36,84,121,-3
23,-255,-3,62,-40,100
56,-247,-9,59,20,-2
30,-259,12,1,-67,-30
36,-261,3,-141,-9,-16
41,-258,-26,-26,9,-7
56,-252,-39,-55,-31,-28
28,-261,-20,81,-30,-36
9,-257,-19,-78,-77,-86
6,-264,-9,-53,53,-10
35,-256,27,141,24,-60
55,-259,29,74,-3,11
-3,-244,36,-44,-28,-72
9,-254,24,30,36,-71
20,-262,-24,11,39,11
20,-258,6,-33,-10,33
46,-233,-17,-37,74,-6
18,-252,-29,-35,-3,-62
-10,-277,1,25,-35,-79
-15,-246,38,39,-2,-19
-25,-256,-11,1,-18,-92
5,-272,10,-76,-40,29
11,-273,41,6,-101,1
39,-247,8,81,64,-74
-32,-270,-2,1,-117,-76
12,-266,-9,6,-78,119
-31,-258,8,-40,-14,-34
4,-255,23,-65,-29,25
-14,-249,14,-43,34,-27
-30,-273,20,34,90,111
-18,-261,31,-79,32,-4
-47,-259,0,-52,-25,-4
-29,-244,-35,15,-93,44
-27,-267,-18,97,-39,-7
-41,-255,-4,-0,-32,117
-32,-269,-22,-12,13,54
-49,-250,-12,42,-32,93
-38,-236,-6,-13,40,-50
-20,-260,11,51,87,59
-52,-257,20,46,-57,-55
-44,-272,4,-5,85,47
-24,-249,40,20,-34,144
-67,-241,10,7,3,62
-53,-262,5,93,53,10
-13,-235,-5,90,39,21
-7,-255,-15,-27,-39,-60
-58,-266,-4,-24,73,43
-55,-257,17,4,-31,-4
-61,-261,-5,-42,20,-35
-45,-256,-29,-35,37,29
-52,-287,24,64,-14,47
-45,-253,4,-39,64,-27
-63,-260,29,50,-17,-32
-43,-262,6,48,-19,13
-25,-262,17,-54,47,38
-62,-251,-37,1,-51,-30
-46,-257,-2,-25,-14,-23
-47,-256,20,-104,99,46
-46,-266,10,-35,24,6
-17,-248,-7,-60,3,64
-18,-248,-19,57,92,14
-1,-248,8,53,-16,19
-9,-258,2,57,4,-81
-24,-242,-46,72,26,-82
-39,-249,-7,-37,49,-40
-57,-267,-6,-66,4,-15
-31,-259,-24,5,-35,6
-28,-258,-13,-53,-62,-67
-36,-266,24,22,20,7
8,-253,-19,19,-13,37
-4,-253,-14,-50,-3,-47
5,-263,-5,33,30,-29
-11,-255,14,18,-40,56
21,-249,-21,22,18,-5
17,-262,6,-8,-28,-102
14,-247,-12,-59,-29,-11
-7,-257,-14,10,-38,-32
-1,-248,3,-67,63,-7
18,-260,47,-0,28,17
22,-263,-32,26,31,18
12,-242,19,-21,-2,-47
23,-263,1,38,-80,84
43,-253,-9,-36,-24,-46
51,-255,-13,-8,15,46
11,-271,11,-80,-13,6
64,-253,28,-17,-22,12
34,-245,8,-41,36,14
42,-253,-21,17,-0,-5
72,-235,-1,-19,-17,-27
2,-265,-20,88,8,-15
20,-268,47,-122,22,-24
67,-243,-18,-29,-11,-55
32,-247,27,64,31,14
39,-255,-1,-40,6,19
42,-253,-6,41,-46,22
-2,-251,4,5,-134,40
59,-259,30,28,-50,-15
93,-262,-6,-39,5,11
70,-269,-3,-94,4,20
61,-262,2,123,-33,27
56,-275,-22,-66,-70,-53
53,-247,6,-33,22,-3
58,-265,-33,30,-58,-70
35,-251,-1,-4,19,-40
79,-233,-1,-17,-35,38
41,-262,4,69,42,-73
-3,-240,-14,12,-72,-2
29,-241,9,-3,-48,47
58,-266,-1,49,57,-41
40,-249,-40,7,61,2
32,-266,35,-8,13,-25
44,-256,-10,14,-56,69
-7,-263,-19,-27,-10,-84
42,-237,20,-7,73,-79
38,-260,26,-36,-20,32
31,-252,-11,49,-80,15
19,-258,-25,-77,-14,114
52,-271,-48,44,-23,-98
49,-262,28,-48,41,61
-5,-256,-8,-66,44,35
15,-255,24,-63,-65,59
-19,-245,4,1,46,43
29,-254,2,-53,-133,-50
-22,-244,25,3,-36,68
-18,-260,-7,124,-25,49
-26,-256,5,7,115,65
21,-258,-25,-6,-24,-28
15,-259,20,9,7,-8
-28,-252,-0,-26,98,23
-29,-257,6,53,-18,90
-11,-277,6,-29,-5,68
27,-254,-0,58,-29,-44
-39,-246,28,-47,37,-22
-43,-251,-18,-62,-77,28
-84,-268,-20,11,12,-14
-43,-268,0,71,88,40
-17,-250,-4,13,13,-21
-38,-268,-25,-19,58,65
-47,-248,-28,3,6,-91
-12,-257,-8,-27,77,-15
-52,-258,48,5,-18,-21
-66,-268,-21,-72,12,50
-48,-271,23,-27,41,-30
-71,-274,-2,-28,-78,-74
-64,-263,10,68,-1,-57
-46,-258,40,-52,-92,7
-25,-256,-19,-13,11,-4
-66,-279,20,30,83,-10
-78,-262,-10,-74,27,35
-46,-240,25,-40,-44,-31
-42,-248,-16,-108,25,-42
-49,-254,-29,-31,21,9
-57,-250,-4,77,13,68
-76,-264,11,36,-18,33
-47,-265,25,-94,-8,-62
-57,-268,17,-0,-27,-6
-43,-251,54,45,-24,40
-59,-259,14,-28,6,4
-5,-268,1,-4,-42,38
-35,-244,-3,122,-53,-3
-35,-243,-35,30,43,-133
-8,-247,13,23,-65,-13
-5,-260,0,21,18,4
-26,-248,4,-9,-30,74
-16,-246,27,49,-103,78
-17,-250,3,-108,25,-94
-18,-269,-5,28,86,-1
-9,-253,1,83,-30,29
-15,-254,18,117,27,12
25,-236,-13,61,-5,1
-27,-276,-28,12,60,-62
-2,-260,-1,-39,71,-44
-5,-269,-8,-2,-49,-23
18,-247,-17,77,44,-51
-18,-258,20,-80,57,-102
3,-254,-21,38,3,-38
53,-273,-2,-16,41,5
12,-265,-4,-23,28,44
13,-260,-10,-13,48,86
26,-237,4,-17,14,24
31,-265,-11,-27,59,22
15,-259,-52,66,-24,36
25,-245,-6,55,-102,35
41,-262,16,-27,-36,-96
47,-245,-7,2,-20,-36
42,-267,-8,-73,-13,104
3,-252,-14,64,12,36
33,-265,16,-22,22,11
36,-274,4,6,-45,8
21,-238,-51,-32,7,-62
32,-270,-24,27,-52,32
68,-253,-16,46,-75,8
66,-267,6,-5,69,15
73,-250,-20,-88,-104,-17
39,-260,14,65,68,76
40,-256,3,-22,-46,-59
49,-263,15,-19,38,14
35,-249,18,16,12,-8
69,-267,-36,-3,13,76
29,-259,17,19,20,70
46,-258,2,-5,-60,-25
43,-263,13,5,46,27
25,-253,17,1,56,24
59,-241,-11,-116,-28,-42
74,-242,-17,2,52,61
72,-265,18,-25,-24,-39
38,-257,-14,9,37,1
43,-241,-12,9,54,-92
22,-256,13,-24,52,-17
37,-267,-6,111,-13,-64
59,-251,-46,24,-42,41
4,-258,-2,57,-32,-68
36,-281,3,57,6,41
43,-258,-2,5,41,2
7,-251,15,-47,56,26
47,-254,-19,-42,10,87
34,-238,39,92,-43,-49
-2,-261,29,-2,-69,27
-14,-245,-55,22,-30,40
36,-237,-3,11,37,50
2,-255,-8,-102,-26,-53
32,-250,2,18,-17,6
29,-257,-12,-56,-37,-91
13,-278,-1,-17,-1,64
19,-243,-64,-15,23,17
-50,-267,12,-32,43,50
-45,-274,0,-28,22,43
13,-267,18,-44,-15,-17
-20,-254,29,40,5,46
-11,-263,1,-43,-89,22
-7,-255,12,-53,-35,1
-30,-259,19,-8,-78,35
-49,-251,-31,-6,6,-31
-37,-244,9,16,40,43
-4,-258,-32,-25,30,-34
-12,-271,-3,50,-12,-106
-69,-257,16,0,62,49
-15,-260,-1,-58,14,-33
-27,-263,-8,2,2,32
-35,-258,-8,44,19,-29
-29,-264,-31,-2,-21,30
-53,-253,-10,65,-39,73
-43,-244,37,-36,5,2
-58,-245,-13,-31,24,-43
-50,-243,3,2,-64,7
-48,-252,9,-39,-17,-1
-69,-253,13,19,114,-86
1,-264,-36,29,44,-56
-49,-255,11,52,-11,-49
-32,-248,24,-76,-35,6
-77,-249,18,10,-34,-57
-81,-258,-5,-30,-43,-38
-30,-247,9,4,-2,-6
-26,-247,19,-56,-5,77
-65,-259,10,-141,25,18
-40,-241,-5,-2,-68,60
-35,-247,7,-16,-22,69
-29,-283,-10,-49,-34,-37
-49,-238,21,-22,49,-97
-31,-242,-17,110,-16,24
-29,-247,17,0,-47,-83
-19,-257,-7,-33,-82,-52
-52,-260,-8,-17,37,-4
-6,-254,-3,0,16,-56
-71,-274,8,49,-70,9
-14,-243,-21,56,41,68
6,-246,-12,15,8,-20
-10,-268,18,-3,41,67
2,-257,-17,-26,88,46
3,-254,-17,-1,31,-27
19,-260,-14,92,37,27
18,-251,12,12,59,6
1,-249,-35,48,42,-31
-29,-249,-12,-56,-62,33
14,-283,-40,-49,112,-10
45,-268,-19,70,72,-24
24,-268,-12,-11,7,-49
33,-249,0,-6,20,-30
12,-256,-5,-4,-29,0
34,-234,4,-150,-5,-24
38,-266,-27,47,52,3
37,-263,18,30,-41,-20
26,-253,-21,-34,28,-12
31,-269,7,-55,-60,61
30,-254,-13,1,11,-17
66,-250,-19,-64,31,11
24,-246,-10,22,41,-18
44,-267,-3,17,-105,50
47,-251,-32,44,-37,-44
32,-242,43,37,27,9
27,-271,3,-14,-40,30
56,-291,-5,-26,86,134
30,-249,-21,3,38,-6
24,-243,10,-4,-14,-35
38,-246,-8,-19,-40,-20
57,-250,-22,97,-10,32
51,-241,11,-2,89,49
91,-263,-2,71,17,65
66,-242,13,42,-26,44
70,-258,0,14,75,36
66,-264,-7,-15,-23,51
74,-239,12,-52,-10,22
41,-264,32,36,21,32
80,-266,51,-129,-43,33
63,-240,2,-82,70,-3
91,-244,-9,41,52,-47
49,-264,-1,-17,44,-75
34,-254,-0,79,-2,-24
41,-233,-9,-41,-14,-52
38,-250,-8,-16,11,-27
31,-258,16,-26,13,46
21,-254,16,-32,154,-14
5,-243,13,-17,0,-25
-1,-249,-29,27,-20,-20
19,-258,-14,-9,36,49
13,-264,-15,58,49,49
11,-245,-1,23,12,-26
37,-251,19,136,-13,79
-9,-244,5,-86,59,-102
3,-261,-22,-42,-3,62
-7,-261,27,62,21,17
15,-234,43,30,36,-5
33,-246,7,-43,99,38
-2,-255,22,33,50,-18
13,-246,-27,29,10,-57
-16,-255,9,7,-80,51
-17,-262,31,36,51,88
1,-266,1,83,14,-17
-14,-270,-25,109,-10,-51
20,-259,-11,23,-40,2
-19,-267,24,-43,63,80
-34,-265,-9,60,-17,15
-21,-266,17,65,-1,-43
-45,-260,5,-48,38,-54
-24,-240,-13,8,-38,-6
-16,-272,41,55,-30,-51
-6,-261,39,-17,2,8
-38,-260,28,16,20,-18
-41,-259,27,-32,58,145
-52,-263,-31,131,-32,39
-58,-265,-9,24,-12,28
-45,-251,-33,-60,43,72
-60,-243,-4,-4,6,46
-58,-248,-10,-30,64,-1
-88,-266,1,-66,24,-30
-47,-244,-12,42,32,-58
-41,-281,42,-32,-6,103
-30,-272,-1,78,48,41
-44,-270,17,20,-9,5
-11,-249,-11,-31,45,11
-58,-258,11,-10,29,37
-55,-260,3,47,-9,-4
-48,-261,-17,23,41,46
-39,-264,-49,55,24,25
-32,-242,-4,-68,-30,55
-40,-243,2,78,-68,-14
-28,-252,-16,16,39,-30
-59,-253,-12,49,-1,-31
-8,-251,-6,-24,61,47
17,-260,22,47,12,36
-9,-263,-38,-4,-36,17
-51,-261,8,-22,-68,-61
-47,-255,-30,-45,60,-19
-34,-243,-24,-45,65,-123
-36,-244,-27,-33,-44,-31
7,-257,5,9,16,72
-7,-255,-29,-54,64,-37
17,-263,-1,6,-45,69
-45,-251,25,-4,17,-25
-24,-273,-16,73,-13,-72
2,-260,22,-8,47,19
4,-267,-5,26,2,5
4,-242,1,45,-49,22
18,-258,-21,56,3,38
20,-267,-4,37,5,8
9,-247,-5,34,-53,34
3,-261,13,-41,8,-3
40,-254,1,51,-4,27
28,-245,1,25,73,-122
53,-255,16,-5,32,9
32,-246,-55,9,-7,-74
12,-249,28,7,12,55
14,-262,36,57,25,-38
43,-241,4,-99,-41,24
77,-261,-20,56,-59,-40
48,-254,7,-21,-6,-56
-4,-250,-26,3,47,29
52,-245,-3,-26,-8,-11
21,-248,3,-38,113,-2
35,-259,-6,-10,26,45
77,-263,28,64,-7,113
41,-264,2,59,-73,-124
55,-253,27,-45,145,-20
29,-271,20,14,19,33
55,-240,-10,-100,-55,-63
53,-266,2,1,23,41
67,-253,-40,41,37,-11
66,-251,6,86,-24,-60
16,-253,1,88,42,-12
35,-256,11,-21,5,-6
30,-257,-29,20,14,-3
49,-249,2,-41,-32,28
50,-265,9,21,12,96
45,-257,-15,-39,4,23
41,-234,14,7,-55,22
15,-247,-22,58,83,33
50,-277,-17,-20,-40,10
54,-260,-1,17,79,34
45,-251,-11,12,-45,-38
36,-264,-1,32,4,50
44,-251,-2,14,94,10
42,-266,19,66,-40,-78
62,-250,7,-35,-72,-15
46,-261,28,39,63,-76
40,-250,25,-75,-75,-26
59,-251,-15,41,18,97
-11,-265,-21,-110,-103,34
30,-265,-9,46,112,-47
23,-257,4,-106,2,-0
6,-250,11,-82,42,43
23,-274,-12,30,-8,50
-7,-250,4,88,68,-57
26,-261,14,-4,-10,50
-11,-250,21,17,-46,-85
-10,-265,-6,34,-64,-16
0,-259,-17,58,-42,61
16,-243,-15,45,19,8
-2,-244,-17,44,9,-75
-63,-263,-27,-33,36,-71
-18,-242,16,8,45,62
4,-238,-9,-25,-72,-21
-53,-259,19,21,-35,-61
-53,-276,-30,-48,13,-25
-31,-275,-14,5,-31,64
-26,-258,-1,-46,-3,23
-11,-252,8,9,5,-43
-16,-273,-14,-24,44,-16
-61,-236,-34,39,-12,-8
-44,-252,22,-25,-45,-17
-38,-244,-18,-47,-36,26
-94,-245,-18,-6,47,10
27,-259,0,26,7,-93
-43,-248,-17,53,-80,-12
-74,-271,19,-24,-19,54
-80,-258,-13,18,127,70
-81,-237,-4,18,-21,58
-78,-246,-12,-24,-48,-14
-26,-244,25,-35,-52,36
-70,-264,-38,-11,-10,-3
-69,-265,-7,68,-55,45
-21,-263,-12,43,67,-29
-22,-256,5,8,54,62
-82,-243,23,57,10,-10
-65,-261,7,-2,19,-9
-68,-276,-6,-15,87,-72
-44,-268,32,-50,-57,-35
-28,-247,18,-85,-4,-36
-57,-251,-23,-87,71,-63
-48,-251,7,87,-37,16
-29,-252,-4,34,-2,-39
-34,-250,13,89,-23,57
-14,-246,13,-42,33,3
-68,-262,-37,90,-45,-83
-24,-249,9,-21,58,-15
-51,-232,-9,20,-69,-11
-77,-272,32,26,22,32
-28,-264,-11,-14,46,47
-31,-252,8,-27,178,-94
15,-259,-25,-28,73,55
-5,-248,-2,4,86,-83
11,-267,22,-12,6,51
-3,-257,-19,36,-24,-36
-5,-266,-21,6,42,-39
14,-269,-3,-28,14,-72
-7,-274,36,31,110,22
13,-249,23,67,-34,-28
12,-270,-38,2,1,-96
-2,-264,26,-13,6,-14
-3,-254,-6,-20,-52,113
34,-264,15,25,-19,-14
32,-248,-3,30,88,-60
4,-269,4,-8,-61,79
28,-245,33,-10,26,-34
5,-240,-26,-17,-92,-39
32,-264,-21,-36,-28,65
-24,-256,31,22,3,63
38,-268,-5,15,-20,-28
89,-267,5,-31,35,-144
54,-249,-4,-27,38,-11
33,-247,-15,103,63,-2
30,-256,-24,-6,24,-69
49,-251,4,5,-2,-59
30,-255,-30,97,-96,53
54,-268,-3,32,-8,-43
58,-267,25,-32,9,3
36,-272,31,96,32,-13
49,-263,10,-120,16,-28
15,-256,32,-14,31,-34
44,-252,-18,-53,-51,-18
58,-249,-7,-19,30,26
59,-262,1,35,48,2
58,-259,-4,-15,120,34
26,-262,-12,61,5,90
31,-254,-6,10,-30,-30
20,-239,1,-65,42,25
33,-245,38,66,-6,-65
57,-259,-5,-29,-38,-4
52,-250,2,6,28,-77
31,-265,3,49,39,-104
5,-240,3,15,60,-9
71,-245,-7,38,-19,-37
22,-261,-11,2,-5,25
8,-250,-15,-0,-5,-48
52,-271,26,-82,12,49
29,-267,14,23,-44,68
-4,-254,-30,-33,-72,50
22,-252,-6,-8,-5,-13
24,-254,-16,12,32,56
12,-266,-3,-4,-27,-3
32,-249,-7,38,-77,31
33,-251,-4,-16,-27,57
-21,-255,-36,6,-55,-36
31,-249,2,30,-39,5
-30,-249,13,-3,27,5
26,-263,-13,-74,-94,6
-2,-257,-13,16,-57,28
-15,-254,-1,-10,-130,27
-32,-256,-8,32,58,-106
-6,-258,-2,-4,-4,-42
-34,-259,-8,77,36,-23
-30,-240,46,-7,27,68
-39,-255,-15,-15,-31,33
-9,-261,17,-34,8,-21
-52,-251,-39,-16,-56,-20
-22,-253,-13,16,-22,64
5,-274,-24,33,-96,-102
-32,-236,27,-6,-7,103
-16,-256,-37,84,-53,126
-44,-256,-16,-7,-44,-2
-25,-246,-1,35,-51,33
-26,-256,26,-60,38,-30
-21,-257,24,3,71,47
-38,-260,7,-45,125,53
-35,-258,-10,-75,70,65
-42,-264,-5,81,42,6
-58,-262,-15,-6,78,12
-38,-260,33,-25,32,-3
-50,-255,-12,-17,10,-22
-12,-251,5,13,5,7
-59,-270,3,-59,-89,-139
-65,-260,-18,67,-40,20
-81,-250,47,-5,-98,-72
-51,-249,5,73,15,-63
-49,-247,-11,-18,89,-3
-77,-276,-10,-31,-76,-91
-49,-238,-7,-2,-18,47
-75,-256,15,-9,-18,-13
-83,-242,-21,-11,10,68
-5,-244,-2,33,9,11
-37,-250,-13,138,-66,91
-7,-254,-21,-72,-61,71
-18,-260,-34,-38,-40,-10
-56,-242,-21,-34,7,81
-18,-258,20,-49,22,111
-10,-248,11,54,-7,-1
-2,-255,15,49,-68,5
-22,-239,28,25,-52,62
10,-236,-31,-28,75,-15
-6,-252,10,-3,-95,-16
-18,-258,25,-125,43,51
-26,-250,1,51,-22,14
2,-246,-18,-8,-87,-29
-35,-223,-3,107,-28,45
-27,-254,11,36,54,-66
-14,-261,-12,-4,5,37
3,-246,14,39,67,8
8,-260,12,-41,-66,-84
-5,-241,1,-43,-70,-21
7,-249,-25,60,-34,53
19,-263,-19,-37,95,16
43,-251,-28,-59,35,19
8,-265,-20,83,7,-38
37,-249,7,22,20,-44
30,-251,4,-24,39,-31
11,-264,0,7,24,-23
36,-238,-15,39,18,55
44,-277,10,-6,99,33
30,-238,-7,-15,24,35
-1,-239,3,21,27,117
25,-243,-21,91,-1,2
44,-247,21,60,76,26
52,-269,-12,17,-16,-46
48,-250,9,-2,29,15
42,-260,-11,8,-27,28
50,-256,-45,73,-56,79
60,-252,-39,10,67,-118
72,-274,-27,-1,54,-41
57,-241,-18,-81,52,8
93,-276,-9,-9,-66,-6
18,-262,15,73,-14,30
36,-251,10,-25,20,-1
69,-248,-24,12,24,-61
68,-252,20,-43,-14,71
43,-277,-14,97,-38,67
99,-263,-32,79,-35,35
43,-259,17,30,-35,-14
57,-236,-6,-27,26,-2
65,-256,-7,-38,99,28
9,-263,-12,-46,-57,112
32,-264,-30,101,-32,14
12,-255,-18,-21,95,-5
40,-249,11,-15,-76,75
0,-258,-15,1,4,111
31,-244,30,-85,109,-71
10,-252,19,-1,-29,17
34,-271,21,-67,-11,39
60,-271,10,-95,41,-55
53,-266,-6,-40,-24,-64
28,-244,-12,-83,-87,-135
-22,-260,-2,-23,1,7
0,-250,22,22,-73,-54
-14,-264,-15,-41,1,58
-9,-263,16,63,20,-23
-11,-255,-5,-2,-88,13
-10,-265,11,6,9,21
20,-263,-22,-69,43,-41
-8,-248,-18,-65,89,-39
7,-269,11,43,12,52
-10,-253,-11,-61,-7,-49
-0,-249,19,-172,-11,41
-3,-265,-21,-90,-37,-15
-49,-237,28,90,-12,56
-24,-268,7,-21,-3,-52
-6,-264,10,69,-34,84
-49,-239,11,54,17,-6
-30,-266,11,74,-51,-45
-39,-253,-5,19,-32,-7
-37,-264,-45,27,-60,39
-37,-240,-13,-36,-68,-37
-58,-250,3,75,11,43
-46,-269,-3,-44,25,56
-55,-251,12,-42,-3,31
-14,-245,20,50,17,-75
-6,-262,3,22,1,52
-46,-267,11,-75,25,9
-32,-244,-10,64,-46,-20
-94,-270,-18,46,82,-4
-68,-278,1,-50,-109,78
-17,-263,11,8,0,-17
-52,-243,6,-75,-68,2
-66,-267,-14,-33,-68,44
-61,-257,32,-3,15,23
-43,-257,41,-10,42,35
-79,-256,2,-8,-58,23
-45,-252,11,88,-52,40
-73,-250,14,94,-26,15
-42,-249,-5,160,1,-97
-54,-266,14,10,41,-49
-88,-244,-7,-87,-14,-27
-57,-253,31,-102,-1,-18
-52,-248,-9,-19,-57,-15
-14,-255,-16,75,61,58
-17,-261,-37,99,-74,88
-77,-272,-4,-79,-26,-17
-24,-251,-10,-51,49,56
-37,-258,0,-3,-3,80
-4,-256,0,-55,-40,-6
8,-251,-19,13,-3,-17
31,-270,-7,-11,142,-37
-13,-249,18,62,35,18
29,-261,-53,-61,-117,-66
16,-257,-32,8,61,61
-3,-236,40,-36,-46,53
-10,-264,-30,-114,-66,11
-11,-258,-48,6,-104,-47
-3,-253,10,-27,76,-46
-17,-273,17,-3,-23,72
22,-250,-13,6,-17,-48
7,-256,13,86,42,-56
53,-263,-17,-19,-62,-1
22,-270,-8,-30,-23,-40
-8,-259,-13,25,-52,16
53,-262,27,-30,-4,-34
46,-272,-23,49,19,-19
10,-250,-5,97,26,-21
17,-253,4,68,-99,2
46,-271,15,-65,-12,-37
81,-245,7,-82,-30,26
40,-233,13,1,22,-35
26,-271,23,-66,-16,-79
47,-252,33,-21,-13,-26
46,-257,3,27,61,-90
37,-270,11,52,-108,-87
37,-273,-35,-22,42,-64
67,-260,33,-7,-108,25
34,-246,8,-57,-27,-15
61,-261,-40,-60,-47,-5
37,-241,-2,67,12,-89
59,-248,-13,51,-84,21
18,-258,-3,-23,-14,-80
13,-256,-21,-51,-93,13
37,-260,7,-20,-39,27
38,-276,-28,71,-73,11
71,-268,-18,-84,-123,-41
81,-275,-16,46,-12,21
57,-250,13,28,25,-49
31,-267,5,80,-49,37
18,-255,-2,-5,74,86
18,-250,14,51,-94,-13
45,-270,-6,20,-54,-44
20,-257,20,44,28,5
61,-261,21,36,-21,12
25,-272,2,42,28,-2
36,-234,14,-51,-45,17
39,-259,-22,7,83,-8
36,-241,-42,49,-120,75
-7,-249,0,-57,-3,-22
31,-256,17,-25,-22,98
-12,-260,-12,75,98,-33
19,-248,-26,-6,-6,-49
16,-256,19,-79,-88,-37
30,-262,1,-7,-13,44
9,-258,14,97,-91,-61
-9,-241,-11,-48,-46,28
-29,-258,-25,14,-29,-83
25,-241,7,-54,84,1
-35,-277,-7,-109,46,-4
-12,-233,-0,16,-12,52
-15,-262,-39,78,-59,-59
-6,-260,44,10,47,75
8,-237,-10,-3,25,18
-15,-244,-14,22,-12,77
-14,-267,-5,-48,51,-34
-28,-270,36,-16,-36,31
-53,-260,2,73,-61,52
-32,-258,-23,12,34,-89
-65,-257,-4,-70,-58,16
-47,-266,48,32,11,52
-30,-255,1,59,-95,16
-42,-276,-7,34,65,-1
-60,-250,14,-57,60,-21
-63,-241,-21,-40,-7,-40
-21,-254,3,48,100,-16
-28,-280,3,61,-26,-56
-49,-251,15,17,-134,43
-35,-259,-16,51,55,-40
-60,-267,-4,-8,65,-18
-37,-249,21,36,-29,-35
-73,-253,7,-32,-91,1
-48,-263,-57,-29,-110,31
-73,-255,-17,11,95,35
-57,-256,-1,5,-117,-41
-49,-257,8,38,-16,-34
-59,-261,11,59,-44,45
-74,-240,9,62,15,54
-48,-253,-14,-55,-3,36
-33,-259,-23,-94,-34,0
-36,-248,1,-40,6,-14
-41,-227,-7,-11,8,-149
-49,-256,-19,-60,3,-23
-13,-244,15,63,-36,-4
-46,-263,-17,4,62,-35
-9,-253,-26,34,13,-48
5,-239,24,41,-18,63
-1,-241,22,-5,-39,-103
2,-255,-37,4,2,-8
-32,-264,10,74,11,-45
11,-265,-51,65,4,57
1,-252,18,-16,20,86
18,-240,-16,39,61,23
-9,-256,2,57,25,76
-28,-267,4,-24,5,-38
6,-254,-2,-101,-99,41
7,-254,26,61,-163,43
5,-251,14,-43,30,39
-2,-262,28,-39,-80,26
17,-249,22,6,68,10
1,-255,32,73,5,-34
22,-266,2,14,-12,71
39,-236,23,-15,-64,92
28,-243,-30,-28,51,35
25,-248,9,6,50,-87
18,-263,30,40,-64,142
18,-255,20,-46,26,-10
69,-249,-13,40,1,64
22,-260,-1,-26,-44,-25
21,-256,3,-25,-162,53
72,-270,-23,11,28,-29
34,-269,-26,-130,-16,25
51,-278,5,101,49,37
37,-243,-23,56,-3,-18
50,-249,37,8,22,12
45,-245,15,-4,9,42
75,-263,26,60,-60,55
70,-255,7,-2,43,-11
97,-244,4,-1,-89,-32
62,-244,-3,-24,-53,34
36,-257,-6,-10,-118,10
67,-254,-2,-11,-31,-41
61,-239,-27,18,-12,26
65,-253,29,-22,2,67
44,-262,18,29,-13,25
91,-265,-0,-6,1,-15
23,-278,13,-10,70,-29
9,-264,7,-10,-41,-17
37,-261,-16,36,36,22
51,-259,19,77,-19,69
38,-275,8,23,22,32
26,-274,23,25,35,-14
33,-265,-18,46,-9,-5
44,-251,-27,17,77,22
74,-254,18,44,-38,56
37,-257,-23,-12,-24,-64
-0,-266,-18,47,-73,-89
0,-265,-1,-34,-92,-46
6,-265,-11,20,-29,59
-11,-259,-14,53,-77,-74
16,-255,-3,41,131,-21
-23,-269,-3,-20,23,-70
34,-255,-19,-35,-33,-42
-5,-282,-19,31,1,66
-5,-267,-5,-106,1,-49
4,-278,39,-18,4,49
4,-252,31,-86,-12,15
20,-256,-18,79,-29,8
-8,-263,8,78,20,23
-4,-277,-6,99,39,3
-29,-250,-10,-90,-26,-12
-7,-260,-10,-49,33,-32
-15,-271,15,80,-62,85
16,-258,-1,24,3,-29
-55,-257,24,14,40,21
-47,-287,-1,-6,49,-57
-5,-252,34,72,-119,-30
-59,-241,31,-14,-75,-71
-19,-266,-54,-51,62,-38
-51,-275,10,21,-17,15
-33,-271,-12,-18,50,-96
-65,-263,-60,-68,19,2
-27,-253,-21,72,-60,105
-67,-255,10,-42,5,-5
-57,-253,-25,-15,37,-38
-57,-265,-22,-2,32,81
3,-255,-3,85,9,-56
-27,-255,-7,102,-21,-34
-87,-262,15,16,-18,-66
-49,-261,11,-33,-37,52
-76,-251,6,-48,-14,-73
-94,-252,23,-33,-17,-28
-41,-263,43,-27,72,-80
-82,-243,-33,-102,48,67
-18,-271,13,21,-38,-41
-61,-261,17,119,56,-107
-80,-245,-31,-12,-3,38
-34,-247,-18,84,4,89
-62,-250,-20,27,-35,-9
-14,-266,-4,-4,-0,42
-28,-257,17,65,-19,20
-37,-264,4,-51,87,-19
-34,-254,2,21,58,28
-40,-258,-21,-50,77,63
-13,-237,-28,5,-38,6
-17,-252,-0,13,74,-44
-57,-243,-19,13,-71,38
-18,-269,21,-44,19,2
26,-253,19,6,-9,55
-8,-262,-16,21,-31,95
-50,-248,12,-2,88,-7
-34,-257,44,1,-49,-62
-1,-257,16,-6,18,-147
-19,-254,4,-88,-135,74
1,-261,17,33,-59,67
1,-257,2,36,-69,65
10,-252,-7,-35,-16,-31
0,-253,-22,-29,-21,-24
44,-269,33,25,-14,129
19,-255,7,21,2,-20
39,-253,-20,19,55,-3
38,-260,-2,-36,15,100
12,-261,-2,31,26,25
39,-263,27,-48,-32,24
36,-252,8,-5,35,-63
25,-244,-22,-16,34,46
10,-253,5,28,-28,-15
60,-251,-11,-1,67,-20
55,-240,10,11,37,-72
44,-257,20,-65,-50,31
73,-267,3,46,-10,47
27,-247,19,-99,1,-57
58,-271,-25,-28,-31,-31
39,-254,39,-73,-43,24
17,-254,13,25,8,-49
39,-267,16,49,-108,-23
30,-262,-7,-2,22,-49
62,-255,-26,-57,81,-69
53,-261,-30,1,26,36
61,-254,-8,-43,19,10
117,-270,18,-45,-6,53
24,-258,-4,-84,14,-36
47,-247,4,8,91,36
59,-259,5,-10,23,-63
18,-265,-1,-51,-44,-81
28,-252,-13,-82,47,16
29,-255,12,-53,-114,74
23,-264,-20,24,-8,24
8,-263,9,-34,-13,-9
9,-282,26,-64,-85,-43
67,-258,1,20,-77,-55
44,-270,8,79,18,9
59,-271,-42,30,-29,66
16,-244,-17,-3,-80,-96
29,-247,15,-67,-106,50
30,-264,2,-31,18,-47
2,-255,-19,-32,6,2
10,-252,-8,-16,-3,-36
22,-252,-18,68,-68,-25
-7,-246,20,-18,51,4
46,-260,1,-98,-20,-17
-5,-269,7,79,-78,3
-18,-268,11,5,33,22
47,-275,-25,93,-69,19
22,-252,16,-82,-67,-9
15,-251,13,50,-5,51
55,-269,-39,8,-8,24
-16,-248,-32,106,-19,47
36,-261,-16,-74,6,-21
-21,-267,27,-52,-120,57
-0,-264,-14,-76,-28,32
-24,-262,-2,-55,-29,76
-7,-243,-3,52,39,45
-39,-257,-37,-71,-11,48
-25,-273,23,-41,136,-27
-17,-240,6,69,6,25
-45,-245,25,-61,33,46
-16,-267,2,-55,1,62
-26,-253,12,10,105,-42
-54,-245,-11,-3,-0,26
-50,-255,1,-3,69,56
-53,-258,32,3,-6,8
-73,-246,-21,-62,-68,32
-67,-247,35,-13,125,61
-33,-263,-13,-77,12,66
-53,-263,-32,51,114,-44
15,-264,-6,-81,87,-60
-54,-272,13,-40,56,-39
-54,-246,5,13,84,0
-55,-268,3,-40,-20,-8
-61,-276,-20,-75,157,9
-51,-266,1,62,-46,-12
-67,-273,1,8,-60,-47
-50,-261,4,1,-53,61
-65,-240,-10,8,-43,-102
-74,-238,10,3,45,-14
-41,-243,-23,-56,2,13
-47,-246,12,-23,15,-52
-86,-254,9,-35,-107,15
-15,-240,9,61,3,-72
-24,-242,7,29,41,-20
-99,-245,-14,-13,-29,-19
-6,-257,0,-85,60,6
-30,-284,27,11,29,18
-14,-257,-11,22,-12,109
-19,-264,8,-46,27,-20
-0,-264,38,46,122,5
-4,-257,-8,39,-94,-42
-28,-267,17,-66,-3,26
-11,-244,21,-114,24,-4
-0,-238,6,-6,10,24
-6,-269,-5,93,-1,-56
8,-251,38,-25,69,12
-20,-244,10,42,59,66
4,-277,-18,36,3,-49
-9,-248,-19,26,-53,-42
28,-257,-3,-19,-75,6
-20,-246,-6,61,-12,-18
20,-250,12,-3,-28,16
-9,-245,8,-10,38,52
-0,-245,20,2,-8,-67
55,-258,-23,11,-10,2
45,-245,15,-14,-43,-44
26,-255,-7,17,-58,66
36,-278,1,36,-34,-47
13,-275,-12,-34,-47,12
16,-263,11,-72,124,24
55,-279,-11,-17,10,9
36,-269,18,-38,-30,55
19,-244,10,112,-122,9
7,-243,8,-101,-141,-68
89,-254,-9,-94,12,15
77,-276,19,44,100,-17
49,-253,19,86,-35,58
60,-259,34,80,-75,7
41,-258,-21,1,-10,13
47,-245,-37,49,18,55
58,-261,19,34,-16,1
12,-256,11,-26,26,-3
60,-249,3,-100,118,101
44,-261,2,6,-91,-32
48,-250,-13,64,-4,11
44,-275,-1,3,-65,-5
22,-249,12,-70,17,-29
69,-258,4,-10,11,25
48,-239,35,-12,-94,-61
28,-266,-9,15,28,-33
13,-254,16,16,-7,76
32,-249,4,38,-47,80
28,-259,1,-8,-25,-12
-5,-243,8,22,32,13
34,-274,0,8,-22,62
27,-265,19,-49,-32,16
59,-258,-1,45,1,84
50,-244,1,40,125,-50
48,-248,-42,57,3,-37
61,-280,7,21,123,24
31,-260,10,78,27,49
18,-267,3,18,19,41
17,-262,-15,4,45,10
6,-253,12,66,21,33
15,-254,5,-60,83,-23
5,-253,14,34,9,-65
34,-277,11,75,39,31
8,-249,-23,-17,-3,27
17,-265,-8,-71,25,-62
-7,-259,-3,-14,37,40
-7,-258,9,0,35,32
30,-256,-37,-11,-58,-48
-12,-266,-20,-81,-70,-27
-20,-246,4,-152,118,-80
-52,-259,-28,70,-39,-30
-33,-258,12,27,34,5
-18,-252,-1,-54,109,-28
-4,-254,-1,-32,-21,-99
-36,-272,17,40,-56,13
-44,-267,33,17,11,-61
-2,-270,11,-39,5,43
-53,-284,-13,-53,109,62
-64,-261,16,16,33,-28
-88,-244,1,71,-8,11
-58,-254,-28,14,-5,-81
-28,-266,-17,-30,-38,-18
-27,-254,-5,-22,-48,42
-11,-261,-29,-4,17,-38
-32,-263,11,92,-10,43
-54,-258,12,-2,-53,-24
-71,-254,25,81,-28,-25
-54,-283,28,70,-68,-16
-25,-262,21,3,-3,-93
-33,-280,-19,53,-37,-21
-68,-245,-12,-10,64,-107
-69,-258,-33,-12,-30,24
-39,-248,8,29,-40,-32
-73,-257,-11,-34,72,-12
-52,-265,36,56,-44,-8
-68,-238,4,-47,-11,-27
-54,-276,-13,31,1,-56
-67,-262,-3,-44,-1,49
-32,-254,-27,24,42,22
-34,-255,-24,-65,11,-91
-20,-267,30,-12,37,21
-38,-256,-33,30,18,123
-39,-260,15,-42,29,-59
-1,-242,-9,-21,-72,29
-62,-249,9,-9,66,-92
-29,-265,-10,39,23,-47
-43,-262,-11,-24,-4,46
-12,-261,-4,-28,113,94
4,-266,-20,-17,-77,-83
-26,-233,-28,-0,-43,-69
-15,-260,10,86,70,-15
-25,-243,11,58,54,28
24,-268,-35,6,81,37
10,-247,11,-61,-63,79
-31,-254,-23,-30,-34,6
2,-259,30,22,-2,45
10,-260,-10,-74,2,-3
43,-260,-19,56,10,20
-2,-245,7,-12,46,-1
-17,-254,-1,97,-27,63
23,-252,-18,23,90,16
20,-260,-9,33,-20,-95
18,-252,-31,22,18,64
19,-243,13,0,-26,16
17,-272,-20,15,55,49
48,-272,-10,-73,-6,-27
35,-255,-2,-47,-2,-49
49,-248,2,60,-63,-72
39,-255,21,77,10,13
32,-255,30,-33,17,-96
53,-279,-2,14,53,-43
65,-261,9,-27,-51,-27
53,-250,-28,-25,-15,16
4,-256,18,-91,34,-30
36,-261,-7,-16,11,1
33,-258,-17,-26,-43,58
93,-259,-7,56,-40,13
51,-259,-10,5,83,60
22,-274,-29,-46,62,-5
52,-248,-9,-2,22,-15
108,-251,11,-37,89,46
61,-252,-4,-22,-15,18
-0,-278,1,-8,47,-81
24,-253,27,-85,-144,-121
48,-284,52,60,-8,-17
36,-265,-1,-37,79,-50
50,-263,4,3,-19,-1
50,-264,4,-12,-11,15
59,-263,-33,-45,0,-14
-4,-244,-21,-29,52,32
64,-264,-2,86,58,71
20,-247,16,-12,-54,-36
48,-252,-3,11,-35,-27
37,-261,7,62,53,33
27,-265,31,19,41,-21
28,-254,-21,62,-32,126
45,-254,-2,-61,111,45
44,-273,14,-9,45,-61
-24,-255,3,-92,-15,-21
20,-254,7,-31,14,-44
-8,-263,-28,15,28,32
-1,-254,0,12,-32,64
-10,-249,-11,-40,55,-28
-0,-258,18,-98,11,-25
-1,-260,31,73,60,-57
-20,-245,51,32,31,61
-18,-253,-20,64,-88,-36
3,-274,-7,-20,83,-62
-11,-247,15,57,-45,10
-8,-245,8,20,3,-61
-32,-257,11,59,-70,53
-20,-246,15,-4,36,24
-8,-265,-23,21,-62,57
5,-254,20,6,34,21
-76,-273,29,15,-19,-46
-36,-270,-3,11,-41,10
2,-239,-12,54,-84,-62
-32,-241,-16,-14,28,-23
-44,-261,-9,30,-12,68
-43,-274,-14,12,21,-96
-94,-255,-23,49,40,-34
-60,-257,-13,83,41,27
-49,-254,-7,63,-14,-53
-88,-258,-21,18,79,-2
-29,-278,-8,-114,-6,14
-71,-268,9,-54,-71,-25
-45,-259,-2,55,-11,-49
-38,-260,6,20,-57,29
-39,-240,-7,-84,-79,-33
-29,-264,39,-39,-57,-96
-64,-258,-35,47,101,6
-26,-251,28,-12,-40,23
-41,-242,-16,4,-46,2
-61,-235,10,-36,-53,-66
-55,-250,36,101,47,16
-28,-258,19,67,-79,-29
-27,-259,-17,29,7,-70
-49,-243,16,21,10,-91
-63,-271,40,8,-29,44
-16,-265,23,30,7,-2
-8,-257,9,-34,18,-37
-14,-250,-2,67,42,-33
-40,-274,5,-42,-24,-39
-49,-262,9,-34,22,-22
-58,-244,-4,-21,-41,10
-46,-269,13,-115,2,-2
-8,-258,9,-60,35,-44
-38,-255,20,17,-46,-14
-0,-260,-22,-48,-85,53
13,-242,-14,-0,-24,101
-6,-251,40,8,-12,-45
4,-255,-18,26,-12,60
24,-266,-11,-6,34,107
1,-262,-14,10,85,-33
-8,-247,2,-10,-29,-12
1,-260,-6,38,-79,-28
23,-250,18,75,43,-61
14,-239,-12,82,37,-41
16,-262,24,-39,26,46
37,-255,-1,-64,65,-26
19,-243,3,8,-11,-4
17,-271,-13,-16,-26,-37
32,-252,13,-28,-56,54
45,-263,-0,-79,-26,21
50,-259,-18,11,-29,-23
33,-262,5,-31,48,7
33,-251,30,14,35,51
14,-249,-21,61,70,15
25,-265,-11,-48,-36,-82
60,-250,12,9,-34,12
30,-262,14,-100,-57,-25
67,-272,17,3,-52,-47
43,-245,27,-62,3,48
30,-245,0,12,53,84
-1,-268,-3,-27,16,4
71,-250,2,-44,41,-66
12,-255,30,85,7,46
21,-251,-20,2,-49,84
74,-265,7,-42,-39,30
31,-265,-12,-27,-12,-37
20,-255,6,-61,-7,-82
39,-270,25,57,82,23
25,-270,-12,-78,15,-19
9,-261,-28,38,-4,46
32,-272,4,61,-22,52
63,-245,24,17,15,40
65,-265,20,10,-36,15
47,-257,16,-4,16,33
47,-259,-35,-92,37,30
22,-259,-26,17,37,-27
15,-264,42,-32,-50,-19
50,-269,21,-84,-94,9
54,-252,19,-2,13,25
55,-252,-16,-27,47,-33
67,-262,-18,10,-2,-58
21,-264,-22,36,-57,-4
4,-252,7,-90,33,3
7,-274,6,-51,-52,19
41,-255,-37,41,38,-24
-10,-265,-10,65,34,19
5,-265,-27,-6,22,16
28,-253,16,-23,-14,-13
1,-270,-1,29,15,-54
10,-247,22,-1,-66,-33
-0,-250,-7,21,-44,-86
-15,-257,-17,-13,-45,55
8,-269,21,-48,-59,5
-11,-250,-15,19,58,75
11,-271,52,41,-123,45
-14,-259,4,-27,-47,-43
-54,-258,5,27,-60,53
-19,-260,-25,-26,-68,59
-10,-241,35,-72,89,22
-46,-261,-6,-0,44,22
-23,-271,-8,1,4,7
-40,-238,-13,-20,-48,-55
-34,-254,6,17,-86,20
-45,-244,9,45,-62,20
-48,-263,10,-20,-45,-40
-57,-246,16,35,31,-24
-54,-272,-31,-72,22,-22
-53,-248,13,52,13,21
-62,-264,-14,39,-26,20
-81,-258,3,35,-26,-0
-32,-260,12,117,-66,-6
-11,-247,-29,-21,16,-26
-51,-232,22,-10,59,-10
-50,-267,3,-97,-4,-49
-62,-252,-13,112,36,75
-59,-262,5,36,-34,-18
-56,-241,-17,13,26,-34
-82,-257,15,-60,-34,15
-25,-268,-34,-47,111,-48
-61,-260,23,-71,19,-24
-41,-235,15,70,39,47
-26,-245,-31,-11,37,35
-24,-254,-5,-33,30,-128
-57,-250,-7,42,-6,-21
-44,-268,-33,8,74,-9
-55,-262,-28,-35,-19,31
-46,-267,-19,42,167,-81
-64,-259,-11,46,18,55
-22,-263,-9,40,-10,-3
-19,-256,-34,-49,-1,-104
-48,-262,-23,-8,-12,6
-12,-259,-32,-15,-49,-34
-39,-249,-12,36,-64,-30
-19,-243,-20,-23,36,-14
-32,-264,-37,105,-39,95
-18,-257,-8,44,19,20
19,-251,-15,-51,40,58
-3,-248,-8,-38,60,75
-12,-234,27,-14,113,-102
2,-255,15,-100,70,42
-18,-245,-23,84,25,-15
-5,-269,-25,-27,45,93
-0,-254,-8,3,-12,54
-37,-267,-44,-91,-25,-20
30,-250,-19,-29,-9,17
5,-257,11,31,-72,83
46,-255,-28,-5,-22,27
27,-272,-13,96,-48,-20
7,-258,20,-120,57,58
-15,-252,6,29,-26,57
58,-240,8,6,-21,39
17,-251,11,-13,36,-66
31,-243,9,30,-12,31
45,-261,12,-50,-16,-26
43,-242,-14,-20,-66,-50
70,-251,-14,-47,73,-60
18,-257,-12,-161,114,58
43,-253,0,-90,1,-72
55,-260,-1,52,-125,-44
49,-255,3,30,-47,73
51,-265,-12,-60,-14,116
63,-230,-42,4,-9,5
49,-244,-14,28,42,0
46,-258,-28,4,-25,64
36,-269,8,20,-25,-88
71,-246,-15,13,35,-10
102,-271,-1,-56,10,40
45,-252,-28,10,-85,12
60,-251,-7,-16,43,52
13,-265,-27,58,-7,-54
21,-262,14,9,25,16
60,-253,29,-46,21,36
81,-255,2,-61,60,53
47,-244,17,-22,51,20
63,-240,-46,-8,-3,-50
57,-248,42,23,-35,21
33,-256,4,-5,24,-10
62,-265,14,-78,27,2
39,-259,4,-9,-107,17
5,-258,-11,117,-40,-17
9,-258,-11,-44,-115,-31
24,-253,-14,14,-15,-29
2,-261,10,36,-47,59
36,-243,-34,-15,72,-78
-1,-267,-20,21,44,-29
9,-254,-28,-41,-15,-70
41,-248,-13,-69,-31,12
-71,-270,14,49,56,59
-5,-252,-16,-17,72,-18
6,-248,5,-6,-141,50
-12,-248,-25,26,75,40
6,-267,22,35,-61,63
1,-230,-0,-35,-54,-6
-47,-260,-3,-59,20,1
-39,-248,15,-41,-69,68
-10,-241,21,-33,-53,55
-19,-249,12,47,73,-13
-6,-266,33,26,59,-64
-35,-232,-7,11,21,16
6,-252,-44,-44,8,-49
-31,-269,26,-35,45,13
-45,-255,-14,25,-9,-23
-42,-250,-5,-49,23,-5
-17,-253,2,56,21,-9
-49,-244,29,-47,65,-45
-71,-270,6,23,-46,-56
-44,-254,14,-12,30,-6
-32,-254,-2,17,43,-2
-80,-249,8,30,-13,-55
-80,-277,-7,-20,5,-78
-52,-266,12,-58,-24,56
-43,-271,-7,-15,-49,-40
-30,-261,-8,-105,-33,-118
-83,-267,-32,46,-30,70
-42,-252,14,67,20,-97
-38,-266,36,-46,101,-8
-38,-246,28,-35,-1,-105
-45,-282,16,46,-39,-120
-52,-253,36,12,18,83
-32,-250,-34,95,-31,5
-49,-233,-6,-43,-50,-35
2,-0,3,-58,9,92
2,-0,3,-30,17,97
-1,2,-2,-2,30,39
-0,-0,-3,-32,47,-32
3,-0,-4,-35,31,23
3,2,2,14,34,-11
3,1,-2,-52,-12,46
-0,0,0,-62,-45,15
0,-0,1,25,48,-50
1,1,-2,-42,-2,26
-2,0,-3,-8,-54,35
-2,2,-1,127,-8,-75
1,-0,-0,-98,35,30
2,-2,-2,-68,3,-27
-3,1,-1,-50,37,67
-0,0,-2,76,-30,-34
-2,-2,-1,38,-56,-39
-1,-4,4,-33,-11,-37
-5,1,-1,22,47,-15
2,-2,2,29,-34,130
251,-65,76,79,45,2386
239,-60,117,74,-66,2707
329,18,150,17,47,3654
487,156,186,-82,-38,5184
703,320,260,-47,-18,7224
938,476,332,75,119,9680
1159,729,513,21,-95,12436
1446,949,562,41,-25,15364
1725,1174,674,61,-27,18327
2004,1379,808,-23,42,21186
2264,1586,911,17,40,23807
2495,1773,996,-49,-96,26068
2640,1925,1049,-36,75,27864
2754,2017,1079,-58,28,29110
2812,2059,1108,33,-83,29748
2843,2068,1106,-60,17,29748
2764,2034,1073,-49,20,29110
2666,1914,1065,-27,18,27864
2497,1779,973,25,-29,26068
2271,1612,911,41,-128,23807
2023,1418,795,-42,24,21186
1782,1178,674,-28,-33,18327
1444,931,590,35,-17,15364
1220,718,470,-11,-29,12436
972,521,370,-10,5,9680
717,312,266,23,-16,7224
529,124,215,69,73,5184
396,35,134,-23,-108,3654
321,-70,106,-30,25,2707
292,-98,90,1,32,2386
255,3,3,55,-46,-46
254,8,8,-25,-129,69
260,1,1,-26,-79,-98
261,3,-7,-60,11,133
258,-1,-2,4,-15,-12
262,0,0,3,14,-21
260,-2,9,-16,-45,102
251,-5,-3,12,-40,52
252,-2,-0,7,67,-55
267,-3,-4,-53,-26,104
252,7,-5,78,61,57
256,-0,4,-97,-92,54
249,7,-2,51,-18,26
255,4,3,5,50,-60
252,-4,-2,-49,-3,-36
250,3,2,-28,25,-4
254,-4,2,-30,60,-47
258,-3,8,68,30,52
255,6,8,-40,-47,-12
264,4,2,-3,-14,-79
250,-4,-4,-22,30,-34
262,-12,-5,10,3,-1
269,0,-4,38,-124,-13
252,-4,-3,-38,55,92
256,-1,1,-25,37,-54
258,-7,1,34,76,-12
264,-5,-2,-68,4,6
259,9,4,59,17,-54
251,0,-1,-14,-65,-46
258,-3,2,-19,64,37
261,-4,8,-33,48,51
260,-1,-2,-89,95,70
260,1,1,78,-8,51
252,-1,-2,-15,-14,-9
259,-1,4,-34,-66,22
255,-8,-6,42,-6,-43
255,1,9,-48,-47,24
250,-6,-0,31,13,38
254,0,0,57,-78,-67
255,-5,-3,-29,21,3
258,1,-3,48,-43,81
252,-0,-11,55,7,59
262,5,3,44,110,51
251,2,-5,-27,-4,-59
258,2,-4,56,14,44
255,-3,3,14,-4,-48
254,-11,2,28,-51,86
256,4,6,28,51,3
260,1,3,-59,41,14
253,-5,-0,-31,9,-69
261,-9,9,-25,100,-36
259,-5,-7,-74,126,-35
248,7,7,-7,88,51
252,-6,-5,19,28,7
252,-11,-4,-10,-24,30
258,-4,-7,-5,40,71
251,4,-9,90,-122,-75
255,0,1,91,-84,37
256,-3,-5,-1,2,-63
250,2,-5,97,0,-28
261,3,0,-24,-31,38
261,-9,0,23,-28,55
249,5,3,-18,94,25
247,6,0,-15,-84,-4
259,-2,-2,-44,-37,-18
252,5,-2,-96,-20,5
262,1,8,12,-37,-60
256,1,-4,39,-45,3
255,-1,-1,-41,12,23
252,-3,4,6,-2,-15
260,-2,2,28,-59,20
256,5,6,46,20,-45
263,-6,2,-21,-12,-79
262,-7,3,-133,-22,6
259,-2,-3,30,-35,-22
249,1,2,25,-35,-61
264,-3,-6,-26,-44,7
255,3,3,-58,17,-12
261,-4,-4,92,67,21
250,9,3,114,4,39
262,1,5,-46,64,13
255,-7,-2,-24,-84,32
259,-3,-0,51,2,51
258,0,0,11,-33,63
248,-0,-1,-57,61,28
262,5,-3,28,15,45
257,5,-0,-11,-16,-66
251,8,-5,28,37,0
253,-7,3,-25,-31,-46
259,-1,0,-42,124,15
261,9,11,44,61,87
251,-9,13,-39,-48,-22
258,-2,8,36,-41,-35
257,8,-6,-38,12,30
249,-11,9,18,-80,50
258,6,-0,1,27,-76
243,0,0,-56,94,-15
251,0,6,31,89,-6
264,1,5,-9,-20,-110
258,-5,-1,101,11,64
259,9,-6,28,-13,-86
251,-2,8,-2,34,38
259,-4,9,-8,0,-79
260,5,11,-38,-6,2
260,2,2,26,-26,-14
268,2,-1,-39,-46,6
257,6,8,25,-47,-23
255,2,-0,-27,40,-7
264,3,-7,-28,-15,-48
252,-8,-3,-3,-28,-67
271,2,-1,19,3,-24
262,3,6,-48,56,18
259,-6,-1,20,6,-62
257,-3,4,124,-54,-58
255,-5,2,7,125,-36
262,-1,-6,65,65,4
261,-1,11,-65,-24,-36
260,-2,11,53,-12,-67
259,-2,9,62,6,-30
263,3,-5,-24,-58,-41
263,2,3,37,6,-40
247,-7,7,81,-79,-151
257,2,4,-85,7,21
249,-1,-3,71,-42,14
255,-5,2,-105,-29,29
249,6,-3,68,2,52
261,2,-7,-2,21,-77
248,4,4,-19,-20,30
259,-1,-12,27,-2,-9
254,6,2,18,46,-1
252,4,8,4,-9,-43
259,1,0,-42,-27,-23
256,-3,-7,-33,18,-58
245,1,11,24,-119,68
257,-0,-11,13,63,-19
256,5,-4,5,55,27
254,-4,7,39,-40,-5
248,-1,11,32,74,-52
262,-2,9,-35,52,-37
260,1,0,-24,71,32
261,10,-1,-31,-105,-45
254,2,5,63,60,10
259,-5,3,59,-46,-20
260,-7,7,12,-50,10
253,-0,-5,88,116,35
245,-2,3,-49,-73,-58
261,7,-2,39,60,38
254,2,5,-27,29,-57
256,-5,2,-82,-22,173
253,5,5,4,51,26
257,5,-3,94,58,-48
259,-6,-8,1,-114,-42
254,-8,-9,-31,37,-22
257,-1,10,68,-41,59
256,1,5,63,19,-1
256,-1,4,73,52,-2
251,1,-2,32,57,-49
254,4,4,41,45,-153
252,0,-4,59,-22,72
263,-3,6,80,-44,-55
258,-0,-3,24,-125,-46
268,8,-6,-14,6,37
257,-4,4,-37,43,17
263,9,3,-12,-4,-20
258,-4,3,37,-5,-26
258,3,-1,29,64,-11
250,5,-5,8,-39,-19
254,4,-2,-25,-13,-83
260,-4,8,74,17,-37
256,-13,1,-10,-18,-44
258,6,-2,2,-109,-66
259,-4,-0,-69,28,35
257,-8,6,-72,25,-10
251,-5,8,19,-25,33
259,5,-5,38,20,54
262,-2,5,-53,-43,-14
260,-0,3,23,96,71
262,1,2,9,38,44
256,9,-7,1,80,38
256,2,-1,127,-24,-4
258,-7,-1,-150,18,89
254,-3,-4,-9,96,-121
261,6,-6,108,-14,55
255,0,-4,23,-83,-21
251,7,-4,-50,3,-39
259,-1,3,34,58,-39
256,-3,-5,-45,-13,46
257,-0,17,66,59,-77
259,-6,1,-31,-10,-2
251,-3,-1,77,7,35
261,-3,-5,13,122,-15
256,-6,-2,-35,44,-4
259,10,1,93,75,-4
265,4,-0,74,86,42
253,5,-0,32,-48,-63
260,-6,-5,16,20,-16
261,2,15,28,46,-30
260,-5,-3,-39,18,-9
251,11,2,-52,125,-106
250,1,10,-42,17,88
249,5,-0,-38,-92,61
255,6,3,36,-20,64
257,0,-6,-32,-111,-9
247,-3,-4,-56,-9,-32
262,4,8,47,-86,-15
254,1,-1,-54,33,48
252,-2,4,-7,30,14
255,2,-3,41,41,39
256,-1,-8,-48,8,-25
259,6,2,-26,91,63
252,-3,7,-23,-5,33
247,-11,1,-5,-75,-11
257,-2,10,37,10,24
261,0,-2,-9,-19,49
255,2,-7,75,75,29
258,-3,-0,57,-29,-11
253,-0,6,27,13,138
253,-4,5,88,-29,4
263,-6,1,33,-8,25
243,1,7,-1,-7,30
259,6,-2,-74,34,-3
258,-0,1,-18,-44,37
252,-5,-3,-112,-44,29
255,-3,-5,6,-24,-8
263,3,-1,-121,65,74
256,-1,8,28,-23,105
261,1,1,-17,-38,94
259,-1,-3,-55,-23,14
262,5,-11,8,-48,-26
273,-3,-1,-18,-29,-43
256,-6,6,2,-67,32
259,2,5,-103,-37,22
255,-2,0,-3,23,-34
248,0,-7,-39,-68,1
260,-3,1,29,69,21
260,1,6,22,8,102
261,-15,-0,16,-20,65
250,8,12,44,-6,6
256,-7,-3,49,-83,24
248,3,1,4,34,-15
259,-1,6,51,31,-31
253,-2,-6,-56,37,-41
252,-5,2,-7,-13,-33
257,4,2,-24,-43,-38
255,-1,8,82,12,97
253,5,-0,13,56,-26
260,-7,1,11,63,-32
254,-2,1,15,40,-69
253,4,-6,-2,-10,-15
260,6,1,-12,7,5
263,2,10,70,-45,56
250,-2,-0,64,5,21
252,3,-1,44,-65,-100
254,1,1,73,28,-5
254,6,3,6,28,-10
254,9,4,42,7,41
264,4,12,12,16,-12
248,4,-4,12,94,-36
258,0,2,5,-98,-32
255,-1,-5,-109,45,-1
254,-3,3,51,3,98
249,-3,-1,47,43,71
258,-4,1,-126,-78,-6
258,3,-4,15,-43,-13
251,4,-3,-10,95,-58
248,-0,1,12,-25,-1
262,-2,2,-27,53,22
256,-3,0,31,11,-44
264,6,3,7,128,-7
246,-3,2,82,30,-19
259,1,-3,67,-24,20
258,-6,-3,-29,-64,25
253,-1,2,-13,-9,5
259,7,11,-3,-13,-20
265,-12,2,6,45,-39
248,-14,-0,48,-33,19
259,-5,4,72,56,-34
259,-3,-2,35,-35,-21
256,3,-9,24,-5,-85
253,-4,-3,-30,16,39
258,7,5,59,111,3
255,0,7,26,53,-17
260,9,3,11,-6,34
253,6,-8,65,-7,-76
251,3,-1,-34,15,-44
254,-6,8,-70,25,-79
256,5,1,-10,41,84
262,5,5,-71,115,34
251,4,8,30,22,36
260,-2,3,-66,-53,100
248,8,-3,19,4,-1
251,4,4,-30,-37,105
266,4,-13,-12,13,1
263,7,3,56,68,79
260,4,-4,-22,15,-114
264,2,3,12,8,0
247,1,2,56,-38,11
253,-3,-6,40,36,-4
265,-2,-3,-6,-8,-64
258,4,4,4,15,22
258,0,-13,16,-19,-54
253,-2,5,83,10,-11
261,-1,2,-21,-13,23
267,-1,-6,37,60,48
244,-4,-6,-69,19,66
256,1,0,35,9,66
259,-1,-3,-62,76,48
259,0,-4,-1,53,68
259,-8,-6,9,-67,-61
254,5,-7,92,28,88
258,-7,8,27,-47,33
257,2,-2,-64,-10,26
248,6,-7,-48,6,-21
252,-2,-2,20,25,58
249,-6,4,13,-36,-21
250,-4,-0,-12,-94,-38
257,8,-8,-41,27,25
256,-7,4,37,-44,-58
251,2,1,15,78,48
254,-4,7,4,26,14
256,-2,7,76,2,51
259,4,7,17,59,34
244,-1,-0,7,5,60
263,3,2,11,-25,12
245,10,-4,102,36,-44
252,-0,7,28,3,40
251,-7,-5,-36,10,-46
258,5,-2,31,78,100
247,-2,-16,24,-55,13
256,-2,-6,-48,-126,-63
262,-4,-8,-2,20,-129
252,4,4,-118,4,-38
256,-9,6,17,-66,-9
251,7,-2,-15,-18,-25
254,1,-10,8,76,1
254,5,-1,66,35,-47
248,-1,1,23,34,70
263,3,-0,-38,-20,17
258,0,1,-72,-133,56
262,-3,-3,31,121,-92
254,0,-4,24,72,42
256,10,-2,-51,72,46
252,-1,-4,3,9,-27
257,4,-2,9,21,3
257,-7,1,-33,25,2
260,3,8,53,-14,2
255,-1,3,-35,-22,61
257,4,-7,-3,-3,-4
248,-9,8,56,-10,-57
255,-0,-1,-41,5,14
255,1,6,64,-27,13
249,1,0,-4,-3,-31
259,8,-9,27,-85,18
261,-8,1,-69,-37,22
257,1,4,-32,62,-104
253,1,-6,52,0,-101
260,-7,7,144,-53,31
254,7,6,-75,81,-2
261,-3,-13,65,-8,-133
251,-6,-2,39,-46,92
259,-0,-4,2,-72,2
248,4,13,11,32,23
250,-1,2,32,-54,31
260,7,8,-57,-10,27
257,-4,2,30,44,9
258,-4,2,83,-59,-43
260,-14,5,-24,-32,27
251,-1,-1,-22,-37,41
258,5,-4,-103,22,68
259,-1,4,33,-10,-58
252,-2,-2,-39,4,-22
257,-5,-1,-38,-38,-39
255,8,4,32,-38,66
255,-4,-6,44,47,-53
250,-4,-2,52,-13,34
268,1,0,37,30,-56
257,0,-7,7,-23,-48
255,-1,-7,-10,-13,-45
264,3,-6,-84,38,-69
260,3,0,-62,3,-7
262,0,-3,-87,35,70
249,-3,-3,-10,-12,50
249,-8,6,20,94,34
251,-3,-12,73,-42,-4
256,5,-1,56,-33,-2
249,-3,-6,-43,19,17
260,4,-0,5,-3,17
245,1,2,84,-11,30
259,-9,5,54,61,5
249,7,-1,-9,32,20
256,4,5,-22,93,-22
261,-0,-2,-48,51,31
259,-7,-1,37,4,12
256,0,-0,47,51,22
261,1,-10,-38,-23,90
253,-10,-1,1,8,-78
263,-10,-0,-7,38,52
257,10,-0,-99,-16,-6
254,3,5,-124,18,-43
250,-1,3,22,-23,-15
258,-4,8,89,28,-27
256,3,-3,-62,-19,-63
261,-7,2,8,9,10
262,3,5,42,-16,3
256,-9,8,-115,12,-32
244,-3,-5,-37,-63,-78
261,2,-7,14,-10,33
256,-1,-9,-35,-45,-32
254,10,7,-2,10,4
254,-1,6,-13,13,-3
260,3,-3,-2,51,-26
253,0,7,15,-67,-14
261,4,5,90,-111,-34
258,5,5,78,-43,8
259,-5,7,9,36,50
251,-4,2,45,-14,16
248,7,-4,-28,21,15
254,2,-2,-14,-144,68
249,-7,-1,-57,30,-29
260,-0,3,-65,-98,13
247,-6,2,2,56,-144
257,3,1,-11,39,-25
253,-6,4,-14,16,90
249,-2,3,93,-7,-104
262,10,2,31,9,18
251,-2,-2,-6,-20,70
247,6,-3,-14,65,33
259,7,-0,-18,-71,-13
262,-2,-2,6,-21,-20
257,-6,8,-12,-34,-86
254,-2,-6,-48,7,-23
254,-3,-10,-42,12,16
253,6,-7,-24,38,10
252,-4,-10,-55,-47,-48
247,-0,-2,-59,-52,-17
260,-6,6,-11,16,-23
254,2,-9,-7,-93,-33
249,-3,-0,-43,-35,-43
254,1,2,21,-17,-78
259,-2,6,83,16,-4
256,4,-2,44,-11,-42
254,4,-5,-62,73,43
250,-8,1,3,13,82
253,4,-5,-17,-88,-28
261,-10,5,32,2,65
256,-14,1,-65,84,45
261,6,2,11,-45,-23
251,-1,2,-38,54,-56
262,2,3,-34,60,-34
247,2,0,49,-123,5
268,-5,-11,6,-14,5
256,-2,-3,91,86,3
252,-5,-2,-91,18,-74
254,5,5,45,49,89
256,-8,-0,41,139,-35
254,-1,3,-28,-3,10
264,7,1,-2,48,-7
262,3,2,-13,51,-136
250,-4,3,38,-34,97
258,4,-0,-37,-4,39
257,-7,1,-11,-59,35
252,-3,-1,-18,12,66
253,-3,-3,-29,-36,-107
256,6,-3,-19,20,108
255,4,-4,26,57,-28
257,1,-0,-120,-57,-57
241,-5,-1,-46,-34,50
259,-5,0,23,34,-1
255,7,1,35,14,90
257,3,5,-34,53,-44
261,-0,-3,-23,1,-34
250,-4,-1,44,-43,49
259,-0,-6,-23,-14,40
249,8,-2,63,60,-26
255,2,4,49,29,56
254,-2,-7,-4,-151,22
258,1,-4,-26,23,-44
259,4,-3,-42,-86,41
262,3,3,-5,53,51
248,-6,-1,-29,-10,33
254,-1,-9,-26,49,28
261,-1,-4,49,-47,-20
261,-2,4,-113,61,33
259,-10,-6,-69,-35,-14
250,7,5,-58,8,-4
251,0,2,8,-24,-58
258,-1,-4,-78,-31,-169
253,3,0,9,-84,13
261,6,-1,23,-9,47
250,-1,-9,-7,59,-28
260,7,2,43,40,-30
258,-5,6,58,-59,-60
252,-6,1,81,58,8
266,-7,4,7,-9,29
251,4,-3,69,-97,13
244,-3,-9,120,-77,2
254,-1,2,56,106,-17
261,-3,-7,-48,68,-26
262,4,6,12,-4,24
255,7,0,3,67,70
260,4,6,-93,-41,-30
258,-1,8,5,42,87
264,-6,-5,-15,-33,-9
248,-3,-3,-10,-29,47
256,-2,1,-23,27,1
266,-6,-0,6,25,-48
263,5,-4,28,-6,4
259,-3,0,9,-77,-102
262,-1,0,-79,-40,-13
257,3,-5,-12,-3,47
256,2,-2,-36,-20,22
248,5,-2,-8,55,-73
255,0,-1,-11,-67,-7
260,-12,-5,-76,-55,23
259,-10,-2,-72,41,17
258,3,8,14,46,-33
267,-2,2,-2,-9,36
255,0,-9,-42,-1,1
258,-6,-4,-27,14,-53
258,2,2,-24,-20,-57
260,-1,-3,-8,35,-3
265,-6,2,-17,-22,65
261,-0,5,8,46,-58
254,1,8,23,169,16
258,-1,-6,-28,-90,22
260,-1,4,4,-15,-63
250,-8,7,-44,30,-24
259,-6,4,-31,40,61
256,4,3,45,-22,-16
261,2,1,113,91,2
260,2,-2,-8,-61,3
246,-3,-9,68,-0,-70
261,0,5,-84,127,9
255,3,9,-39,7,17
256,7,3,-84,50,21
258,5,3,17,-14,-43
258,0,-4,-5,-15,-24
262,-4,-4,-3,-24,-2
253,-3,-5,25,-33,-45
246,3,2,-9,-46,-9
261,6,-5,7,-89,51
257,-3,8,-1,-9,-29
250,-0,-4,-13,3,-60
253,-0,-1,58,-96,-2
260,5,0,36,-10,-51
250,7,3,-15,83,-55
259,2,-7,2,-22,-107
252,4,-1,-35,65,-18
265,4,-2,-102,-9,-82
257,-2,6,46,-41,40
253,-2,-2,60,24,-35
259,3,1,60,32,47
260,-1,-1,131,-8,-13
243,4,2,-118,-2,-61
253,2,1,105,-34,-23
260,4,5,-4,29,-0
250,-0,1,38,-53,1
258,5,-12,-64,72,-72
251,-3,-3,-87,7,16
246,-2,-3,9,-1,-25
249,2,9,86,-3,40
261,1,-0,-28,16,-62
260,1,5,-24,95,42
258,-8,0,-42,-14,36
254,2,-4,-15,32,57
257,-1,4,-23,-97,-37
257,-6,4,25,5,19
258,-2,4,-78,108,99
250,-2,2,-69,13,-88
250,9,0,69,-78,-89
252,4,-5,-39,-73,-25
261,-2,10,-123,38,37
257,-0,5,-28,48,-16
266,3,-0,22,-79,13
254,11,-8,-69,42,88
256,-11,-14,31,17,80
247,-1,-1,22,23,23
266,2,-2,5,0,-82
255,2,-1,-52,-17,-51
253,0,8,-105,-33,42
256,-2,3,57,-8,16
255,-4,4,59,41,35
265,2,4,-13,-10,-15
254,1,2,34,-13,14
249,-4,-8,-12,17,-2
259,11,-8,-39,34,-53
262,4,3,-12,57,-28
250,6,1,-68,-33,-21
255,1,-6,10,-120,-42
257,3,1,-72,97,-16
262,0,-2,3,-45,31
257,3,13,-53,-114,51
258,7,0,-22,124,-10
268,-2,1,36,-1,-148
251,5,6,51,-26,-5
253,-10,2,-20,18,-5
260,-4,9,31,-7,-60
255,1,5,8,55,-2
260,-5,1,88,3,68
257,-1,7,2,63,-33
261,1,-2,17,38,-64
260,-1,-3,-23,-23,100
252,3,11,47,-60,54
247,7,-6,22,43,24
259,0,2,17,-15,64
256,-1,-6,58,33,55
262,-3,-8,-67,-57,-29
252,-2,-5,53,-68,-54
260,-7,7,37,56,47
256,-7,-1,78,0,2
253,-3,-4,-119,-24,-20
252,-2,-4,-127,-0,19
250,-4,5,22,-57,79
253,4,-4,7,35,59
259,1,1,8,6,9
252,0,-12,26,-1,24
246,-7,1,-50,55,-70
262,-6,9,-19,18,-20
249,-0,-6,-59,-37,-67
253,7,1,103,63,34
247,-4,-3,85,-34,-26
263,-1,-0,-134,-60,-45
250,-2,-9,-24,-20,20
265,11,-0,11,2,-19
248,0,-3,6,-21,49
247,-1,6,23,27,9
254,-3,-10,-17,8,3
257,4,-2,-54,34,15
256,4,-2,17,8,-50
254,2,-3,32,38,-1
259,-5,-0,25,68,-12
263,2,-5,-62,64,16
264,5,4,23,-40,9
265,-6,-0,11,43,15
262,7,2,43,9,24
254,3,-6,-41,89,54
258,-3,1,7,-27,34
251,-1,-7,-63,8,-49
254,2,-2,-75,62,50
250,1,5,8,10,-35
254,0,0,57,18,-45
260,6,6,-10,135,35
254,4,12,-44,33,2
259,10,-2,88,2,-74
253,5,10,27,-45,112
254,5,0,61,-3,15
252,4,-3,7,-19,-9
260,-3,-1,-42,0,-63
260,-10,2,-73,32,17
252,5,-3,20,-29,125
261,-0,3,6,-87,40
261,-11,-5,41,51,58
262,3,2,30,77,92
261,15,-4,-5,-55,98
254,-5,-4,28,-38,-38
255,1,-3,-44,66,-62
263,0,0,-5,50,111
252,0,8,80,-31,21
253,4,-8,19,22,35
257,-3,0,70,19,23
263,1,2,10,-48,-97
262,-7,1,58,-56,14
252,0,-4,-24,-40,-20
252,-2,7,-12,4,19
262,-1,-7,-71,-9,40
260,-5,4,38,-19,-32
249,5,-2,6,32,44
252,4,5,37,-6,34
260,7,-3,62,19,-16
255,-3,-3,61,-40,52
258,-2,-6,32,-30,-9
260,5,-0,39,-53,-55
260,2,-6,-34,43,-79
259,-1,8,10,-3,-42
253,2,-3,37,23,-5
261,-3,-0,-74,-76,-51
259,-7,11,37,1,-9
260,2,-3,-51,-68,-17
252,-8,-7,20,18,-35
245,-1,-3,42,-22,-24
252,-1,-1,95,-14,4
253,-1,1,-56,81,-57
257,5,3,-98,-46,98
262,5,4,-95,-40,-26
257,2,-1,20,60,8
260,2,8,60,21,-8
266,6,-5,100,22,29
262,10,-7,23,97,5
246,2,9,-28,77,8
256,2,6,-36,10,-16
260,-3,-3,-26,-80,2
249,7,-7,-3,-60,-64
256,12,-9,53,-63,-63
259,-6,-3,-0,-35,157
256,-3,3,-32,28,20
255,-5,-7,10,35,51
249,-4,-7,-27,27,17
248,-3,3,86,36,36
253,7,1,36,9,32
258,-4,2,80,-19,-31
262,1,-3,32,-42,-96
252,-5,-2,-30,25,-15
252,4,2,54,-13,-74
252,4,3,3,-37,12
257,-1,3,11,14,-66
263,-5,-9,-31,-68,5
265,-5,1,1,35,40
250,7,3,-104,-60,56
259,-7,-1,-46,-45,55
252,-4,2,65,-86,-27
249,-6,-6,-64,-34,9
259,4,1,-8,-16,-74
250,-8,2,2,-9,-38
254,-6,-2,-18,-35,-6
262,2,7,-67,22,-85
256,1,-3,-25,65,77
260,-2,4,-98,-50,-10
265,3,-1,-57,-19,8
261,3,-3,-42,-36,67
254,9,-5,-22,61,-74
263,-6,-9,72,-47,17
253,2,-4,-5,13,77
263,1,-4,54,-58,-14
261,-0,3,-41,-10,-81
254,-8,-4,-37,64,-67
250,-7,-1,31,21,33
259,8,1,110,-35,58
265,3,-4,-52,-39,-86
260,1,2,-13,-23,-33
250,2,-8,12,-14,-29
248,4,11,-51,39,-44
268,-4,-3,-74,22,-7
258,-9,4,-21,14,-3
265,2,3,-55,49,14
261,2,-4,-37,51,83
257,-4,6,-118,-41,41
249,3,2,-2,-21,-26
246,3,8,3,39,10
254,9,6,24,-25,21
254,6,-16,22,23,44
251,-2,-11,35,27,-16
258,-4,1,-10,-26,-91
255,-2,5,-42,89,70
259,-8,4,31,-53,73
253,-3,-4,-98,14,-2
267,1,2,-49,-38,43
249,1,-1,21,85,-27
259,3,9,-38,35,53
252,-2,2,17,-85,-125
263,13,-0,-33,24,-11
260,-2,-7,-40,-15,7
249,-2,2,75,-50,33
262,1,-5,11,-165,-57
255,-6,6,-67,-24,-80
264,-1,-5,-23,-94,9
250,3,11,36,33,-70
262,3,-6,23,44,55
258,6,0,-18,16,4
258,-4,8,33,75,27
253,-1,-6,-61,-59,-3
258,1,-4,-84,37,24
253,-1,5,33,-113,78
255,-3,0,14,16,-50
253,4,11,52,-12,-13
257,3,3,-74,6,-12
260,9,-0,62,-137,-127
255,4,-7,-66,-36,74
253,-6,-3,121,33,-95
259,4,3,-1,4,1
262,0,3,-5,-24,-110
253,2,-6,49,-51,27
247,-6,2,86,-11,29
255,6,-1,111,75,12
253,6,-3,-17,-21,-17
269,3,11,56,0,96
254,5,-3,-18,-35,-119
258,-6,-4,1,-42,71
253,-2,4,-60,91,-8
255,-11,-11,-37,11,-48
258,-1,9,-43,-0,11
245,-10,-3,-29,-16,56
254,11,5,-40,-34,-13
256,1,-9,-42,-9,5
253,1,2,64,56,30
254,0,3,46,115,15
262,-1,-6,35,-12,12
253,1,13,-26,1,64
265,6,6,-50,57,34
265,-5,-6,-5,63,36
258,-2,-4,-48,-71,-94
252,-4,-1,39,-1,-35
249,-3,5,77,0,-12
253,2,-2,-26,54,-28
262,-5,-1,-63,22,-8
253,-3,4,9,30,53
254,-9,-2,-103,29,-8
265,15,-4,31,18,-9
255,1,0,-40,-57,82
256,-0,-2,-18,0,-13
252,6,1,-18,16,-35
253,4,-9,-2,27,-51
260,3,3,-45,-36,43
255,-8,5,62,-10,45
253,5,7,27,-40,-22
265,10,6,-2,18,65
258,5,-5,27,51,0
255,-4,-10,7,75,46
255,4,-10,-86,-41,-56
257,7,-1,8,-6,-24
261,-5,-3,-34,-13,139
254,9,-6,7,31,81
254,-6,1,14,-21,-75
250,-2,6,-31,154,-52
246,-1,2,-58,15,116
258,2,5,-10,20,-32
257,-4,-7,21,26,-26
258,2,4,31,33,5
252,2,7,-39,1,-36
252,1,-6,25,23,-2
246,1,-2,75,-1,-34
256,-6,-9,12,-10,11
252,-6,1,-17,63,-106
248,4,-5,66,67,-7
257,-1,-1,-38,-31,-29
259,5,1,65,59,-2
258,-0,-5,-6,21,-81
256,0,4,16,18,-62
253,12,-6,14,9,-49
253,12,-1,-97,-27,-7
248,2,-0,-47,-58,-73
250,-5,0,56,-52,-5
261,2,-2,-16,-4,140
255,0,1,97,-54,44
249,11,-4,-9,-109,-69
253,4,-8,75,1,32
264,-4,0,42,-79,-22
260,-1,2,-32,-4,-16
256,-3,-0,-22,8,-54
250,-8,-1,-50,12,45
255,9,-4,62,-28,-94
255,6,-1,-65,25,7
258,-2,7,13,73,-81
261,-3,-3,5,53,-37
254,-3,1,-68,35,-56
258,1,-2,-27,13,19
264,0,-3,-9,-51,34
254,-0,8,-11,-45,-66
260,-0,9,-0,163,72
254,6,3,-24,73,37
255,1,-1,-55,-114,-82
245,0,-1,-53,25,-129
257,-4,0,-63,-91,38
262,5,3,-49,6,-88
261,3,-1,58,56,37
257,2,-6,-73,-111,7
251,9,7,70,-60,68
253,3,-9,76,96,-41
255,5,-8,-44,-40,-1
250,5,-7,-42,-105,55
258,-2,-2,-66,10,-74
267,-2,-4,18,48,-20
252,-3,4,-67,-131,-21
251,-3,-5,-24,0,-62
247,4,-0,60,9,-62
255,3,-5,-18,6,-2
257,5,-1,-127,18,19
253,-2,-3,-11,-46,-52
257,6,2,-13,-109,-44
263,1,2,-31,37,-86
250,4,-0,1,23,-97
267,-7,-3,-29,-93,-11
262,3,5,48,48,44
244,7,-3,-25,66,17
257,-7,-4,2,-30,-14
265,-0,7,-36,57,11
259,-5,5,80,26,-173
256,-2,4,47,30,-46
265,2,-3,-13,18,23
255,-1,4,-14,23,-96
258,-3,-2,-78,-2,-62
255,-0,-3,28,-21,-19
259,-2,-7,66,-28,21
254,-2,-2,-44,43,49
257,-3,8,-7,5,-75
263,0,5,72,-75,-39
256,1,6,36,11,-4
257,-3,3,14,-3,71
260,2,-1,4,1,-45
254,7,9,1,37,73
257,2,5,-21,121,125
260,2,3,-60,-11,-69
248,-5,-2,7,45,38
264,4,6,35,-3,-79
256,9,-2,-112,-42,-74
255,5,-5,32,-27,-22
262,-1,-2,-68,-12,-123
248,7,14,-52,7,89
256,-3,-2,3,19,-33
254,-0,-2,58,0,8
259,8,-5,-51,-15,36
253,10,7,50,-32,31
259,-3,0,79,-65,-23
255,5,-0,-35,30,-30
259,4,-1,18,16,-17
262,5,3,-62,-90,-15
266,13,-2,-63,-68,-19
258,-4,-1,48,38,12
260,6,2,-43,-99,-39
255,-3,4,33,-41,-38
256,-9,-12,-58,23,66
255,-3,1,55,91,44
258,7,-0,-8,38,57
251,5,-3,-80,6,45
254,-5,-6,-45,-16,36
261,7,2,-22,-14,-3
251,5,4,9,-5,-120
258,2,-9,31,85,-126
251,4,-11,73,20,-64
257,-2,0,65,-17,-77
261,-1,-4,-26,21,15
258,-2,-1,-55,50,48
261,4,-5,36,6,-32
261,3,12,-48,-7,-39
262,-6,-5,78,-58,-59
258,-2,-7,48,-86,-79
254,2,0,-50,40,-79
258,-6,10,-28,38,-36
254,1,-7,23,-40,-32
263,-5,-2,10,63,-10
255,-15,-2,89,-6,15
258,5,-1,-8,42,66
253,-2,-3,78,-69,53
258,-0,-0,-1,-5,31
259,7,9,14,36,-2
256,3,3,-31,23,-36
265,1,4,5,31,55
252,6,4,-14,30,2
255,-9,-2,0,-12,-68
251,-1,-1,-49,47,4
250,-9,-4,9,38,3
254,-6,-3,50,-7,100
255,8,-6,10,71,53
256,12,-5,-50,12,-12
259,4,-3,5,64,-41
258,-7,-5,27,45,47
267,3,-1,5,-4,-0
256,-4,1,10,16,-7
258,-2,1,61,9,2
262,-2,1,46,-52,-16
255,-1,4,-26,29,31
254,0,-1,48,-75,-1
248,1,7,74,-89,-69
259,-2,-6,-49,-67,4
252,-8,-2,-59,-77,31
261,1,2,-13,-1,31
248,1,2,15,49,21
247,3,5,-103,19,-18
256,8,2,-6,13,48
260,3,-0,-61,-77,-21
261,-1,-2,-47,-6,-80
255,3,-3,12,8,8
259,-1,-1,36,-26,-17
254,3,3,-46,50,8
250,-11,-2,9,41,43
261,-0,4,-13,37,-55
246,-1,0,-61,79,-12
262,-4,9,0,72,-10
265,-8,-4,23,15,-75
262,1,-1,36,-91,75
254,-2,-0,-89,-67,-17
260,9,6,-10,-54,-97
257,2,4,40,19,4
255,-9,6,-24,-66,37
263,1,1,-28,38,7
249,-0,-0,-13,11,93
253,8,8,98,39,6
252,3,-3,-22,-2,-68
255,1,5,-21,91,9
247,-3,4,10,-64,62
258,4,-7,-11,-55,-25
252,-0,-3,-49,63,-88
266,2,6,-74,-37,33
252,-9,-4,13,26,-83
255,-0,-9,-53,-17,15
252,-2,-1,-66,31,-12
252,-3,7,10,40,-25
248,-2,-2,161,-35,-14
250,5,-5,-60,-67,-44
255,-7,4,40,-57,-1
269,-10,4,-41,62,-67
256,-1,-6,20,34,-14
257,3,5,6,-11,-92
258,4,-7,27,-42,41
246,1,0,-103,61,-41
256,-6,-0,-52,-43,8
253,-8,2,64,-2,-79
251,1,-5,-23,7,11
254,2,1,81,-51,-111
256,-0,5,-33,81,-36
256,-2,3,8,29,-22
262,-4,-4,45,38,-8
252,0,-3,65,-33,15
253,2,-1,55,-8,-24
262,3,-4,85,-57,36
254,-3,1,-54,13,-67
263,-7,2,-46,33,-21
255,4,2,-118,32,26
253,3,4,-49,-46,22
253,1,-6,56,-12,-78
250,8,2,-53,7,10
254,-1,4,-81,-30,96
261,1,4,-128,-35,-19
254,2,2,12,34,-15
256,1,3,-23,57,54
251,3,7,94,2,-68
254,-5,1,-29,-38,-30
260,-9,4,18,9,-120
254,-6,-3,-67,44,-6
259,-3,4,-40,37,41
253,10,8,6,18,-24
250,-4,5,70,27,-26
249,-5,7,-1,-67,-90
255,-6,-7,-41,27,4
256,-2,-1,37,2,17
259,-3,3,9,4,29
250,1,-6,-35,26,-21
250,-4,12,-11,65,-11
263,-0,-0,-38,-53,-51
250,3,-1,29,-30,69
259,-2,-3,90,-29,52
252,-5,2,-33,-37,-35
250,1,-7,41,6,-55
255,3,-1,-7,-35,21
256,-7,1,-52,-99,9
246,-6,0,46,-97,-26
246,-1,1,-28,30,-55
259,2,1,86,83,-28
257,2,-3,-45,29,46
256,-1,-0,57,-18,44
249,-11,1,87,-44,97
256,-1,3,26,45,14
254,-2,-4,-27,9,60
264,1,12,24,-19,-16
253,-9,5,43,39,-5
261,-7,-1,8,41,18
261,4,-6,-30,63,58
256,1,3,-48,11,-44
260,2,-3,15,28,-26
264,-5,-3,3,-22,42
255,-2,-3,78,-112,29
246,5,-6,126,46,-11
256,-3,-8,17,-14,-25
254,-2,-6,-42,13,54
254,-6,4,-7,19,-5
258,-3,5,-28,-25,63
257,-3,-3,-40,-12,23
251,-3,3,81,55,13
255,2,-1,78,-1,46
255,-3,1,42,102,-10
251,-3,-2,18,10,2
259,13,-5,21,-18,17
255,-5,1,31,8,22
250,7,3,-25,-27,-42
254,11,-10,35,18,61
254,3,-4,16,2,31
259,4,-1,72,52,12
266,-2,-1,53,66,-4
251,1,2,-45,-17,-7
256,-5,-1,12,41,7
250,0,6,4,-118,15
248,2,1,-46,15,-56
256,5,1,8,89,45
259,2,5,117,-62,-13
261,1,3,25,55,-5
249,-5,-11,17,16,25
251,-9,-10,78,-30,16
255,11,10,42,-9,16
254,3,-1,26,61,80
256,6,10,77,16,-84
249,1,-11,21,-88,-54
253,3,-3,-91,-23,-24
253,-5,10,119,25,24
258,7,-1,-12,37,50
267,6,0,90,-44,61
258,-4,-4,44,23,76
264,-11,8,-4,74,-3
257,2,-5,10,-11,58
266,-6,2,-84,32,76
265,3,5,41,9,29
258,-0,-2,-29,50,130
258,-1,-5,16,-13,-22
252,1,2,66,9,-31
268,6,-2,-70,-14,-21
245,5,-5,73,-16,106
253,2,6,-24,-13,-4
267,-5,7,-1,-13,-34
258,0,-9,11,-100,-57
262,0,4,103,1,33
255,-7,1,3,-10,2
255,1,-0,-22,-14,-49
252,-1,-3,48,33,-21
250,4,1,21,20,70
259,-2,2,20,-26,-9
258,4,-3,38,95,51
261,4,-9,3,-56,66
257,2,-8,-47,-58,9
264,-3,-12,-58,-74,16
252,-6,6,-11,-20,18
251,7,2,22,-52,32
257,-2,2,-51,-3,44
258,-3,-3,-22,-49,-24
252,-8,-6,-68,-15,-64
259,-10,-12,15,47,-83
246,-7,-2,-99,-0,-99
247,-10,2,-28,14,-1
260,-0,-3,-2,-1,-139
250,2,-6,35,7,31
255,7,4,1,59,39
264,-2,1,41,6,-76
261,-4,-4,-35,44,36
265,-9,1,22,37,-142
259,-2,-9,15,-13,-79
254,-2,-1,9,-50,122
263,-5,3,26,-35,43
252,-2,-1,20,28,-23
261,-2,-4,-112,14,48
253,0,-2,19,4,-13
263,-2,3,-14,9,17
257,-7,-10,84,122,19
252,1,-3,-26,-21,21
265,0,5,-15,-3,21
259,-0,-7,-30,-17,-78
261,-4,-4,20,9,-56
257,-6,8,37,-15,-21
253,-5,3,49,-39,18
258,1,-3,52,24,-43
255,6,5,-23,51,-121
254,2,-1,-65,8,-63
250,-7,-1,31,13,7
254,1,3,19,20,59
254,-3,4,-15,35,-43
264,1,-4,10,48,-46
257,3,1,89,141,-7
254,-4,4,15,-89,-64
252,1,1,-1,-27,13
260,0,-3,-40,23,64
254,-2,-1,16,-27,26
259,10,-1,-22,-6,7
258,-4,-5,-13,37,-19
241,5,1,-42,14,7
249,5,0,34,14,78
256,4,7,77,-72,-38
262,1,4,-38,-7,-42
249,-2,1,-46,72,-50
256,-6,7,-11,22,-64
254,-7,-12,-2,-53,15
261,8,-2,51,-18,35
263,2,-2,-12,-90,47
253,8,8,-38,26,150
249,3,-3,9,68,58
257,8,1,1,-44,-39
256,2,-2,-35,13,65
262,4,-6,-61,-73,2
246,3,-6,47,-107,68
260,-7,-0,37,26,-52
257,-2,3,-53,33,162
257,-1,-4,16,-93,-93
244,-0,3,-5,13,10
265,-1,6,-30,25,-22
246,4,1,-44,7,18
253,-8,7,12,-68,-68
251,-10,1,-58,15,53
253,1,0,-15,-6,-26
249,5,-5,37,12,-42
254,-1,1,-19,-95,33
263,4,-1,-8,-1,49
261,2,-3,-23,90,7
251,-4,-8,89,52,-11
257,-1,12,1,-31,-0
260,7,-1,-91,-38,43
252,-2,-4,34,-104,39
261,-0,0,-30,-29,-31
253,-7,-7,-7,21,-1
260,-0,1,50,-14,64
260,2,1,-55,29,-48
260,6,11,-42,31,-32
257,1,2,66,-113,46
257,11,-0,78,20,54
257,4,7,50,-109,-37
256,9,4,12,-53,25
257,5,6,15,-28,-73
245,-9,-3,42,33,7
259,11,-6,23,-19,41
255,0,-3,-1,3,-1
256,-6,0,23,-68,-96
261,-5,4,15,19,-7
258,3,9,-44,49,12
258,16,8,-13,76,13
262,2,1,-87,-40,-16
252,-1,-1,68,11,25
252,8,-2,-17,-53,23
263,3,3,25,-37,44
255,1,5,69,60,-12
251,-1,5,98,-13,-80
255,-5,3,-36,26,109
258,6,1,-60,-56,-70
246,8,-2,16,-100,20
261,2,-2,-17,89,4
258,7,2,-60,-2,-2
252,3,-3,-79,-25,-54
261,6,-1,75,23,-29
251,-3,-2,84,-70,5
254,2,6,-1,14,-48
250,-2,-0,89,-55,30
252,3,-6,4,57,-39
253,-8,4,-20,63,42
263,10,-4,32,-40,-7
256,-1,-10,-44,-87,-31
258,1,-1,101,-12,33
255,0,1,-55,75,-92
248,3,0,13,32,-7
256,5,3,-39,30,11
250,2,-11,-61,71,-7
260,-1,2,-61,-34,65
257,3,3,6,34,41
255,-4,4,8,43,-24
257,-6,8,23,22,-41
259,-2,11,65,61,50
249,-7,2,50,-16,-90
260,2,-0,-59,90,-77
259,1,-6,-9,78,61
255,-3,7,108,-42,85
248,-0,5,-68,9,35
255,2,-5,8,93,17
262,-6,6,22,-23,-4
254,-4,5,-10,-10,-35
261,-8,2,28,-123,9
256,3,-1,-55,5,73
259,4,0,-35,5,-4
260,8,-3,21,-29,-47
258,3,0,-57,101,-6
263,-4,1,-53,-8,3
265,4,2,-15,-16,25
247,3,-7,-18,-71,-23
262,-5,2,-15,57,-2
258,-5,-13,-10,15,5
254,-2,2,43,91,126
259,-1,-3,6,-31,-52
259,4,-2,-81,24,12
250,12,-3,38,-11,11
251,2,-5,-61,100,12
253,1,-2,74,-78,103
256,-9,-3,-7,-43,-22
251,-4,-6,88,-54,-43
256,5,3,1,47,-26
258,-1,-4,-48,68,-6
258,1,-7,12,34,49
242,-10,2,70,-25,11
262,6,6,4,-25,32
258,-1,2,6,-22,-25
249,-3,-7,40,127,96
254,1,-5,-116,-60,37
260,-7,6,42,-45,26
260,2,-9,34,-53,-8
251,-2,-3,-52,-69,26
254,4,6,39,-48,-0
246,-8,5,-83,-7,-29
266,-2,2,-21,-45,38
253,-6,-5,-53,44,-11
263,-0,9,-25,18,63
258,4,3,87,-71,-30
255,-4,-3,68,-34,4
254,-13,-3,-2,-68,-36
254,-2,-0,1,-20,84
249,-6,1,-10,30,0
260,-6,-0,-20,35,-28
259,5,-2,-21,19,-72
259,-4,2,71,37,-27
265,-4,0,80,68,-13
259,-6,-2,-30,-13,-52
256,-2,-2,-75,60,16
260,6,-0,90,25,39
265,-2,-2,-27,-70,-3
252,9,0,89,75,-59
259,-6,-3,-21,41,39
245,7,1,9,64,-12
250,-3,-0,-19,-23,-3
256,2,6,-27,100,-93
271,-9,-5,58,76,-55
265,6,-12,-40,4,-56
248,6,-1,-51,34,-31
260,-2,-1,-39,43,-22
255,5,1,-23,10,-22
253,-3,4,-45,46,-37
260,-3,-6,25,-12,-35
252,6,5,98,-61,-26
257,2,-10,24,50,-57
261,-9,2,-104,-35,-31
259,7,5,23,-37,31
252,0,1,69,29,90
255,3,-4,-82,-112,41
252,1,-12,-96,40,0
247,-2,-7,-60,67,-22
252,8,4,39,-26,16
254,-4,12,72,-32,32
256,4,-6,57,-56,59
251,5,-2,32,50,-4
255,-2,-0,47,-58,-70
254,0,-3,-8,24,-46
255,-2,-0,-55,-66,-129
254,5,6,-23,-29,27
264,-0,-2,11,-46,-4
257,9,-2,28,24,-19
255,8,-2,-51,47,35
255,-1,2,21,101,22
250,-1,1,-30,91,-124
258,1,5,-0,39,1
253,-1,-2,-61,-32,-49
264,9,-1,-22,-62,11
263,-7,1,-5,-30,41
266,7,4,-32,-36,-17
260,-3,-0,-32,-40,-66
258,8,6,-29,42,67
255,-5,-2,-13,-10,-18
263,-1,-4,34,-14,-75
257,4,11,-62,-40,-7
257,2,7,-13,22,-28
259,5,0,-44,-25,23
258,11,-2,-36,-19,-20
248,3,3,59,-87,-4
255,-8,4,20,-82,119
248,-3,-2,-4,-27,15
252,-6,3,-8,-0,-18
260,-1,-5,88,-6,1
260,-6,-3,-104,-28,-12
265,-5,5,-64,-64,-6
257,4,-1,-51,81,-129
258,0,-8,-33,-59,28
261,-2,6,-5,77,-11
257,4,7,82,-29,32
259,-1,4,28,82,17
247,3,-3,65,59,-24
256,4,-14,29,-12,-37
254,1,4,7,-66,12
250,7,3,-11,9,-51
247,1,-4,72,-56,-26
262,-2,1,-8,46,-113
249,-10,-2,-40,29,60
244,3,1,7,-1,22
259,5,0,15,71,-26
257,14,9,-61,25,-5
250,-6,-0,-69,-75,18
260,2,-6,-33,-6,55
249,11,7,-80,5,48
262,6,-6,-27,-41,14
247,-3,11,-10,5,-8
255,-0,4,-30,-5,-60
251,-0,9,-4,7,-17
267,-6,-4,-19,-8,-86
257,-1,-5,4,105,-26
258,-4,-0,8,51,29
255,-1,-2,100,74,-11
250,-2,0,-7,-23,62
260,3,1,11,1,3
246,-6,-3,49,48,35
254,-5,2,38,20,-90
258,1,2,-137,-13,19
255,-4,-4,51,-13,5
257,3,5,8,97,11
260,-3,-4,-48,0,-16
260,6,4,-26,10,2
246,5,1,22,24,-51
254,-12,5,-128,33,24
245,12,1,58,-16,-4
260,5,-6,35,36,-105
244,1,2,54,-6,57
262,3,2,-5,48,44
244,2,0,87,35,-36
246,-2,-3,33,27,51
252,-2,-5,92,30,-84
257,6,3,-12,-12,-22
256,3,-6,13,29,67
253,-2,-10,36,-80,36
256,-7,-2,88,-22,-48
263,-2,5,-12,31,-22
248,11,-6,6,-75,48
254,-2,-4,-59,-75,-10
260,5,8,-139,-1,62
251,3,3,-1,24,-73
257,11,-9,53,55,-34
251,5,9,-7,-38,41
255,0,1,33,7,-92
255,8,2,-8,119,49
260,-3,-0,-39,-81,42
254,-7,2,51,8,-56
257,9,-1,15,23,108
259,-3,-2,74,6,-71
259,0,-1,-49,4,0
248,-6,-4,-18,36,60
257,5,-4,65,16,3
263,-1,2,105,3,-90
251,12,-13,-33,-28,-1
259,-1,3,42,37,35
256,-3,-1,-20,-45,46
258,1,-7,33,-130,-6
258,-2,-3,39,-50,-1
254,-3,-1,44,5,-25
253,-4,-5,45,8,-2
262,2,-5,-47,68,8
254,-10,-6,-37,-28,34
254,6,2,41,-24,-16
257,-7,10,43,27,-25
252,-4,-7,120,-53,-36
258,-7,6,-19,-39,-96
264,1,-4,-7,-50,26
261,-2,-2,48,-4,-47
256,-1,-2,24,-88,83
261,-4,7,-21,-136,-8
253,1,3,32,-8,-78
252,0,-4,-2,-15,-106
258,-6,-1,21,-67,72
261,5,-0,-67,63,61
264,-0,8,11,36,-102
261,2,2,18,62,12
260,1,15,-28,41,-85
255,-3,6,44,-39,-30
260,4,6,59,-124,-25
255,-1,11,37,1,18
268,-9,-3,57,37,-18
258,-1,-7,62,11,-59
253,4,1,-41,-46,-36
250,3,-1,21,1,19
256,-0,-0,-53,15,-38
266,2,-4,-46,77,83
260,-4,0,4,-11,60
250,9,2,-40,-4,1
263,10,3,-94,63,-5
247,-4,4,51,-14,-22
257,4,1,-88,-58,45
256,-4,3,-7,15,94
257,-0,11,79,16,-39
253,-8,2,36,152,-38
256,-4,-1,108,37,-9
273,6,-7,-23,79,-5
255,6,7,-19,51,61
258,-5,-3,16,38,17
257,-2,2,-22,30,-23
257,-4,4,-20,27,-30
250,5,6,-20,54,-52
249,-3,12,11,-29,8
256,5,-6,-6,22,-104
257,2,-8,36,-80,26
262,-1,-7,-51,-94,-24
253,4,4,6,-13,-16
259,6,-4,11,-50,121
251,-6,-2,-22,61,33
257,-1,4,70,26,9
253,0,1,-77,51,-7
258,-1,0,67,-39,29
259,1,-10,-14,67,30
256,4,-6,43,-11,73
251,2,-3,-15,-15,44
260,-5,-3,-54,88,-33
258,5,-10,-14,50,58
252,-1,0,3,-15,-24
251,-1,7,-57,-10,-10
265,3,2,42,67,127
249,-15,7,-78,-55,9
261,17,16,16,-20,-59
254,3,-7,-107,21,39
246,-0,-3,17,-0,41
259,-4,1,-91,70,60
246,-0,-6,56,18,51
253,-3,1,34,-4,21
256,-8,8,-13,-13,-8
256,3,-1,0,25,-88
257,4,6,-13,-16,13
254,4,-0,-45,7,-17
265,1,-3,37,47,34
252,-5,-4,80,-15,-56
251,-6,-4,51,76,-9
260,-0,-8,73,68,-95
254,-2,4,-18,-0,-83
247,-1,2,34,-40,16
263,-0,12,32,8,-58
259,4,-7,24,-33,-12
250,1,-1,-11,38,22
258,3,2,13,3,12
261,2,0,-22,43,-0
258,4,-2,127,-65,2
250,10,1,20,29,21
259,-6,-7,-50,-41,29
252,6,4,21,-19,-95
254,7,-11,-28,129,17
253,2,4,18,-26,-107
260,-8,5,-47,-82,-100
252,7,6,19,-24,-50
264,-8,1,90,-51,4
255,-7,-5,-60,-79,-4
249,4,2,40,45,-82
250,-6,3,50,10,4
261,9,-3,-11,50,1
259,9,1,16,-16,36
261,9,-1,-8,19,70
259,9,-2,-6,-12,-83
263,3,-6,-5,-45,34
256,3,-3,23,-46,58
253,9,1,-61,35,-47
251,-4,9,-58,84,69
255,0,-2,-22,-5,5
257,-9,-6,-26,-44,54
256,2,3,-8,24,23
243,3,-5,81,-69,69
258,1,-6,-80,-51,-40
260,-1,2,5,69,-109
252,3,-2,1,-90,13
240,4,6,-24,-23,103
258,-7,0,-108,-2,-33
261,-5,3,67,124,6
260,9,-5,51,133,21
262,2,3,-18,-42,-4
256,-3,-1,-24,6,48
255,-6,0,11,21,78
252,-0,12,-20,15,-9
253,1,0,-5,-35,-18
261,2,5,-54,29,55
244,3,-2,34,30,92
251,-5,-2,90,33,23
251,-1,-0,62,-30,-24
245,5,7,27,9,-52
252,-2,1,-22,75,93
266,4,-2,-11,-15,-32
256,-1,-2,-51,-79,-58
259,7,2,-54,-2,95
252,2,9,-4,-37,72
255,11,1,69,-1,-29
261,3,2,-58,1,13
258,3,3,-13,21,-50
259,1,-8,34,53,4
258,-2,6,45,39,15
252,-4,-1,-5,-67,44
260,-2,4,5,-50,-26
264,-2,-8,-13,-48,-85
252,-1,6,63,36,-6
243,-3,5,32,89,29
258,-9,11,60,71,-74
254,-5,8,32,-68,43
260,8,-1,-4,47,-44
266,-8,-3,45,-161,6
254,-2,-1,21,-26,-43
256,-3,1,76,86,39
252,-3,-3,-62,80,-64
247,-2,0,78,-38,5
253,-8,-2,30,-18,-9
258,6,-9,46,-99,45
262,4,-3,-26,-4,-48
250,0,-6,-64,133,78
257,-5,-8,8,9,71
250,-8,-1,86,33,-29
260,4,1,5,39,-10
257,7,-5,-33,-2,-25
267,-6,2,-59,-34,-33
257,1,7,20,53,12
254,3,3,12,13,-11
252,1,-7,-30,71,-57
255,-0,6,-18,3,-1
250,-7,-2,30,36,18
256,-1,8,-18,-25,-20
255,0,-2,-60,-13,-13
