5,-268,1,0,0,0
40,-199,49,0,0,0
6,-251,-1,0,0,0
-45,-293,-32,0,0,0
-7,-242,-6,0,0,0
39,-204,50,0,0,0
14,-244,7,0,0,0
-31,-298,-28,0,0,0
9,-257,13,0,0,0
42,-213,43,0,0,0
5,-260,6,0,0,0
-33,-296,-54,0,0,0
-5,-250,-21,0,0,0
40,-205,43,0,0,0
-16,-252,-12,0,0,0
-33,-301,-29,0,0,0
2,-244,-4,0,0,0
32,-222,45,0,0,0
1,-236,-5,0,0,0
-33,-288,-62,0,0,0
4,-263,-0,0,0,0
20,-216,45,0,0,0
4,-254,2,0,0,0
-29,-296,-47,0,0,0
19,-254,2,0,0,0
68,-222,44,0,0,0
7,-246,-6,0,0,0
-31,-317,-30,0,0,0
5,-246,13,0,0,0
35,-223,31,0,0,0
-8,-260,4,0,0,0
-39,-282,-23,0,0,0
-10,-281,-5,0,0,0
49,-211,31,0,0,0
-4,-262,-24,0,0,0
-35,-276,-39,0,0,0
-13,-254,10,0,0,0
45,-217,45,0,0,0
-9,-267,-3,0,0,0
-22,-304,-45,0,0,0
13,-245,5,0,0,0
42,-203,50,0,0,0
-1,-257,1,0,0,0
-43,-294,-29,0,0,0
4,-255,-13,0,0,0
36,-222,50,0,0,0
-9,-267,-3,0,0,0
-33,-290,-54,0,0,0
-12,-256,-18,0,0,0
33,-208,32,0,0,0
4,-265,-9,0,0,0
-34,-299,-29,0,0,0
4,-263,-13,0,0,0
41,-201,46,0,0,0
13,-258,-25,0,0,0
-32,-299,-31,0,0,0
-9,-236,-2,0,0,0
57,-215,58,0,0,0
16,-249,-3,0,0,0
-36,-291,-47,0,0,0
-7,-268,-7,0,0,0
47,-216,38,0,0,0
4,-264,10,0,0,0
-24,-295,-52,0,0,0
10,-269,-7,0,0,0
44,-197,28,0,0,0
4,-249,-2,0,0,0
-42,-307,-29,0,0,0
6,-275,3,0,0,0
44,-210,35,0,0,0
-11,-270,-15,0,0,0
-50,-278,-45,0,0,0
12,-248,7,0,0,0
42,-225,49,0,0,0
-5,-256,1,0,0,0
-46,-285,-44,0,0,0
10,-254,3,0,0,0
41,-223,47,0,0,0
-1,-248,-6,0,0,0
-47,-293,-48,0,0,0
-2,-256,8,0,0,0
32,-221,21,0,0,0
6,-245,11,0,0,0
-36,-294,-48,0,0,0
9,-245,10,0,0,0
52,-215,43,0,0,0
-4,-247,-5,0,0,0
-41,-303,-42,0,0,0
9,-257,-3,0,0,0
41,-218,24,0,0,0
-6,-256,-1,0,0,0
-30,-295,-26,0,0,0
-16,-253,-12,0,0,0
27,-215,48,0,0,0
-3,-250,-11,0,0,0
-59,-301,-39,0,0,0
-5,-240,13,0,0,0
21,-217,38,0,0,0
15,-263,-6,0,0,0
-37,-283,-60,0,0,0
12,-256,1,0,0,0
44,-218,42,0,0,0
-2,-276,-11,0,0,0
-28,-292,-30,0,0,0
-2,-248,6,0,0,0
50,-196,38,0,0,0
6,-256,12,0,0,0
-29,-275,-50,0,0,0
-10,-249,-10,0,0,0
45,-204,50,0,0,0
2,-259,4,0,0,0
-40,-301,-35,0,0,0
5,-241,8,0,0,0
62,-219,23,0,0,0
-13,-246,13,0,0,0
-55,-321,-45,0,0,0
7,-251,7,0,0,0
32,-199,47,0,0,0
-22,-264,-4,0,0,0
-36,-291,-43,0,0,0
-14,-243,14,0,0,0
37,-217,27,0,0,0
5,-254,-7,0,0,0
-28,-289,-46,0,0,0
-14,-253,10,0,0,0
44,-223,49,0,0,0
-13,-261,-19,0,0,0
-40,-301,-43,0,0,0
10,-266,-15,0,0,0
33,-232,51,0,0,0
-3,-267,-8,0,0,0
-46,-293,-47,0,0,0
8,-258,-0,0,0,0
37,-216,44,0,0,0
5,-249,-25,0,0,0
-44,-296,-32,0,0,0
2,-260,7,0,0,0
48,-215,50,0,0,0
-0,-263,7,0,0,0
-38,-284,-30,0,0,0
-7,-242,10,0,0,0
48,-217,34,0,0,0
-4,-250,2,0,0,0
-27,-310,-36,0,0,0
-3,-254,-0,0,0,0
40,-214,39,0,0,0
-22,-269,-13,0,0,0
-42,-286,-31,0,0,0
13,-241,-9,0,0,0
37,-225,27,0,0,0
0,-258,-19,0,0,0
-48,-288,-24,0,0,0
7,-249,2,0,0,0
18,-224,54,0,0,0
6,-243,-0,0,0,0
-43,-304,-35,0,0,0
10,-260,0,0,0,0
45,-208,30,0,0,0
2,-270,9,0,0,0
-30,-303,-34,0,0,0
-8,-242,-5,0,0,0
46,-214,54,0,0,0
-9,-268,-13,0,0,0
-48,-298,-57,0,0,0
8,-268,12,0,0,0
45,-222,22,0,0,0
-20,-245,-10,0,0,0
-30,-296,-38,0,0,0
2,-255,13,0,0,0
50,-216,36,0,0,0
12,-263,-10,0,0,0
-46,-288,-34,0,0,0
-10,-263,8,0,0,0
51,-223,57,0,0,0
-15,-279,-3,0,0,0
-34,-307,-45,0,0,0
8,-264,12,0,0,0
33,-204,23,0,0,0
-25,-259,-3,0,0,0
-31,-304,-46,0,0,0
2,-237,11,0,0,0
32,-218,43,0,0,0
-13,-280,-5,0,0,0
-28,-301,-36,0,0,0
19,-239,22,0,0,0
43,-207,44,0,0,0
4,-256,-6,0,0,0
-28,-287,-21,0,0,0
13,-269,5,0,0,0
44,-221,41,0,0,0
-8,-244,5,0,0,0
-49,-316,-35,0,0,0
16,-245,-6,0,0,0
8,-219,39,0,0,0
-6,-283,-6,0,0,0
-23,-295,-37,0,0,0
19,-242,12,0,0,0
33,-213,44,0,0,0
-0,-271,-15,0,0,0
-49,-296,-33,0,0,0
15,-250,-0,0,0,0
41,-225,40,0,0,0
-3,-244,10,0,0,0
-49,-292,-40,0,0,0
4,-256,-13,0,0,0
45,-222,47,0,0,0
-2,-257,9,0,0,0
-40,-301,-42,0,0,0
-23,-256,17,0,0,0
46,-229,33,0,0,0
0,-261,-11,0,0,0
-29,-293,-36,0,0,0
15,-233,2,0,0,0
34,-210,37,0,0,0
-13,-269,5,0,0,0
-36,-310,-33,0,0,0
-4,-252,12,0,0,0
39,-213,34,0,0,0
-21,-272,-7,0,0,0
-29,-290,-30,0,0,0
4,-245,10,0,0,0
31,-214,38,0,0,0
-8,-261,-3,0,0,0
-36,-296,-34,0,0,0
7,-273,4,0,0,0
61,-219,42,0,0,0
-3,-267,13,0,0,0
-61,-312,-57,0,0,0
1,-255,1,0,0,0
41,-215,45,0,0,0
-30,-267,-5,0,0,0
-37,-298,-30,0,0,0
19,-243,5,0,0,0
24,-227,57,0,0,0
-24,-265,-18,0,0,0
-30,-300,-42,0,0,0
4,-246,-2,0,0,0
29,-234,15,0,0,0
-2,-272,-7,0,0,0
-44,-302,-45,0,0,0
6,-256,16,0,0,0
50,-224,41,0,0,0
7,-244,-2,0,0,0
-46,-301,-33,0,0,0
-15,-235,24,0,0,0
29,-211,33,0,0,0
2,-268,-11,0,0,0
-50,-271,-42,0,0,0
17,-239,14,0,0,0
48,-212,38,0,0,0
-10,-280,-7,0,0,0
-46,-296,-49,0,0,0
6,-237,12,0,0,0
25,-207,35,0,0,0
-5,-253,3,0,0,0
-47,-294,-37,0,0,0
4,-240,-3,0,0,0
39,-209,49,0,0,0
9,-281,-17,0,0,0
-32,-293,-47,0,0,0
-2,-238,9,0,0,0
30,-244,42,0,0,0
-24,-263,-28,0,0,0
-50,-292,-38,0,0,0
-0,-245,-11,0,0,0
31,-190,46,0,0,0
-18,-267,-28,0,0,0
-43,-305,-37,0,0,0
3,-246,17,0,0,0
47,-210,52,0,0,0
-8,-284,-7,0,0,0
-39,-292,-42,0,0,0
3,-243,2,0,0,0
39,-223,22,0,0,0
1,-254,8,0,0,0
-23,-296,-27,0,0,0
-1,-248,5,0,0,0
31,-222,52,0,0,0
-23,-262,-7,0,0,0
-29,-283,-49,0,0,0
2,-238,7,0,0,0
28,-233,27,0,0,0
9,-254,-27,0,0,0
-56,-284,-34,0,0,0
16,-231,17,0,0,0
43,-225,50,0,0,0
3,-241,6,0,0,0
-35,-288,-48,0,0,0
-2,-277,-5,0,0,0
39,-226,37,0,0,0
15,-252,-14,0,0,0
-30,-288,-56,0,0,0
3,-244,-0,0,0,0
36,-220,39,0,0,0
-10,-262,7,0,0,0
-41,-296,-36,0,0,0
20,-240,-16,0,0,0
26,-215,39,0,0,0
4,-249,-1,0,0,0
-47,-311,-50,0,0,0
-2,-239,1,0,0,0
50,-222,29,0,0,0
-8,-272,-10,0,0,0
-19,-284,-52,0,0,0
8,-257,22,0,0,0
33,-194,41,0,0,0
-30,-264,-15,0,0,0
-50,-313,-41,0,0,0
30,-244,26,0,0,0
39,-212,51,0,0,0
-7,-257,-9,0,0,0
-46,-295,-35,0,0,0
14,-250,-6,0,0,0
40,-207,42,0,0,0
5,-247,-23,0,0,0
-53,-290,-40,0,0,0
24,-230,3,0,0,0
48,-233,42,0,0,0
-17,-266,-4,0,0,0
-34,-288,-52,0,0,0
11,-255,-1,0,0,0
48,-217,42,0,0,0
-15,-275,-10,0,0,0
-38,-291,-31,0,0,0
15,-246,-3,0,0,0
59,-231,39,0,0,0
-9,-270,-8,0,0,0
-57,-286,-39,0,0,0
21,-250,0,0,0,0
26,-223,45,0,0,0
-27,-254,-28,0,0,0
-40,-288,-32,0,0,0
35,-239,11,0,0,0
47,-211,17,0,0,0
1,-254,-10,0,0,0
-34,-308,-39,0,0,0
5,-254,6,0,0,0
35,-228,37,0,0,0
-6,-287,-16,0,0,0
-39,-282,-31,0,0,0
13,-246,2,0,0,0
54,-222,54,0,0,0
-10,-275,-15,0,0,0
-38,-297,-14,0,0,0
16,-249,15,0,0,0
35,-222,44,0,0,0
18,-269,-20,0,0,0
-39,-295,-53,0,0,0
19,-256,1,0,0,0
41,-216,33,0,0,0
-18,-278,-14,0,0,0
-41,-297,-44,0,0,0
11,-248,13,0,0,0
45,-221,51,0,0,0
1,-282,-13,0,0,0
-44,-294,-42,0,0,0
12,-250,3,0,0,0
30,-210,28,0,0,0
-1,-272,-36,0,0,0
-16,-299,-47,0,0,0
5,-255,12,0,0,0
32,-218,37,0,0,0
-12,-254,-4,0,0,0
-36,-301,-24,0,0,0
20,-247,-6,0,0,0
37,-214,29,0,0,0
2,-244,5,0,0,0
-48,-297,-24,0,0,0
12,-266,11,0,0,0
50,-218,24,0,0,0
-1,-264,-7,0,0,0
-42,-303,-39,0,0,0
6,-246,-1,0,0,0
40,-219,50,0,0,0
-16,-270,-8,0,0,0
-47,-304,-36,0,0,0
8,-249,29,0,0,0
38,-226,21,0,0,0
-4,-253,-31,0,0,0
-40,-300,-21,0,0,0
19,-261,10,0,0,0
23,-212,60,0,0,0
1,-278,-10,0,0,0
-28,-280,-61,0,0,0
6,-236,17,0,0,0
43,-208,34,0,0,0
-13,-275,-3,0,0,0
-45,-298,-32,0,0,0
6,-249,5,0,0,0
30,-213,29,0,0,0
-24,-275,-19,0,0,0
-37,-297,-27,0,0,0
8,-244,4,0,0,0
32,-225,33,0,0,0
-13,-277,-30,0,0,0
-60,-300,-37,0,0,0
17,-259,8,0,0,0
53,-204,18,0,0,0
-19,-280,-4,0,0,0
-36,-278,-31,0,0,0
10,-236,4,0,0,0
43,-205,43,0,0,0
-28,-282,-7,0,0,0
-54,-298,-31,0,0,0
27,-247,17,0,0,0
38,-215,25,0,0,0
-19,-258,3,0,0,0
-44,-295,-39,0,0,0
15,-237,24,0,0,0
39,-235,60,0,0,0
-25,-262,-15,0,0,0
-39,-293,-34,0,0,0
-9,-259,30,0,0,0
32,-195,34,0,0,0
-20,-272,-8,0,0,0
-43,-300,-31,0,0,0
11,-242,0,0,0,0
62,-206,43,0,0,0
-3,-278,-5,0,0,0
-33,-285,-25,0,0,0
8,-250,10,0,0,0
27,-206,33,0,0,0
-10,-278,-13,0,0,0
-38,-282,-47,0,0,0
20,-244,-0,0,0,0
19,-227,52,0,0,0
-8,-276,-33,0,0,0
-56,-286,-37,0,0,0
10,-251,24,0,0,0
43,-211,59,0,0,0
-11,-278,-11,0,0,0
-44,-305,-36,0,0,0
-13,-243,13,0,0,0
46,-225,32,0,0,0
-20,-274,-9,0,0,0
-36,-298,-23,0,0,0
9,-249,27,0,0,0
30,-222,44,0,0,0
-17,-260,4,0,0,0
-25,-297,-60,0,0,0
1,-252,-4,0,0,0
13,-219,31,0,0,0
3,-269,-15,0,0,0
-45,-296,-37,0,0,0
28,-228,15,0,0,0
38,-219,37,0,0,0
-11,-285,-9,0,0,0
-40,-288,-32,0,0,0
22,-241,17,0,0,0
25,-228,40,0,0,0
-25,-274,-25,0,0,0
-37,-282,-24,0,0,0
7,-239,12,0,0,0
48,-238,63,0,0,0
-32,-265,-40,0,0,0
-30,-285,-41,0,0,0
3,-240,14,0,0,0
44,-224,50,0,0,0
-3,-272,-0,0,0,0
-40,-304,-34,0,0,0
23,-251,17,0,0,0
47,-238,35,0,0,0
-10,-281,-14,0,0,0
-36,-288,-40,0,0,0
23,-239,10,0,0,0
36,-225,41,0,0,0
-21,-258,-10,0,0,0
-46,-300,-48,0,0,0
6,-245,18,0,0,0
32,-225,47,0,0,0
1,-278,-7,0,0,0
-39,-298,-31,0,0,0
20,-230,22,0,0,0
60,-218,24,0,0,0
-23,-274,-16,0,0,0
-22,-287,-25,0,0,0
15,-253,9,0,0,0
6,-205,40,0,0,0
-2,-264,-3,0,0,0
-30,-290,-33,0,0,0
28,-228,-4,0,0,0
45,-215,21,0,0,0
-12,-282,-21,0,0,0
-17,-300,-44,0,0,0
18,-253,7,0,0,0
49,-215,51,0,0,0
7,-276,-4,0,0,0
-33,-297,-36,0,0,0
20,-241,18,0,0,0
36,-228,54,0,0,0
-11,-282,-12,0,0,0
-37,-308,-32,0,0,0
19,-236,16,0,0,0
43,-213,7,0,0,0
-16,-269,-16,0,0,0
-20,-296,-61,0,0,0
6,-233,11,0,0,0
49,-223,41,0,0,0
-10,-267,-17,0,0,0
-33,-298,-27,0,0,0
22,-220,12,0,0,0
42,-224,65,0,0,0
-12,-275,-25,0,0,0
-34,-285,-29,0,0,0
11,-240,-17,0,0,0
36,-209,45,0,0,0
-36,-252,-13,0,0,0
-39,-291,-39,0,0,0
21,-243,34,0,0,0
21,-223,44,0,0,0
-9,-273,-1,0,0,0
-36,-274,-43,0,0,0
11,-237,10,0,0,0
42,-219,32,0,0,0
-18,-283,0,0,0,0
-40,-294,-26,0,0,0
8,-254,-1,0,0,0
43,-223,38,0,0,0
-21,-262,1,0,0,0
-40,-294,-28,0,0,0
18,-238,25,0,0,0
48,-218,41,0,0,0
-30,-292,-19,0,0,0
-49,-285,-32,0,0,0
12,-245,24,0,0,0
39,-229,33,0,0,0
-23,-265,4,0,0,0
-30,-289,-21,0,0,0
3,-247,26,0,0,0
23,-224,21,0,0,0
-33,-283,-12,0,0,0
-40,-289,-43,0,0,0
18,-246,32,0,0,0
42,-233,44,0,0,0
-31,-276,-34,0,0,0
-46,-292,-24,0,0,0
12,-251,3,0,0,0
42,-232,39,0,0,0
-27,-257,-25,0,0,0
-35,-284,-33,0,0,0
8,-233,16,0,0,0
42,-205,44,0,0,0
-21,-268,-12,0,0,0
-35,-297,-40,0,0,0
11,-221,3,0,0,0
25,-219,37,0,0,0
-4,-274,-16,0,0,0
-44,-277,-53,0,0,0
2,-231,27,0,0,0
36,-207,22,0,0,0
-18,-270,-21,0,0,0
-35,-291,-37,0,0,0
26,-231,21,0,0,0
25,-228,44,0,0,0
-23,-277,-17,0,0,0
-22,-302,-66,0,0,0
18,-231,16,0,0,0
25,-217,31,0,0,0
-24,-263,-12,0,0,0
-31,-290,-27,0,0,0
21,-228,24,0,0,0
57,-221,42,0,0,0
-13,-278,-12,0,0,0
-8,-286,-41,0,0,0
27,-232,13,0,0,0
23,-231,31,0,0,0
-25,-265,-17,0,0,0
-33,-278,-42,0,0,0
18,-246,21,0,0,0
28,-229,53,0,0,0
6,-268,-8,0,0,0
-48,-307,-38,0,0,0
14,-229,38,0,0,0
38,-220,53,0,0,0
-24,-267,-20,0,0,0
-40,-293,-48,0,0,0
23,-234,22,0,0,0
44,-220,16,0,0,0
-21,-279,-15,0,0,0
-41,-305,-36,0,0,0
22,-230,12,0,0,0
36,-211,37,0,0,0
-15,-265,-10,0,0,0
-48,-276,-50,0,0,0
10,-256,26,0,0,0
24,-204,30,0,0,0
-31,-259,-36,0,0,0
-29,-299,-31,0,0,0
29,-226,12,0,0,0
45,-222,38,0,0,0
-12,-277,-17,0,0,0
-37,-292,-22,0,0,0
31,-236,13,0,0,0
36,-205,12,0,0,0
-3,-290,-16,0,0,0
-48,-283,-29,0,0,0
24,-235,23,0,0,0
34,-217,37,0,0,0
-17,-278,-13,0,0,0
-47,-289,-33,0,0,0
33,-224,14,0,0,0
36,-209,26,0,0,0
-18,-268,-20,0,0,0
-51,-301,-36,0,0,0
23,-246,14,0,0,0
28,-218,32,0,0,0
-28,-278,-20,0,0,0
-39,-313,-55,0,0,0
23,-238,4,0,0,0
38,-218,34,0,0,0
-29,-259,-16,0,0,0
-34,-290,-33,0,0,0
19,-238,21,0,0,0
42,-217,33,0,0,0
-32,-271,-27,0,0,0
-31,-278,-29,0,0,0
40,-239,19,0,0,0
27,-215,29,0,0,0
-11,-289,-9,0,0,0
-46,-304,-42,0,0,0
27,-253,17,0,0,0
43,-219,28,0,0,0
-16,-274,-32,0,0,0
-53,-262,-47,0,0,0
28,-229,21,0,0,0
41,-223,28,0,0,0
-8,-287,-30,0,0,0
-31,-298,-35,0,0,0
32,-251,19,0,0,0
31,-223,35,0,0,0
2,-276,-30,0,0,0
-41,-303,-35,0,0,0
20,-234,9,0,0,0
42,-214,32,0,0,0
-25,-260,-15,0,0,0
-21,-298,-38,0,0,0
14,-232,29,0,0,0
41,-220,39,0,0,0
-3,-257,-20,0,0,0
-21,-271,-22,0,0,0
24,-230,22,0,0,0
32,-233,37,0,0,0
-21,-275,-27,0,0,0
-19,-303,-34,0,0,0
11,-232,28,0,0,0
25,-222,25,0,0,0
-24,-275,-31,0,0,0
-55,-303,-23,0,0,0
38,-224,31,0,0,0
69,-226,22,0,0,0
-36,-276,-21,0,0,0
-42,-289,-27,0,0,0
8,-247,17,0,0,0
40,-222,36,0,0,0
-30,-277,-17,0,0,0
-39,-292,-51,0,0,0
9,-228,27,0,0,0
39,-241,44,0,0,0
-40,-272,-17,0,0,0
-24,-287,-46,0,0,0
20,-241,24,0,0,0
36,-222,27,0,0,0
-21,-281,-11,0,0,0
-38,-293,-47,0,0,0
4,-224,23,0,0,0
12,-206,30,0,0,0
-15,-284,-5,0,0,0
-35,-308,-24,0,0,0
32,-230,33,0,0,0
43,-232,40,0,0,0
-49,-271,-44,0,0,0
-26,-293,-16,0,0,0
25,-238,7,0,0,0
28,-205,38,0,0,0
-41,-274,-24,0,0,0
-40,-270,-34,0,0,0
11,-229,14,0,0,0
23,-229,31,0,0,0
-12,-267,-15,0,0,0
-47,-284,-24,0,0,0
19,-224,35,0,0,0
27,-229,43,0,0,0
-7,-294,-31,0,0,0
-30,-292,-25,0,0,0
26,-226,28,0,0,0
36,-210,27,0,0,0
-34,-271,-30,0,0,0
-29,-300,-29,0,0,0
11,-235,16,0,0,0
25,-215,25,0,0,0
-17,-283,-14,0,0,0
-46,-299,-38,0,0,0
28,-241,15,0,0,0
42,-204,16,0,0,0
-32,-280,-28,0,0,0
-46,-296,-28,0,0,0
26,-223,7,0,0,0
29,-218,30,0,0,0
-22,-282,-25,0,0,0
-48,-269,-24,0,0,0
48,-244,24,0,0,0
49,-216,32,0,0,0
-16,-306,-10,0,0,0
-16,-281,-51,0,0,0
14,-238,25,0,0,0
29,-223,47,0,0,0
-32,-286,-20,0,0,0
-30,-279,-50,0,0,0
5,-217,15,0,0,0
21,-223,28,0,0,0
-25,-279,-52,0,0,0
-63,-289,-23,0,0,0
21,-210,24,0,0,0
38,-228,26,0,0,0
-15,-278,-13,0,0,0
-28,-289,-44,0,0,0
11,-237,21,0,0,0
16,-229,31,0,0,0
-21,-267,-38,0,0,0
-27,-306,-35,0,0,0
8,-236,12,0,0,0
43,-216,26,0,0,0
-7,-280,-13,0,0,0
-8,-285,-28,0,0,0
9,-224,29,0,0,0
57,-212,38,0,0,0
-31,-276,-19,0,0,0
-26,-289,-38,0,0,0
21,-228,35,0,0,0
29,-212,9,0,0,0
-9,-287,-5,0,0,0
-44,-279,-27,0,0,0
39,-233,37,0,0,0
55,-229,33,0,0,0
-37,-262,-29,0,0,0
-26,-298,-62,0,0,0
29,-236,17,0,0,0
17,-246,40,0,0,0
-18,-281,-7,0,0,0
-23,-267,-47,0,0,0
17,-255,39,0,0,0
36,-229,41,0,0,0
-18,-267,-4,0,0,0
-12,-291,-39,0,0,0
23,-223,14,0,0,0
31,-203,19,0,0,0
-25,-295,-37,0,0,0
-41,-294,-31,0,0,0
35,-238,18,0,0,0
34,-230,42,0,0,0
-24,-276,-30,0,0,0
-43,-273,-7,0,0,0
5,-236,25,0,0,0
40,-239,44,0,0,0
-17,-271,-9,0,0,0
-40,-297,-33,0,0,0
39,-240,30,0,0,0
42,-208,45,0,0,0
-8,-291,-13,0,0,0
-24,-292,-49,0,0,0
13,-234,31,0,0,0
13,-214,37,0,0,0
-24,-292,-27,0,0,0
-57,-283,-25,0,0,0
13,-232,36,0,0,0
36,-236,45,0,0,0
-28,-271,-29,0,0,0
-32,-290,-15,0,0,0
7,-244,23,0,0,0
22,-209,45,0,0,0
-30,-277,-33,0,0,0
-43,-276,-45,0,0,0
9,-222,34,0,0,0
9,-234,36,0,0,0
-21,-272,-25,0,0,0
-36,-267,-53,0,0,0
21,-236,29,0,0,0
39,-212,42,0,0,0
-35,-272,-7,0,0,0
-19,-299,-32,0,0,0
13,-250,12,0,0,0
36,-210,30,0,0,0
-12,-294,-23,0,0,0
-39,-285,-37,0,0,0
28,-253,11,0,0,0
25,-235,36,0,0,0
-44,-270,-25,0,0,0
-28,-291,-31,0,0,0
23,-228,20,0,0,0
10,-211,43,0,0,0
-32,-286,-26,0,0,0
-17,-283,-23,0,0,0
30,-241,9,0,0,0
35,-220,20,0,0,0
-1,-276,-27,0,0,0
-28,-275,-27,0,0,0
18,-240,23,0,0,0
30,-234,16,0,0,0
-27,-281,-18,0,0,0
-3,-293,-32,0,0,0
25,-227,24,0,0,0
30,-229,34,0,0,0
-30,-284,-24,0,0,0
-56,-297,-43,0,0,0
7,-259,31,0,0,0
18,-239,19,0,0,0
-14,-287,-18,0,0,0
-40,-283,-44,0,0,0
54,-220,26,0,0,0
54,-229,54,0,0,0
-14,-288,-23,0,0,0
-25,-293,-39,0,0,0
6,-236,34,0,0,0
26,-220,31,0,0,0
-21,-287,-22,0,0,0
-40,-278,-43,0,0,0
38,-239,19,0,0,0
24,-222,31,0,0,0
-24,-300,-30,0,0,0
-35,-293,-32,0,0,0
1,-234,23,0,0,0
51,-217,49,0,0,0
-16,-278,-23,0,0,0
-26,-288,-25,0,0,0
30,-247,6,0,0,0
12,-234,40,0,0,0
-24,-272,-39,0,0,0
-18,-295,-28,0,0,0
25,-220,21,0,0,0
45,-219,52,0,0,0
-23,-301,-14,0,0,0
-37,-310,-24,0,0,0
17,-212,35,0,0,0
23,-221,25,0,0,0
-17,-286,-16,0,0,0
-30,-285,-18,0,0,0
27,-232,31,0,0,0
17,-221,24,0,0,0
-16,-260,-16,0,0,0
-23,-299,-40,0,0,0
25,-233,44,0,0,0
39,-239,50,0,0,0
-13,-293,-21,0,0,0
-35,-292,-40,0,0,0
37,-253,-6,0,0,0
35,-250,26,0,0,0
-26,-277,-6,0,0,0
-34,-290,-23,0,0,0
24,-234,13,0,0,0
24,-227,36,0,0,0
-28,-285,-3,0,0,0
-33,-291,-33,0,0,0
34,-230,28,0,0,0
47,-214,29,0,0,0
-32,-294,-36,0,0,0
-33,-286,-29,0,0,0
22,-229,34,0,0,0
32,-231,25,0,0,0
-15,-272,-28,0,0,0
-52,-270,-34,0,0,0
27,-223,25,0,0,0
33,-217,43,0,0,0
-31,-276,-29,0,0,0
-13,-279,-37,0,0,0
17,-231,11,0,0,0
15,-208,30,0,0,0
-49,-289,-29,0,0,0
-24,-272,-26,0,0,0
31,-228,15,0,0,0
13,-225,19,0,0,0
-29,-274,-18,0,0,0
-52,-292,-50,0,0,0
30,-242,26,0,0,0
26,-229,36,0,0,0
-24,-277,-21,0,0,0
-21,-293,-36,0,0,0
36,-223,-7,0,0,0
37,-238,31,0,0,0
-39,-279,-32,0,0,0
-32,-278,-35,0,0,0
26,-234,32,0,0,0
14,-230,33,0,0,0
-33,-264,-25,0,0,0
-28,-288,-35,0,0,0
35,-228,32,0,0,0
39,-224,21,0,0,0
-23,-283,-19,0,0,0
-36,-288,-38,0,0,0
52,-207,29,0,0,0
45,-225,39,0,0,0
-22,-273,-27,0,0,0
-26,-282,-24,0,0,0
21,-211,8,0,0,0
14,-213,42,0,0,0
-27,-268,-27,0,0,0
-33,-291,-35,0,0,0
14,-237,25,0,0,0
22,-222,23,0,0,0
-36,-270,-51,0,0,0
-42,-287,-23,0,0,0
42,-233,38,0,0,0
28,-223,10,0,0,0
-46,-282,-19,0,0,0
-46,-298,-22,0,0,0
31,-248,25,0,0,0
21,-224,33,0,0,0
-30,-278,-26,0,0,0
-50,-288,-27,0,0,0
20,-239,23,0,0,0
33,-233,25,0,0,0
-25,-277,-38,0,0,0
-24,-283,-34,0,0,0
10,-222,37,0,0,0
17,-215,43,0,0,0
-29,-288,-21,0,0,0
-28,-295,-24,0,0,0
35,-225,18,0,0,0
23,-233,28,0,0,0
-34,-298,-6,0,0,0
-22,-279,-12,0,0,0
37,-235,17,0,0,0
22,-246,36,0,0,0
-18,-293,-17,0,0,0
-34,-287,-44,0,0,0
45,-246,14,0,0,0
37,-221,34,0,0,0
-2,-262,-33,0,0,0
-37,-299,-27,0,0,0
225,-220,35,0,0,1422
272,-225,33,0,0,1865
411,-272,-31,0,0,3147
652,-280,-31,0,0,5127
1033,-213,16,0,0,7593
1403,-221,37,0,0,10275
1683,-283,-11,0,0,12885
1990,-275,-28,0,0,15139
2257,-233,34,0,0,16792
2399,-238,25,0,0,17666
2329,-294,-23,0,0,17666
2206,-293,-20,0,0,16792
2057,-221,17,0,0,15139
1733,-215,44,0,0,12885
1347,-278,-43,0,0,10275
970,-283,-39,0,0,7593
704,-230,23,0,0,5127
452,-224,26,0,0,3147
219,-287,-7,0,0,1865
150,-290,-37,0,0,1422
20,-244,4,0,0,0
41,-233,45,0,0,0
-37,-291,-25,0,0,0
-9,-275,-17,0,0,0
22,-232,55,0,0,0
17,-214,36,0,0,0
-34,-283,-15,0,0,0
-43,-283,-19,0,0,0
19,-226,23,0,0,0
32,-233,29,0,0,0
-47,-296,-8,0,0,0
-12,-294,-25,0,0,0
30,-235,37,0,0,0
22,-233,19,0,0,0
-26,-278,-27,0,0,0
-20,-267,-45,0,0,0
23,-232,20,0,0,0
31,-239,31,0,0,0
-27,-277,-27,0,0,0
-18,-288,-26,0,0,0
18,-231,30,0,0,0
18,-218,34,0,0,0
-23,-286,-37,0,0,0
-18,-296,-26,0,0,0
32,-228,26,0,0,0
26,-227,40,0,0,0
-12,-292,-30,0,0,0
-19,-295,-22,0,0,0
18,-225,21,0,0,0
23,-231,25,0,0,0
-45,-285,-20,0,0,0
-32,-275,-35,0,0,0
42,-216,35,0,0,0
29,-240,44,0,0,0
-42,-285,-23,0,0,0
-35,-278,-31,0,0,0
18,-235,28,0,0,0
19,-223,20,0,0,0
-28,-291,-29,0,0,0
-47,-303,-49,0,0,0
22,-224,43,0,0,0
34,-233,35,0,0,0
-38,-300,-31,0,0,0
-35,-293,-29,0,0,0
26,-232,26,0,0,0
30,-234,32,0,0,0
-27,-293,-30,0,0,0
-43,-268,-21,0,0,0
45,-221,53,0,0,0
40,-224,12,0,0,0
-28,-294,-26,0,0,0
-23,-284,-26,0,0,0
22,-219,24,0,0,0
32,-215,44,0,0,0
-29,-282,-40,0,0,0
-40,-283,-38,0,0,0
30,-241,26,0,0,0
30,-226,23,0,0,0
-26,-288,-23,0,0,0
-15,-288,-31,0,0,0
46,-220,34,0,0,0
31,-238,21,0,0,0
-20,-286,-17,0,0,0
-36,-277,-27,0,0,0
31,-228,9,0,0,0
21,-227,23,0,0,0
-20,-282,-23,0,0,0
-31,-282,-25,0,0,0
34,-241,32,0,0,0
11,-229,24,0,0,0
-36,-274,-31,0,0,0
-34,-294,-10,0,0,0
27,-230,31,0,0,0
44,-236,44,0,0,0
-39,-289,-29,0,0,0
-26,-292,-19,0,0,0
22,-213,43,0,0,0
26,-252,8,0,0,0
-36,-307,-43,0,0,0
-11,-294,-63,0,0,0
24,-237,33,0,0,0
28,-237,26,0,0,0
-30,-296,-30,0,0,0
-24,-279,-49,0,0,0
32,-246,34,0,0,0
24,-224,23,0,0,0
-42,-281,-18,0,0,0
-25,-274,-30,0,0,0
39,-245,42,0,0,0
49,-225,17,0,0,0
-42,-274,-29,0,0,0
-35,-308,-32,0,0,0
27,-237,37,0,0,0
26,-229,25,0,0,0
-33,-277,-42,0,0,0
-17,-267,-29,0,0,0
38,-222,24,0,0,0
29,-234,32,0,0,0
-32,-288,-37,0,0,0
-34,-290,-34,0,0,0
32,-225,42,0,0,0
29,-242,34,0,0,0
-32,-296,-16,0,0,0
-23,-276,-23,0,0,0
39,-232,15,0,0,0
32,-232,26,0,0,0
-7,-282,-39,0,0,0
-29,-289,-25,0,0,0
33,-245,34,0,0,0
35,-236,24,0,0,0
-14,-297,-44,0,0,0
-16,-257,-36,0,0,0
38,-226,29,0,0,0
29,-230,40,0,0,0
-40,-281,-29,0,0,0
-51,-280,-32,0,0,0
44,-222,18,0,0,0
-5,-228,35,0,0,0
-36,-302,-32,0,0,0
-39,-287,-27,0,0,0
25,-210,37,0,0,0
20,-230,14,0,0,0
-41,-279,-32,0,0,0
-36,-284,-20,0,0,0
25,-245,39,0,0,0
26,-222,33,0,0,0
-23,-282,-42,0,0,0
-23,-287,-18,0,0,0
16,-234,40,0,0,0
19,-211,15,0,0,0
-20,-273,-25,0,0,0
-39,-279,-27,0,0,0
13,-235,33,0,0,0
23,-234,13,0,0,0
-40,-290,-54,0,0,0
-38,-295,-10,0,0,0
35,-224,23,0,0,0
29,-227,11,0,0,0
-33,-271,-32,0,0,0
-18,-273,-14,0,0,0
23,-229,37,0,0,0
46,-227,24,0,0,0
-28,-289,-24,0,0,0
-22,-297,-13,0,0,0
13,-217,17,0,0,0
31,-229,24,0,0,0
-20,-283,-30,0,0,0
-15,-283,-33,0,0,0
38,-238,32,0,0,0
28,-222,22,0,0,0
-15,-272,-32,0,0,0
-26,-299,-46,0,0,0
15,-228,30,0,0,0
11,-238,17,0,0,0
-53,-281,-30,0,0,0
-33,-277,-14,0,0,0
36,-230,28,0,0,0
45,-233,40,0,0,0
-49,-297,-41,0,0,0
-45,-292,-27,0,0,0
30,-241,20,0,0,0
33,-234,20,0,0,0
-19,-277,-27,0,0,0
5,-278,-44,0,0,0
32,-231,30,0,0,0
33,-236,24,0,0,0
-31,-288,-28,0,0,0
-13,-286,-32,0,0,0
18,-243,55,0,0,0
44,-231,28,0,0,0
-18,-276,-30,0,0,0
-21,-284,-34,0,0,0
16,-221,34,0,0,0
35,-216,38,0,0,0
-29,-291,-35,0,0,0
-31,-295,-22,0,0,0
24,-235,39,0,0,0
40,-227,23,0,0,0
-23,-278,-44,0,0,0
-34,-264,-39,0,0,0
26,-222,29,0,0,0
55,-238,21,0,0,0
-37,-287,-31,0,0,0
-37,-279,-14,0,0,0
24,-232,21,0,0,0
40,-228,27,0,0,0
-20,-295,-34,0,0,0
-31,-276,-29,0,0,0
20,-230,36,0,0,0
28,-213,20,0,0,0
-23,-275,-31,0,0,0
-27,-279,-11,0,0,0
42,-231,25,0,0,0
28,-239,11,0,0,0
-13,-287,-26,0,0,0
-25,-281,-28,0,0,0
28,-225,27,0,0,0
20,-233,27,0,0,0
-40,-299,-7,0,0,0
0,-278,-24,0,0,0
27,-236,39,0,0,0
21,-231,22,0,0,0
-61,-304,-24,0,0,0
-16,-274,-16,0,0,0
37,-224,33,0,0,0
18,-218,35,0,0,0
-37,-287,-49,0,0,0
-27,-289,-48,0,0,0
-0,-236,54,0,0,0
4,-241,33,0,0,0
-37,-290,-20,0,0,0
-29,-272,-28,0,0,0
35,-218,26,0,0,0
18,-226,19,0,0,0
-25,-299,-34,0,0,0
-37,-282,-14,0,0,0
34,-212,31,0,0,0
39,-230,26,0,0,0
-18,-288,-21,0,0,0
-22,-283,-31,0,0,0
24,-221,12,0,0,0
18,-228,20,0,0,0
-24,-272,-25,0,0,0
-14,-290,-12,0,0,0
31,-218,38,0,0,0
14,-225,55,0,0,0
-37,-288,-31,0,0,0
-28,-272,-26,0,0,0
47,-220,37,0,0,0
27,-245,6,0,0,0
-28,-266,-13,0,0,0
-23,-278,-26,0,0,0
27,-228,31,0,0,0
14,-222,26,0,0,0
-31,-281,-31,0,0,0
-24,-265,-10,0,0,0
40,-227,23,0,0,0
19,-226,31,0,0,0
-24,-292,-40,0,0,0
-23,-279,-30,0,0,0
31,-213,25,0,0,0
28,-218,40,0,0,0
-43,-308,-24,0,0,0
-7,-289,-38,0,0,0
32,-246,40,0,0,0
29,-225,33,0,0,0
-46,-290,-30,0,0,0
-35,-271,-35,0,0,0
26,-216,31,0,0,0
30,-233,24,0,0,0
-21,-290,-33,0,0,0
-23,-274,-20,0,0,0
32,-232,47,0,0,0
30,-243,36,0,0,0
-22,-283,-54,0,0,0
-29,-276,-27,0,0,0
32,-222,27,0,0,0
27,-220,14,0,0,0
-16,-289,-21,0,0,0
-13,-287,-33,0,0,0
41,-208,30,0,0,0
27,-218,34,0,0,0
-39,-303,-42,0,0,0
-26,-290,-31,0,0,0
27,-224,32,0,0,0
28,-260,38,0,0,0
-39,-273,-27,0,0,0
-16,-264,-25,0,0,0
20,-217,33,0,0,0
20,-220,29,0,0,0
-24,-288,-32,0,0,0
-1,-278,-18,0,0,0
44,-230,32,0,0,0
24,-222,33,0,0,0
-32,-296,-43,0,0,0
-33,-271,-4,0,0,0
32,-223,21,0,0,0
18,-245,25,0,0,0
-44,-295,-39,0,0,0
-28,-282,-33,0,0,0
43,-232,38,0,0,0
50,-216,-9,0,0,0
-39,-281,-21,0,0,0
-31,-272,-22,0,0,0
35,-239,24,0,0,0
26,-230,40,0,0,0
-29,-282,-40,0,0,0
-10,-292,-17,0,0,0
27,-221,29,0,0,0
17,-214,39,0,0,0
-32,-286,-23,0,0,0
-33,-276,-29,0,0,0
35,-234,40,0,0,0
35,-242,31,0,0,0
-45,-290,-38,0,0,0
-15,-295,-32,0,0,0
42,-220,20,0,0,0
6,-238,10,0,0,0
-24,-295,-23,0,0,0
-42,-279,-18,0,0,0
42,-238,40,0,0,0
12,-256,28,0,0,0
-51,-291,-43,0,0,0
-30,-262,-30,0,0,0
40,-213,34,0,0,0
19,-238,3,0,0,0
-15,-308,-40,0,0,0
-8,-266,-17,0,0,0
42,-227,29,0,0,0
32,-235,16,0,0,0
-29,-274,-39,0,0,0
-8,-275,-15,0,0,0
53,-220,42,0,0,0
1,-242,26,0,0,0
-23,-294,-32,0,0,0
-37,-266,4,0,0,0
56,-222,25,0,0,0
11,-249,10,0,0,0
-33,-313,-34,0,0,0
-29,-270,-36,0,0,0
42,-203,41,0,0,0
28,-229,35,0,0,0
-26,-284,-39,0,0,0
-10,-259,-16,0,0,0
34,-225,41,0,0,0
34,-240,35,0,0,0
-34,-278,-30,0,0,0
-33,-273,-22,0,0,0
39,-224,31,0,0,0
13,-257,22,0,0,0
-26,-284,-39,0,0,0
-19,-286,-11,0,0,0
33,-225,26,0,0,0
29,-242,21,0,0,0
-26,-284,-49,0,0,0
-23,-293,-22,0,0,0
36,-209,29,0,0,0
27,-225,10,0,0,0
-15,-289,-27,0,0,0
-23,-287,-23,0,0,0
37,-214,44,0,0,0
27,-237,14,0,0,0
-33,-291,-38,0,0,0
-15,-284,-14,0,0,0
48,-219,39,0,0,0
20,-250,11,0,0,0
-35,-291,-41,0,0,0
-28,-270,-12,0,0,0
21,-221,28,0,0,0
18,-244,15,0,0,0
-28,-297,-47,0,0,0
-1,-263,-28,0,0,0
46,-233,37,0,0,0
18,-246,21,0,0,0
-24,-282,-37,0,0,0
-24,-275,-11,0,0,0
53,-236,56,0,0,0
27,-227,19,0,0,0
-28,-285,-43,0,0,0
-20,-269,-2,0,0,0
8,-224,42,0,0,0
38,-232,21,0,0,0
-52,-284,-31,0,0,0
-11,-282,-21,0,0,0
28,-214,44,0,0,0
-6,-242,23,0,0,0
-29,-288,-38,0,0,0
-13,-282,-21,0,0,0
40,-224,20,0,0,0
20,-242,28,0,0,0
-39,-302,-43,0,0,0
-17,-278,-5,0,0,0
22,-223,31,0,0,0
42,-225,10,0,0,0
-35,-292,-30,0,0,0
-24,-284,-26,0,0,0
47,-216,35,0,0,0
12,-250,33,0,0,0
-31,-295,-37,0,0,0
-34,-270,-9,0,0,0
30,-220,33,0,0,0
21,-225,8,0,0,0
-39,-294,-53,0,0,0
-27,-282,-5,0,0,0
3,-217,55,0,0,0
8,-236,25,0,0,0
-43,-287,-39,0,0,0
-6,-282,-20,0,0,0
43,-213,51,0,0,0
24,-232,20,0,0,0
-47,-296,-31,0,0,0
-9,-274,-15,0,0,0
32,-222,28,0,0,0
33,-235,9,0,0,0
-40,-283,-34,0,0,0
-9,-288,-22,0,0,0
34,-223,23,0,0,0
14,-238,8,0,0,0
-26,-315,-39,0,0,0
-11,-262,-18,0,0,0
44,-230,38,0,0,0
19,-250,14,0,0,0
-44,-293,-29,0,0,0
-21,-259,-2,0,0,0
31,-230,36,0,0,0
34,-242,21,0,0,0
-30,-289,-26,0,0,0
-22,-265,-13,0,0,0
57,-239,29,0,0,0
12,-237,33,0,0,0
-38,-290,-33,0,0,0
-2,-289,-35,0,0,0
36,-228,54,0,0,0
21,-210,15,0,0,0
-34,-289,-25,0,0,0
-16,-288,-19,0,0,0
22,-218,38,0,0,0
30,-233,6,0,0,0
-28,-293,-28,0,0,0
-32,-278,-18,0,0,0
30,-222,29,0,0,0
11,-245,29,0,0,0
-37,-298,-38,0,0,0
-7,-280,-12,0,0,0
40,-215,20,0,0,0
26,-227,-21,0,0,0
-13,-290,-30,0,0,0
-7,-274,-17,0,0,0
22,-222,29,0,0,0
24,-234,22,0,0,0
-22,-288,-22,0,0,0
-28,-286,-13,0,0,0
38,-237,26,0,0,0
42,-233,18,0,0,0
-43,-304,-25,0,0,0
-10,-285,-19,0,0,0
42,-210,39,0,0,0
26,-234,3,0,0,0
-52,-296,-40,0,0,0
-6,-267,-8,0,0,0
49,-205,33,0,0,0
23,-250,9,0,0,0
-56,-304,-38,0,0,0
-9,-292,-32,0,0,0
36,-221,43,0,0,0
32,-238,14,0,0,0
-38,-277,-45,0,0,0
-29,-287,0,0,0,0
38,-240,44,0,0,0
14,-233,11,0,0,0
-20,-322,-46,0,0,0
-21,-257,-16,0,0,0
50,-208,40,0,0,0
30,-245,30,0,0,0
-46,-296,-51,0,0,0
-5,-268,-15,0,0,0
31,-218,34,0,0,0
9,-234,24,0,0,0
-37,-294,-47,0,0,0
-9,-267,-28,0,0,0
43,-215,37,0,0,0
22,-247,24,0,0,0
-48,-298,-35,0,0,0
-33,-272,-9,0,0,0
35,-215,27,0,0,0
15,-249,11,0,0,0
-36,-285,-34,0,0,0
-23,-282,-14,0,0,0
14,-229,36,0,0,0
16,-246,25,0,0,0
-28,-303,-52,0,0,0
-29,-280,-17,0,0,0
28,-211,17,0,0,0
16,-258,17,0,0,0
-38,-305,-52,0,0,0
-19,-279,-33,0,0,0
29,-217,52,0,0,0
13,-261,9,0,0,0
-54,-291,-28,0,0,0
-5,-271,-16,0,0,0
15,-206,24,0,0,0
10,-237,30,0,0,0
-36,-304,-32,0,0,0
-31,-274,-14,0,0,0
37,-208,40,0,0,0
23,-236,11,0,0,0
-30,-277,-25,0,0,0
-19,-268,-13,0,0,0
34,-227,49,0,0,0
20,-252,19,0,0,0
-32,-288,-50,0,0,0
-8,-267,-35,0,0,0
31,-223,37,0,0,0
32,-239,14,0,0,0
-53,-296,-42,0,0,0
-26,-264,-38,0,0,0
27,-211,34,0,0,0
29,-257,5,0,0,0
-42,-299,-28,0,0,0
-15,-263,-3,0,0,0
40,-218,32,0,0,0
10,-237,17,0,0,0
-44,-300,-14,0,0,0
-4,-264,-2,0,0,0
39,-227,39,0,0,0
17,-249,36,0,0,0
-30,-284,-28,0,0,0
-15,-279,-23,0,0,0
32,-222,32,0,0,0
24,-263,18,0,0,0
-33,-295,-37,0,0,0
-11,-271,-26,0,0,0
35,-232,38,0,0,0
22,-253,-0,0,0,0
-35,-298,-35,0,0,0
-13,-288,-18,0,0,0
31,-222,36,0,0,0
16,-246,3,0,0,0
-53,-295,-48,0,0,0
-20,-286,-26,0,0,0
47,-223,45,0,0,0
2,-230,12,0,0,0
-40,-284,-42,0,0,0
-8,-279,-18,0,0,0
15,-193,39,0,0,0
27,-227,34,0,0,0
-37,-292,-63,0,0,0
-10,-276,-21,0,0,0
35,-219,50,0,0,0
29,-258,15,0,0,0
-30,-292,-55,0,0,0
-5,-265,-14,0,0,0
21,-222,35,0,0,0
10,-237,8,0,0,0
-31,-295,-30,0,0,0
-32,-279,2,0,0,0
21,-232,37,0,0,0
15,-222,12,0,0,0
-46,-290,-35,0,0,0
-28,-276,-9,0,0,0
28,-218,31,0,0,0
3,-248,12,0,0,0
-47,-290,-30,0,0,0
-8,-264,-24,0,0,0
35,-220,38,0,0,0
2,-246,26,0,0,0
-48,-313,-44,0,0,0
-27,-262,-36,0,0,0
23,-215,44,0,0,0
16,-225,27,0,0,0
-21,-290,-32,0,0,0
-32,-277,-15,0,0,0
36,-216,55,0,0,0
6,-223,9,0,0,0
-55,-295,-30,0,0,0
-28,-274,-3,0,0,0
45,-219,28,0,0,0
22,-245,17,0,0,0
-39,-285,-46,0,0,0
-10,-254,-20,0,0,0
27,-228,37,0,0,0
11,-236,20,0,0,0
-42,-290,-49,0,0,0
-6,-266,-21,0,0,0
43,-220,46,0,0,0
13,-227,12,0,0,0
-44,-288,-32,0,0,0
-23,-262,-25,0,0,0
36,-223,39,0,0,0
14,-242,9,0,0,0
-37,-310,-54,0,0,0
-48,-263,-21,0,0,0
42,-233,42,0,0,0
1,-249,-1,0,0,0
-36,-296,-50,0,0,0
-31,-282,-7,0,0,0
30,-216,44,0,0,0
20,-245,23,0,0,0
-51,-284,-40,0,0,0
-33,-277,1,0,0,0
42,-211,51,0,0,0
18,-240,9,0,0,0
-25,-283,-27,0,0,0
-17,-274,-11,0,0,0
34,-229,34,0,0,0
18,-225,15,0,0,0
-58,-281,-42,0,0,0
-10,-276,-2,0,0,0
32,-235,42,0,0,0
14,-237,15,0,0,0
-36,-293,-41,0,0,0
-0,-266,-17,0,0,0
47,-211,54,0,0,0
15,-232,1,0,0,0
-56,-309,-29,0,0,0
-13,-273,-10,0,0,0
56,-233,68,0,0,0
30,-234,8,0,0,0
-48,-300,-44,0,0,0
-37,-274,-34,0,0,0
40,-230,38,0,0,0
-1,-233,11,0,0,0
-51,-296,-40,0,0,0
-6,-275,9,0,0,0
36,-213,42,0,0,0
18,-252,10,0,0,0
-62,-293,-43,0,0,0
-23,-266,-17,0,0,0
36,-232,47,0,0,0
30,-252,26,0,0,0
-27,-307,-40,0,0,0
-25,-263,-9,0,0,0
48,-228,38,0,0,0
11,-253,37,0,0,0
-35,-307,-45,0,0,0
-47,-261,-9,0,0,0
25,-223,28,0,0,0
38,-239,17,0,0,0
-24,-285,-48,0,0,0
-12,-262,-19,0,0,0
38,-211,33,0,0,0
16,-227,8,0,0,0
-49,-303,-28,0,0,0
-26,-273,-11,0,0,0
55,-227,39,0,0,0
18,-245,18,0,0,0
-37,-307,-45,0,0,0
-15,-264,-28,0,0,0
22,-232,32,0,0,0
6,-245,15,0,0,0
-36,-306,-43,0,0,0
-5,-261,-18,0,0,0
50,-219,36,0,0,0
-2,-245,38,0,0,0
-37,-290,-33,0,0,0
-34,-270,-10,0,0,0
44,-224,20,0,0,0
1,-245,21,0,0,0
-46,-300,-26,0,0,0
-13,-267,-22,0,0,0
29,-193,50,0,0,0
-5,-249,10,0,0,0
-32,-300,-57,0,0,0
-16,-278,-14,0,0,0
28,-216,32,0,0,0
11,-243,20,0,0,0
-58,-298,-43,0,0,0
-6,-282,-20,0,0,0
34,-204,45,0,0,0
12,-225,15,0,0,0
-26,-310,-37,0,0,0
-8,-278,-21,0,0,0
48,-220,38,0,0,0
-3,-237,7,0,0,0
-48,-273,-30,0,0,0
-12,-275,-4,0,0,0
62,-217,37,0,0,0
13,-251,3,0,0,0
-47,-303,-53,0,0,0
-6,-269,-4,0,0,0
21,-217,27,0,0,0
19,-249,12,0,0,0
-44,-305,-44,0,0,0
-12,-258,-29,0,0,0
27,-226,31,0,0,0
20,-258,-6,0,0,0
-35,-298,-34,0,0,0
-7,-261,-21,0,0,0
47,-223,46,0,0,0
10,-231,15,0,0,0
-31,-305,-51,0,0,0
-20,-260,-4,0,0,0
23,-232,46,0,0,0
18,-219,19,0,0,0
-52,-290,-39,0,0,0
-4,-259,-19,0,0,0
39,-214,44,0,0,0
8,-250,6,0,0,0
-35,-310,-52,0,0,0
-15,-287,2,0,0,0
56,-218,19,0,0,0
5,-239,-4,0,0,0
-43,-285,-42,0,0,0
-17,-251,-16,0,0,0
36,-219,40,0,0,0
33,-254,29,0,0,0
-38,-314,-42,0,0,0
-14,-267,-22,0,0,0
30,-223,24,0,0,0
8,-246,15,0,0,0
-45,-291,-58,0,0,0
8,-267,9,0,0,0
44,-223,36,0,0,0
-24,-227,15,0,0,0
-46,-288,-17,0,0,0
-9,-251,-11,0,0,0
43,-217,41,0,0,0
8,-242,3,0,0,0
-20,-285,-53,0,0,0
-6,-272,-10,0,0,0
42,-204,43,0,0,0
11,-232,2,0,0,0
-45,-310,-20,0,0,0
-19,-269,-18,0,0,0
45,-198,29,0,0,0
-3,-228,19,0,0,0
-38,-294,-32,0,0,0
-23,-269,-18,0,0,0
35,-208,48,0,0,0
20,-246,7,0,0,0
-55,-288,-26,0,0,0
-14,-273,-19,0,0,0
44,-210,48,0,0,0
13,-242,8,0,0,0
-31,-288,-34,0,0,0
-17,-279,-19,0,0,0
41,-219,27,0,0,0
9,-249,3,0,0,0
-44,-311,-35,0,0,0
-8,-271,-9,0,0,0
49,-220,40,0,0,0
9,-241,-4,0,0,0
-48,-275,-48,0,0,0
-2,-271,-9,0,0,0
53,-230,44,0,0,0
11,-244,-9,0,0,0
-34,-309,-43,0,0,0
-26,-302,-38,0,0,0
42,-204,32,0,0,0
3,-251,14,0,0,0
-33,-289,-40,0,0,0
-10,-282,-1,0,0,0
55,-212,39,0,0,0
6,-236,8,0,0,0
-41,-284,-37,0,0,0
-19,-269,-16,0,0,0
27,-199,43,0,0,0
16,-243,-21,0,0,0
-35,-297,-46,0,0,0
-18,-262,-4,0,0,0
29,-218,42,0,0,0
7,-245,23,0,0,0
-35,-280,-46,0,0,0
-19,-269,-11,0,0,0
53,-212,36,0,0,0
-7,-258,15,0,0,0
-48,-303,-37,0,0,0
-11,-261,2,0,0,0
38,-205,34,0,0,0
3,-277,10,0,0,0
-38,-313,-21,0,0,0
-4,-254,2,0,0,0
35,-216,32,0,0,0
14,-246,19,0,0,0
-53,-299,-56,0,0,0
-14,-276,-15,0,0,0
39,-202,34,0,0,0
12,-252,17,0,0,0
-38,-291,-39,0,0,0
-2,-256,-7,0,0,0
51,-225,36,0,0,0
16,-248,13,0,0,0
-48,-297,-44,0,0,0
-20,-277,-19,0,0,0
33,-222,46,0,0,0
14,-262,13,0,0,0
-14,-282,-48,0,0,0
-13,-263,-19,0,0,0
33,-219,49,0,0,0
18,-251,17,0,0,0
-50,-287,-41,0,0,0
12,-267,6,0,0,0
32,-213,38,0,0,0
-5,-244,7,0,0,0
-33,-304,-37,0,0,0
-17,-268,-4,0,0,0
33,-221,25,0,0,0
1,-242,3,0,0,0
-45,-290,-39,0,0,0
-9,-262,6,0,0,0
47,-206,38,0,0,0
16,-244,-11,0,0,0
-47,-298,-41,0,0,0
5,-251,-14,0,0,0
35,-230,30,0,0,0
3,-246,-0,0,0,0
-41,-279,-31,0,0,0
17,-252,28,0,0,0
44,-214,56,0,0,0
22,-256,13,0,0,0
-42,-281,-29,0,0,0
-18,-263,-5,0,0,0
41,-215,46,0,0,0
-2,-242,-1,0,0,0
-37,-288,-34,0,0,0
-19,-279,-4,0,0,0
48,-206,32,0,0,0
11,-251,4,0,0,0
-28,-296,-41,0,0,0
-21,-273,-9,0,0,0
34,-235,27,0,0,0
12,-240,-8,0,0,0
-32,-314,-38,0,0,0
-32,-248,11,0,0,0
31,-220,39,0,0,0
6,-254,-2,0,0,0
-52,-301,-43,0,0,0
-18,-269,-21,0,0,0
20,-210,46,0,0,0
-3,-257,7,0,0,0
-36,-289,-37,0,0,0
-3,-261,-17,0,0,0
34,-209,36,0,0,0
3,-259,6,0,0,0
-41,-297,-36,0,0,0
-4,-257,7,0,0,0
29,-222,39,0,0,0
2,-250,13,0,0,0
-29,-306,-36,0,0,0
-31,-257,-6,0,0,0
62,-232,24,0,0,0
2,-250,12,0,0,0
-31,-287,-44,0,0,0
-14,-276,-3,0,0,0
40,-219,31,0,0,0
-16,-245,-4,0,0,0
-31,-285,-44,0,0,0
-15,-249,-16,0,0,0
35,-217,50,0,0,0
14,-248,23,0,0,0
-36,-299,-49,0,0,0
-12,-261,-13,0,0,0
38,-222,16,0,0,0
15,-238,24,0,0,0
-40,-293,-45,0,0,0
6,-265,-18,0,0,0
28,-213,58,0,0,0
-10,-255,8,0,0,0
-39,-298,-38,0,0,0
3,-265,-10,0,0,0
50,-230,22,0,0,0
-2,-250,11,0,0,0
-41,-313,-31,0,0,0
-12,-273,8,0,0,0
36,-230,57,0,0,0
10,-257,9,0,0,0
-33,-294,-36,0,0,0
2,-262,-13,0,0,0
49,-226,33,0,0,0
15,-243,3,0,0,0
-23,-285,-37,0,0,0
12,-257,-0,0,0,0
40,-220,43,0,0,0
-2,-246,-4,0,0,0
-15,-295,-42,0,0,0
2,-261,-6,0,0,0
33,-208,50,0,0,0
1,-259,8,0,0,0
-38,-291,-52,0,0,0
-8,-278,-5,0,0,0
48,-214,49,0,0,0
0,-259,-1,0,0,0
-39,-302,-55,0,0,0
2,-265,-10,0,0,0
36,-199,59,0,0,0
12,-260,-0,0,0,0
-20,-296,-38,0,0,0
-13,-274,-22,0,0,0
38,-204,56,0,0,0
-3,-259,-7,0,0,0
-35,-301,-60,0,0,0
0,-265,-18,0,0,0
54,-217,43,0,0,0
5,-268,8,0,0,0
-42,-295,-37,0,0,0
-8,-267,2,0,0,0
56,-214,40,0,0,0
-0,-255,-3,0,0,0
-41,-300,-27,0,0,0
10,-252,-3,0,0,0
57,-231,46,0,0,0
10,-242,-0,0,0,0
-35,-299,-38,0,0,0
-5,-255,-11,0,0,0
33,-220,40,0,0,0
-2,-243,0,0,0,0
-61,-288,-43,0,0,0
-8,-251,-11,0,0,0
59,-205,42,0,0,0
4,-250,-4,0,0,0
-34,-302,-54,0,0,0
5,-261,5,0,0,0
34,-226,32,0,0,0
-6,-263,-5,0,0,0
-42,-313,-39,0,0,0
-0,-257,-26,0,0,0
27,-219,48,0,0,0
11,-243,7,0,0,0
-35,-309,-32,0,0,0
-10,-259,-13,0,0,0
45,-196,53,0,0,0
-0,-247,1,0,0,0
-39,-290,-50,0,0,0
13,-275,5,0,0,0
60,-208,39,0,0,0
9,-241,7,0,0,0
-41,-283,-19,0,0,0
-21,-277,-4,0,0,0
40,-214,45,0,0,0
4,-249,15,0,0,0
-33,-306,-32,0,0,0
10,-254,-15,0,0,0
34,-212,37,0,0,0
-18,-257,24,0,0,0
-39,-319,-43,0,0,0
2,-247,-1,0,0,0
36,-219,55,0,0,0
-12,-246,2,0,0,0
-48,-288,-41,0,0,0
-1,-269,1,0,0,0
46,-208,37,0,0,0
11,-243,10,0,0,0
-38,-295,-40,0,0,0
-27,-254,-30,0,0,0
34,-214,27,0,0,0
9,-258,19,0,0,0
-31,-286,-52,0,0,0
5,-268,-11,0,0,0
33,-199,27,0,0,0
1,-254,14,0,0,0
-57,-315,-52,0,0,0
-9,-265,-17,0,0,0
41,-217,62,0,0,0
-9,-265,11,0,0,0
-34,-293,-29,0,0,0
-10,-264,-6,0,0,0
54,-215,35,0,0,0
19,-255,9,0,0,0
-40,-303,-38,0,0,0
-6,-261,-11,0,0,0
48,-219,28,0,0,0
-19,-262,3,0,0,0
-45,-296,-20,0,0,0
7,-270,-6,0,0,0
37,-220,28,0,0,0
6,-246,11,0,0,0
-41,-277,-59,0,0,0
9,-260,-10,0,0,0
47,-210,37,0,0,0
3,-256,2,0,0,0
-41,-291,-15,0,0,0
11,-259,-16,0,0,0
30,-220,21,0,0,0
8,-252,-3,0,0,0
-39,-294,-48,0,0,0
3,-250,10,0,0,0
28,-211,36,0,0,0
-12,-250,15,0,0,0
-53,-279,-31,0,0,0
-7,-253,13,0,0,0
60,-233,39,0,0,0
17,-241,4,0,0,0
-42,-299,-41,0,0,0
-3,-273,9,0,0,0
37,-203,54,0,0,0
-10,-261,7,0,0,0
-35,-286,-43,0,0,0
-6,-252,-8,0,0,0
34,-217,38,0,0,0
-5,-260,-9,0,0,0
-45,-298,-41,0,0,0
-9,-264,-7,0,0,0
30,-219,57,0,0,0
6,-266,11,0,0,0
-39,-283,-33,0,0,0
4,-243,-13,0,0,0
51,-214,41,0,0,0
2,-259,-6,0,0,0
-39,-284,-41,0,0,0
-15,-262,16,0,0,0
40,-214,42,0,0,0
4,-253,13,0,0,0
-29,-302,-52,0,0,0
2,-292,1,0,0,0
31,-217,63,0,0,0
3,-243,21,0,0,0
-58,-294,-18,0,0,0
-13,-245,-4,0,0,0
26,-201,55,0,0,0
8,-248,-16,0,0,0
-47,-303,-35,0,0,0
-11,-231,-2,0,0,0
48,-229,54,0,0,0
5,-263,-3,0,0,0
-30,-319,-41,0,0,0
-11,-244,-14,0,0,0
46,-209,67,0,0,0
0,-257,-13,0,0,0
-46,-296,-39,0,0,0
-5,-252,-1,0,0,0
33,-209,32,0,0,0
-11,-269,20,0,0,0
-13,-305,-35,0,0,0
6,-245,-13,0,0,0
28,-214,34,0,0,0
22,-241,-1,0,0,0
-46,-284,-48,0,0,0
-20,-251,-2,0,0,0
44,-229,37,0,0,0
13,-247,0,0,0,0
-38,-283,-28,0,0,0
-19,-244,-24,0,0,0
33,-214,30,0,0,0
1,-242,24,0,0,0
-29,-303,-53,0,0,0
2,-261,-19,0,0,0
31,-219,36,0,0,0
-3,-254,-3,0,0,0
-60,-299,-41,0,0,0
-6,-253,1,0,0,0
28,-230,31,0,0,0
1,-250,8,0,0,0
-35,-300,-42,0,0,0
-12,-252,-1,0,0,0
48,-223,44,0,0,0
2,-263,3,0,0,0
-44,-306,-48,0,0,0
3,-251,14,0,0,0
28,-223,48,0,0,0
-17,-246,6,0,0,0
-47,-285,-48,0,0,0
-1,-269,-15,0,0,0
32,-212,39,0,0,0
2,-267,-5,0,0,0
-32,-295,-51,0,0,0
17,-256,-8,0,0,0
41,-218,31,0,0,0
-3,-255,7,0,0,0
-33,-307,-45,0,0,0
4,-242,-16,0,0,0
34,-208,26,0,0,0
10,-257,-16,0,0,0
-23,-284,-34,0,0,0
2,-248,1,0,0,0
47,-220,34,0,0,0
-2,-249,0,0,0,0
-44,-294,-31,0,0,0
9,-264,1,0,0,0
27,-236,55,0,0,0
7,-250,-0,0,0,0
-30,-300,-34,0,0,0
-8,-249,15,0,0,0
