13,-262,-12,-54,-9,99
-24,-270,-4,-120,26,71
8,-244,2,41,80,-9
45,-256,-26,-6,62,109
-6,-260,19,9,36,-84
10,-262,-6,-10,-9,-1
14,-243,3,-104,-9,79
30,-244,-65,59,131,-38
43,-258,-4,-10,22,57
22,-234,46,-8,-5,29
32,-263,-2,-74,3,-12
51,-236,21,79,-27,-74
39,-253,-5,-36,110,22
19,-244,-4,-28,45,0
57,-255,-7,-5,-14,-28
24,-263,5,45,-98,-4
31,-254,53,66,-19,-55
23,-245,-19,-1,-88,1
51,-257,26,47,65,65
12,-252,-23,73,13,17
29,-274,-39,-85,-78,45
21,-255,18,-45,-72,4
70,-253,20,16,-6,109
44,-263,33,-9,-39,-46
53,-248,18,-27,16,9
36,-250,-12,-113,25,-20
54,-248,49,74,13,-22
65,-264,-3,64,9,-4
43,-261,-9,-56,-2,83
31,-269,-26,12,-27,67
71,-270,-25,-38,-34,74
43,-253,-30,-47,-3,-20
71,-250,-12,93,37,-9
52,-253,3,31,-36,-36
-0,-257,4,-48,32,-32
54,-270,-0,5,58,-31
68,-234,19,-71,-64,63
27,-230,12,13,-11,52
47,-245,8,68,-55,-9
38,-267,-5,-8,95,55
26,-240,-17,-64,46,16
3,-266,-25,-34,46,51
27,-267,10,-171,15,-23
-16,-260,11,-7,-38,16
10,-277,27,40,96,-50
17,-243,5,79,25,42
7,-250,30,-78,88,7
-24,-232,-35,-23,-88,-31
-23,-254,28,-0,-14,53
9,-250,-7,-18,12,109
-49,-258,-6,7,3,42
2,-266,-3,-1,28,2
4,-262,-15,35,16,12
9,-264,41,53,50,-8
-11,-253,-17,83,3,63
-14,-252,-24,28,26,-96
-14,-244,8,34,-1,65
-23,-251,-18,62,69,42
-13,-269,-31,42,68,13
10,-265,-30,57,-32,-83
-23,-280,-2,64,-14,15
-30,-259,-27,-67,37,84
-24,-246,18,-2,91,39
-45,-265,-7,-29,16,-35
-60,-250,-7,3,-30,113
-10,-262,25,5,55,47
-13,-255,-12,-35,-14,16
-35,-253,4,-38,65,102
-33,-239,43,-0,65,1
-48,-263,-22,-65,-15,7
-26,-266,-14,-21,24,-17
-53,-268,-12,-40,76,29
-49,-244,44,18,6,-61
-52,-258,29,43,-8,-14
-32,-269,11,22,56,23
-47,-268,-5,22,-42,19
-64,-272,48,-24,21,93
-62,-244,12,-27,-59,-43
-73,-255,22,41,31,1
-32,-250,-0,29,-4,-46
-60,-261,-13,68,-96,13
-53,-256,-6,32,85,3
-31,-256,26,74,-88,63
-58,-250,-1,0,-41,-2
-76,-280,16,-15,24,37
-44,-260,20,-6,-50,-6
-54,-259,-2,9,12,35
-47,-254,34,-69,-41,16
-34,-253,1,-95,41,44
-19,-255,3,-17,-59,67
-23,-265,4,-42,-4,-71
-16,-261,-12,62,11,-18
-22,-230,17,-30,67,41
-35,-248,-16,-19,140,5
-42,-256,4,81,-104,-20
-54,-243,34,-18,-22,6
-42,-255,0,33,0,66
-15,-264,13,49,29,-2
-24,-257,6,29,-13,-54
15,-235,7,-4,-14,1
9,-238,20,19,-27,-43
7,-260,-6,22,-63,29
6,-250,-45,-56,-40,2
-7,-247,-29,-51,52,65
-12,-249,-17,-55,-38,-47
-8,-267,19,-35,8,-64
22,-243,17,-5,45,-70
27,-241,24,5,-38,19
20,-263,15,-5,-46,21
52,-244,-15,8,-72,-17
37,-241,34,-113,-13,10
27,-246,-22,117,38,-18
46,-247,-12,-8,-6,27
45,-271,5,13,-36,-90
55,-252,4,-18,21,-33
43,-261,3,-26,53,66
65,-255,-34,-1,105,48
92,-262,7,81,-62,28
25,-252,-16,-54,37,4
47,-257,-4,-90,-11,-10
23,-251,-9,107,20,-54
56,-248,3,-74,-39,-53
70,-255,-12,-22,-10,47
80,-264,3,36,23,26
44,-252,-5,-77,7,-11
55,-247,4,-46,-5,85
60,-265,-5,31,174,24
29,-267,6,3,42,-11
47,-245,3,-46,-5,-17
73,-237,-13,9,-22,-44
51,-253,-17,-10,70,29
53,-263,-34,75,30,51
46,-271,18,-52,-5,-70
21,-240,-0,-49,-26,-37
80,-270,-14,-38,71,52
38,-245,29,54,23,-86
20,-261,15,-66,-0,-80
26,-255,-5,9,11,4
45,-254,3,-48,-51,60
71,-247,15,-26,-16,-14
11,-258,-9,47,0,-42
77,-269,-8,-31,59,-113
1,-254,-19,31,-19,-79
26,-252,-9,19,20,-3
22,-264,-12,-145,75,22
32,-268,-5,-113,7,81
9,-246,-16,-44,49,88
35,-244,-9,-59,-89,-82
16,-249,7,52,-5,-29
30,-272,34,15,4,-30
-5,-273,21,24,67,47
5,-243,-25,-40,21,-110
13,-244,15,-8,37,69
-1,-266,-1,14,5,-35
14,-232,41,27,17,-30
5,-261,3,-16,-15,-31
5,-257,-9,19,-41,-75
-21,-259,6,-7,-53,-8
-52,-270,-3,-52,-16,-74
-46,-257,-6,-43,-71,-3
-20,-262,16,17,-131,-30
-52,-245,-23,8,-25,-119
-29,-260,-13,15,13,-32
17,-252,-26,111,126,-4
-81,-253,-3,20,34,39
-53,-247,-21,11,-90,-12
-57,-252,18,-73,-27,-12
-35,-245,-14,44,27,-42
-63,-249,2,-35,6,37
-20,-272,14,-70,-40,65
-62,-271,-38,-63,32,-39
-36,-240,8,5,-28,-45
-55,-255,-39,2,13,62
-30,-265,12,-6,2,-59
-20,-249,-1,-36,-62,-2
-59,-258,-4,80,-48,-10
-70,-261,3,-65,1,-16
-49,-260,21,16,4,10
-57,-261,26,66,2,1
-44,-243,-11,85,-35,-84
-36,-266,-17,-23,13,-5
-49,-252,3,-2,69,-59
-78,-255,-7,11,42,51
-65,-263,-28,-113,33,14
-51,-257,-18,23,-67,46
-48,-269,11,8,68,63
-24,-264,-13,32,-69,47
-42,-268,22,35,-34,-32
-2,-266,-12,-66,-17,45
-39,-247,-16,5,83,27
-23,-261,-2,32,-52,32
-41,-265,15,60,27,-100
-25,-265,4,-63,8,-116
-33,-263,-51,12,-50,30
-8,-248,11,92,-3,-22
-42,-257,-2,-5,62,-0
-15,-249,-20,27,26,-44
6,-258,27,74,-33,-89
-35,-262,-0,-43,42,115
5,-258,-13,-3,15,23
-22,-261,-24,35,-37,12
-12,-244,3,-72,-58,5
-3,-260,-15,-38,16,-25
23,-253,2,-39,-34,82
40,-251,-9,-68,85,43
1,-240,11,-91,-15,-21
10,-250,-22,44,12,75
26,-270,-35,-55,-29,24
8,-261,-13,-82,69,13
20,-257,18,39,-51,-5
48,-283,-50,50,-47,26
44,-261,-62,78,67,0
1,-261,0,58,72,-82
46,-242,48,18,-13,39
59,-264,-14,71,-51,-60
37,-260,-8,56,50,15
56,-256,-5,-99,100,-60
64,-256,1,-73,-29,-67
35,-256,-5,9,45,58
43,-256,-7,4,-60,33
82,-261,-5,-24,-53,94
14,-258,9,-5,55,28
83,-252,-4,82,43,10
66,-241,0,15,45,-58
29,-258,8,60,26,-1
31,-255,13,-42,29,26
29,-257,9,21,-18,-8
53,-265,-12,23,-41,-75
74,-259,-4,5,-27,25
37,-267,42,-18,-1,11
56,-247,-7,131,-5,-43
13,-261,28,38,49,-16
29,-243,-8,14,-38,3
9,-291,-21,-77,53,-70
38,-256,0,-18,-12,-47
16,-252,-1,18,-71,-44
7,-255,48,7,-22,18
38,-256,-14,56,-64,19
35,-263,-10,-39,-91,16
46,-256,12,-17,3,-20
29,-260,-24,-84,-43,-5
43,-263,-11,9,-0,62
8,-254,-30,-29,-145,7
48,-244,-19,-21,-140,-39
11,-256,-10,-9,19,-61
51,-259,-24,16,27,31
2,-257,-8,16,-0,6
20,-260,9,-9,-0,41
-38,-275,-11,-16,84,-64
31,-268,19,-4,-53,-72
6,-250,-34,-33,-51,-13
14,-268,-42,-9,46,-39
16,-251,-34,73,17,-54
3,-248,-3,59,-9,68
-10,-245,1,-14,97,-97
-34,-252,-21,-18,-9,13
27,-265,-14,33,47,-26
-6,-262,5,-36,-1,132
-45,-263,10,-61,7,-83
18,-255,31,2,-36,21
-65,-262,11,-57,17,-51
-17,-246,-42,35,16,-34
-46,-265,4,72,-8,-6
-35,-269,11,-130,-60,82
-44,-262,34,-23,67,-71
-24,-266,20,-14,10,-59
-87,-254,35,90,26,29
-48,-262,21,-14,10,-23
-58,-238,6,26,25,-47
-1,-274,11,68,68,57
-82,-256,-16,49,-6,-115
-54,-261,25,14,17,29
-52,-260,-29,-48,34,-88
-59,-248,16,70,-28,43
-53,-253,-22,-23,35,-68
-64,-255,-12,-56,67,1
-43,-272,-14,-20,-139,55
-60,-239,10,-13,-39,36
-22,-244,-10,-7,163,-7
-30,-248,17,-85,73,-59
-44,-258,39,15,17,-8
-26,-255,28,51,78,19
-15,-270,43,-73,74,-32
-11,-251,52,42,-23,-5
-58,-261,7,80,21,-50
-45,-269,18,-29,-27,25
-81,-259,-4,110,40,32
-35,-246,-27,118,-15,-50
-46,-249,3,-44,56,-44
-30,-253,-17,74,10,-15
-18,-255,-5,26,-20,-73
-10,-250,6,16,-15,-33
-34,-255,-13,-8,35,47
-37,-263,18,-30,47,-11
7,-262,12,6,53,-25
6,-264,27,-7,-34,58
-4,-252,-21,16,-88,67
4,-251,-21,12,31,48
3,-256,15,52,31,-2
-21,-256,54,4,18,11
-12,-242,17,-81,10,3
28,-265,23,-7,50,-7
-13,-245,9,46,-36,-18
13,-251,24,35,-66,-20
-17,-261,-1,30,-9,-38
21,-247,6,-128,-108,9
25,-259,16,-11,-51,-18
13,-253,-8,23,-41,45
19,-250,3,-59,-23,-33
0,-263,12,38,114,32
30,-251,-28,32,-72,51
21,-246,21,66,17,15
40,-261,12,-13,-21,-15
22,-248,4,65,-39,-24
50,-257,15,52,-44,47
53,-244,-15,-84,48,-110
52,-244,-1,16,-68,8
46,-278,-4,84,-41,-60
30,-255,10,-22,18,122
14,-260,-5,2,39,61
57,-265,-22,41,77,40
54,-251,-22,71,12,14
18,-249,-13,-13,-141,28
60,-261,2,22,3,85
36,-261,-29,-2,10,-44
52,-259,-38,-10,-16,-97
67,-249,-4,28,-36,70
61,-250,-7,33,-56,-1
25,-262,0,55,-11,-29
67,-262,-3,-64,-63,-78
47,-246,-20,133,-42,-56
44,-256,-4,-58,-57,-45
39,-248,17,-78,55,60
51,-247,-31,-64,32,90
34,-258,1,-16,-46,14
32,-247,-5,88,-42,31
75,-252,-32,-72,-9,-34
55,-265,2,26,6,-21
60,-242,27,1,-6,24
-13,-263,-8,14,70,1
66,-256,-4,-20,-42,-52
31,-244,6,-2,-30,-50
18,-260,-9,2,-12,-49
32,-247,10,-8,-35,-14
-3,-266,7,-16,3,-1
36,-256,-24,-19,-15,105
2,-253,-0,40,-34,9
15,-250,-4,-40,-49,-9
9,-262,-2,-18,89,-33
-5,-271,15,-73,-4,-44
18,-245,-22,-46,-6,119
11,-279,-8,20,15,7
-31,-268,34,-81,25,-1
-28,-260,-10,-68,-32,-36
-12,-269,-33,-54,20,22
-23,-265,-14,12,-17,-70
-33,-260,-22,-9,-36,36
-21,-260,-64,10,-64,-47
-46,-251,16,-20,12,-68
-40,-249,-24,-21,-90,-48
-22,-257,-2,-32,60,30
-60,-255,-2,-45,-21,91
-46,-266,-7,23,8,70
-32,-246,25,-21,-30,-34
-16,-256,-6,66,14,39
-64,-262,-2,36,-50,-40
-16,-237,58,-57,-26,-27
-61,-255,-9,-26,-28,-27
-64,-255,4,-3,-108,-6
-15,-241,-12,-1,-44,3
-20,-264,24,-72,-11,-9
-44,-249,34,-55,-1,23
-24,-259,-0,4,-57,-59
-66,-269,12,-26,-42,73
-114,-240,28,12,-72,-18
-50,-229,8,-1,37,26
-81,-265,-7,43,-2,-79
-46,-252,-18,48,-22,18
-42,-256,-10,-21,13,6
-41,-261,-20,71,5,-54
-28,-236,-22,-31,-45,20
-54,-244,7,-81,-15,-27
-26,-266,24,73,-11,-14
-14,-250,-16,-53,37,-113
-25,-265,3,3,17,-66
-28,-263,13,-7,62,-5
-51,-270,4,-26,-38,16
-68,-234,-24,35,-20,18
-45,-262,-3,-13,-59,-16
-38,-256,19,-14,-22,55
-18,-259,47,-86,-66,60
-65,-255,5,-40,-16,11
6,-257,5,-24,-28,2
-19,-253,9,-55,31,51
6,-272,-15,20,-68,18
-28,-247,-30,-77,23,84
-32,-249,23,-33,-37,7
-11,-250,16,-41,14,-81
20,-243,12,-69,29,82
25,-271,24,-19,47,-3
18,-275,0,-26,16,56
19,-251,2,2,-46,33
2,-262,-15,73,56,-63
1,-262,-20,117,24,47
14,-253,9,-55,61,-46
39,-255,-18,2,5,-2
44,-251,2,27,-94,-33
48,-249,-11,-25,-12,17
72,-251,-19,17,50,50
2,-253,-28,-14,107,73
-5,-271,-7,-33,20,19
43,-274,-54,-15,-125,89
-3,-262,-10,22,-86,-43
46,-247,21,-47,22,28
9,-250,11,-143,19,-32
43,-245,3,-94,-82,-17
37,-271,24,-66,-60,59
66,-248,8,43,-21,-52
21,-268,42,-17,0,82
30,-243,-4,-7,-47,-33
60,-261,-39,-49,-75,-88
80,-248,4,-102,-33,60
63,-265,-21,-20,-15,38
46,-253,-19,37,109,79
28,-264,19,-12,76,-37
66,-258,-4,3,41,6
53,-262,-3,-15,-32,120
33,-264,-8,-59,52,24
45,-258,-33,-101,28,-7
19,-249,-1,63,-0,-23
50,-264,-21,32,67,85
50,-249,0,6,59,57
24,-278,8,-22,52,40
81,-262,34,-68,79,-64
44,-254,13,48,78,-21
31,-261,-8,62,-16,18
84,-269,45,11,-28,-31
55,-266,1,34,7,-77
75,-263,26,-22,-34,32
29,-256,-7,39,48,-31
53,-244,17,-14,40,-99
45,-265,14,-75,-13,-8
7,-254,2,-39,-14,9
33,-270,1,-45,79,-28
20,-241,-47,-6,-18,21
13,-257,-4,70,-10,4
22,-249,8,-47,-16,-27
13,-242,-21,-12,19,60
-16,-260,-22,31,-34,55
0,-249,-5,-39,30,-11
-25,-257,-31,6,-14,67
-13,-250,-3,14,31,63
-28,-252,33,-5,-32,-8
-44,-237,12,90,7,56
9,-241,2,-65,-5,-3
4,-249,-37,5,-98,-23
-30,-260,9,12,-53,-63
-21,-249,16,11,-17,-32
-51,-265,-16,-24,-122,37
-34,-265,6,-45,125,40
-65,-262,4,9,-7,123
-51,-265,29,-51,-31,-62
-52,-252,3,-46,-15,-6
-35,-255,11,64,16,-81
-23,-252,-4,88,22,42
-44,-259,23,20,21,-77
-60,-258,7,3,28,-30
-31,-249,-2,109,-69,19
-45,-250,7,115,-36,-35
-31,-255,3,-139,-41,-77
-39,-249,6,41,51,1
-36,-266,58,-5,-55,-23
-11,-258,-5,-70,55,-20
-59,-242,-24,73,70,-26
-65,-257,-10,-73,-47,30
-64,-257,-15,-33,13,4
-77,-255,-10,8,-2,15
-89,-257,1,24,117,-44
-55,-249,45,71,19,-101
-39,-245,2,-18,-23,-62
-24,-238,2,-55,16,67
-26,-262,-2,-8,-58,5
-36,-259,2,11,22,-55
-92,-253,-5,-40,45,23
-61,-240,27,9,49,31
-66,-264,24,-8,-39,44
-52,-252,-17,19,4,61
-35,-274,-47,-31,-39,7
-52,-254,39,38,50,27
-40,-256,5,29,-11,28
-29,-250,-13,23,-11,64
-10,-248,-2,-20,-13,-7
-33,-267,8,13,-42,-4
-6,-272,-17,12,13,-20
-7,-244,-15,-32,-29,42
-13,-250,5,-138,-19,45
-10,-237,-34,9,-4,85
19,-253,7,43,-13,-175
-14,-238,17,4,-43,24
-12,-249,33,-72,-41,17
-17,-258,5,-49,-93,48
-4,-259,-22,-35,83,79
11,-261,17,-26,19,13
46,-265,-11,-22,131,77
26,-258,-6,46,6,36
-14,-259,-9,96,-8,-108
50,-241,13,-18,52,99
19,-267,11,20,-74,-79
17,-266,-2,-119,30,-90
-8,-238,21,27,-14,-4
57,-266,-14,-57,-5,-70
44,-246,-2,75,-12,-53
65,-261,-9,61,-137,29
29,-246,25,47,-33,-28
28,-255,-38,21,28,-56
68,-254,7,2,-65,42
51,-260,1,71,27,1
32,-256,5,-67,-9,76
51,-258,-30,-4,50,22
71,-243,20,-14,100,53
53,-237,-22,108,-27,-20
30,-271,-0,2,84,-41
23,-252,-4,53,14,-17
92,-263,-37,-76,18,74
55,-255,22,24,9,48
63,-258,-5,23,-118,-62
44,-254,-6,35,-10,-1
44,-245,-22,81,-47,-51
80,-240,14,-54,-24,-51
51,-253,-5,64,115,-84
51,-238,-11,29,-25,10
36,-258,-26,-7,38,47
59,-261,-7,7,-61,-56
23,-251,30,135,39,55
31,-249,12,-10,-6,9
49,-258,12,-66,-42,-29
65,-257,-10,-32,87,72
30,-268,17,-14,45,-51
38,-268,-4,19,39,-2
61,-276,16,-9,-36,34
22,-255,8,-3,13,45
-17,-244,9,-9,-81,63
9,-244,-1,3,-119,-60
44,-255,-7,44,90,47
64,-249,16,-9,93,-51
24,-250,24,61,-54,84
27,-251,-33,-40,-37,-15
18,-258,-1,38,-10,20
47,-253,5,40,40,15
13,-246,12,39,-23,-45
5,-273,-22,18,-68,39
-5,-253,5,37,18,38
-34,-247,9,19,17,-42
-46,-265,25,-48,11,44
9,-247,16,-0,3,41
-3,-275,-1,7,-107,-32
0,-257,-17,74,50,29
-27,-262,-22,44,4,-20
4,-262,-17,39,14,67
-57,-237,-14,-135,-1,55
-18,-275,26,95,45,20
-45,-250,11,-2,6,-43
-21,-253,20,-1,2,-19
13,-253,-20,-25,-2,-42
-21,-269,-23,92,35,-37
-7,-254,-23,18,0,25
-25,-244,37,29,-8,-56
-39,-271,-9,62,20,7
-53,-253,-2,-49,24,-1
-37,-241,8,39,87,69
-41,-249,18,60,108,28
-64,-237,-12,-36,65,23
-55,-231,-45,28,-35,12
-75,-258,17,51,55,-1
-45,-249,20,-77,47,-23
-56,-252,3,-40,-95,-32
-27,-258,-4,149,-74,27
-26,-237,-26,-4,-15,-56
-35,-249,28,20,17,34
-55,-249,-28,31,-16,-16
-21,-268,-7,-52,98,17
-39,-261,5,-24,1,-32
-65,-253,-12,-40,-31,84
-16,-270,44,-20,43,23
-22,-262,21,-23,-42,-30
-41,-286,18,-64,12,-19
-63,-259,-10,0,-23,-12
-4,-257,-5,-45,-79,-63
-18,-272,-17,-41,10,28
-44,-257,-13,-58,33,24
-46,-247,-2,-49,-59,60
-26,-259,-4,-97,58,-41
-26,-260,3,-7,21,-51
-39,-251,-4,-47,11,-26
-23,-259,20,44,48,12
-33,-272,27,39,-38,33
-4,-240,17,41,-59,-33
-39,-251,-23,-47,44,32
-17,-260,6,19,-15,34
-22,-239,-32,75,-6,28
10,-253,51,43,47,-14
2,-267,33,51,-13,-84
18,-253,13,25,22,-15
8,-243,25,-12,1,-28
-2,-262,0,60,-35,42
36,-258,6,38,-8,23
31,-248,-13,34,-88,11
3,-248,-27,-16,47,43
71,-265,-14,-63,-59,16
21,-267,-18,-27,21,-0
46,-247,1,-3,-47,17
50,-260,-22,-15,43,-7
44,-255,-24,13,-24,-44
13,-256,-10,43,-24,-13
70,-260,10,21,-43,-12
58,-247,23,19,38,36
12,-263,9,47,-7,-46
64,-251,36,55,-62,9
91,-258,-13,-63,39,37
62,-264,-45,-66,40,11
66,-265,25,27,-61,10
60,-270,-10,51,46,-17
65,-255,-9,17,103,7
36,-221,21,-7,16,-33
91,-282,-9,-41,12,83
44,-245,-32,-13,-63,2
66,-254,8,-48,43,-64
16,-255,17,53,-60,28
9,-257,8,-15,-63,100
30,-266,23,63,-17,42
68,-243,11,40,-14,-2
20,-252,12,17,30,-77
46,-254,58,29,-47,-13
36,-254,15,52,-87,-4
20,-256,4,-21,64,56
72,-256,-8,18,10,-41
33,-247,-10,-38,-35,-61
22,-265,9,-46,-3,14
60,-255,-22,36,-55,-30
26,-249,13,-9,-43,-26
9,-264,17,-11,6,-37
49,-263,1,38,-110,36
10,-263,-30,82,31,59
48,-261,15,-31,-27,-10
54,-272,-4,24,-0,-71
3,-262,16,-15,39,-59
30,-247,-6,4,-98,-15
9,-262,12,19,-5,45
1,-274,-5,-23,47,-33
22,-276,-18,75,8,-45
7,-255,8,85,-41,45
-3,-266,21,76,-1,-11
0,-255,-49,-22,-73,19
-9,-264,-17,-30,-69,51
-36,-262,-29,8,15,-69
-46,-268,18,16,-62,71
-40,-258,-35,-141,36,52
-26,-248,-50,-17,-48,33
-29,-262,-6,-19,-52,-63
-51,-247,-27,-7,-23,19
-20,-247,6,5,33,-43
-43,-246,27,-42,58,-10
-35,-252,27,56,43,8
-50,-250,8,38,-48,39
-34,-255,20,87,-46,32
-25,-260,-24,6,7,10
-43,-249,5,-16,45,-34
-32,-267,16,2,-5,-54
-24,-255,7,49,-79,-21
-39,-259,-34,7,5,3
-81,-252,-4,59,22,-5
-81,-269,8,-26,-23,-83
-83,-259,28,-18,-48,-8
-62,-239,-20,-16,82,5
-60,-260,-27,93,81,-97
-10,-247,-6,52,-3,-6
-23,-265,18,22,35,-39
-34,-251,-32,4,114,75
-31,-246,-1,-3,108,-6
-68,-261,6,21,61,83
-66,-263,-22,11,26,-12
-32,-260,-34,17,23,-83
-61,-244,29,97,-44,-25
-49,-224,-3,-5,63,-3
-42,-254,23,-114,-2,100
-51,-258,-62,5,-57,-27
-51,-253,-8,24,-33,-13
-37,-256,12,1,30,39
-16,-252,15,-30,-50,19
-26,-259,5,-17,40,49
-78,-266,14,-44,-20,-4
-33,-260,7,-27,-79,81
-14,-255,-4,39,-29,-19
-29,-259,-3,2,-17,19
24,-246,-1,2,-3,-66
16,-239,-59,83,-53,-119
4,-260,-7,-18,-52,-6
-17,-248,-18,-58,45,-30
-19,-250,1,28,37,-83
-23,-262,-30,27,6,-4
41,-245,9,-19,59,-31
-21,-270,-16,-14,26,-11
-26,-251,-28,-52,-18,8
20,-258,-12,18,31,-48
30,-272,3,45,63,-51
30,-242,4,-69,42,-50
-0,-258,-6,2,-53,3
29,-262,15,30,33,-21
28,-280,0,49,-18,-15
22,-252,0,-2,-76,4
21,-254,13,58,-74,-49
30,-276,-4,-10,86,-106
68,-265,5,-125,-57,25
34,-228,-6,-36,-18,-36
3,-258,12,40,-12,-41
75,-230,-26,-31,8,-122
52,-240,-7,52,-10,21
54,-244,-27,14,-36,0
45,-258,2,-42,34,1
43,-253,-8,93,-31,35
44,-256,18,6,32,70
61,-246,-0,84,2,-37
35,-276,16,-38,-42,-62
56,-253,2,16,-34,-6
39,-253,7,-59,-37,-38
51,-248,10,-93,-26,17
35,-250,11,-30,-33,29
59,-264,-2,-50,-27,65
66,-254,18,26,-22,29
45,-267,-18,33,47,-40
67,-242,-20,-48,-39,-16
10,-264,9,-92,51,-9
17,-263,-15,-33,-42,-15
46,-256,-34,19,-20,19
67,-270,11,24,-0,26
37,-273,19,6,13,21
32,-235,45,14,-13,47
29,-229,25,-21,-51,-10
16,-238,20,-20,77,-69
12,-254,26,-27,24,-35
56,-262,-25,52,27,2
36,-240,35,-17,-10,16
28,-271,15,26,29,43
55,-259,2,-64,16,-18
-2,-259,-47,69,60,37
4,-257,0,-68,-14,-44
23,-253,-11,-15,19,-13
21,-251,-13,-11,56,-24
4,-263,-26,37,46,66
-11,-269,-5,-41,-4,1
27,-248,-43,24,-38,-23
-42,-254,-24,-2,45,-85
-8,-245,10,-71,-34,-46
5,-274,-17,-92,-48,-88
-4,-244,-9,75,-5,26
-14,-254,20,-63,-3,55
-56,-254,-3,-18,52,49
-29,-270,16,-28,-18,44
-35,-271,-37,28,41,29
-50,-245,14,54,-10,43
-30,-259,3,-2,47,-1
-59,-268,-28,49,31,38
-23,-251,-4,-28,94,-6
-73,-263,12,12,-23,113
-50,-244,7,-46,-27,10
-17,-258,-24,-6,78,113
-35,-253,-18,-28,105,28
-52,-269,-28,-18,27,-65
-58,-253,-11,23,-20,2
-21,-261,24,54,8,-32
-46,-259,-23,30,44,-14
-46,-262,-12,-72,26,15
-58,-269,-28,28,3,-65
-25,-270,-20,3,23,1
-42,-251,-20,67,30,21
-46,-275,25,30,83,68
-37,-251,-2,5,10,-88
-54,-270,-2,50,26,66
-66,-260,-25,-65,111,-59
-27,-253,-31,33,-37,63
-51,-260,-3,-5,-8,37
-7,-269,-15,14,41,-22
-35,-242,-10,-2,-18,16
-63,-256,-3,40,-73,-14
-49,-252,-21,-16,-5,-44
-29,-273,11,75,50,-45
-28,-264,-21,-22,101,12
-61,-266,14,25,-6,1
-16,-260,-9,39,-15,23
-44,-258,32,-17,26,-56
-45,-245,22,-54,14,-45
-37,-256,-19,150,-31,11
-48,-251,-17,11,7,91
-59,-238,11,66,-25,37
-19,-279,-15,-17,40,-15
28,-258,-19,-29,-34,5
-34,-268,15,-23,74,29
29,-260,-35,-10,9,-58
-23,-263,-13,-25,-6,-42
8,-258,2,-1,108,-56
11,-261,8,59,-14,-69
4,-246,-10,-16,16,15
14,-267,-13,-39,-46,-11
-4,-271,-14,-101,21,-36
-4,-254,-43,6,27,78
21,-262,-4,-65,87,-51
-5,-245,1,-21,-37,-10
39,-264,-15,38,-20,-0
-2,-257,6,34,8,86
-2,-245,8,12,-16,-8
1,-265,-17,14,-20,40
12,-248,8,-19,12,-53
23,-256,5,43,-80,12
33,-253,-30,22,-45,-8
65,-251,6,-12,-10,-30
54,-265,28,-55,-26,-57
68,-274,-6,46,4,-36
70,-267,0,-78,18,-27
32,-262,-33,66,-8,54
18,-272,-31,-50,-24,-33
61,-252,10,-11,-5,26
54,-249,-39,34,40,75
62,-251,-18,19,62,36
47,-265,14,8,-77,-9
43,-263,-45,-30,50,-3
28,-253,-3,-13,-2,-19
10,-252,-1,-7,39,41
60,-273,1,-10,-49,2
71,-252,-39,-39,-10,-35
60,-270,52,51,134,15
68,-263,21,-9,-36,-56
44,-247,17,106,23,-68
19,-262,8,33,-11,-7
36,-237,6,70,47,96
65,-255,-32,-5,-50,27
24,-256,17,69,-68,59
62,-256,-27,-23,9,-8
29,-257,-12,72,48,-11
28,-275,-43,-70,-4,45
70,-266,20,-29,-40,-16
23,-253,13,-1,-27,-55
47,-260,-9,4,-44,-63
2,-259,-11,-40,-32,-4
5,-250,24,14,-58,-77
37,-270,-6,4,53,-25
27,-259,-1,-51,54,-82
-12,-248,-28,74,25,-41
25,-238,-53,-49,-154,-16
22,-251,8,-32,-11,5
-2,-255,-1,-13,-82,-44
-35,-276,-7,19,-91,85
-28,-251,-22,-27,-31,-24
-33,-246,25,-66,6,-18
-27,-251,4,23,-27,-24
-16,-254,9,-9,13,53
-35,-249,-18,6,-53,8
-59,-263,-23,47,67,38
-14,-247,-5,-85,-72,10
1,-240,24,-34,6,69
-13,-252,-5,-3,87,-19
-60,-270,-3,-104,-46,-19
-35,-271,19,-43,15,115
-37,-276,-28,-19,69,87
-47,-260,-12,-63,95,56
-20,-268,-10,-6,55,48
-44,-248,-7,-108,-88,18
-0,-266,14,-12,-67,-44
-39,-278,-5,84,130,-94
-74,-244,18,-23,43,-2
-47,-249,1,72,-30,18
-48,-254,-9,4,19,-19
-83,-255,-15,-8,-5,-62
-64,-258,-32,49,-6,-2
-21,-269,21,-12,-88,-20
-57,-265,-20,48,6,112
-51,-258,10,-21,124,-41
-30,-259,5,-29,-14,76
-40,-237,6,-23,23,-9
-43,-258,34,-8,63,62
-36,-263,28,-47,-5,-79
-30,-269,-9,-3,1,13
-35,-237,33,72,-27,76
-63,-262,-13,1,-20,-58
-42,-248,5,-4,36,97
-63,-257,36,15,11,83
-59,-267,-20,-106,-19,44
-22,-248,10,15,27,11
-16,-263,14,13,67,26
-30,-248,-18,119,102,-54
-44,-258,-13,43,-17,-15
-46,-263,3,46,-47,76
-20,-265,-3,-54,26,37
23,-261,26,-128,36,-45
-11,-247,-12,-13,-65,-16
-35,-269,6,47,-47,-34
7,-248,-25,-8,64,8
-52,-240,-0,27,99,12
15,-252,22,-21,-3,-24
-63,-252,-4,-29,4,-91
15,-239,43,108,21,2
-12,-266,-18,-42,91,6
29,-254,25,-84,7,37
28,-262,22,-9,-92,143
55,-247,-6,17,41,-12
28,-272,17,-100,50,16
6,-262,19,28,11,-72
10,-259,24,-61,-33,13
29,-261,-31,21,-50,-40
22,-261,-16,-36,-20,97
33,-253,1,-1,2,-32
39,-236,-2,63,2,9
48,-277,-1,69,37,30
60,-265,-9,-52,-106,-164
61,-287,-19,33,51,57
1,-265,11,-42,-70,32
59,-245,49,118,-75,-45
39,-238,27,71,17,30
38,-277,0,-40,54,-55
41,-244,10,55,-49,-8
25,-247,-23,21,3,43
61,-255,-10,9,-4,12
54,-250,-20,-55,37,16
72,-272,-14,-53,7,36
65,-275,-3,13,61,3
42,-257,20,3,2,89
38,-256,-32,95,-8,127
68,-240,20,24,1,17
39,-244,-11,7,34,12
23,-260,-5,61,76,2
66,-249,-24,51,-68,-28
43,-249,-6,-13,63,37
72,-244,8,64,32,20
45,-258,-7,20,-39,17
41,-249,-21,-77,-45,-32
3,-259,-23,-38,-62,-97
40,-247,6,4,18,61
44,-230,-1,-78,73,6
62,-258,6,-46,-30,-23
31,-242,-24,-53,-55,20
28,-251,-14,15,51,-46
50,-259,-19,-39,-50,74
39,-251,-18,33,24,17
1,-236,1,29,84,43
59,-240,4,-21,-30,25
18,-245,-3,42,-33,71
20,-259,4,21,62,79
28,-262,-10,2,6,30
11,-278,19,90,83,-60
33,-265,-47,6,-66,21
35,-252,18,-14,9,16
11,-260,-19,120,-74,52
-13,-272,49,68,-76,-25
-33,-264,18,-13,-14,-73
-42,-245,-12,-17,-70,-19
-46,-266,14,44,-56,29
5,-256,16,23,25,32
-7,-269,17,40,1,-63
-45,-259,8,20,44,-23
-19,-241,1,-8,12,-66
-15,-230,26,-60,-113,-16
-56,-269,20,80,-54,14
-57,-257,21,-28,19,55
-53,-257,7,29,38,-10
-25,-236,10,-15,-36,74
-11,-236,-41,78,21,-89
-38,-267,9,34,-7,-58
-59,-274,10,47,103,67
-89,-241,8,-45,-7,32
-49,-247,-15,69,-16,25
-52,-260,10,-41,49,-40
-31,-270,28,36,-9,-20
-46,-254,12,12,15,44
-48,-254,1,45,111,-82
-2,-238,2,70,-34,100
-16,-254,-3,24,-23,-130
-55,-246,10,-23,30,42
-35,-264,-16,30,-25,38
-62,-241,-17,4,7,-46
-21,-254,-2,116,-24,-2
-103,-250,-8,-33,-4,-33
-13,-251,4,-40,20,-0
-63,-258,15,130,4,80
-5,-265,-16,-40,76,-52
-52,-265,12,14,-10,-58
-50,-251,-17,28,-21,-9
-16,-252,-4,52,3,-42
-46,-266,5,-24,-17,26
-28,-255,36,96,65,-50
-3,-272,19,18,126,60
-21,-263,-18,9,-72,-89
-31,-265,-11,78,-50,-38
-28,-253,-46,-64,44,21
10,-282,-0,-31,21,41
-50,-263,-37,93,76,-5
-10,-253,-26,-6,13,78
19,-254,55,-19,40,59
17,-244,12,-105,-24,50
-0,-250,20,-34,-47,39
-17,-240,-3,14,35,4
-3,-274,9,-68,-31,31
-30,-265,-3,45,-95,43
-11,-271,28,-80,-44,68
25,-259,-3,30,20,-6
-2,-260,-7,-6,37,42
6,-255,-43,1,37,56
34,-253,-13,-64,1,58
9,-278,-23,-64,-71,24
20,-269,-39,-6,-3,-22
63,-265,-10,-11,-20,10
10,-260,18,39,-14,-52
7,-272,-9,27,-33,-42
57,-248,24,7,59,61
27,-242,-18,-64,-13,6
2,-256,-28,74,81,-10
41,-263,-16,43,-66,-22
64,-260,10,74,65,-35
59,-259,1,30,1,17
66,-245,6,-30,-42,-25
30,-263,-23,-2,16,-104
102,-264,-10,51,49,-114
48,-235,-20,0,81,-39
52,-247,7,-19,-45,-67
27,-245,-15,-24,-68,-35
44,-250,-9,2,18,-30
64,-263,-22,18,-40,-180
38,-249,-2,-40,36,-35
80,-254,37,45,-97,30
64,-251,11,16,-17,31
59,-276,12,57,2,132
32,-265,1,-77,51,-22
19,-247,26,-93,-64,4
51,-243,-13,23,106,-49
38,-250,26,65,-131,77
38,-266,-8,70,-48,83
44,-242,-24,103,3,-56
73,-249,7,39,10,16
47,-272,26,63,19,66
69,-246,4,-2,-107,-18
15,-266,24,24,-114,-2
16,-251,-35,-7,-80,-44
58,-247,12,-68,-15,-43
32,-242,-21,48,-15,-52
38,-276,7,-1,-30,-26
6,-263,11,-9,-32,35
6,-264,3,-37,18,2
2,-264,38,-72,-51,-47
-0,-256,-38,54,-58,18
22,-276,24,-62,28,45
41,-255,17,11,-111,36
-3,-265,-42,51,31,8
5,-257,-3,58,9,31
28,-246,16,50,-1,81
6,-253,-25,-26,21,29
5,-264,16,-32,-29,-79
-19,-257,9,10,27,-128
-38,-277,-4,-19,24,-32
-60,-249,15,-10,5,10
-46,-245,-1,51,-32,29
-50,-249,6,-41,-55,-34
2,-268,27,-40,13,-106
-43,-269,8,-33,-108,28
-31,-253,-30,87,-33,23
-20,-266,-8,-39,102,1
-7,-252,7,-93,-69,-48
-23,-266,3,-70,-49,0
-17,-264,-14,-1,44,-1
-63,-249,-10,-17,91,20
-40,-249,15,16,-24,20
-87,-254,7,9,17,75
-39,-248,-26,-14,13,29
-54,-252,-17,-144,-100,-50
-64,-265,-3,-29,11,-2
-43,-256,20,-52,22,40
-32,-254,-21,-10,-48,16
-49,-251,19,63,-15,44
-47,-264,38,44,28,54
-54,-271,7,58,22,-14
-42,-248,14,110,17,11
-26,-261,-7,-13,79,-24
-39,-249,-7,56,-44,51
-39,-275,37,-73,51,121
-41,-280,-23,-11,-65,-6
-16,-267,-15,-63,56,-119
-12,-272,22,111,-36,-49
-11,-271,-11,32,-11,-25
-49,-254,-23,9,-15,-83
-23,-248,16,-48,41,68
8,-254,29,24,-7,-29
-6,-244,-9,-91,-122,21
-26,-262,-32,-47,41,-8
-22,-270,13,-53,-118,-84
-36,-260,4,-37,-29,-12
-29,-268,22,43,80,22
-52,-271,1,-21,-6,71
-13,-243,-36,29,-84,25
-18,-272,-8,-97,-47,-4
-20,-261,24,-85,-6,7
-41,-262,-18,23,18,-51
24,-252,13,88,16,-16
-11,-266,10,-16,-74,44
21,-260,33,-29,-27,-18
18,-256,5,-80,54,47
43,-255,-24,-73,12,85
-3,-271,-3,-32,-10,-43
5,-255,-4,-59,30,-63
26,-261,-17,-22,50,40
18,-262,7,-80,102,-10
11,-258,13,10,-27,4
17,-267,28,28,19,58
13,-259,32,-56,32,-11
-2,-256,-19,47,20,-65
53,-256,-22,14,-9,10
59,-249,-25,-34,-12,-118
47,-271,11,114,42,-21
34,-268,-26,27,20,-31
44,-257,-1,118,65,-73
33,-240,-21,-27,11,12
29,-259,37,128,11,-52
38,-250,6,-37,-7,5
51,-239,24,16,24,5
71,-246,3,33,36,6
46,-253,-1,-42,14,11
55,-253,-26,-32,-31,-53
23,-257,-18,35,3,67
45,-271,13,-52,39,0
44,-257,11,90,-19,-1
4,-241,-1,-2,5,6
43,-268,-5,-58,38,5
17,-241,-17,-18,-19,58
52,-266,-2,-50,53,-38
30,-262,-6,39,-19,-1
20,-267,58,-58,-11,-53
21,-264,-13,75,78,35
18,-264,41,10,47,-10
49,-263,24,77,33,62
19,-259,36,102,11,69
77,-246,-2,35,58,-60
65,-254,-14,11,-86,-9
28,-247,-8,6,-3,51
32,-258,-6,20,-5,-12
47,-261,-43,34,6,1
37,-257,8,39,-69,85
18,-247,6,86,-14,-59
46,-266,-8,26,22,8
26,-260,10,79,-92,21
5,-274,13,-20,16,5
34,-266,14,80,-10,-93
1,-241,11,33,-40,63
-13,-242,-21,-90,-70,23
-8,-247,19,8,-30,45
-13,-251,-2,28,-19,-73
-6,-251,-7,-59,-40,-61
-6,-256,0,30,85,20
27,-261,-34,-35,-50,-97
-25,-252,12,-9,67,46
-54,-250,-1,-10,-38,7
2,-256,-8,38,7,-9
20,-265,11,-22,-24,32
-24,-258,-36,-11,16,-11
-5,-258,20,-29,-43,-41
-40,-266,26,-82,20,-85
-38,-275,12,41,-32,-40
-49,-254,27,41,-37,76
-4,-251,-24,-34,-59,-7
-35,-266,0,-19,41,-38
-30,-273,18,40,41,-34
-48,-256,0,53,-34,-32
-39,-256,11,-42,-81,-1
1,-250,-26,48,39,-96
-48,-261,-16,-46,-26,-23
-38,-261,-1,45,29,51
-48,-257,16,-15,-95,-10
-28,-265,-23,41,-50,-29
-34,-263,-2,-66,-14,-28
-45,-241,29,-8,73,59
-41,-247,12,69,-38,-27
17,-266,-17,33,-62,104
-20,-242,9,87,-17,35
-55,-258,-21,14,-33,27
-70,-264,18,-37,10,-110
-58,-250,9,-1,7,-54
-24,-250,-15,-17,74,19
-44,-266,-3,37,54,19
-45,-263,-2,-24,40,-2
-58,-256,3,-117,41,22
-31,-272,-23,-8,7,13
-61,-250,-18,38,-50,30
-45,-241,5,9,52,66
-60,-260,7,-69,-49,13
-25,-265,-14,-7,-15,73
-5,-268,-9,3,67,-22
-37,-263,21,2,50,54
-20,-252,-4,-20,-63,-53
16,-251,29,54,-59,-4
-43,-268,-41,52,-78,16
-22,-259,26,30,23,-55
11,-250,-5,-18,18,-77
1,-259,-23,30,-10,21
-26,-272,-41,3,-25,-44
-2,-251,-10,30,-41,23
0,-273,-16,56,-29,17
-11,-254,7,13,66,-112
-23,-249,-18,-20,11,-36
-10,-258,14,-25,-63,-111
22,-259,1,34,40,44
25,-255,18,20,0,35
-34,-271,49,-27,-93,-19
45,-250,-20,40,57,-8
-24,-263,-7,-58,-118,-19
34,-246,12,39,-79,22
33,-253,15,-8,47,60
42,-255,-9,54,77,-18
1,-236,2,9,-67,-34
52,-258,4,69,-101,-9
70,-248,10,18,34,29
60,-241,-2,50,51,-4
41,-245,-7,-9,15,17
45,-253,21,78,-77,-20
33,-273,19,-4,-76,-2
25,-234,36,-18,88,-37
55,-262,-2,-15,67,-3
62,-258,31,-65,98,-74
85,-258,4,103,-27,-81
46,-268,-3,-78,62,2
53,-250,-12,13,13,-82
44,-264,4,36,53,96
71,-268,1,14,-62,6
82,-249,-1,-18,-93,46
23,-257,-29,-15,30,-5
49,-265,-3,23,-87,-16
13,-256,19,-76,-3,-89
88,-262,-4,-49,62,-65
33,-238,-18,-53,17,-38
20,-253,15,-32,57,-114
40,-256,-25,-8,51,46
19,-248,-6,-18,-16,-47
50,-269,-9,-58,105,-7
5,-259,-5,-21,-3,-31
44,-262,11,-45,-15,11
38,-248,33,-6,6,-1
92,-257,4,78,25,-18
42,-235,-50,16,-92,15
49,-250,7,3,73,5
36,-275,-14,18,8,58
40,-259,-22,-45,20,-127
28,-263,1,41,-23,-69
13,-262,23,70,-50,40
18,-242,1,9,-53,74
0,-238,-5,22,-0,-22
1,-254,23,-46,-110,-35
-0,-251,19,20,-29,-26
-7,-257,18,-5,-51,-39
17,-257,-6,105,-0,13
-0,-264,12,51,-73,-30
-83,-246,11,79,20,-91
17,-260,1,12,-27,40
-16,-257,-29,69,34,-82
-35,-250,18,36,94,28
-7,-243,-10,-97,-43,-40
-13,-256,-26,-33,65,-61
-41,-250,21,32,-37,-25
-45,-245,-35,-40,-3,26
-48,-264,-17,-23,-35,41
-35,-242,22,11,23,44
-47,-252,29,49,-26,77
-40,-274,11,21,-38,-58
-48,-259,17,-20,-60,-68
-61,-257,8,-25,-8,70
-62,-246,33,80,60,-21
-67,-246,2,4,9,-3
-55,-253,17,30,29,-37
-55,-239,12,36,58,66
-101,-257,9,-34,47,126
-14,-246,-34,51,64,-16
-65,-246,15,24,23,-72
-55,-270,27,32,-12,56
-46,-258,-5,-9,26,-23
-64,-265,-13,-27,8,5
-32,-263,-7,20,3,58
-53,-240,4,-46,71,-14
-73,-254,6,-30,31,-81
-55,-261,30,-8,24,32
-41,-267,-6,-83,-31,59
-67,-251,-2,52,-17,-18
-33,-252,21,95,-77,108
-19,-241,1,-159,-24,-107
-7,-267,27,-39,-55,-32
-23,-236,20,87,-48,-1
-55,-256,18,3,-23,-67
-18,-237,-4,-35,4,5
-32,-244,28,32,-26,71
-24,-259,5,37,-33,-17
19,-260,-15,4,70,-29
-7,-280,17,11,-89,34
-16,-265,-16,-51,-2,25
20,-272,3,-2,-47,38
-3,-261,7,-130,-55,17
-16,-248,15,-32,52,29
-16,-239,-25,18,23,16
-3,-249,0,50,-33,-47
-8,-247,2,70,9,34
-4,-240,-39,29,1,-28
45,-273,13,-46,61,-14
-32,-248,10,-26,-36,-36
17,-246,-26,1,3,29
6,-257,-21,-13,22,28
-9,-259,-8,-31,-36,78
-22,-253,6,39,16,41
46,-255,30,-91,-3,40
40,-243,-23,-44,23,-17
13,-254,-30,9,43,-8
72,-261,-6,-20,-29,-60
35,-240,4,-16,56,-46
32,-246,39,41,-60,-23
20,-271,35,-87,-13,-46
67,-240,6,-43,-65,33
57,-259,-1,-43,71,-13
7,-261,-24,25,89,-3
71,-267,31,59,-85,1
40,-257,-11,23,89,-54
35,-268,-13,-24,83,46
40,-263,33,-82,-38,-32
50,-276,-9,39,-4,-24
32,-260,-18,65,13,-78
88,-251,25,-36,-24,29
37,-228,-28,-9,3,-21
42,-261,8,15,19,-26
51,-246,-9,82,-10,87
44,-246,-32,-34,-100,-27
52,-284,-20,18,-85,-31
68,-254,-19,71,-41,67
27,-249,13,-3,87,-7
71,-260,22,44,54,16
35,-244,3,-18,41,-50
49,-253,-13,-30,29,-68
33,-262,5,3,50,-91
51,-255,23,-34,-74,-22
19,-257,3,8,-4,90
32,-271,-14,26,-101,46
42,-264,-18,1,-22,35
69,-262,-15,-60,-24,-30
35,-242,25,-93,-14,-35
35,-265,45,26,-30,-40
46,-258,-22,-53,75,-21
63,-247,12,-2,-50,-33
34,-270,-24,-24,38,30
37,-243,-16,-1,96,-99
-15,-244,40,59,123,-37
39,-255,-12,13,39,-55
5,-267,-16,103,35,29
32,-242,-6,58,-127,32
23,-266,-3,30,-50,26
-14,-268,-30,-79,114,-47
10,-241,9,-45,-37,1
-20,-273,10,44,11,24
-3,-271,-16,66,43,20
-27,-239,8,28,6,29
-15,-270,4,-76,47,1
-1,-260,-2,-3,-23,12
-45,-248,-20,-12,48,-28
-67,-269,-16,78,56,-54
6,-242,-1,5,37,44
-47,-253,33,82,-26,14
-22,-257,-22,-42,-66,2
-44,-250,10,51,43,48
-44,-265,0,47,-27,-20
-36,-242,27,-79,25,14
-59,-251,35,-40,-34,-41
-20,-258,7,-17,14,-20
-23,-259,32,21,-46,48
-57,-253,11,11,-55,4
-38,-262,19,18,-16,23
-23,-249,28,40,3,-96
-35,-240,23,59,75,1
-87,-256,-10,-24,-1,-36
-71,-242,19,-40,-55,-10
-61,-256,14,-53,53,13
-77,-264,38,-10,-1,8
-32,-272,31,18,37,-31
-53,-269,6,46,-63,-38
6,-262,-31,37,82,69
-39,-249,19,79,-13,85
3,-240,14,86,7,17
-34,-264,-26,44,-11,-35
-53,-263,20,-18,8,36
-22,-255,4,-41,-35,13
-7,-244,11,5,12,-29
-21,-252,-7,-53,18,44
-39,-263,-10,36,9,2
-33,-233,29,-21,-4,-51
-11,-267,-32,16,77,9
-54,-264,32,-13,-62,-38
-16,-237,19,16,-51,18
-20,-262,-22,78,-16,38
-50,-264,-27,12,8,43
-20,-254,12,75,91,-53
-18,-274,-32,-15,-5,-96
14,-260,6,-27,12,45
-19,-268,-7,118,25,8
-27,-254,10,59,31,45
19,-244,3,81,31,1
-6,-258,-15,45,49,-37
35,-271,8,-18,-52,47
24,-256,17,-33,-79,77
64,-261,13,-83,75,-30
8,-260,-10,-25,-25,43
-7,-253,-11,11,-66,31
28,-270,-21,26,6,-52
15,-260,1,18,19,7
32,-262,-5,27,-24,68
62,-262,-14,-65,-38,-3
15,-265,-5,71,14,8
33,-251,6,0,-95,53
45,-257,-26,16,50,-6
35,-255,-12,-78,8,-1
50,-261,-34,-17,71,9
33,-244,-11,60,-46,-3
35,-254,-12,15,40,-60
65,-239,-9,-63,16,28
46,-242,-28,-12,-25,104
60,-250,41,67,-17,61
65,-260,16,54,-19,-8
32,-244,16,53,-45,-61
55,-248,-3,34,-33,-28
64,-251,-23,54,-73,-4
39,-244,1,74,-56,13
68,-253,6,16,-9,-18
53,-272,-12,66,-72,-44
52,-242,3,-7,10,110
73,-248,-34,70,-11,2
47,-265,-13,22,-10,-23
36,-255,-26,34,46,113
38,-249,6,-26,-26,-32
58,-272,-31,-99,16,-39
66,-266,47,55,-46,3
58,-246,-25,-63,-62,131
2,-265,-9,31,-15,-22
41,-240,-23,-45,-51,-4
53,-266,28,40,-10,-76
21,-262,-11,-43,18,199
54,-261,-30,31,7,-46
50,-261,-20,-11,-46,75
-8,-271,26,56,-37,-33
28,-240,-15,68,-50,10
31,-251,-3,35,1,-69
37,-253,6,1,10,0
18,-267,17,81,20,-47
-3,-251,7,60,-31,-10
-3,-264,-20,-29,-90,-70
8,-264,43,83,-26,-112
-29,-251,19,28,21,3
3,-262,1,74,4,-18
-7,-239,-32,15,-28,1
-24,-266,11,-17,-67,-23
19,-249,6,-26,-64,9
-9,-241,-24,-81,13,-29
-13,-270,-0,9,2,-54
-15,-261,-35,4,84,74
-15,-233,5,40,-24,46
-45,-272,25,1,51,-3
-37,-261,-52,-76,6,4
-45,-232,1,94,30,35
-26,-237,-26,9,-58,-52
-35,-247,17,44,-45,-36
-67,-254,-34,-17,34,-68
-64,-248,9,3,-11,-67
-43,-268,3,-49,32,50
-54,-265,-5,104,99,26
-57,-252,12,71,33,28
-29,-264,-5,31,-40,93
-50,-267,-6,-59,32,116
-43,-249,-6,13,20,-62
-74,-231,-10,3,16,-57
-50,-251,25,38,56,2
-4,-245,-0,34,55,-61
-53,-276,-22,-76,-36,-104
-66,-256,-27,43,-64,-33
-54,-266,2,-67,149,-62
-45,-280,-11,-53,-79,66
-45,-253,14,42,-25,-6
-77,-247,20,5,22,1
-22,-253,17,74,52,16
-51,-250,1,39,-0,59
-21,-254,2,31,43,9
-56,-244,-0,-1,-92,-17
-39,-252,13,23,1,-64
-6,-254,-10,-31,-36,-86
-17,-250,-27,45,-49,-9
-36,-245,-4,64,25,-46
-13,-266,-19,-0,2,6
-33,-251,-18,-8,9,-38
-50,-268,-37,20,14,56
-25,-246,-3,-52,-43,-87
-26,-243,19,-26,-56,118
9,-258,22,13,9,-13
-5,-257,-10,-21,-64,-1
-0,-246,0,-31,-22,67
7,-259,28,67,-0,-101
0,-264,-32,-50,77,129
19,-249,4,45,-125,-83
5,-268,27,57,45,-67
-22,-251,1,7,-44,-40
23,-237,-6,96,4,-31
2,-247,-24,-25,29,-19
2,-269,-12,3,72,22
54,-250,-3,105,14,15
31,-270,-12,13,74,17
17,-262,6,-32,-62,-40
23,-256,-5,102,-9,25
4,-252,37,-48,93,-31
14,-250,-11,58,-8,64
66,-257,-11,-26,2,-29
73,-264,39,-24,-47,64
84,-253,15,28,40,-90
72,-251,-7,46,-135,128
-1,-1,1,-44,-55,-105
0,1,2,-0,-22,69
0,1,-2,4,51,-47
2,-0,0,18,7,-5
-1,-2,-1,-8,16,-58
-1,0,-3,-26,-8,-38
2,-1,5,-92,88,39
6,-2,2,-36,-56,-19
-0,-4,-2,40,-72,60
1,0,-5,-32,52,50
-2,2,-0,-28,-17,9
1,1,1,180,-66,-19
3,-2,0,-24,70,63
-1,-2,0,-97,14,-0
-2,5,-0,64,-5,-44
1,-2,1,101,37,28
-1,-0,-3,33,60,100
1,-0,0,-45,81,-19
-1,0,2,87,34,45
-1,-0,1,50,-30,28
281,-33,79,76,28,2678
320,-17,116,-38,-47,3038
420,71,136,-17,-16,4102
574,176,210,-85,-45,5819
838,371,284,-18,90,8109
1056,590,438,-57,-19,10865
1329,828,543,-77,-60,13959
1663,1093,638,25,137,17245
1990,1341,788,38,19,20570
2225,1611,891,-1,56,23779
2501,1855,993,-5,9,26721
2734,2045,1103,46,62,29260
2948,2178,1162,-24,-36,31275
3035,2310,1222,44,-13,32673
3141,2348,1256,-10,18,33389
3133,2339,1257,-28,-56,33389
3060,2299,1236,-10,-84,32673
2919,2177,1183,33,-21,31275
2720,2030,1115,-19,65,29260
2466,1829,1024,80,-14,26721
2211,1598,893,0,7,23779
1894,1348,758,28,-29,20570
1563,1098,623,-25,49,17245
1308,836,513,16,14,13959
975,589,407,21,8,10865
736,391,348,22,-26,8109
525,199,240,59,-83,5819
341,56,180,11,40,4102
265,-19,69,59,53,3038
217,-49,105,50,-47,2678
259,-2,2,16,35,49
250,3,-5,28,-89,-83
250,-14,6,66,-125,-63
262,4,0,23,-14,70
256,3,1,-67,26,-40
258,-4,-3,-35,48,43
255,-3,4,38,28,-71
258,2,6,-25,-70,-4
260,-5,-6,-23,-46,-2
263,1,2,-24,76,124
254,-2,-3,68,20,29
259,-0,-6,19,57,64
262,-4,-1,14,18,75
253,-2,2,-41,40,-46
255,-2,10,13,34,52
251,21,2,1,-27,32
249,1,-2,-5,-63,88
257,-0,5,3,-14,-39
253,4,-7,-15,2,95
256,-4,2,60,6,-25
251,2,0,62,-54,-74
249,-6,2,19,-87,20
258,3,1,-74,-78,-25
255,0,1,49,14,53
256,2,5,-56,-35,64
262,-9,6,84,-17,64
254,3,2,-66,36,-8
254,-3,3,10,-31,-57
264,-1,5,95,38,-101
250,0,-6,29,-9,-34
264,7,4,39,-1,-49
259,4,-1,-58,24,145
258,11,-1,-5,-20,60
252,0,0,36,-13,-21
251,2,3,-14,9,-68
265,4,-5,106,17,-2
255,2,-5,77,66,-109
254,1,5,27,27,11
246,18,2,21,46,36
251,1,0,69,18,27
249,5,5,42,-42,51
257,-7,-0,44,-91,-21
249,3,7,16,112,15
258,-9,-6,4,-23,-77
250,-9,-8,11,-1,14
254,-1,-4,11,-65,-8
262,6,2,4,-73,22
246,-10,-2,12,-28,-1
259,-9,-0,-45,9,40
263,2,2,27,-126,84
258,-5,-7,-41,3,52
258,-7,-0,-20,-2,-77
255,-4,4,-12,44,-53
265,-12,-1,-17,-59,-42
252,8,-8,33,-17,121
258,3,1,-46,42,-66
257,-2,-1,14,45,29
263,3,-8,26,-64,-46
263,3,-2,-14,-75,35
259,-0,-8,-29,67,-57
250,-2,-10,-15,-68,16
261,-1,-1,26,11,-9
254,1,-2,68,87,-75
264,6,-2,36,-3,16
258,2,-3,53,-1,17
256,5,2,-22,-47,-29
256,-11,6,4,5,17
257,5,-4,-24,-52,75
251,5,2,37,42,-68
257,0,4,24,33,23
263,-3,2,88,-53,-72
247,5,6,79,-62,-18
253,6,2,-117,2,-8
257,1,4,-116,36,117
247,4,-5,-84,-92,-35
257,1,0,-65,35,-6
261,3,7,-39,-30,-99
255,11,-1,26,24,32
260,4,2,12,-80,-79
251,1,-6,31,-48,39
266,-4,0,-18,96,1
262,2,0,56,37,-5
254,12,-5,-55,73,16
256,-7,-9,10,101,-35
258,2,2,-12,-4,-14
250,6,-1,21,82,-2
254,-4,-7,-59,-6,6
258,-2,-4,4,24,97
258,3,1,-47,18,40
248,2,-7,-50,-7,51
261,-1,1,-19,20,-13
257,-1,-11,-41,-8,95
251,-9,-1,26,2,98
253,-2,-2,-31,-11,-45
262,-5,5,9,1,-5
243,-6,1,46,-119,-7
257,-4,-7,49,21,-30
249,7,-4,12,-100,63
261,-0,9,1,-54,-17
263,7,3,40,39,16
250,3,1,42,9,59
247,3,-5,-29,39,73
253,1,1,24,9,-51
260,-1,-3,26,-38,-95
257,12,0,31,-13,-34
251,2,6,-49,-3,-79
254,-1,-2,-41,-66,42
254,0,3,-77,-38,-32
256,-2,3,-42,-9,17
257,2,-4,17,29,-49
259,-1,-2,7,30,25
259,-1,-9,-44,-50,7
253,10,8,8,-39,-32
252,-4,-3,63,51,44
251,6,0,-1,-28,-76
253,0,-8,62,72,-131
257,-1,-2,-76,-159,54
262,-2,-7,-73,-6,-41
259,9,-1,-2,37,74
255,-6,3,37,69,53
257,6,-5,57,14,34
255,-2,-9,78,-28,-17
255,2,-1,11,-24,186
266,7,-4,37,-96,26
253,-4,3,-5,-11,9
256,-0,8,-56,26,-56
263,-3,-6,-22,-15,7
260,7,-0,25,-83,-81
255,-2,-1,16,-29,-28
257,6,1,-12,-59,-116
250,3,5,-44,-94,47
259,-2,4,-2,7,90
258,-2,6,-6,18,71
257,-2,5,24,-49,-42
256,-1,1,4,37,10
256,6,-11,22,-41,12
247,5,1,-1,53,10
254,5,10,11,28,-3
251,-1,-0,74,-15,57
255,1,2,-1,6,-22
258,1,5,-6,63,1
255,-7,-3,-12,-50,29
248,-4,-1,-26,-20,-34
255,1,3,47,-12,-7
246,-8,1,13,-82,-20
256,-7,1,-29,-48,-19
253,-3,1,-33,21,62
256,-0,8,68,127,-60
256,3,3,-48,-39,49
252,0,-8,9,-145,93
264,1,-5,-20,-87,-11
252,6,2,-6,-5,-33
258,-4,11,-19,-108,9
261,-11,-3,-15,52,-84
262,4,-4,-1,48,-13
254,-1,4,5,-50,-29
251,1,10,121,-68,-3
254,2,-6,-40,-43,3
263,6,-6,-21,41,12
255,5,5,118,39,41
259,-2,2,1,-43,36
249,-4,2,-5,-36,26
260,-7,4,3,-27,-50
261,1,4,69,114,29
253,-1,-1,49,43,63
254,-11,12,69,59,12
247,2,7,-34,39,95
260,-3,-2,57,26,6
258,2,7,-23,-0,58
252,7,-3,-10,-41,-68
250,-7,-0,4,5,21
258,-11,-5,-36,46,-14
259,-0,-0,-10,59,-40
257,1,0,81,38,-53
252,-3,1,110,-1,-68
253,-5,2,-20,-1,-20
253,-5,4,67,-31,-22
259,3,11,43,-18,-45
252,-1,4,-43,60,-28
263,-5,-15,37,68,-2
262,-4,3,-22,-25,-31
253,0,1,-41,-81,-33
249,-6,-3,-83,-39,6
257,5,-2,79,62,-37
258,3,1,69,-23,-23
259,-1,0,-7,4,-56
263,-7,1,-58,-3,-22
260,2,-4,94,-17,18
255,-8,8,-11,22,-17
263,-1,-2,-20,56,80
251,8,-4,-23,25,93
266,-1,-12,-7,-113,-39
255,8,0,29,-1,-56
256,-0,-7,-3,-65,30
260,5,-2,5,36,-48
264,4,0,4,0,11
255,7,-9,2,-68,15
245,-4,1,-51,-81,-8
263,1,0,16,60,52
257,-1,-1,-3,80,61
256,0,-2,-12,-30,21
253,-1,-3,30,-3,25
257,-7,5,26,74,-56
256,7,1,-51,-28,-35
268,5,-2,-8,24,1
261,8,-7,29,-26,-116
255,1,5,-8,-20,-9
260,-2,-8,14,16,45
256,0,-2,-55,48,-35
252,-5,2,48,-38,-14
263,-6,-2,27,21,37
261,-10,3,-37,29,37
251,2,-4,5,-1,-25
262,-1,-1,-63,46,-64
261,-3,10,-51,11,15
251,-6,-4,66,8,15
263,-3,7,42,16,-63
255,4,-6,-63,54,-39
256,-4,-5,-32,9,25
254,-1,-5,19,-56,-4
254,1,-6,-56,-1,15
256,4,-3,-4,-16,-129
259,-2,-7,-98,84,53
253,7,11,-8,31,-38
261,-5,4,-55,-55,31
257,2,-1,2,-63,25
255,11,-0,27,91,55
261,5,3,44,-20,18
247,-0,6,44,33,50
255,-1,2,-35,-42,142
252,-4,-8,-36,84,-11
252,3,4,12,-4,76
259,-1,-1,-95,23,48
265,-9,1,-15,80,50
245,-5,-5,-21,59,84
265,-9,-0,122,-52,-16
255,5,-3,31,-27,43
255,-5,-5,-27,-86,-83
262,5,-3,-54,25,77
253,-11,-3,-64,49,-79
264,3,-3,-51,4,1
259,-5,7,21,51,19
251,2,-3,-18,-64,1
261,5,3,-22,32,5
260,3,4,-8,81,16
262,5,-6,48,-22,-3
249,1,-2,-8,14,-10
251,-6,5,67,0,19
250,1,2,-31,-7,54
250,2,1,-32,63,20
256,2,5,-66,29,-49
262,4,-2,105,2,30
259,4,1,72,-9,10
250,6,-4,-8,-7,-53
257,-6,4,45,-14,-111
246,10,8,-48,74,-17
255,12,4,101,93,-70
258,1,2,80,-13,19
251,-11,-6,-0,33,55
256,3,5,1,39,14
249,-2,8,-44,3,-69
257,2,-3,-27,44,91
260,5,-6,-99,-56,-10
255,4,1,41,16,-32
253,2,-11,-19,23,19
255,0,1,17,8,-3
249,-7,-4,3,88,-55
254,-0,1,32,40,-39
256,3,-3,28,-8,-42
259,-8,-9,16,59,-24
268,-6,3,67,21,37
252,-3,0,-67,-11,-107
248,4,-8,20,-17,42
265,5,6,-27,-42,-24
261,-3,6,63,12,-39
256,2,-5,28,-61,63
262,-5,-2,-117,21,-165
254,6,-2,110,-62,52
259,5,1,18,-36,-20
256,0,3,64,2,-78
252,4,3,62,-33,144
258,-6,3,-47,18,135
269,-8,8,-6,-44,-21
256,12,9,13,77,37
257,-1,4,-46,52,57
257,-0,-6,13,29,59
245,1,3,-35,-4,-59
254,-8,-4,-2,63,-46
262,5,-2,-36,14,23
246,-2,-10,3,-53,-34
246,-5,-2,49,22,-72
245,-7,1,-62,11,-22
253,11,-1,-74,-67,83
252,1,8,1,-19,-53
261,-0,1,-35,14,-34
250,-6,9,-31,1,71
258,6,2,-88,24,69
264,1,6,-79,-7,-31
249,-2,1,-25,23,-21
256,-4,-7,-47,58,50
253,-5,-2,92,-28,27
250,2,6,66,-33,19
252,9,-1,50,39,17
255,5,-4,107,-92,-1
245,4,2,19,47,7
250,8,0,-32,29,83
253,-9,-6,-78,-113,-4
260,-8,5,21,53,90
261,10,9,-98,12,-21
255,-3,-3,-10,56,-12
247,11,-4,-8,-0,13
260,1,1,-15,-3,-116
255,3,-4,9,57,-54
263,13,1,13,-43,-76
252,-3,-5,8,-96,5
262,1,-12,6,23,-8
259,-6,3,108,-47,-101
255,6,-2,-34,-79,23
247,-3,13,83,60,-40
253,-4,-1,-22,-41,16
256,-0,-0,20,-76,25
250,5,-8,-35,12,-62
250,-3,2,-51,-5,35
256,-3,-3,26,98,82
250,-3,-2,117,-39,36
253,-7,-4,-10,45,73
259,3,-9,139,2,3
259,7,4,92,-12,135
247,-2,-6,-36,27,-48
264,-6,3,22,35,33
259,-3,-7,48,-46,-61
253,-10,3,34,-69,-39
252,4,0,86,-23,40
255,8,6,-25,26,2
262,-4,5,136,-169,-90
262,3,4,65,29,-11
245,2,1,-71,44,-101
254,6,-8,-55,-7,-12
252,-6,3,-47,28,36
255,3,-0,-12,-39,20
248,4,2,64,104,6
253,1,1,18,-22,18
252,11,1,41,-16,-41
266,-4,-4,-102,-40,-0
242,-4,-4,20,9,-8
259,-6,-2,1,80,-37
254,1,-6,-13,-32,-48
250,-3,4,-34,12,63
261,0,-3,-119,-5,20
246,8,2,-48,8,-5
250,1,5,-43,49,42
268,-3,-0,108,4,-10
253,-3,-2,-46,-3,-99
255,1,4,-19,4,109
264,8,-3,-22,50,-68
266,-5,-10,-76,78,-14
253,1,3,-5,8,8
251,-8,3,7,90,58
256,0,-16,-8,23,20
261,9,0,19,-47,-17
259,-5,-2,-41,8,12
253,-7,2,70,-16,28
252,2,1,15,-5,50
264,5,6,44,-10,-48
261,-1,4,-29,-66,39
254,2,-3,61,40,32
255,-5,1,-36,46,-50
254,6,1,69,138,29
257,-3,5,-25,30,-52
254,4,1,-26,-18,-61
253,-8,-4,-8,11,-44
254,3,0,-4,20,11
258,5,3,45,-65,-37
247,1,1,-8,54,-49
255,4,4,-82,-69,83
257,-3,-2,69,-15,18
261,-1,-5,-36,-25,-6
258,-4,6,-85,15,-31
259,-1,5,20,-70,23
252,4,3,52,-38,46
264,-1,9,93,-44,-42
259,-3,1,20,-30,33
265,1,-1,72,33,-3
254,-2,-1,-11,79,90
251,-6,-5,-8,-11,21
250,-4,8,38,105,41
259,0,-1,46,-28,4
254,-2,3,-101,27,-49
259,2,6,45,79,32
259,1,-2,-91,13,20
245,-3,0,-42,89,30
255,-5,-4,-7,36,6
259,-14,3,-38,-8,-4
253,-4,-5,46,-12,51
260,3,-5,127,77,51
256,-1,8,60,72,-88
253,1,1,32,-0,20
245,-5,5,-38,-32,37
252,0,4,-94,65,-3
263,3,-4,-17,80,82
255,-7,1,-26,6,-35
245,-8,0,56,-82,8
257,1,-3,-6,106,-110
257,3,-2,85,-41,-37
254,-2,-1,-0,-45,29
255,4,4,-50,39,110
258,-13,-7,125,-93,-61
257,10,3,-35,73,-14
255,-7,9,20,-12,-18
255,-4,-1,-0,-21,35
255,4,1,-58,-30,-7
264,-8,-9,-52,-53,-25
263,11,3,-5,32,-31
249,4,-1,-72,78,-18
252,1,4,-8,-47,-15
258,1,-5,-94,24,-70
246,-1,1,19,-86,-7
261,-5,-2,45,-40,50
244,3,7,-13,-68,-31
259,-11,-7,-24,60,52
249,-1,0,13,-110,-46
263,-11,-2,-49,79,66
254,6,-3,86,9,46
251,-3,8,-9,-2,33
259,3,4,-68,52,-34
255,-2,7,-43,109,56
251,5,1,-20,-108,-9
248,-6,7,-27,-23,-31
260,-11,5,-4,36,5
251,2,-2,-4,2,15
251,3,-4,-59,62,56
254,-9,-11,37,-26,-36
263,-2,6,31,39,-14
260,-1,-0,-155,-6,-76
261,8,12,-49,-172,26
247,-1,1,-33,-146,18
255,1,-14,34,-5,-15
255,3,7,3,-36,-3
249,4,-1,-26,63,-20
254,3,-1,-3,51,16
250,0,-3,-14,15,-43
261,-5,-1,-6,-43,-152
259,3,2,19,63,-0
259,3,3,111,10,32
256,2,-2,-61,6,33
253,-2,-2,-23,-25,118
261,-1,0,135,24,45
251,-1,-4,-73,-11,-11
252,-2,-1,15,-7,-16
255,3,-3,24,12,-216
265,0,-6,48,36,7
252,-4,12,-18,-71,-3
251,-2,-3,100,-10,85
270,-9,-5,1,-48,31
261,-3,-8,-16,22,47
253,2,-2,-91,-91,93
248,-1,4,15,-61,67
255,-4,0,1,-6,-11
265,-1,14,96,2,104
255,-5,-2,-63,29,12
244,-3,1,-29,-15,-14
256,-1,5,49,26,-125
251,8,2,11,30,-13
266,8,-9,-78,29,-92
248,2,3,-13,4,22
259,4,4,13,76,-61
258,6,-0,-46,1,-13
265,1,-5,18,-55,73
249,-7,-0,9,54,-38
259,4,-7,22,-68,-1
261,-0,3,-0,22,-4
255,9,-4,15,-59,19
251,-2,-2,32,35,61
249,-5,-2,-11,42,-26
260,2,-6,1,60,39
250,-3,0,10,-2,-45
260,-2,6,14,51,-53
257,3,7,-23,-41,-123
253,1,3,30,24,-36
256,-4,1,37,15,24
257,-5,2,-24,33,-8
261,2,5,101,36,64
267,-0,-4,38,17,5
257,5,-7,22,-14,-52
250,10,6,-67,4,6
252,4,2,-97,-43,16
257,-1,-2,73,36,-59
256,3,-5,-31,-107,-37
256,1,-6,-24,43,16
257,6,-4,-21,-68,-68
259,7,4,-57,-129,-9
256,2,-1,-17,27,-8
253,-6,8,-92,66,33
256,1,3,-42,38,-24
259,5,-3,52,-47,-50
258,2,-4,7,41,-108
260,-4,0,-53,60,-34
243,-3,-5,-18,-13,9
246,8,-4,-9,-36,-49
260,-11,-5,15,25,44
256,5,-1,19,-49,-29
257,-1,-3,-52,-13,52
255,-1,3,64,-37,-2
254,4,0,-37,-64,-7
260,1,6,-62,61,-36
257,5,-2,93,-3,-46
257,4,-9,-49,-32,-49
253,2,-3,-53,-28,15
256,2,0,84,-34,74
254,-7,7,-31,-33,6
258,-4,-1,-62,-70,-69
257,-6,-2,-8,145,-92
257,6,16,-47,10,32
258,-1,-8,-25,-60,50
261,7,-3,-5,15,68
251,6,-4,53,2,-10
249,6,2,-13,-24,-46
254,0,-2,87,72,102
250,-2,-2,-78,-36,-18
258,4,4,-44,-85,49
258,-6,-2,54,-77,4
251,1,-0,1,9,37
261,1,4,17,-30,-55
256,-1,-1,-69,22,-27
263,1,8,-8,-43,8
260,8,-4,-17,-23,10
257,-1,2,11,83,-28
262,5,0,49,-4,65
259,2,-4,-16,80,-70
252,-3,-9,-68,-10,-13
257,4,5,39,42,-32
261,1,5,19,-49,26
259,-6,0,-98,54,54
247,3,3,26,-21,-33
262,7,-6,10,42,10
262,-4,9,54,-3,-28
258,-4,-1,14,70,-66
263,3,3,29,-0,19
262,0,3,44,-39,86
257,6,1,-46,21,-2
251,-1,1,23,103,17
249,-8,-3,-35,-20,-96
263,-9,-3,6,-16,-15
260,3,7,75,-69,1
261,6,2,21,45,60
255,4,-5,-39,-18,-14
256,0,6,41,-46,-34
254,-1,-1,-81,1,-68
262,8,-2,10,-101,-82
260,-12,3,-8,-3,50
259,15,-5,-52,54,-76
252,4,1,151,-72,70
258,-8,0,-91,12,-61
258,3,-2,-9,-84,-59
257,-5,6,-35,24,-83
251,3,-2,-54,23,-53
260,7,-5,28,60,-25
252,-0,-7,121,-63,8
265,7,-0,-34,-42,-48
259,-9,-2,-6,14,11
248,6,1,-3,23,68
259,1,-4,-4,-84,-20
256,-4,-3,-71,-29,-17
242,5,2,53,62,20
255,7,2,18,-6,-110
264,2,-1,17,-33,69
264,-15,-1,1,-20,-12
249,-0,-6,29,-5,49
252,-3,7,-77,35,1
253,12,9,-21,-30,22
256,3,3,-5,51,-22
256,6,5,7,-51,4
251,-3,4,-64,-85,-1
267,-1,-2,82,-73,34
262,5,-0,-41,-59,-12
253,-6,5,38,21,94
242,3,0,-41,-22,29
265,1,2,1,-44,75
260,0,9,5,-29,5
260,-4,4,-74,58,-92
262,10,5,33,17,44
261,-4,2,-8,-21,29
259,-2,-0,28,20,64
260,3,-2,-92,-47,41
252,-1,7,-26,-49,-6
259,8,4,120,-27,-4
262,3,2,-45,46,61
251,-3,4,107,47,-62
255,4,3,3,44,44
267,4,10,74,57,28
251,-4,4,-92,-56,30
249,-5,-8,-69,42,-17
254,5,3,-17,-49,32
258,3,-5,-28,1,-9
246,3,3,-6,44,24
255,-12,1,3,76,-89
245,0,-1,14,-48,27
250,-8,-5,20,-5,29
263,6,-11,-19,90,-8
254,4,-6,-7,-4,45
260,8,-0,-37,-21,-27
258,7,-5,62,-90,12
260,9,2,44,22,-4
257,3,-6,25,-9,27
256,6,-4,24,-9,-56
261,3,3,-36,32,15
262,11,3,79,-26,30
249,4,8,50,12,1
252,-2,9,-53,-44,62
249,1,-4,83,87,22
265,7,-5,41,-6,-8
258,-9,-6,-104,31,81
252,-7,5,-37,-4,102
254,-0,-1,-3,27,-31
250,1,1,88,25,102
258,2,3,-47,93,81
253,2,-1,34,-3,5
258,-5,3,49,-0,-50
250,-6,0,44,40,-30
256,0,1,-52,-38,-17
261,1,4,-34,11,9
253,-1,-1,2,-28,45
251,-7,3,-17,-75,9
249,3,0,60,-114,12
262,5,-2,-38,-52,-16
251,-5,1,14,-18,37
255,-6,3,10,45,-70
256,-10,-4,18,28,-27
260,-1,-6,-54,-23,-62
249,5,-2,21,-87,6
253,-4,2,-82,170,-65
261,0,4,0,57,-6
255,3,4,34,-36,34
257,-8,-12,48,-58,20
260,-6,2,-11,-26,23
259,-1,0,26,18,27
265,7,-5,-16,53,-35
257,3,-3,-42,52,5
248,6,-9,-36,17,7
263,9,1,-56,-58,-72
244,-4,-1,169,67,-91
257,5,-5,28,-43,-32
249,5,6,9,11,23
250,-1,5,25,62,-59
263,9,-8,-29,23,49
251,1,-3,19,45,-13
250,-5,-3,-10,66,-34
255,-0,-1,23,-46,-60
261,6,3,56,91,-126
268,-1,3,-39,22,6
257,15,-2,-48,-53,9
259,1,2,30,33,-25
251,5,2,95,15,-19
262,-10,-10,26,42,0
261,5,2,51,-49,-43
257,0,3,48,-24,7
254,-12,1,-37,-39,1
260,-3,1,-33,3,-14
260,-5,-2,-21,39,27
249,-3,-6,-9,-47,-50
256,4,13,-88,-49,33
260,1,2,-12,-55,-108
257,8,-16,49,62,-91
254,0,-0,82,-59,-3
253,11,0,-34,1,38
256,-2,1,-42,-19,-40
250,3,7,-58,-47,-41
262,3,2,115,45,-65
252,1,2,40,31,-20
254,-1,-1,75,67,-70
255,1,-3,63,48,25
252,-5,-6,12,-97,-26
262,-5,0,-43,-48,83
260,7,-5,-67,-11,-16
260,8,3,35,82,17
264,-3,7,-1,33,-38
246,0,-6,-61,-8,-61
268,5,5,-43,46,-90
254,-4,11,48,6,42
259,-10,-7,-38,51,-33
253,2,2,68,-20,-31
253,-1,3,45,33,-32
251,-4,3,18,55,-39
257,-5,-6,-27,34,73
250,-4,1,-57,2,109
246,-8,-3,27,-34,-0
255,4,-0,45,-71,41
243,5,-2,-82,57,-22
254,11,-1,7,58,77
254,3,-5,-57,-9,35
258,-0,5,66,-29,-83
264,2,10,58,26,-85
253,2,-7,39,-29,-17
257,-5,-10,11,-89,4
254,-5,-7,-96,22,-63
257,4,-3,-27,83,-20
253,11,8,-21,-50,70
257,-6,-7,6,39,-33
246,6,-5,-16,-27,-34
258,-3,-4,-40,-27,52
257,7,-7,-21,-9,71
259,0,2,55,12,74
253,-1,-4,64,-15,-1
254,-2,-3,81,-20,32
259,4,-1,26,-47,-50
255,2,10,11,22,-56
256,-10,4,18,-58,-54
257,-2,-2,41,-79,-93
256,3,6,19,-43,-48
267,9,6,-56,-21,56
257,-4,1,-23,-54,70
249,-2,0,-85,56,-18
259,2,-0,111,-16,86
251,8,7,106,56,4
255,3,6,27,39,-80
253,5,-3,25,-53,-2
258,-1,-3,0,48,-51
261,2,5,-18,-29,-45
253,0,-6,-0,-66,7
256,8,-3,-33,121,-61
255,-5,-4,-33,65,-3
250,-2,6,-39,-50,24
251,-9,3,4,-11,93
258,5,-3,94,-50,40
261,1,3,5,-22,137
265,-5,5,-106,30,8
254,-6,-2,122,-21,25
258,-6,-9,6,-87,67
261,4,-2,-60,41,31
249,-6,5,60,31,84
261,1,2,79,50,-61
262,-1,-0,22,20,11
244,-1,4,-56,24,57
261,4,-5,-27,-140,-58
269,-3,-2,-51,-76,46
257,-8,-1,-60,-48,1
256,-2,0,-79,-106,-22
262,3,6,19,28,41
255,1,-8,-42,47,-39
254,-1,5,-77,51,-24
251,3,-3,7,-18,-76
255,-7,8,-63,66,-3
248,1,2,22,17,66
245,-1,-6,-66,22,-20
253,8,-2,21,23,6
257,-9,-2,-58,11,-33
255,-12,-13,77,-9,-60
256,-9,-0,-15,-7,28
258,-1,-6,12,4,17
261,6,7,75,2,6
257,-1,1,24,12,16
251,11,5,13,19,-113
263,7,-0,20,38,-4
256,-2,-1,-33,36,69
255,-11,-1,-57,28,-13
252,4,-2,25,-50,7
266,2,-7,-71,-78,45
255,-5,-2,-26,54,36
259,-4,3,-22,18,3
248,-5,5,15,63,38
253,4,-4,9,39,-15
255,7,-2,41,14,-52
269,3,-2,97,24,49
257,2,3,-35,31,8
258,1,3,-19,-109,12
254,2,-6,46,-71,-10
260,0,-15,41,50,56
248,-1,-2,11,31,-39
246,-4,-4,18,67,-14
254,-6,5,18,-111,8
255,1,6,3,27,5
254,-9,-6,-46,-5,5
253,-3,-8,-56,77,20
254,3,-4,-75,-13,-11
257,-2,0,-21,11,-39
269,2,0,44,-26,-33
248,-11,-0,-35,48,-49
254,5,-5,-43,75,71
260,1,1,16,-6,89
259,-1,-6,66,48,-44
259,3,-9,13,-7,-56
254,5,3,-8,25,-32
259,6,9,-35,97,-7
255,-6,3,16,83,-8
257,6,-0,-70,35,5
257,6,-10,-61,-14,-50
262,-1,-0,-56,76,28
256,-0,-9,1,-4,4
258,-4,7,-27,-55,-43
256,-11,3,32,-19,57
261,2,-10,24,-4,-5
250,3,-2,24,25,-7
256,2,4,-9,64,33
264,-1,4,30,36,9
246,-1,3,16,26,-32
260,0,6,-34,126,8
253,-6,2,6,-93,-46
258,4,-4,-59,-42,37
251,-1,-11,28,4,-51
249,-2,-6,52,-67,-44
266,-0,7,19,98,-102
256,4,-1,17,80,-38
253,0,-7,97,114,28
256,1,-1,-22,36,28
255,-5,2,51,-25,-145
256,-1,2,-108,-42,-23
257,3,4,41,55,35
252,7,2,-58,19,60
258,2,1,-48,-35,10
252,-3,-1,-16,13,-78
244,7,-3,33,-45,24
260,-7,1,18,12,1
251,-6,-1,-26,78,64
256,-5,0,-76,15,-34
257,1,6,-13,-45,75
256,-14,-2,-25,-32,44
260,4,-1,-0,-23,-62
259,-8,-1,36,-40,-74
257,5,6,-11,2,-39
257,14,-4,-85,-72,32
258,2,4,86,51,45
257,2,-1,22,55,-69
258,-3,-3,-60,-100,-87
258,-2,1,57,-31,-54
257,2,5,60,-22,55
255,-3,-1,84,16,48
258,2,-5,-78,82,-90
249,0,7,71,-123,-48
256,4,6,64,-27,45
254,-6,-1,-22,-7,-9
249,-2,3,5,-12,10
262,-2,4,70,-9,-6
259,10,-2,-10,-31,-55
260,-3,-2,47,-44,-37
257,-7,-11,-76,-3,-4
249,4,-6,24,-53,-16
260,-4,-2,-9,-36,-9
261,-1,6,-25,-79,93
257,-6,7,114,-41,23
252,12,-8,31,31,-28
259,-0,12,8,-151,62
262,-3,7,127,8,-36
252,-6,3,33,39,25
257,-5,4,49,-104,28
261,-0,3,5,-63,-37
257,-6,9,105,-23,51
252,-3,-4,-13,-5,-67
252,-3,3,-51,56,-44
256,13,1,31,-86,-56
250,-7,-6,-3,-41,73
251,3,-1,-21,44,-54
253,-1,7,22,20,24
257,-8,-3,-50,27,-31
256,-3,-3,-113,-11,-18
265,3,-3,-55,19,42
246,-10,-7,25,55,-51
252,-3,3,-7,-29,37
253,5,-2,-141,9,-145
257,7,-2,-28,-6,-74
257,-0,8,21,-13,6
261,6,-2,27,-2,14
260,6,6,1,19,-11
263,4,-5,-29,32,-74
251,-9,3,35,-3,54
242,3,-1,86,17,-124
250,2,2,-113,-20,28
258,4,0,138,-24,-6
255,-1,-4,23,-8,-18
261,-7,-1,38,-11,-21
254,-6,-1,-32,17,98
262,-4,-12,50,-70,70
260,-6,9,110,0,30
249,4,3,28,16,59
254,3,-2,10,128,-34
253,6,-4,48,-7,21
260,-6,-6,-47,-57,36
248,9,10,8,89,28
262,6,7,18,-16,95
252,-4,-0,-31,65,-1
251,-0,7,-25,-31,17
250,-6,-1,28,5,20
252,-6,7,16,25,26
253,4,-6,-184,-61,-29
252,5,-0,21,73,37
248,-0,-7,57,56,21
243,2,-4,99,-8,39
256,-8,-2,-7,-27,95
252,-4,-4,74,83,-66
250,0,5,-51,-22,1
246,-2,5,-49,-55,22
257,-0,-1,70,20,-14
250,9,-6,51,-29,51
262,-6,0,-24,104,20
255,2,-2,-24,-3,-1
256,-1,-2,38,38,48
259,-12,8,-62,-9,-9
258,1,-1,52,27,-79
261,-0,1,6,1,61
257,1,-9,-105,-56,1
255,-5,-4,36,-39,-12
258,3,5,-39,-9,-77
256,9,-3,29,61,16
249,-2,-1,1,15,89
257,-4,3,87,-1,10
254,3,6,53,14,-16
258,3,-13,-36,-109,-33
252,7,-3,-91,-8,18
257,-2,-3,14,-21,9
263,3,5,-40,14,-60
251,0,9,-65,45,48
250,0,2,-21,33,29
247,-4,-5,-56,-47,-60
258,2,-2,152,48,-48
262,-3,-3,25,53,-30
257,6,-2,35,70,-75
250,-1,-3,106,-66,23
264,5,-6,-66,-59,-19
255,-6,-2,-7,-15,-1
265,2,1,-8,-67,5
257,-3,-9,49,-16,-29
253,3,2,49,-59,69
249,5,4,18,-76,-13
257,2,-1,-32,42,-2
253,14,5,47,-65,-67
252,-4,-1,-9,-67,26
252,-10,1,107,7,2
253,2,-8,45,-41,-90
253,-7,0,-63,-1,7
262,2,10,-118,58,29
252,2,1,-53,-23,-71
262,2,-1,-112,-54,4
264,-1,6,-34,-6,67
257,-1,-3,23,13,15
258,0,-0,98,-11,-85
256,4,-6,31,-0,-96
263,-5,9,-23,-63,-36
259,11,9,108,-33,36
245,2,6,45,20,60
257,0,0,-0,17,21
253,7,-11,-9,-7,32
260,4,-4,-51,-7,-2
255,-5,1,-33,16,56
261,-6,-3,-12,121,55
252,10,-4,-45,37,58
254,5,-9,-52,-49,-8
261,-9,6,25,32,25
257,8,7,-55,5,68
258,-2,11,101,87,-1
248,3,1,-5,-20,-25
257,6,8,-42,-72,10
253,4,2,-29,12,-8
256,-8,6,19,-41,-6
253,-9,4,-52,112,-10
256,-6,7,-36,20,-34
248,5,-3,42,18,-20
255,1,-6,35,85,-3
254,-1,1,-15,-37,-9
254,3,14,-40,53,-6
261,1,-7,38,55,-40
263,9,-9,37,-7,-113
250,-1,-9,-50,-44,1
258,-2,2,6,45,16
263,9,1,-55,-62,-58
260,8,8,37,78,102
258,-3,6,98,-73,-46
265,3,2,-48,-15,78
256,-4,5,7,8,3
258,-1,-0,-5,47,-94
255,9,-7,4,-11,-32
262,-2,-4,13,1,-80
254,-4,3,20,-34,-46
252,2,6,-93,33,3
265,-7,8,-28,-69,124
259,4,6,-21,42,39
259,2,1,89,15,-46
260,-14,-0,46,-134,87
256,4,-1,108,-33,-115
248,-3,5,-39,72,62
246,-4,6,45,-15,-121
264,2,-11,-19,60,69
249,5,1,-48,-46,63
254,1,-7,34,11,-81
261,-2,-1,26,-15,67
261,-4,5,-71,-16,-23
255,-2,4,-79,-42,7
253,5,-7,-20,42,6
256,7,-1,-57,-25,-15
259,-6,-8,28,-17,57
254,0,-4,18,66,-5
261,12,-0,-5,-18,56
261,-5,-9,-32,-10,102
253,-5,-4,-62,38,-35
258,9,1,-73,100,15
246,0,-6,-47,-60,3
261,-5,-3,124,9,-102
251,1,8,-127,111,-27
253,-4,8,-28,37,-20
263,4,2,-22,-79,25
255,7,-8,11,-17,-5
256,1,1,-33,58,-26
262,-2,-6,-64,20,81
247,-2,-8,-82,5,35
259,-11,3,-40,63,-13
247,-9,0,28,-39,16
259,-5,-8,-23,-11,-74
251,-5,5,-6,-79,-33
251,2,-1,-25,-26,25
260,8,6,-23,125,62
252,10,-0,-10,-35,-30
256,5,-6,32,30,-23
249,-2,-11,103,14,41
261,-2,-9,58,-1,-3
252,5,3,9,6,-85
257,4,-5,-16,19,-22
263,-3,2,13,44,58
244,-4,0,-52,6,2
258,-3,-4,3,16,101
249,-2,-7,-69,11,79
250,2,-4,-129,74,-66
263,3,6,-28,38,1
262,2,0,7,42,-47
255,7,-6,11,146,79
259,1,4,-36,-21,-40
251,6,-3,14,27,41
258,-2,5,2,-58,5
262,4,-0,-36,-53,-47
249,-10,-1,-30,-83,25
254,-6,4,-33,1,37
254,5,2,-17,13,-21
244,-8,2,35,-2,-10
256,5,1,19,-15,15
251,-9,5,164,-65,1
259,-4,1,62,17,-79
258,-8,-5,-44,9,-8
252,6,0,37,-28,-1
252,5,-2,-40,58,52
257,5,7,-30,19,94
251,3,1,-45,-85,46
256,13,10,39,-8,3
255,-3,0,-58,-13,41
244,-3,-0,-150,45,-8
257,-11,-5,52,12,-7
253,3,11,-19,-21,95
249,6,-1,47,30,-7
247,-4,7,8,75,106
259,4,3,-86,40,-68
256,1,-0,-57,-26,12
258,-0,-11,52,52,11
260,-3,3,19,25,-20
249,1,2,69,-13,86
254,-1,5,23,-48,43
264,1,-1,-32,65,-20
266,-2,3,-62,-50,-95
249,7,-8,10,-60,-62
251,-6,-1,43,-117,-0
258,-1,10,-51,-15,83
246,-9,-5,-46,-34,-1
257,-4,2,-33,18,-26
251,-3,8,82,-5,-58
253,-11,-2,5,62,-17
262,3,0,5,-43,40
250,-2,-2,3,-42,-37
254,-7,-1,51,41,-31
252,-5,-5,-39,-15,-12
246,-1,-8,10,100,-44
258,-2,5,77,-10,2
255,7,3,97,-33,28
252,7,2,15,-84,41
255,-4,12,-74,-39,54
250,-2,9,81,-65,-10
256,-1,-4,-105,-17,-12
254,-4,-0,7,-42,27
259,5,-5,-5,46,-11
250,7,4,31,49,88
259,2,2,-13,-32,-90
252,2,-6,3,-73,108
260,4,-6,56,-8,56
256,-1,6,-19,89,104
265,3,-8,-25,14,-21
262,-1,1,61,23,-24
256,-6,-1,19,20,43
253,1,2,-60,28,28
265,1,7,-14,31,-47
259,4,-3,2,9,-9
254,-4,-0,-53,-77,-20
247,2,-1,-11,-50,37
258,4,3,-61,33,65
262,7,1,-46,81,-58
255,-1,-1,107,11,-27
245,4,2,-52,22,-19
262,2,8,6,1,-57
256,-1,2,-10,-28,-13
260,2,1,-22,-80,-25
248,1,3,44,44,29
261,-2,-5,-42,-30,-25
252,5,3,-49,-58,87
256,0,-6,-90,-16,31
261,-3,5,15,-51,-60
254,-3,8,6,22,-49
265,5,-2,-100,-5,-7
267,1,-4,-27,49,-30
260,6,-7,-50,-34,50
256,4,-0,11,-92,65
247,-5,4,-4,46,-98
257,3,-7,14,152,-47
265,5,-3,90,28,83
257,-0,12,36,16,-27
255,7,4,42,34,17
252,-1,-4,49,17,60
262,-7,3,2,-33,5
244,-1,-8,-32,5,-5
257,3,-7,-2,-139,-58
259,1,3,-27,-48,83
254,-9,4,23,-21,45
264,2,-7,28,-69,-16
251,0,-4,-127,-10,19
252,3,2,-35,80,66
252,4,3,-30,78,-20
247,-1,1,-109,-81,-55
246,-1,1,-29,20,-70
256,-10,1,22,-80,2
261,4,-3,-24,-17,-55
258,3,-9,5,-27,-10
254,-4,-4,-73,-85,-3
256,1,-0,6,-87,-19
261,-10,-2,49,21,-14
254,-5,6,71,-12,-68
257,-2,6,-23,45,-52
252,-4,4,-8,9,10
256,-6,9,-51,83,-69
254,5,2,-58,9,31
247,-4,-6,81,24,29
263,0,-6,20,9,-46
259,8,-3,25,-52,-53
255,8,-7,-58,-96,51
252,7,1,-52,-9,151
256,-8,-6,2,-25,-50
261,8,-0,-24,20,5
252,-4,2,65,-8,-28
252,-0,2,-4,85,55
252,-5,4,-24,-10,100
252,4,-1,-83,8,-51
262,-1,-2,-9,17,-15
254,-9,5,76,-122,-59
256,4,-7,38,85,20
252,6,-1,-2,54,-54
260,-0,13,-10,11,-9
253,6,-14,-11,86,12
248,9,4,-7,20,-10
259,2,4,51,29,-9
262,2,-5,-88,-9,29
260,-2,-5,96,4,-37
249,-3,4,21,82,-20
264,2,-7,-10,22,-7
251,-2,-0,-70,47,-24
257,4,-5,-61,33,11
260,-1,9,-42,-37,11
262,-1,5,-66,-26,9
253,1,2,94,14,82
251,6,-3,-64,5,54
254,-10,-2,85,-81,-89
250,-2,-1,49,-72,52
259,-11,-4,-21,-29,85
255,5,2,97,14,38
256,2,7,46,103,37
248,3,11,6,-129,20
264,4,-4,12,50,-15
249,-2,-2,-11,-129,-73
259,4,-3,-51,83,-25
252,-8,1,-1,-97,-66
253,6,5,24,7,-79
257,2,-6,41,10,22
250,7,1,-45,75,83
264,-2,1,-2,44,-2
253,-7,5,-41,-27,52
259,-5,5,-28,8,3
257,-2,3,-80,-3,104
254,-2,4,52,-4,74
264,-6,-8,17,45,-66
257,5,-5,-4,35,18
261,-4,-1,-78,-83,-93
254,1,0,12,-89,1
251,3,6,9,-42,-48
256,10,1,-10,-29,13
252,5,2,55,-47,-109
257,1,11,8,33,7
259,-2,12,-52,16,-8
255,-5,7,-16,21,-68
260,6,-6,-5,45,-59
250,7,-7,-37,40,-31
257,-2,6,72,-16,19
260,3,-3,-38,22,-6
249,4,-6,0,-32,61
256,8,-1,-3,46,10
248,-0,1,-2,-33,42
252,1,2,11,29,34
264,-2,2,-51,-24,100
261,7,6,88,-7,59
248,-2,3,-47,-33,2
262,-10,6,-53,44,-29
245,-5,-5,72,61,82
259,-1,-3,40,28,8
250,-1,-2,-11,-20,56
261,4,-0,-63,-65,-76
256,-6,-4,2,-16,53
257,1,-3,50,27,115
254,3,2,-14,-70,-56
256,-7,5,55,-19,32
263,8,1,20,-12,104
252,0,0,17,-21,-25
252,1,1,-6,76,-16
255,-10,-3,83,28,79
254,5,2,14,57,-10
256,4,4,16,-22,40
259,-6,2,-72,-4,24
249,-6,9,-2,4,-49
258,-20,-4,-45,-15,-34
259,-6,-8,-69,2,-37
259,-5,4,69,-24,24
255,-2,-3,-109,-14,58
255,-6,3,-156,-33,34
255,5,-3,19,-58,7
254,-3,-5,-24,-9,4
258,13,-4,-44,-31,18
253,4,11,-21,24,-65
249,3,-1,-128,-30,0
248,-1,-4,46,12,74
256,-2,-3,-10,-26,-6
261,-1,-7,-3,-97,48
253,-4,5,6,12,-56
258,9,3,26,27,97
253,2,-2,-1,-36,62
263,7,-2,-9,-47,-67
252,2,-0,-34,40,-5
257,7,3,65,52,-65
253,-3,2,-69,-16,-66
259,-2,2,51,-0,-55
259,-3,-1,-46,-51,25
255,11,-5,-38,-13,114
254,-1,-3,53,35,-11
261,10,-4,55,-62,-29
253,-4,-0,-3,10,24
259,3,1,26,-26,-45
251,-8,-7,42,80,-86
244,2,3,-2,-40,-3
263,11,6,16,12,-33
265,3,-3,-3,28,23
258,-1,0,42,18,-82
251,-0,7,-75,8,-29
258,12,-5,61,-63,34
249,4,1,-94,39,27
256,6,-1,40,-70,14
259,3,-11,-59,-25,-19
248,-0,3,45,-116,17
249,-5,0,-86,-32,31
260,-1,5,6,22,20
245,-2,-12,145,45,33
253,1,-0,-18,-53,36
260,5,6,-79,3,31
251,3,4,-157,16,-35
267,-0,11,68,43,-106
252,-2,8,-47,-19,-15
255,-4,-5,-8,-80,18
252,1,-6,-16,-5,-115
251,-0,6,21,-97,-11
255,-0,-2,-31,30,26
258,2,7,13,-51,-60
251,-2,5,-20,-101,-1
257,-1,3,-16,63,-43
255,3,-9,-5,-4,-17
250,3,3,44,-42,-52
260,6,4,-37,-151,9
252,4,-5,-25,20,-54
260,14,-3,45,-35,-29
254,7,-3,10,22,51
257,-1,11,69,-47,1
265,6,-3,53,-69,-49
259,4,1,22,-112,-59
247,-1,-5,-52,-70,29
256,3,-0,151,-27,53
252,1,-7,14,34,140
250,0,0,-61,-20,41
266,6,-5,-89,71,70
259,6,2,131,-23,-75
256,-3,-2,56,-39,29
252,-4,8,13,75,33
256,8,-4,-75,-13,31
252,2,-2,80,74,-14
267,8,-6,-57,-85,-31
261,-4,-7,22,-5,-39
256,-4,-6,-1,-45,128
257,-3,0,14,-67,-71
250,-3,2,-5,-50,-88
266,-6,12,-94,-23,52
255,-3,-2,33,19,-26
251,7,1,3,-63,-16
263,2,5,54,-87,128
253,-2,-3,55,29,-1
248,12,6,44,-19,70
261,1,3,16,-35,22
253,-3,-2,-21,39,29
249,-4,0,-53,20,-28
256,-4,1,-15,-43,-22
262,-6,6,-74,-31,-37
252,-2,-4,-52,-54,35
258,4,-6,-29,-116,11
259,-2,-4,42,-105,13
261,3,2,4,-87,49
257,2,-2,-19,-0,-44
251,4,-2,93,-78,12
258,1,9,51,-36,-9
248,5,5,-39,60,19
256,2,-5,51,7,6
255,2,5,-9,15,-88
258,8,-8,48,-43,33
255,3,-3,86,59,8
248,2,4,-76,113,39
253,-0,11,-16,-27,2
244,-5,-1,-7,0,28
263,4,-4,-70,-26,10
266,0,2,46,5,-68
256,1,4,27,38,80
260,-8,-3,18,-29,-11
256,5,-2,25,-38,-34
261,9,9,-55,-53,-19
259,5,-3,43,-35,22
258,-1,1,29,36,-14
253,-10,5,-8,-34,8
244,0,7,-104,-16,-18
263,6,2,41,30,28
260,-5,5,-21,25,10
254,1,1,-31,21,30
263,0,-3,-21,-3,-28
259,0,7,64,2,17
254,-1,8,-31,93,34
259,1,11,-3,-27,32
261,-0,9,79,-33,-87
262,1,1,-57,-62,-17
253,-13,0,42,48,-38
260,2,-1,2,9,87
250,4,-2,21,49,-24
259,-1,-4,-16,31,32
264,1,-8,-21,10,23
257,9,-6,16,31,29
246,-2,1,-46,-31,42
250,5,-1,-77,-0,9
257,-3,-1,88,33,91
257,-5,3,-73,24,38
249,2,8,-13,28,-95
251,-2,5,18,-1,95
250,5,2,-128,-32,-79
256,-2,1,-110,-35,60
262,-0,-3,1,-11,2
250,10,5,-64,51,-10
257,2,3,15,-75,29
260,-5,-3,-0,-54,10
252,-0,7,3,-43,19
254,-6,-4,30,54,51
254,6,-7,-10,41,34
251,2,-5,-1,-68,31
260,-8,-9,121,38,32
265,-4,-7,-13,-21,22
262,-3,-3,12,-3,-41
258,-5,-2,-16,-23,-18
252,6,-8,30,-2,10
250,8,-4,1,9,-39
250,1,6,19,24,-131
253,1,2,4,38,-69
251,-6,7,31,-79,-95
247,-10,-2,-9,8,-33
250,3,2,55,3,135
257,0,3,65,27,-96
260,-2,4,46,-34,-15
251,-6,2,-19,-64,90
263,-3,-5,-4,20,-14
256,-0,15,25,-11,-25
260,7,-9,-38,15,46
257,-6,2,-9,-75,87
260,-3,-5,-55,-3,-49
248,-6,-4,48,-8,-28
262,6,2,57,-18,87
255,6,-1,62,-42,3
248,-1,-3,12,-22,-24
252,-2,-4,-17,-26,47
254,-5,-5,-53,38,31
264,10,1,-41,-13,25
254,-3,1,16,-66,-41
254,1,-1,-51,21,-153
252,-12,2,63,55,-2
258,7,-2,-77,-21,75
247,-11,-0,-59,-75,21
257,1,1,-65,-92,16
252,3,5,79,-35,92
260,4,-0,-7,-5,-48
259,6,-6,-43,-33,-4
260,-1,-2,47,-4,24
254,9,-4,49,26,-34
252,7,-2,-60,-2,28
250,8,1,-9,-37,67
255,-5,-5,-21,-2,-50
260,3,3,59,27,47
251,1,4,-7,-59,-35
263,-4,-5,74,7,-10
262,-5,-0,-55,-37,29
254,3,2,62,-28,17
257,-3,-5,-74,47,66
257,2,-9,3,-51,71
253,1,-12,22,25,123
260,-3,-1,35,2,-36
255,4,0,38,5,28
261,3,-0,62,-107,19
260,1,-5,-149,-9,-31
266,-1,4,-66,19,27
255,1,3,-19,45,-43
256,1,-5,12,40,-36
253,-5,-2,43,29,-16
256,2,2,11,-58,-17
253,-8,-1,91,10,17
258,-1,3,46,9,118
248,-2,-6,-36,1,43
260,-2,-7,-9,-55,-25
260,5,6,72,-16,-47
258,2,-2,-12,90,1
243,-2,-8,29,7,-83
259,0,-3,-42,-32,-1
254,-8,-3,-58,26,70
256,-1,-6,-73,31,3
261,-13,-9,-44,18,-33
249,3,-2,3,-33,43
259,-5,2,-13,57,80
267,3,2,36,-19,-31
250,2,2,68,17,71
252,-1,-6,13,65,-14
262,5,-2,-44,-41,3
254,6,0,25,-40,3
