54,-261,0,-151,149,6
50,-295,0,30,105,-213
-80,-153,0,274,115,-93
98,-95,0,429,126,-8
54,-175,0,-322,142,-67
74,-142,0,80,72,-75
134,-170,0,54,-17,36
22,-104,0,297,109,-185
72,-76,0,-305,-109,-260
120,-7,0,210,-85,17
118,-90,0,-281,-32,-15
75,-77,0,-237,61,25
157,-45,0,-284,-317,-177
90,50,0,93,-286,-123
171,58,0,153,-83,410
252,96,0,86,-32,106
110,127,0,-195,132,-50
122,57,0,361,-39,-182
168,60,0,411,-41,324
269,97,0,107,70,26
185,53,0,-89,394,30
158,61,0,-70,-87,-463
196,128,0,503,-344,108
128,9,0,79,-25,310
103,33,0,-14,65,-92
80,9,0,73,81,-26
133,-16,0,159,-270,13
76,-99,0,-133,43,122
102,-14,0,-243,-127,254
45,-31,0,-128,98,-498
95,-1,0,33,-2,-50
95,-45,0,-221,-76,193
79,-92,0,-86,-59,406
88,-31,0,-72,103,246
56,-81,0,-55,-125,-255
77,-30,0,-182,-33,-176
73,-193,0,-145,100,-121
74,-197,0,90,-79,146
18,-236,0,138,-209,213
-39,-250,0,145,-78,137
-47,-301,0,-66,63,74
54,-253,0,144,-245,-20
-34,-226,0,-84,133,-260
-37,-334,0,300,205,157
-15,-349,0,200,-142,-46
-31,-419,0,47,67,-22
-38,-401,0,-72,88,-314
-126,-461,0,234,-13,205
-64,-407,0,-223,82,-76
-129,-495,0,-427,322,-593
-132,-360,0,289,172,99
-111,-475,0,-46,285,-122
-102,-534,0,-140,-308,-100
-38,-506,0,-76,-58,-209
-114,-591,0,-93,-319,-26
-229,-560,0,72,355,82
-117,-572,0,93,-175,-173
-143,-587,0,214,32,-118
-222,-552,0,-286,111,180
-120,-579,0,163,-9,224
-141,-578,0,206,-105,-123
-162,-714,0,-167,66,220
-263,-563,0,63,-168,-182
1,-593,0,95,99,-24
-132,-497,0,76,-199,-241
-123,-504,0,-379,163,-11
-180,-583,0,91,-268,289
-108,-491,0,163,131,266
-137,-457,0,-45,159,443
-113,-382,0,-0,7,324
-90,-363,0,17,106,-89
-169,-480,0,-281,282,49
-115,-446,0,65,-59,40
-77,-389,0,-27,321,-62
38,-382,0,-40,136,-274
-193,-386,0,-3,-82,12
-83,-335,0,260,-425,448
-41,-304,0,-251,117,45
-13,-286,0,335,-231,-259
-42,-199,0,-35,81,314
46,-202,0,-116,32,-79
-15,-128,0,302,38,32
83,-247,0,67,-42,-97
53,-211,0,217,96,104
78,-103,0,-71,-113,-295
75,-149,0,63,-290,53
117,-117,0,-164,-44,95
97,-67,0,163,-350,-38
153,-71,0,228,-145,-209
123,-45,0,11,-162,-25
143,-27,0,-247,-311,73
204,-34,0,-37,-121,119
168,3,0,196,-187,-376
164,57,0,-45,71,59
149,67,0,89,403,73
143,-1,0,85,60,205
194,2,0,212,-287,-61
10,-27,0,33,181,-63
100,105,0,69,201,200
91,41,0,-145,69,178
212,85,0,170,-256,314
180,84,0,123,14,-225
62,2,0,-37,-397,-333
122,-11,0,-132,84,173
206,3,0,-31,251,74
199,-93,0,44,139,92
153,-25,0,58,104,78
102,55,0,-275,-10,-273
81,15,0,-109,116,-284
96,-60,0,-253,-34,30
18,-47,0,14,-164,-87
99,-26,0,-267,-111,-106
55,-90,0,-120,-66,348
-29,-125,0,183,-286,328
77,-88,0,-45,195,70
20,-240,0,-160,103,-124
33,-184,0,130,-176,193
33,-282,0,-51,418,51
-4,-313,0,-380,82,132
20,-291,0,-342,116,-23
-87,-241,0,13,-505,61
-62,-289,0,-77,214,-258
68,-389,0,-74,246,-203
-38,-356,0,-6,-176,-5
-63,-412,0,292,154,180
-59,-368,0,-7,149,-133
-40,-387,0,193,-210,-290
-39,-387,0,212,-159,-139
-22,-515,0,-105,-25,346
-119,-483,0,79,271,222
-83,-503,0,-421,-287,87
-179,-592,0,-32,56,43
-147,-489,0,-123,24,-268
-122,-468,0,-97,-154,250
-150,-603,0,511,137,129
-74,-545,0,387,328,-343
-166,-432,0,-4,37,54
-156,-540,0,-113,-197,-113
-113,-562,0,-8,-31,-18
-201,-589,0,327,-121,147
-154,-515,0,-347,34,205
-69,-463,0,-48,-109,154
-90,-438,0,-155,384,-121
-108,-513,0,271,217,-44
-65,-534,0,-395,345,16
-167,-491,0,171,15,-245
-154,-491,0,-25,1,326
-189,-358,0,12,-65,-101
-119,-462,0,99,139,111
-28,-503,0,355,-92,42
-112,-390,0,-74,-221,-105
-22,-386,0,-67,-130,-349
-116,-260,0,-189,-19,59
-28,-292,0,-427,-292,-153
-50,-288,0,285,-5,-42
-85,-330,0,86,-176,226
13,-217,0,-82,-3,6
34,-287,0,-518,-90,-97
-55,-138,0,197,-76,-108
10,-52,0,277,180,153
53,-134,0,-1,411,-13
106,-105,0,77,45,-5
149,-29,0,-113,-47,-145
101,-142,0,78,-205,-243
23,-103,0,19,-156,175
102,-79,0,351,97,-48
32,-97,0,-31,94,-72
88,-120,0,-168,-224,68
54,-38,0,-84,-185,-208
65,-4,0,-31,-132,-31
175,-26,0,34,195,13
73,30,0,-218,190,-373
65,-6,0,133,76,175
63,11,0,-70,44,74
150,11,0,-151,6,-14
208,22,0,-545,41,108
168,94,0,166,215,61
73,21,0,289,-103,114
206,29,0,214,-229,39
113,43,0,-367,233,121
189,-52,0,-174,94,-243
50,-44,0,-499,-133,89
63,-28,0,-78,117,-135
212,19,0,-190,186,-319
154,-63,0,-395,45,-181
82,3,0,-529,129,-13
221,-30,0,-188,-132,-59
171,-64,0,-15,-17,-30
87,-76,0,-109,-27,-103
123,-130,0,246,143,101
96,-95,0,59,-311,202
36,-150,0,420,-269,391
94,-43,0,230,171,11
53,-165,0,474,-53,-244
84,-154,0,-152,-133,-169
72,-281,0,43,-166,-34
-12,-211,0,-134,240,40
62,-237,0,103,-68,70
-51,-246,0,-25,167,-94
-39,-362,0,-397,146,188
-76,-284,0,137,434,49
50,-422,0,68,-225,-190
-7,-493,0,128,26,122
-43,-431,0,-179,99,-33
-112,-523,0,18,239,-24
-94,-424,0,173,245,-126
-91,-432,0,31,-59,267
-112,-538,0,73,-145,380
-161,-516,0,123,-251,12
-76,-530,0,-81,246,31
-79,-452,0,196,25,58
-161,-478,0,428,96,-239
-173,-615,0,61,-55,233
-83,-591,0,168,261,-232
-100,-605,0,263,-291,81
-176,-621,0,136,691,220
-187,-618,0,-41,-8,-174
-220,-573,0,-147,-265,15
-39,-491,0,123,133,3
-105,-547,0,-33,458,51
-63,-510,0,55,-62,-240
-102,-554,0,-195,116,-64
-115,-482,0,-10,-5,-111
-190,-572,0,66,-119,-164
-132,-462,0,-128,-115,216
-75,-502,0,202,122,-79
-134,-517,0,-5,-71,37
-129,-390,0,16,133,-74
-118,-399,0,-359,148,-230
-51,-406,0,-44,-198,-197
-49,-436,0,-241,-196,-80
-58,-335,0,-120,-102,222
-109,-335,0,-510,-59,-327
-6,-305,0,49,-259,71
49,-320,0,155,-206,32
-26,-269,0,-213,200,-224
72,-311,0,154,336,-16
18,-226,0,-76,228,-153
37,-252,0,225,-184,-336
-75,-220,0,-76,-369,93
-102,-132,0,160,-37,-115
11,-135,0,-108,139,-229
62,-100,0,313,-32,66
150,-45,0,31,-46,157
100,-130,0,-182,256,-221
109,-66,0,-209,-257,91
238,-49,0,191,-213,15
101,-38,0,-186,-372,-133
113,-0,0,160,103,-188
83,4,0,173,218,-215
139,52,0,308,278,-253
157,59,0,286,54,-264
65,16,0,-383,-215,-166
85,107,0,87,80,165
153,56,0,67,-3,-231
201,93,0,-51,129,182
207,-38,0,97,-52,131
179,-20,0,1,4,64
-26,106,0,-269,227,220
131,-30,0,273,-21,-160
186,105,0,-2,-413,100
70,3,0,66,-185,-28
93,48,0,472,208,-65
54,-60,0,-60,-125,605
29,8,0,322,230,288
132,-28,0,193,339,-174
72,-73,0,-196,58,-57
30,-4,0,-104,-360,-84
95,-59,0,34,-142,182
103,-106,0,-36,-2,57
38,-106,0,55,250,-158
5,-183,0,-181,162,-22
13,-164,0,126,207,199
-21,-184,0,19,-240,187
-89,-97,0,7,-164,-33
-40,-239,0,-192,-303,91
-75,-206,0,-2,215,7
-7,-314,0,161,-140,175
2,-305,0,102,-222,243
-135,-326,0,361,-183,25
-20,-424,0,-70,-12,-153
-128,-410,0,-4,204,-85
-100,-474,0,70,307,38
-69,-514,0,143,518,312
-28,-483,0,47,-1,-240
-104,-544,0,-184,-91,-74
-160,-437,0,13,-81,-160
-180,-443,0,-33,40,352
-87,-421,0,-223,-30,207
-186,-564,0,93,132,25
-240,-511,0,-316,58,-161
-74,-587,0,-108,-244,1
-214,-535,0,375,-405,-160
-204,-642,0,313,140,-92
-198,-584,0,39,-48,143
-199,-501,0,241,240,20
-129,-580,0,95,-37,-233
-113,-510,0,367,-25,-39
-166,-493,0,-285,-114,-74
-138,-616,0,56,-204,53
-182,-558,0,310,-34,-158
-194,-484,0,58,444,367
-79,-486,0,23,-349,328
-98,-483,0,144,-20,87
-95,-423,0,-45,-67,-355
-93,-372,0,-117,52,190
-184,-485,0,11,556,15
-79,-377,0,158,-202,355
-32,-372,0,-130,-74,-11
-64,-425,0,140,-71,-341
-61,-227,0,-329,-144,-310
-0,-373,0,-191,-46,-146
29,-303,0,-313,-71,109
-18,-235,0,68,245,-68
28,-270,0,341,-193,179
47,-226,0,-95,-14,-330
46,-211,0,-69,41,178
-21,-255,0,13,562,-55
6,-168,0,-43,122,-10
65,-130,0,231,-254,-22
91,-48,0,-14,-8,89
19,-101,0,-217,32,-332
24,-160,0,92,-30,263
82,-30,0,107,-6,-12
176,-91,0,206,253,64
45,-86,0,-369,126,185
75,73,0,302,-252,-373
134,-44,0,72,167,-25
175,62,0,68,19,277
174,25,0,-196,-66,205
186,53,0,157,145,119
206,60,0,-436,-97,458
211,34,0,13,-161,108
180,23,0,26,-60,50
132,24,0,358,-276,35
83,-61,0,-317,7,-326
166,-26,0,-34,77,-229
107,-24,0,50,433,5
97,15,0,-59,-88,45
132,25,0,-213,-63,14
135,19,0,255,-48,-91
61,31,0,-518,-129,-269
56,-4,0,-74,-223,-172
116,-84,0,172,-18,-383
131,-64,0,22,-242,-165
30,-62,0,224,108,-1
163,-160,0,-157,197,56
108,-34,0,19,122,238
-7,-138,0,273,29,-264
-19,-63,0,-185,224,79
11,-193,0,136,-210,-41
-2,-212,0,-102,-344,-335
14,-264,0,-204,-267,73
-1,-243,0,-43,-260,28
60,-254,0,97,-158,140
86,-234,0,171,-233,-234
23,-242,0,-96,-209,121
38,-330,0,-278,69,-339
-145,-367,0,54,73,-104
-59,-351,0,-69,-757,-105
25,-356,0,-214,191,70
-103,-427,0,211,207,264
-118,-507,0,14,-9,-137
-88,-495,0,-241,41,58
-65,-489,0,-340,218,-154
-90,-437,0,-214,74,-151
-103,-485,0,-306,244,80
-93,-501,0,-4,29,-51
-185,-541,0,-224,30,146
-70,-581,0,302,176,280
-134,-588,0,-209,-141,-162
-131,-597,0,22,313,-28
-123,-700,0,-74,-225,-36
-98,-509,0,-318,73,-290
-96,-511,0,-110,185,177
-142,-571,0,70,97,236
-98,-502,0,39,-277,220
-160,-473,0,255,22,357
-160,-559,0,-177,183,64
-26,-544,0,-7,-325,145
-74,-488,0,176,-206,388
-188,-498,0,-46,102,280
-84,-506,0,-135,99,159
-106,-499,0,-84,164,30
-93,-481,0,-24,5,86
-60,-416,0,-152,-42,65
-55,-374,0,59,270,-156
-56,-325,0,141,193,-5
-77,-400,0,-72,153,-223
-46,-365,0,50,145,340
-64,-280,0,-3,274,109
-1,-255,0,-333,-81,-63
-73,-379,0,450,-232,67
-24,-251,0,426,-127,-242
6,-254,0,-54,182,-474
86,-190,0,-79,115,-236
115,-128,0,-134,33,26
92,-167,0,-333,-134,-22
78,-118,0,663,-392,137
71,-118,0,114,377,503
132,-133,0,-180,458,-146
103,-27,0,-36,31,89
57,15,0,-121,54,444
80,-40,0,209,174,-145
104,28,0,46,67,-52
198,-17,0,-82,-95,-32
170,26,0,198,-136,-206
109,71,0,-143,110,-134
118,83,0,-35,3,-165
150,-3,0,205,22,89
227,104,0,50,203,-167
135,-38,0,5,-43,58
95,18,0,70,-249,202
141,76,0,350,178,-44
174,76,0,-72,254,227
133,-9,0,-87,47,49
179,-21,0,-26,-138,-379
175,27,0,303,-92,-327
62,106,0,307,-292,306
118,-71,0,234,-409,107
79,-39,0,151,-264,264
81,-35,0,-287,-263,81
135,-45,0,-55,-15,-102
67,-15,0,-52,-120,-451
115,-23,0,-60,149,-4
144,-120,0,86,52,-128
98,-125,0,33,87,203
111,-151,0,-305,150,276
182,-173,0,-198,-238,69
-12,-210,0,43,395,-236
-60,-305,0,-61,246,-354
46,-223,0,318,-228,-180
41,-250,0,8,-227,-219
72,-321,0,71,-158,325
-50,-318,0,228,220,14
-22,-365,0,638,253,-72
-77,-337,0,9,-203,206
-172,-354,0,118,-109,110
-94,-383,0,-378,74,114
-53,-491,0,-143,-181,135
-152,-391,0,-7,60,-459
-139,-414,0,174,259,52
-115,-528,0,115,-22,100
-176,-496,0,173,-146,-57
-80,-546,0,-365,204,149
-121,-556,0,140,-255,-89
-138,-681,0,35,-47,110
-139,-556,0,145,-131,-83
-70,-514,0,162,-161,12
-75,-580,0,94,18,-27
-249,-512,0,167,-155,50
-153,-536,0,106,-170,-182
-194,-531,0,195,-159,-354
-71,-670,0,57,-40,-45
-114,-517,0,-506,-285,26
-143,-538,0,-135,-30,257
-142,-649,0,-13,63,-74
-156,-517,0,52,-128,224
-90,-569,0,55,-164,-185
-142,-459,0,-103,-129,317
-190,-449,0,219,72,49
-106,-473,0,-377,-206,420
-144,-451,0,29,229,-117
-144,-401,0,14,59,258
-58,-449,0,189,-251,-51
-186,-309,0,-140,-139,-51
-79,-440,0,-222,-197,391
-32,-384,0,67,-58,-656
-49,-341,0,143,-65,286
-32,-263,0,230,-112,-190
-93,-268,0,195,122,-4
-24,-196,0,-5,149,-52
-51,-196,0,282,334,189
-30,-208,0,-29,56,-141
36,-230,0,-50,-164,-464
-61,-137,0,357,-218,-304
38,-108,0,-83,-428,-436
134,-120,0,-331,-108,-190
58,-129,0,341,84,132
55,-49,0,-77,-170,-188
130,-50,0,203,-154,-211
61,-68,0,164,145,-367
83,-22,0,35,-320,-54
212,-52,0,-115,146,242
136,33,0,78,5,8
236,21,0,-62,175,-70
113,33,0,-59,-260,-187
188,52,0,-352,63,-256
73,23,0,-134,-134,-39
205,88,0,80,83,76
213,60,0,-99,189,159
185,85,0,171,-272,112
123,-8,0,83,74,5
131,-45,0,-86,-379,122
68,28,0,171,23,-52
146,85,0,-78,80,158
142,26,0,-351,-169,25
103,78,0,194,-704,-252
142,28,0,-140,208,93
136,35,0,248,-11,346
185,18,0,-131,335,325
138,-174,0,163,120,-19
130,-66,0,184,-165,5
67,-104,0,100,-210,-62
128,-79,0,-211,171,-70
168,-210,0,-21,249,-202
52,-126,0,245,-322,-78
7,-234,0,-37,367,85
45,-156,0,191,-4,-261
-37,-163,0,-105,136,-17
-6,-236,0,-282,9,116
123,-281,0,-68,92,-341
-6,-219,0,-300,-1,-9
-48,-382,0,-72,68,-402
-36,-333,0,151,-56,-9
-99,-301,0,225,37,-25
-63,-404,0,-107,-162,-2
-107,-409,0,-99,-13,132
-140,-449,0,140,142,166
-85,-547,0,-215,173,134
-146,-491,0,120,40,47
-81,-395,0,-158,43,-28
-108,-518,0,-151,109,-78
-141,-564,0,-372,-14,-228
-72,-531,0,-295,-398,320
-183,-542,0,130,15,-134
-144,-611,0,-513,-94,38
-97,-569,0,247,-198,252
-154,-467,0,-3,-205,99
-117,-654,0,250,150,-119
-235,-619,0,219,-126,-258
-196,-609,0,40,47,69
-124,-589,0,301,-39,-56
-247,-534,0,277,-50,-263
-149,-462,0,184,27,-256
-169,-510,0,-256,-405,168
-132,-575,0,205,-276,243
-116,-506,0,375,327,260
-171,-484,0,-76,-141,111
-174,-495,0,97,99,27
-46,-512,0,-11,-431,-145
-24,-434,0,-24,78,-41
-56,-480,0,-158,405,-76
-157,-407,0,32,-272,180
-19,-440,0,175,-59,372
-79,-360,0,143,39,-433
66,-345,0,159,-46,39
-58,-406,0,-392,-47,154
-7,-376,0,-222,298,105
-43,-197,0,-227,14,-181
31,-207,0,18,-333,29
20,-275,0,-203,195,63
9,-164,0,-141,159,160
-57,-145,0,234,77,130
37,-129,0,-66,113,-264
98,-85,0,-65,409,211
-11,-105,0,88,105,156
71,-159,0,36,241,-34
158,-69,0,262,170,-142
47,41,0,158,-425,-163
174,-43,0,-17,18,404
170,39,0,-8,-393,-109
245,-20,0,-251,90,-115
79,32,0,37,-460,-177
185,-5,0,157,-83,-181
109,27,0,-86,-111,119
174,34,0,-184,242,-315
187,37,0,111,2,292
114,-37,0,67,55,1
76,48,0,-122,88,287
202,65,0,-87,-227,212
131,50,0,-224,194,240
105,115,0,243,-9,3
154,-40,0,-389,135,-266
81,-57,0,17,-92,43
94,75,0,-79,140,-202
151,60,0,597,343,133
84,-101,0,33,-8,350
78,-47,0,448,254,-328
57,11,0,-214,-277,-224
167,-93,0,102,-127,75
98,-89,0,360,-34,-118
2,5,0,193,-173,315
7,-215,0,58,259,77
99,-85,0,-294,-132,315
-6,-158,0,-118,-354,11
22,-99,0,17,-242,83
5,-95,0,287,174,-155
21,-179,0,157,-174,529
-13,-241,0,-164,217,46
3,-351,0,-275,-46,216
-81,-292,0,-178,490,27
-69,-236,0,-119,-130,289
-6,-266,0,-127,-156,-132
-76,-362,0,280,-78,-189
-70,-379,0,60,115,121
-57,-462,0,-366,-283,-431
-112,-445,0,4,260,41
-135,-426,0,33,-70,161
-101,-481,0,0,-35,-210
-118,-415,0,53,546,215
-87,-483,0,-206,102,5
-107,-540,0,108,139,240
-145,-564,0,50,-113,17
-163,-460,0,113,-65,64
-61,-484,0,-13,245,111
-110,-558,0,-168,-203,-361
-137,-526,0,-420,-271,164
-35,-519,0,-401,10,-5
-181,-492,0,73,590,95
-248,-596,0,301,237,255
-96,-494,0,159,-89,-458
-220,-614,0,-189,431,44
-89,-570,0,-102,209,-243
-129,-465,0,103,121,-152
-127,-558,0,-222,180,-146
-137,-526,0,221,293,-40
-154,-513,0,232,-198,-3
-59,-492,0,411,3,-192
-76,-455,0,264,117,-232
-38,-475,0,-136,221,-297
-47,-537,0,156,-435,54
-172,-390,0,22,64,172
-25,-387,0,-358,-1,-55
-70,-435,0,-205,64,-75
-26,-292,0,-254,-45,-134
57,-312,0,167,-88,68
3,-308,0,128,297,-230
-11,-252,0,182,261,15
17,-155,0,263,6,234
22,-191,0,158,-193,-103
13,-174,0,249,258,-25
82,-110,0,5,-5,-42
33,-156,0,66,-211,-557
71,-103,0,-126,-259,389
159,-84,0,-247,361,-261
157,-91,0,398,45,-104
90,-40,0,107,292,-13
184,-6,0,-115,-380,92
119,-77,0,270,172,188
122,24,0,-190,-29,-66
113,80,0,168,-215,-166
36,75,0,62,-86,-7
121,65,0,205,-63,272
137,15,0,50,-83,-433
56,36,0,139,99,89
150,114,0,-148,-9,-183
123,51,0,-11,0,244
157,69,0,-151,-91,131
141,-5,0,81,59,142
141,85,0,232,-302,34
229,-26,0,54,23,39
160,49,0,-173,58,-147
152,37,0,-126,-345,-392
227,-31,0,483,159,59
115,63,0,-58,-73,216
153,-36,0,134,-157,155
90,-40,0,73,-501,-173
199,-71,0,18,133,-103
119,-9,0,255,-162,-83
43,-177,0,-297,-153,35
45,-77,0,-73,180,-7
171,-90,0,-49,86,-331
34,-127,0,5,-330,176
11,-238,0,-50,63,-529
41,-185,0,-23,138,-233
111,-186,0,-359,-221,-174
132,-141,0,380,27,-72
-4,-254,0,169,69,132
16,-323,0,-59,541,163
-67,-288,0,-48,-0,121
-24,-276,0,-87,-167,26
-45,-338,0,351,-59,36
-26,-397,0,104,233,-23
-94,-384,0,118,-16,4
-11,-475,0,-193,37,36
-189,-377,0,-135,-7,-160
-81,-486,0,14,110,365
-74,-490,0,149,153,208
1,-415,0,-85,242,-175
-184,-510,0,45,409,-12
-123,-442,0,44,81,-251
-74,-574,0,45,190,231
-85,-601,0,162,111,29
-128,-530,0,-188,-217,137
-102,-597,0,59,-163,190
-170,-599,0,63,77,-9
-155,-605,0,-2,-177,-369
-88,-535,0,19,-50,-124
-186,-604,0,-308,-117,293
-164,-543,0,124,-141,-186
-144,-532,0,-84,174,80
-171,-546,0,-27,529,-146
-81,-437,0,56,-22,211
-142,-553,0,103,-64,-65
-61,-573,0,141,96,221
-90,-456,0,-233,171,49
-197,-475,0,138,-102,-94
-93,-504,0,-144,202,138
-45,-322,0,-161,155,21
-70,-367,0,103,-213,-96
-110,-418,0,-181,334,111
-70,-385,0,-460,-38,243
-77,-326,0,144,-280,-344
12,-297,0,36,-57,93
-63,-255,0,-166,581,-2
-2,-223,0,288,-230,-26
-16,-251,0,72,328,130
55,-234,0,-311,12,284
63,-142,0,339,202,101
94,-150,0,-212,127,-223
54,-210,0,217,76,-278
-18,-46,0,-65,-227,238
59,-107,0,141,-220,6
68,-66,0,-364,-232,-274
78,-100,0,-546,-53,24
143,-37,0,96,146,-91
73,-68,0,163,371,129
93,-71,0,-39,-472,185
56,6,0,344,100,-153
227,105,0,105,-201,-260
106,37,0,-126,-218,20
230,14,0,91,357,-78
174,85,0,-58,276,-127
165,32,0,-517,47,-275
171,-34,0,298,39,7
175,97,0,96,208,-167
150,31,0,398,-273,-171
233,134,0,30,87,98
135,-47,0,372,36,637
167,-10,0,-98,87,-126
74,40,0,209,106,352
198,0,0,50,52,-196
89,108,0,-23,-88,-506
88,4,0,160,236,-254
24,-42,0,-109,145,-58
56,-45,0,-539,-64,201
101,-109,0,538,-90,-54
84,-167,0,144,496,108
85,-61,0,-137,207,-241
87,-130,0,-78,441,68
-21,-235,0,-191,-198,215
26,-133,0,187,19,47
97,-283,0,-114,-260,374
49,-249,0,-166,-4,34
31,-341,0,82,83,-235
-42,-290,0,-78,-92,291
-81,-333,0,130,15,173
-56,-324,0,-85,358,-250
30,-356,0,20,117,-101
-7,-352,0,1,22,-202
-37,-450,0,-286,367,-97
-83,-391,0,356,128,536
-97,-454,0,-135,-274,-46
-91,-467,0,51,-81,-203
-122,-421,0,107,-30,116
-155,-386,0,-50,-14,-207
-91,-466,0,116,-99,232
-134,-526,0,501,31,80
-21,-549,0,-317,136,28
-119,-484,0,-34,-333,37
-176,-559,0,74,-265,214
-184,-549,0,129,-223,-382
-153,-583,0,-2,-89,-0
-128,-544,0,-184,-92,161
-137,-572,0,14,-94,-7
-189,-447,0,-185,-158,-358
-192,-612,0,43,-176,332
-76,-531,0,-275,-39,-191
-193,-527,0,-325,133,72
-104,-505,0,193,-7,107
-226,-573,0,-90,-75,-208
-82,-500,0,18,21,-222
-118,-492,0,-203,-162,-55
-201,-426,0,-405,272,-184
-131,-393,0,-4,164,-157
-92,-438,0,-78,38,80
-33,-382,0,221,86,46
-68,-444,0,74,37,11
-46,-353,0,-180,91,218
-65,-395,0,-154,-242,111
-57,-423,0,309,289,-78
8,-329,0,296,2,-459
-18,-279,0,420,-27,12
51,-214,0,108,-415,289
-27,-322,0,191,-1,73
28,-210,0,-203,160,-254
10,-238,0,9,-51,-360
-86,-258,0,-43,202,-377
-46,-193,0,12,-498,-191
115,-109,0,-165,209,-107
58,-89,0,271,274,-249
21,-46,0,290,-119,-26
24,-5,0,159,372,-151
144,-49,0,67,58,127
148,-44,0,-159,592,-104
178,-20,0,256,-145,386
16,-10,0,95,64,60
125,-20,0,51,-212,475
46,59,0,-106,-193,257
164,20,0,275,324,545
89,-21,0,-253,-74,43
235,16,0,27,131,393
145,-3,0,-15,412,-103
119,35,0,-51,1,161
151,89,0,74,47,-71
149,71,0,51,-74,-49
137,31,0,294,83,96
82,-12,0,546,-248,-178
27,124,0,-460,34,118
148,-28,0,10,347,-46
38,18,0,-457,-2,41
185,26,0,-26,-238,-107
133,-31,0,131,57,-309
201,-64,0,-400,350,303
111,-12,0,405,-218,-190
78,-72,0,-28,-394,45
50,-124,0,196,15,-12
28,40,0,258,-161,38
209,-111,0,-163,45,-75
112,-95,0,-254,274,-261
98,-148,0,3,132,-80
45,-163,0,170,75,-356
54,-352,0,-25,152,207
18,-254,0,62,97,33
15,-269,0,77,-24,-35
21,-287,0,162,100,-97
-61,-304,0,-3,-191,15
-16,-449,0,-23,187,-446
-49,-345,0,-45,244,-18
-50,-348,0,-145,206,-26
-66,-344,0,196,-76,4
-77,-399,0,-198,-108,48
-79,-409,0,21,-166,-342
-75,-451,0,89,233,104
-166,-438,0,46,258,348
-128,-490,0,-109,-103,-252
-92,-530,0,-175,-191,-244
-142,-545,0,-2,-246,-120
-131,-562,0,-33,-120,-63
-140,-426,0,304,358,39
-189,-489,0,-149,237,-5
-116,-568,0,-83,230,219
-223,-578,0,-247,61,45
-109,-529,0,303,-240,151
-157,-603,0,39,-264,129
-160,-616,0,93,103,-37
-174,-561,0,328,277,32
-184,-496,0,148,-62,104
-102,-526,0,77,56,-111
-98,-542,0,107,-32,-72
-167,-518,0,490,-274,195
-143,-593,0,120,295,29
-142,-488,0,-126,84,-185
-113,-492,0,-150,103,-312
-138,-496,0,-216,135,158
-86,-434,0,221,301,480
-72,-468,0,-27,218,-54
-10,-394,0,16,21,-66
-76,-421,0,-402,-288,-15
-78,-348,0,-266,-435,-98
-80,-284,0,402,223,-19
-41,-323,0,99,-21,-332
47,-236,0,123,-179,197
-30,-252,0,-280,288,66
98,-180,0,-5,24,9
-21,-136,0,-39,117,174
6,-149,0,-182,-305,-141
-27,-187,0,-220,-339,-216
152,-150,0,1,-10,177
152,-46,0,29,-239,-69
73,-49,0,241,-424,-306
41,-19,0,-68,-254,118
86,-81,0,-198,-11,-25
148,5,0,-192,544,-288
130,0,0,-45,-113,-42
199,22,0,-367,131,273
91,-34,0,-78,-171,-350
156,-42,0,-113,16,-10
95,7,0,-61,-60,56
153,-27,0,-15,-111,-178
160,61,0,-164,-37,188
137,125,0,-356,74,-457
143,-25,0,269,-105,-12
120,104,0,292,444,106
189,78,0,-161,60,86
224,-13,0,-198,-24,-30
185,30,0,-60,22,-311
41,48,0,69,-234,-156
185,99,0,40,162,7
84,-83,0,-70,-179,413
58,-99,0,230,-339,441
52,-106,0,50,-279,-361
73,39,0,382,188,-105
-18,-121,0,139,-25,-53
71,-75,0,-172,132,-267
171,-71,0,-120,-173,-307
66,-59,0,330,98,197
95,-99,0,11,-230,-2
72,-181,0,145,217,496
117,-183,0,-126,565,-298
43,-183,0,-154,326,60
73,-277,0,-309,41,-228
1,-199,0,112,-133,95
32,-300,0,-39,360,-3
14,-300,0,-586,-446,-11
-109,-330,0,224,-95,95
-51,-387,0,-53,-81,32
-50,-449,0,-140,-202,39
-65,-356,0,18,-182,-299
-99,-416,0,429,147,-74
-71,-502,0,-354,-100,92
-88,-425,0,-194,-105,-372
-92,-446,0,-91,65,-506
-158,-440,0,-86,65,63
-225,-550,0,-33,-64,42
-124,-411,0,-29,-60,-125
-112,-471,0,221,-237,294
-125,-555,0,-246,-61,273
-98,-591,0,240,-171,-159
-124,-469,0,1,318,41
-140,-606,0,50,-363,-264
-156,-551,0,-294,172,254
-113,-504,0,134,36,191
-275,-556,0,171,120,-194
-160,-554,0,43,-21,183
-149,-580,0,-22,197,127
-77,-504,0,-255,-64,59
-149,-464,0,-198,182,-114
-139,-476,0,-59,39,-273
-177,-450,0,-30,-240,42
-114,-407,0,-368,449,-39
-170,-502,0,89,360,154
-33,-445,0,-94,-247,-53
-69,-466,0,234,111,-330
-8,-493,0,-81,-93,21
-11,-420,0,55,-39,-129
-45,-330,0,232,-308,229
-97,-338,0,-309,-174,-0
-84,-331,0,57,109,-167
-25,-265,0,140,-23,334
55,-170,0,3,-322,43
-33,-282,0,23,-9,-123
-13,-112,0,-176,-249,-224
49,-257,0,-252,-144,165
-1,-109,0,-8,-239,-243
-88,-117,0,-160,214,-84
40,-169,0,166,-80,85
20,-87,0,-239,75,17
119,-147,0,-603,-99,-122
33,-58,0,154,119,-174
116,-57,0,15,-325,285
104,75,0,154,-39,190
84,-26,0,501,327,7
97,56,0,127,246,119
175,79,0,186,32,1
218,-0,0,-30,359,3
53,55,0,-116,-517,371
161,21,0,158,87,-78
84,55,0,49,-72,-216
176,-20,0,179,252,-215
244,41,0,-34,-430,112
196,-43,0,-150,343,630
160,-93,0,-120,104,-398
205,17,0,248,141,26
134,49,0,-88,293,11
201,44,0,137,-213,-62
188,-16,0,55,-38,-365
128,17,0,-179,-82,-89
90,-8,0,89,79,177
85,153,0,-433,57,-147
86,29,0,-13,3,-138
120,-21,0,38,88,-53
115,-75,0,313,329,-9
55,-83,0,27,-590,61
46,-89,0,-162,-69,-95
107,-176,0,-113,-346,-168
120,-160,0,77,-352,146
-29,-267,0,76,197,-109
-15,-202,0,77,77,55
49,-226,0,-111,-170,-228
53,-331,0,198,-338,-118
-13,-263,0,-23,295,-118
-0,-376,0,-335,130,-93
-71,-377,0,-3,-45,-137
26,-372,0,217,-90,-52
17,-338,0,-280,353,320
-84,-347,0,9,99,103
-39,-479,0,28,-97,77
-33,-482,0,297,-41,538
-146,-507,0,-117,58,192
-214,-464,0,287,35,84
-65,-538,0,-340,183,-190
-113,-562,0,275,-44,-119
-71,-493,0,-269,333,83
-98,-620,0,33,-187,186
-159,-478,0,287,-316,209
-125,-529,0,-200,-293,204
-210,-525,0,14,224,-156
-146,-569,0,101,-151,365
-171,-588,0,-50,194,91
-174,-575,0,73,54,-102
-149,-526,0,-260,-153,39
-227,-432,0,-188,160,-345
-239,-484,0,-42,-75,80
-117,-569,0,113,-370,-126
-176,-549,0,105,134,-96
-65,-529,0,16,153,125
-108,-499,0,-180,-35,373
-94,-378,0,-26,8,-141
-203,-433,0,-199,-184,-93
-47,-401,0,117,-198,11
-81,-424,0,-74,-146,-249
-80,-461,0,-23,149,-306
11,-381,0,-165,329,124
-12,-540,0,-285,152,70
-12,-313,0,-276,126,478
-78,-407,0,-224,253,-55
-50,-270,0,-324,251,-15
-45,-241,0,-43,168,-84
17,-275,0,206,20,-275
-35,-232,0,-127,32,231
-57,-274,0,179,142,-248
-57,-213,0,-331,-189,449
126,-44,0,-263,-93,-149
104,-125,0,-193,-98,-221
62,-92,0,42,-135,159
149,-137,0,28,-151,-224
180,-100,0,29,58,-139
30,-3,0,-218,297,82
-37,-11,0,-47,3,275
148,-75,0,215,336,-337
93,-109,0,-142,-102,227
161,-34,0,-226,-534,-38
76,55,0,-264,169,168
166,65,0,-171,10,-239
113,-10,0,-121,131,300
139,46,0,-161,287,-69
240,28,0,-230,282,-121
163,84,0,276,-466,270
197,9,0,-117,135,59
182,98,0,-392,96,65
173,53,0,-70,-45,50
129,-50,0,304,-177,-148
80,76,0,373,137,59
116,48,0,124,-193,-132
175,71,0,5,-353,110
140,7,0,-58,30,-62
73,-53,0,15,-195,-414
126,-14,0,558,-89,-79
131,-5,0,-34,-160,-35
87,-90,0,-308,349,-121
137,-73,0,-35,110,127
96,-55,0,-60,6,-18
159,-196,0,95,-20,93
-22,-112,0,-189,197,-191
64,-149,0,235,94,-99
54,-182,0,-88,78,201
-3,-263,0,-91,158,94
40,-248,0,185,155,-7
-7,-128,0,271,-186,-154
15,-268,0,-37,-98,-532
-15,-380,0,-213,-109,-148
-166,-335,0,-115,112,231
-84,-320,0,161,-274,-347
-65,-313,0,10,240,-159
-99,-395,0,179,151,-116
-38,-385,0,130,-217,-93
-13,-410,0,-117,71,90
-143,-415,0,217,-310,-54
-174,-466,0,66,-228,158
-77,-608,0,-17,-44,87
-96,-464,0,116,142,-5
-155,-580,0,-410,-200,151
-142,-556,0,-155,-294,383
-141,-524,0,9,12,86
-165,-522,0,-22,-55,-26
-145,-539,0,-11,-75,27
-164,-462,0,35,54,476
-106,-539,0,-169,-132,164
-137,-637,0,-356,-276,88
-151,-519,0,-4,4,-2
-225,-500,0,376,380,124
-171,-587,0,19,114,90
-107,-449,0,131,-200,486
-116,-550,0,153,296,53
-227,-523,0,42,-48,237
-77,-539,0,-25,-425,-99
-117,-497,0,-57,6,219
-144,-571,0,52,-7,-97
-105,-367,0,-155,-339,318
-78,-469,0,-96,-11,241
-70,-413,0,-167,-86,159
-133,-401,0,-201,-66,118
-24,-305,0,458,31,312
-155,-337,0,279,372,180
9,-312,0,-234,-34,166
3,-264,0,-101,313,107
44,-222,0,425,442,-160
14,-251,0,413,306,-67
45,-164,0,168,-374,-63
32,-268,0,-241,199,-6
44,-226,0,-22,-57,-337
120,-239,0,364,-135,251
19,-127,0,-71,-21,219
103,-108,0,95,-154,196
25,-107,0,-40,32,-173
89,-68,0,48,-93,-9
192,-49,0,291,-77,260
126,-17,0,-329,48,681
72,-62,0,45,15,-194
130,38,0,-135,55,221
74,-32,0,73,-248,-100
173,13,0,68,-46,-297
76,-78,0,1,10,-44
239,-29,0,-3,484,-580
180,71,0,205,-419,-229
173,-31,0,379,230,-54
151,68,0,67,-70,77
129,-11,0,57,-41,361
50,13,0,237,76,-225
178,20,0,94,-252,-47
191,15,0,346,127,244
69,51,0,232,187,-255
77,65,0,-27,215,302
107,-4,0,228,-67,-114
106,-3,0,13,123,54
111,-105,0,181,-97,-274
81,-96,0,-74,267,58
62,-91,0,339,-62,-92
97,-51,0,386,87,-311
69,-136,0,380,-59,-218
24,-143,0,-116,-237,-212
71,-156,0,112,-105,153
14,-190,0,90,63,-50
84,-157,0,123,109,-477
-22,-244,0,64,19,378
8,-285,0,275,-212,201
64,-231,0,152,141,340
-6,-296,0,361,-138,-73
30,-354,0,92,200,-119
-82,-300,0,398,-35,-184
18,-366,0,15,-177,-313
-64,-369,0,19,-21,-99
-34,-479,0,176,-158,32
-130,-398,0,250,-60,-268
-67,-412,0,334,-247,174
-102,-368,0,51,179,-381
-122,-472,0,23,130,-122
-157,-497,0,116,63,-86
-51,-492,0,-207,96,326
-108,-502,0,-101,-102,-38
-139,-473,0,194,-349,108
-96,-497,0,201,-233,177
-130,-499,0,-144,277,171
-125,-606,0,28,-172,-29
-96,-616,0,165,-148,-56
-216,-597,0,295,222,29
-232,-532,0,134,-122,-307
-106,-604,0,-330,-34,263
-274,-574,0,269,-238,-5
-112,-585,0,-90,115,29
-96,-549,0,104,-90,-389
-81,-453,0,-281,-112,280
-140,-486,0,-209,-587,105
-155,-482,0,12,169,165
-200,-593,0,-171,319,-363
-128,-536,0,-111,-173,371
-121,-517,0,-65,173,-439
-43,-396,0,221,-257,7
-98,-485,0,-203,-8,206
3,-539,0,125,251,-264
-112,-372,0,-31,-109,-57
-98,-434,0,174,237,-90
-73,-319,0,18,31,-398
-93,-370,0,14,153,7
45,-290,0,16,-10,-134
47,-311,0,305,50,55
121,-255,0,-36,-84,369
101,-232,0,-361,-71,-193
42,-184,0,-136,-231,199
71,-142,0,215,-212,214
6,-159,0,-235,-105,-107
-16,-172,0,122,50,-130
41,-145,0,-111,144,170
118,-54,0,-204,-203,-174
169,15,0,33,-200,166
167,-100,0,-78,-100,11
207,6,0,176,96,-35
136,30,0,-106,195,-64
109,-87,0,0,-229,-22
125,38,0,51,-38,363
219,-13,0,-162,212,92
158,48,0,-112,22,-170
73,15,0,122,-398,105
152,2,0,-339,194,6
120,23,0,72,-103,158
159,42,0,-215,-63,44
119,-12,0,-186,53,161
132,-13,0,118,-136,262
125,63,0,6,-356,-108
167,7,0,206,24,-226
146,137,0,-46,30,-56
189,5,0,-318,332,4
95,1,0,-359,-364,60
61,4,0,98,300,-92
112,-43,0,1,-156,-188
86,21,0,-66,36,73
73,-157,0,114,58,-83
78,-17,0,-59,-148,-277
4,-207,0,324,64,35
54,-215,0,-100,-266,328
99,-193,0,-166,-42,79
116,-149,0,135,-292,-131
-25,-78,0,133,-342,-11
-5,-274,0,183,-290,241
-86,-273,0,-48,513,-286
-12,-231,0,-381,72,7
-38,-246,0,173,-303,-255
81,-328,0,-47,-67,-220
-67,-303,0,-279,-51,-44
-41,-375,0,-372,-443,125
17,-342,0,119,-89,129
-114,-463,0,629,-246,-169
-112,-418,0,-90,311,103
-163,-427,0,227,43,38
-69,-448,0,9,272,130
-75,-488,0,-30,41,193
-121,-494,0,224,-214,-538
-185,-465,0,101,128,-18
-104,-504,0,360,-125,337
-77,-466,0,-37,229,-129
-141,-657,0,-204,-38,-105
-121,-616,0,343,-134,87
-148,-629,0,112,-9,239
-130,-538,0,-423,-427,-54
-160,-637,0,346,-454,-100
-182,-483,0,-140,84,-188
-255,-530,0,-233,-103,-30
-128,-533,0,93,248,-63
-45,-629,0,-69,-67,81
-74,-486,0,-229,97,-123
-196,-465,0,29,35,100
-162,-633,0,114,6,425
-170,-467,0,192,-143,-85
-142,-468,0,40,-307,-38
-139,-594,0,-118,42,-127
11,-446,0,-18,-159,-152
-42,-451,0,-36,-169,-230
-104,-447,0,-208,-393,-265
-116,-455,0,36,-63,-99
-142,-363,0,47,-101,-161
18,-357,0,10,20,115
-14,-390,0,79,-28,251
-17,-366,0,95,283,-97
-97,-368,0,-165,-282,216
17,-247,0,303,-36,194
44,-313,0,35,287,182
48,-148,0,289,-1,116
-33,-158,0,141,-427,-279
47,-146,0,153,-288,-52
14,-145,0,235,-98,20
96,-248,0,-254,370,-208
121,-75,0,-612,-300,-96
82,-90,0,303,-79,40
84,-114,0,268,-176,-237
211,-85,0,-447,-156,148
25,-60,0,138,407,-196
132,-24,0,-120,-99,325
71,-26,0,371,-216,-70
142,-25,0,162,-147,-138
127,84,0,-24,-154,-88
124,40,0,-15,121,368
219,44,0,72,-150,-104
120,98,0,46,154,-199
189,6,0,-468,-113,161
232,13,0,77,134,-303
134,73,0,-160,-70,17
162,69,0,21,-230,-19
173,41,0,239,-98,435
88,-42,0,-135,-105,-52
108,64,0,171,235,-27
74,67,0,232,-79,303
167,41,0,-47,-266,8
112,8,0,202,-361,-379
81,52,0,-149,15,90
79,-21,0,205,-84,-157
86,-17,0,30,107,19
53,-145,0,-30,-247,-150
43,-150,0,-77,-288,-101
46,-73,0,-71,513,-46
82,-201,0,95,37,146
86,-187,0,107,-337,-189
52,-174,0,284,102,15
-18,-244,0,-44,-142,220
-10,-196,0,110,357,221
-59,-239,0,-73,-120,-61
-29,-291,0,-214,154,437
-82,-323,0,-177,326,-186
-79,-306,0,40,-367,66
-81,-437,0,75,-259,-249
-156,-370,0,32,67,23
-35,-359,0,-361,-134,-41
-107,-390,0,-42,127,6
-73,-539,0,-73,241,-352
-122,-514,0,63,244,-98
-122,-460,0,80,235,169
-187,-481,0,-45,-75,-50
-225,-573,0,-124,198,-57
-44,-606,0,116,142,54
-62,-598,0,82,-45,138
-144,-546,0,-232,35,-146
-135,-578,0,425,80,299
-160,-549,0,17,-108,-12
-155,-656,0,41,-64,42
-63,-537,0,-86,-52,473
-100,-567,0,319,127,164
-49,-569,0,81,268,-49
-246,-471,0,-72,-3,198
-162,-501,0,-122,260,-32
-141,-454,0,330,-71,4
-118,-554,0,-82,76,52
-123,-504,0,393,-134,146
-123,-469,0,-150,194,185
20,-580,0,-213,138,253
-170,-486,0,-168,45,226
-109,-492,0,-225,-205,241
-4,-436,0,11,247,152
-95,-385,0,510,281,-171
-90,-365,0,-373,109,-85
-26,-345,0,-17,-85,126
-103,-303,0,-128,45,108
-73,-393,0,428,268,6
-39,-323,0,105,-348,200
-43,-313,0,-42,-84,-386
-41,-234,0,-74,29,-22
12,-189,0,252,-273,21
26,-150,0,-380,185,95
7,-195,0,-130,-61,204
2,-116,0,223,27,-197
91,-149,0,-143,7,92
109,-90,0,-571,-70,-122
102,-102,0,-164,-189,312
56,-124,0,-110,128,32
106,-49,0,-56,14,30
119,-56,0,311,31,157
115,-80,0,-176,-182,-84
102,14,0,-262,-190,272
78,-34,0,-383,176,117
219,-6,0,-161,98,53
246,-26,0,-105,-144,-1
86,37,0,-297,-197,287
203,23,0,231,8,-165
151,80,0,-191,-63,185
107,88,0,-43,-108,-182
178,27,0,134,-20,-76
203,83,0,80,64,-64
171,26,0,146,319,97
59,42,0,207,78,-55
116,39,0,-85,-47,53
143,-2,0,18,248,69
127,-94,0,377,84,34
92,114,0,-213,-124,-69
82,15,0,-279,91,-252
165,-81,0,324,-255,181
87,-84,0,57,232,-85
79,-68,0,-34,28,-185
186,-114,0,-80,215,45
-37,-62,0,-34,102,-327
109,-174,0,353,76,198
61,-172,0,-20,-68,-88
15,-158,0,463,-22,55
-48,-186,0,501,-39,95
-34,-251,0,80,92,-151
-37,-287,0,-56,-99,605
-111,-273,0,372,128,152
-5,-275,0,-110,-218,10
-133,-387,0,289,-69,202
-201,-377,0,-344,-45,34
-46,-375,0,-443,-234,127
-93,-456,0,250,-73,-289
-89,-412,0,-24,-115,-325
-71,-390,0,-156,-293,-147
-108,-379,0,-211,-61,-198
-186,-480,0,-120,10,-28
-63,-458,0,279,-164,295
-73,-485,0,121,66,-9
-249,-561,0,-114,331,35
-109,-522,0,63,100,282
-115,-569,0,-384,-271,-354
-108,-574,0,-87,-243,171
-92,-566,0,161,-316,-104
-131,-520,0,-189,-95,133
-80,-617,0,-73,179,69
-260,-570,0,167,104,448
-158,-543,0,36,101,172
-64,-476,0,321,-219,391
-102,-546,0,-129,292,146
-168,-604,0,465,-50,39
-77,-546,0,302,37,133
-114,-504,0,199,-61,104
-70,-464,0,64,210,230
-65,-505,0,-139,-157,227
-139,-482,0,89,58,161
-167,-524,0,103,242,144
-94,-445,0,36,-167,-169
-31,-449,0,-171,150,82
-127,-354,0,220,-139,103
-92,-328,0,158,-331,-190
-21,-311,0,85,295,110
-50,-259,0,-96,-51,-12
-22,-231,0,-369,-435,-51
-113,-283,0,-403,-266,335
-23,-261,0,25,120,235
29,-256,0,164,211,-165
7,-98,0,-217,-91,-72
33,-187,0,78,379,174
10,-115,0,134,-129,255
4,-155,0,291,-103,-294
142,-4,0,403,44,88
79,-23,0,-419,-316,-247
85,-34,0,-195,-196,-11
88,-43,0,-19,-16,103
-10,-32,0,-287,140,54
57,-98,0,-304,97,23
81,16,0,-292,94,222
175,-27,0,-55,-170,5
160,15,0,-46,-56,105
203,3,0,-55,-18,34
124,0,0,-74,87,-120
169,20,0,39,-40,-8
86,108,0,-268,70,90
163,-8,0,-60,-463,-49
147,93,0,-166,-171,72
185,10,0,140,15,-140
124,17,0,-55,-140,120
85,142,0,-65,-3,329
181,9,0,-40,-228,-270
109,11,0,189,-86,-155
138,13,0,173,-222,-170
92,-54,0,-92,34,-109
119,-25,0,133,10,138
55,7,0,-184,-107,-230
133,-61,0,-72,151,237
99,4,0,-306,2,142
52,-40,0,196,223,-267
71,-147,0,4,-7,59
56,-180,0,153,291,151
-26,-259,0,-152,20,-83
72,-227,0,-392,-284,394
59,-212,0,-28,-112,-220
2,-225,0,-265,-222,-34
61,-231,0,-9,32,324
-9,-330,0,191,-102,226
-77,-166,0,-377,15,-36
21,-352,0,-96,131,-397
-28,-372,0,-157,-91,-40
-96,-331,0,-238,-114,124
-56,-369,0,-350,-50,7
-73,-391,0,-148,325,135
-101,-442,0,-204,80,-156
-142,-472,0,-261,474,11
-178,-477,0,-32,-142,122
-37,-493,0,237,220,-209
-68,-478,0,63,151,6
-120,-577,0,-106,108,-356
-111,-540,0,58,-243,-218
-83,-581,0,291,-276,87
-127,-585,0,75,-45,240
-75,-579,0,-109,-286,-124
-199,-575,0,-36,-228,-132
-173,-599,0,-292,137,-31
-85,-513,0,165,406,486
-171,-673,0,299,-184,288
-195,-614,0,-133,-181,254
-68,-615,0,97,-67,396
-167,-556,0,-155,-150,81
-151,-567,0,131,-244,157
-111,-624,0,14,12,-292
-93,-415,0,-176,-108,-276
-90,-394,0,-199,110,211
-222,-486,0,93,190,71
-59,-518,0,83,136,-22
-85,-491,0,114,-120,-122
-138,-359,0,20,-291,-77
-107,-365,0,392,65,219
-60,-376,0,-526,-244,75
6,-392,0,334,33,386
-82,-275,0,207,-153,225
-41,-326,0,356,138,304
-0,-252,0,-66,-2,54
-51,-216,0,45,343,259
-47,-218,0,-112,234,-89
-65,-262,0,-14,-182,129
74,-115,0,89,-251,-211
109,-244,0,259,-100,-308
94,-218,0,54,-59,146
77,-109,0,-145,-85,194
-39,-32,0,129,74,162
149,-57,0,18,-180,-191
59,-79,0,-132,168,-85
128,-31,0,220,-6,264
197,-85,0,67,335,-44
182,26,0,46,-102,-101
110,-32,0,39,-98,-119
94,64,0,-382,-9,176
18,-40,0,165,-252,135
226,36,0,10,390,-234
225,-13,0,127,-18,250
169,113,0,157,132,-216
172,12,0,-167,57,-423
224,99,0,267,138,-39
310,50,0,-277,-249,45
52,21,0,-61,180,44
145,-52,0,-245,27,-73
128,-4,0,-322,75,-344
156,53,0,361,103,313
182,6,0,-243,74,143
129,12,0,-49,-134,91
107,-29,0,255,-120,-101
93,-50,0,220,67,55
54,-22,0,-375,18,160
101,-70,0,-208,-318,-79
51,-70,0,-270,-240,67
-43,-160,0,-16,-64,57
104,-89,0,-37,-202,301
76,-130,0,-176,6,152
47,-158,0,210,-4,25
42,-134,0,151,-285,340
-56,-187,0,-208,272,-107
67,-359,0,-277,283,-27
-6,-269,0,193,-285,-210
-6,-309,0,266,-250,-326
-25,-281,0,165,-28,-80
-133,-338,0,-230,-94,223
1,-388,0,-247,194,187
-3,-362,0,186,60,93
-102,-445,0,-30,23,-267
-136,-479,0,94,-113,-131
-73,-446,0,-222,57,-134
-164,-459,0,-62,-10,63
-247,-475,0,-122,-127,-126
-120,-424,0,-328,-241,-371
-172,-590,0,-61,-35,-284
-113,-461,0,-292,154,243
-178,-491,0,-300,11,316
-88,-510,0,-233,229,-135
-104,-667,0,133,-75,51
-122,-590,0,192,236,-245
-205,-479,0,-193,-209,-210
-120,-515,0,48,15,7
-198,-549,0,-104,214,-138
-176,-562,0,-166,96,51
-190,-528,0,-87,74,352
-137,-498,0,127,247,111
-192,-619,0,-51,-8,-50
-49,-555,0,188,150,22
-138,-519,0,-284,170,-48
-276,-365,0,-309,-107,183
-129,-497,0,21,-94,-71
-15,-457,0,-128,24,257
-41,-516,0,41,-140,33
-75,-488,0,173,-146,-437
-55,-471,0,-190,-0,200
-72,-353,0,93,416,252
-121,-353,0,-178,-25,135
-3,-387,0,-57,86,-89
-99,-311,0,281,182,-32
-60,-348,0,-13,248,364
96,-286,0,120,122,133
-12,-280,0,27,168,-112
55,-300,0,79,-108,233
51,-217,0,133,-371,-130
4,-226,0,66,-262,-17
176,-132,0,191,-119,-103
1,-205,0,83,-87,-62
50,-124,0,130,-271,-112
174,-134,0,306,126,161
71,-115,0,161,-62,114
58,-107,0,-125,48,-175
30,-46,0,-94,262,276
102,50,0,-145,-159,186
110,-28,0,-110,-12,-241
129,16,0,-8,-235,179
136,95,0,-188,140,-1
221,13,0,71,5,341
150,-25,0,97,-100,-22
125,71,0,190,245,73
199,-34,0,-23,-225,-306
177,29,0,-225,-410,135
188,107,0,273,31,-249
211,-25,0,31,76,-125
159,102,0,-44,-232,243
132,29,0,200,99,-121
97,10,0,192,-35,300
110,45,0,51,355,2
100,4,0,-39,-211,-12
146,-13,0,59,-39,138
97,-73,0,80,-85,19
73,27,0,-157,334,28
106,-57,0,125,42,-13
41,-172,0,-162,78,-72
126,-160,0,-320,69,258
137,-121,0,19,81,-333
120,-179,0,268,60,206
57,-183,0,-281,228,85
-41,-192,0,361,-11,280
-25,-268,0,57,183,277
64,-303,0,13,-264,-375
-98,-313,0,138,-30,244
-31,-321,0,10,261,373
55,-347,0,-140,115,-182
-76,-307,0,-298,155,338
44,-389,0,-191,-5,88
-92,-448,0,312,-72,-62
-70,-456,0,-159,-498,2
-105,-421,0,302,-238,-175
-93,-480,0,173,6,-81
-82,-530,0,338,-355,22
-185,-410,0,-211,301,61
-143,-509,0,117,26,-248
-210,-479,0,-291,250,-13
-144,-481,0,-300,583,90
-173,-456,0,151,-164,33
-172,-569,0,143,123,-5
-107,-653,0,138,-156,-3
-146,-542,0,133,106,11
-201,-521,0,117,314,-45
-149,-572,0,178,345,-530
-133,-599,0,134,-184,-61
-223,-542,0,152,283,507
-77,-551,0,34,-251,-84
-155,-572,0,-307,131,58
-101,-535,0,-33,-21,13
-157,-490,0,-164,-74,24
-88,-432,0,0,-74,165
-140,-521,0,28,-176,-72
-196,-450,0,293,-159,527
-79,-488,0,-91,171,-64
-85,-484,0,-211,72,-234
-54,-460,0,114,-227,209
-91,-427,0,-42,6,143
-112,-479,0,21,237,-92
-41,-433,0,-208,112,146
-15,-364,0,132,104,235
-13,-255,0,-46,352,130
-27,-340,0,107,164,136
-70,-312,0,34,234,-182
69,-265,0,-88,50,-63
-51,-213,0,-84,-115,-20
55,-102,0,210,-84,59
-100,-204,0,6,31,-88
137,-110,0,-187,-88,-178
42,-164,0,207,10,10
59,-81,0,103,-104,-106
12,-135,0,-126,52,19
201,-123,0,-65,235,57
25,-79,0,238,-216,-240
74,-9,0,272,-157,-287
136,-28,0,-125,-342,-99
110,1,0,-407,52,-136
67,40,0,5,173,-64
199,-117,0,122,115,74
105,-62,0,-102,-144,-394
226,101,0,251,-162,-223
64,78,0,-6,-308,230
160,6,0,145,283,111
163,51,0,21,-595,69
129,74,0,114,-59,-210
175,21,0,-241,-301,-242
197,-23,0,90,-79,-6
214,14,0,138,-46,230
107,-92,0,-84,428,-28
164,-55,0,-308,-143,109
109,45,0,-204,-271,-349
109,-125,0,-591,-43,-97
122,-11,0,-469,-98,8
149,26,0,-90,107,-87
39,-56,0,379,-69,-57
139,-79,0,-587,23,-92
21,-141,0,168,-53,-254
143,-94,0,-265,-78,-139
74,-131,0,118,-22,68
-17,-60,0,170,-134,-264
108,-200,0,197,-487,175
133,-254,0,-197,-178,86
87,-306,0,-358,153,55
-21,-186,0,-211,-241,170
-96,-381,0,-255,-426,-21
-35,-228,0,-215,151,62
-61,-287,0,-71,177,261
-92,-450,0,-94,213,198
-88,-293,0,129,31,-395
-45,-357,0,312,-189,291
-97,-406,0,334,-293,-53
-67,-442,0,-133,-193,199
-96,-387,0,-385,-313,196
-137,-388,0,364,-30,34
-204,-387,0,419,-98,374
-131,-504,0,185,54,110
-135,-461,0,-287,-125,-151
-144,-438,0,443,-165,39
-149,-492,0,207,-193,-178
-68,-655,0,33,88,-88
-124,-586,0,-175,50,72
-145,-534,0,3,-62,-35
-73,-497,0,232,28,-140
-163,-633,0,221,-16,377
-93,-575,0,-183,128,-94
-128,-525,0,154,303,-159
-162,-562,0,-199,-234,-509
-258,-540,0,-477,-233,-283
-142,-553,0,176,-257,-191
-120,-517,0,-77,-236,111
-96,-494,0,-255,-139,107
-231,-526,0,208,-137,-63
-75,-524,0,129,184,102
-43,-404,0,-103,36,-126
-44,-436,0,-29,154,-591
-178,-435,0,146,167,7
-59,-381,0,83,-142,81
-83,-422,0,170,140,50
-78,-427,0,-104,189,-111
-19,-478,0,-127,302,-154
1,-387,0,-40,-187,213
26,-348,0,73,246,-44
-48,-303,0,55,73,-4
-65,-213,0,282,-117,41
69,-230,0,285,-465,-107
-42,-193,0,26,127,-442
91,-267,0,183,367,-3
52,-174,0,-90,-81,269
81,-208,0,69,-169,-176
117,-60,0,-46,53,183
44,-54,0,-75,-274,-1
89,-106,0,-178,17,213
24,4,0,98,-57,-85
158,-84,0,-199,108,208
122,25,0,-51,-389,178
130,99,0,-295,111,-251
84,3,0,45,-149,163
162,-80,0,64,-96,-337
124,31,0,68,-429,-26
50,79,0,156,-242,-2
93,88,0,168,-26,271
146,-8,0,-163,-159,-35
240,-5,0,79,174,-158
138,15,0,162,-148,-45
119,83,0,-21,-288,183
119,91,0,260,325,58
82,-10,0,-325,579,29
161,17,0,80,207,138
88,18,0,106,36,-299
76,21,0,-167,-57,13
156,-5,0,184,100,218
48,-1,0,-309,-96,147
154,-54,0,-244,94,-160
84,-126,0,-187,-147,-174
81,-116,0,164,347,-179
84,-61,0,185,186,-102
94,-61,0,-159,100,18
124,-105,0,327,148,-249
156,-253,0,-146,-162,213
67,-146,0,333,-155,-163
15,-179,0,14,-89,-29
-19,-139,0,-443,-116,-137
-39,-284,0,83,-139,-34
-30,-247,0,-138,-132,-153
-15,-285,0,136,-223,-357
-18,-285,0,162,20,-39
-67,-365,0,-129,-140,199
19,-439,0,170,1,-145
-69,-404,0,-14,280,198
-108,-432,0,234,-153,-63
-93,-400,0,96,-129,283
-108,-366,0,-47,-11,83
-162,-500,0,-12,351,85
-35,-442,0,265,-386,52
-197,-506,0,-43,35,-249
-17,-558,0,14,47,207
-156,-566,0,428,-328,-23
-191,-459,0,102,-47,-213
-140,-581,0,-94,28,173
-131,-490,0,-86,240,-344
-84,-594,0,317,-47,185
-75,-443,0,206,-165,110
-86,-457,0,-117,59,93
-107,-636,0,166,38,-211
-157,-352,0,126,-237,-113
-154,-555,0,-41,233,125
-124,-513,0,288,-332,-149
-133,-498,0,99,394,-370
-108,-545,0,-3,-240,165
-73,-516,0,-650,295,-142
-190,-493,0,-175,-129,-48
-114,-454,0,81,89,57
-156,-519,0,-337,121,-216
-104,-493,0,-298,305,106
-54,-455,0,-292,-202,-46
-70,-436,0,110,307,435
2,-442,0,347,134,32
-8,-367,0,109,-141,-142
-3,-386,0,-50,-140,244
-45,-388,0,134,443,-155
-86,-266,0,120,98,-190
60,-352,0,-42,-102,100
68,-241,0,-79,-233,122
-36,-183,0,-256,-42,-123
-17,-202,0,400,-14,-291
77,-121,0,-42,-208,-58
89,-158,0,317,236,101
62,-85,0,251,-45,-275
33,-117,0,-142,-177,-226
128,-156,0,158,137,85
94,-56,0,-78,-314,249
62,-45,0,226,56,-255
86,-10,0,70,-251,198
-82,-87,0,-35,25,-77
145,25,0,-215,345,288
51,-55,0,-80,115,77
179,111,0,-236,-377,-113
233,-41,0,167,-228,144
228,-62,0,477,210,151
168,121,0,-275,250,311
114,51,0,-16,-183,-209
156,16,0,138,-58,128
131,92,0,-133,73,-339
186,59,0,323,7,369
116,98,0,-286,227,189
203,43,0,283,257,-274
132,61,0,349,185,-69
90,41,0,-156,-128,-77
181,-52,0,46,391,-137
-32,-21,0,-251,-108,-105
212,-88,0,-242,-310,-156
213,-59,0,-174,222,42
83,-61,0,-46,-167,223
-15,-84,0,-228,172,-132
59,-102,0,34,-18,198
130,-79,0,205,170,-299
142,-129,0,47,146,303
-38,-286,0,-168,-123,-297
63,-161,0,54,-242,-68
-95,-220,0,97,-173,357
24,-218,0,256,-60,125
35,-270,0,-461,-11,374
5,-327,0,39,97,-186
-73,-291,0,-42,204,261
-48,-412,0,-1,-108,28
-41,-438,0,216,-199,-41
-61,-323,0,-146,-5,-183
-95,-368,0,-174,-107,-146
-137,-502,0,-130,-29,-391
-80,-464,0,-503,145,26
-43,-470,0,54,314,-160
-66,-492,0,-314,-52,-525
-104,-569,0,134,-392,165
-115,-493,0,18,-211,151
-204,-418,0,-340,-202,-95
-201,-556,0,44,364,142
-161,-449,0,-67,221,-183
-230,-581,0,-230,-14,-173
-144,-507,0,-306,533,-427
-122,-577,0,374,108,-93
-126,-598,0,-80,-202,-151
-187,-500,0,33,-1,219
-174,-563,0,-192,274,-13
-142,-523,0,142,212,-140
-229,-587,0,129,173,49
-88,-550,0,224,92,326
-66,-561,0,97,183,-15
-166,-567,0,146,-174,220
-167,-488,0,-89,-88,199
-126,-464,0,371,17,181
-57,-502,0,182,175,-211
-112,-455,0,180,288,140
-42,-506,0,225,143,21
-5,-395,0,298,236,-390
-125,-368,0,5,-44,54
-31,-477,0,-24,316,-201
-74,-346,0,236,48,-406
-21,-279,0,171,292,39
-96,-330,0,103,41,345
-4,-420,0,129,-131,-242
-72,-289,0,-39,20,177
-28,-353,0,4,-340,257
-62,-128,0,179,-88,196
57,-222,0,-151,194,53
62,-89,0,-409,-177,-161
7,-100,0,186,115,-288
95,-67,0,-306,-9,94
132,-87,0,41,11,-150
66,-147,0,-76,93,228
139,-80,0,-184,77,453
101,-8,0,-17,168,-259
9,-76,0,310,-16,208
67,-81,0,20,323,98
93,64,0,67,-311,317
135,35,0,312,-124,-159
49,48,0,490,40,-108
113,-26,0,-429,132,144
219,14,0,86,-58,146
230,70,0,-13,85,-82
130,31,0,-45,94,-8
132,58,0,46,-223,-223
150,151,0,266,-42,-26
101,120,0,53,5,308
104,39,0,43,-230,3
141,120,0,141,46,34
129,-11,0,-166,-121,350
135,28,0,-277,-132,-173
188,-49,0,5,209,228
176,-117,0,71,-286,202
119,-62,0,-85,-82,235
37,-47,0,42,-83,-61
70,-81,0,86,197,146
180,-169,0,97,180,-125
-19,-108,0,-137,165,-259
138,-267,0,-136,-120,230
24,-140,0,-139,-260,226
-26,-236,0,168,-56,-10
144,-216,0,59,-365,-83
-35,-189,0,103,-524,-159
11,-275,0,121,26,-180
-37,-325,0,90,97,-191
3,-371,0,-198,302,-32
-77,-326,0,-433,-32,-430
-42,-332,0,-282,-15,-101
-151,-369,0,104,173,-130
-24,-405,0,-205,-178,-28
-44,-347,0,103,1,211
-42,-379,0,-68,-63,-19
-80,-394,0,100,-261,-178
-220,-406,0,35,-309,126
-68,-516,0,119,38,-177
-133,-518,0,274,-41,-39
-94,-425,0,-149,-3,155
-147,-580,0,-274,135,14
-110,-554,0,-57,161,-92
-171,-484,0,-103,-66,156
-145,-499,0,169,89,85
-19,-648,0,262,-120,94
-89,-595,0,528,-197,-50
-92,-533,0,-289,-53,146
-118,-555,0,-198,-303,-351
-145,-546,0,-181,-11,-129
-127,-552,0,172,21,131
-183,-521,0,-97,-30,336
-168,-519,0,20,189,-145
-83,-481,0,-9,73,95
-150,-628,0,159,-75,325
-127,-555,0,-57,-156,-63
-30,-442,0,-277,-7,-1
-224,-449,0,392,-94,-56
-106,-366,0,24,219,-34
-77,-423,0,13,-119,47
-125,-391,0,-110,-31,312
-70,-358,0,-780,453,-98
-112,-382,0,-55,-185,16
-46,-337,0,-97,-163,120
-7,-269,0,157,49,-295
-36,-216,0,-68,245,-27
-24,-308,0,142,15,-211
-152,-212,0,-132,-98,-54
49,-173,0,-27,-44,-377
66,-167,0,-113,60,-23
45,-232,0,200,-20,137
79,-130,0,142,27,-315
47,-99,0,-24,186,228
41,-66,0,107,-13,-281
130,-137,0,-328,-40,109
278,-41,0,156,-78,203
68,-71,0,-37,-604,-16
67,-29,0,-9,-336,196
162,6,0,150,-134,301
147,5,0,483,-327,166
61,-39,0,2,171,-115
106,52,0,-90,321,11
174,27,0,-26,-143,229
33,-26,0,218,-62,-99
147,-32,0,33,-252,57
132,-36,0,-95,142,64
174,79,0,260,224,93
174,11,0,251,-74,593
184,83,0,-8,-302,-464
125,83,0,150,-9,-173
114,-155,0,-197,-26,25
222,-69,0,-533,36,-165
164,91,0,-122,54,75
155,-88,0,-78,-136,-63
99,-3,0,-12,-141,168
95,48,0,52,-150,-70
163,122,0,7,89,163
104,-7,0,243,294,-130
68,-88,0,239,-65,134
137,-87,0,354,-6,86
63,-143,0,-56,-196,-70
88,-199,0,48,-169,18
72,-86,0,-437,-73,-249
-81,-98,0,-71,323,-333
