-16,5,229,0,0,0
8,-16,281,0,1,0
-34,12,270,0,3,0
-59,-0,290,0,4,0
2,-14,279,0,5,0
20,-13,254,0,7,0
41,17,234,0,8,0
16,-24,312,0,9,0
9,1,260,0,11,0
21,-22,284,0,12,0
28,-4,248,0,13,0
-0,-40,282,0,15,0
14,-4,289,0,16,0
25,23,303,0,17,0
33,-18,262,0,18,0
14,-8,264,0,20,0
49,13,322,0,21,0
69,19,259,0,22,0
59,-26,319,0,23,0
42,-11,301,0,24,0
93,-21,304,0,26,0
63,18,286,0,27,0
43,-3,296,0,28,0
72,10,293,0,29,0
49,6,304,0,30,0
51,30,301,0,31,0
51,19,291,0,32,0
57,-22,299,0,33,0
69,45,317,0,34,0
59,-9,310,0,35,0
52,-16,303,0,36,0
79,24,311,0,37,0
94,-12,286,0,38,0
77,12,301,0,39,0
38,12,309,0,40,0
52,24,272,0,40,0
76,-35,285,0,41,0
88,-39,284,0,42,0
78,-19,296,0,43,0
128,27,275,0,43,0
113,31,282,0,44,0
85,-13,314,0,45,0
110,15,302,0,45,0
110,-2,295,0,46,0
101,-1,280,0,46,0
85,7,309,0,47,0
66,10,324,0,47,0
102,22,288,0,48,0
98,18,273,0,48,0
100,-2,299,0,48,0
88,11,303,0,49,0
117,26,335,0,49,0
106,-1,321,0,49,0
127,-14,290,0,49,0
105,-11,305,0,50,0
102,-13,288,0,50,0
72,-29,323,0,50,0
136,24,297,0,50,0
82,-5,291,0,50,0
95,-3,314,0,50,0
88,16,309,0,50,0
81,-31,327,0,50,0
105,-24,280,0,50,0
85,-22,290,0,50,0
119,-0,357,0,49,0
119,-23,280,0,49,0
107,14,289,0,49,0
119,5,299,0,49,0
36,-4,322,0,48,0
117,43,335,0,48,0
79,-2,291,0,48,0
63,-28,331,0,47,0
79,16,281,0,47,0
104,-22,305,0,46,0
102,-2,295,0,46,0
65,10,299,0,45,0
98,26,300,0,45,0
78,36,305,0,44,0
91,-3,318,0,43,0
110,-10,311,0,43,0
46,15,296,0,42,0
98,-15,284,0,41,0
76,14,270,0,40,0
76,-9,289,0,40,0
92,6,292,0,39,0
120,-4,273,0,38,0
94,-21,280,0,37,0
65,19,278,0,36,0
72,19,319,0,35,0
69,-34,288,0,34,0
65,-20,298,0,33,0
51,-20,235,0,32,0
38,2,292,0,31,0
75,30,264,0,30,0
41,14,290,0,29,0
87,-29,318,0,28,0
39,-15,310,0,27,0
72,20,303,0,26,0
62,-27,284,0,25,0
26,-21,276,0,23,0
-5,5,295,0,22,0
50,5,248,0,21,0
86,-20,291,0,20,0
3,-36,274,0,19,0
55,6,275,0,17,0
31,-14,271,0,16,0
12,5,282,0,15,0
30,-5,222,0,13,0
75,24,292,0,12,0
59,-16,268,0,11,0
-3,4,286,0,10,0
26,-0,270,0,8,0
17,18,274,0,7,0
15,49,227,0,6,0
-5,-15,272,0,4,0
17,30,257,0,3,0
-27,17,284,0,2,0
8,6,231,0,0,0
-14,-11,249,0,-1,0
4,8,240,0,-2,0
4,0,232,0,-4,0
34,35,241,0,-5,0
13,17,230,0,-6,0
-28,34,249,0,-8,0
-36,19,242,0,-9,0
-27,14,267,0,-10,0
-32,-1,246,0,-12,0
13,13,241,0,-13,0
-33,20,244,0,-14,0
-35,7,189,0,-16,0
-37,14,250,0,-17,0
-31,6,269,0,-18,0
-41,-2,260,0,-19,0
-26,-19,195,0,-21,0
-51,-24,226,0,-22,0
-33,-3,221,0,-23,0
-59,-8,226,0,-24,0
-62,3,207,0,-25,0
-35,5,238,0,-26,0
-50,0,246,0,-28,0
-67,-26,192,0,-29,0
-44,0,245,0,-30,0
-75,28,225,0,-31,0
-51,-5,188,0,-32,0
-54,9,220,0,-33,0
-107,12,240,0,-34,0
-50,9,252,0,-35,0
-76,-13,252,0,-36,0
-98,27,237,0,-37,0
-100,-19,204,0,-38,0
-82,-4,214,0,-39,0
-50,-5,199,0,-39,0
-81,-16,208,0,-40,0
-84,6,185,0,-41,0
-56,7,243,0,-42,0
-78,5,213,0,-42,0
-103,-18,222,0,-43,0
-83,-12,179,0,-44,0
-61,17,189,0,-44,0
-125,-22,207,0,-45,0
-83,-10,233,0,-46,0
-91,34,174,0,-46,0
-72,-4,210,0,-47,0
-91,-10,203,0,-47,0
-118,28,222,0,-48,0
-137,-12,200,0,-48,0
-97,-33,217,0,-48,0
-97,-26,214,0,-49,0
-102,-10,199,0,-49,0
-88,-20,219,0,-49,0
-72,-33,211,0,-49,0
-115,-29,226,0,-50,0
-129,-1,208,0,-50,0
-119,-9,211,0,-50,0
-125,0,175,0,-50,0
-137,15,213,0,-50,0
-86,-22,171,0,-50,0
-147,-37,191,0,-50,0
-54,9,196,0,-50,0
-103,-10,176,0,-50,0
-85,11,214,0,-50,0
-100,-15,192,0,-50,0
-68,1,194,0,-49,0
-105,-23,238,0,-49,0
-114,38,218,0,-49,0
-90,-23,230,0,-48,0
-99,-6,190,0,-48,0
-87,-23,219,0,-48,0
-64,-35,221,0,-47,0
-134,-5,190,0,-47,0
-80,7,203,0,-46,0
-61,-31,188,0,-46,0
-113,-15,243,0,-45,0
-71,-39,208,0,-45,0
-86,19,195,0,-44,0
-92,-9,225,0,-43,0
-130,-62,192,0,-43,0
-85,22,223,0,-42,0
-71,-33,219,0,-41,0
-88,-10,244,0,-41,0
-122,-54,231,0,-40,0
-74,-4,249,0,-39,0
-94,-22,201,0,-38,0
-91,-26,199,0,-37,0
-101,25,195,0,-36,0
-53,-60,218,0,-35,0
-51,-1,202,0,-34,0
-76,21,214,0,-33,0
-82,23,254,0,-32,0
-28,-3,202,0,-31,0
-56,-13,212,0,-30,0
-71,1,221,0,-29,0
-81,10,254,0,-28,0
-55,-0,238,0,-27,0
-83,16,169,0,-26,0
-54,-7,236,0,-25,0
-30,10,224,0,-24,0
-44,12,221,0,-22,0
-28,-37,261,0,-21,0
-17,14,199,0,-20,0
-40,24,206,0,-19,0
-32,-14,218,0,-18,0
-56,-5,215,0,-16,0
-10,8,227,0,-15,0
23,-3,258,0,-14,0
-36,13,215,0,-12,0
-27,-30,239,0,-11,0
-50,10,229,0,-10,0
-24,-11,217,0,-8,0
-44,4,237,0,-7,0
-19,-6,243,0,-6,0
-21,-16,260,0,-4,0
-27,5,237,0,-3,0
16,27,262,0,-2,0
-8,17,223,0,-0,0
16,-15,232,0,1,0
21,-17,271,0,2,0
66,-22,249,0,4,0
4,20,255,0,5,0
0,-19,288,0,6,0
2,1,313,0,8,0
-1,-8,256,0,9,0
8,31,239,0,10,0
47,-1,287,0,11,0
-19,4,297,0,13,0
23,16,301,0,14,0
27,31,292,0,15,0
37,-16,277,0,17,0
21,5,244,0,18,0
47,-7,263,0,19,0
62,25,260,0,20,0
89,-13,286,0,22,0
48,19,270,0,23,0
48,-17,276,0,24,0
9,15,245,0,25,0
48,-27,261,0,26,0
28,-4,293,0,27,0
84,-39,303,0,29,0
64,-27,284,0,30,0
87,17,313,0,31,0
63,19,300,0,32,0
74,23,286,0,33,0
59,-12,304,0,34,0
30,-41,266,0,35,0
84,-16,292,0,36,0
83,-5,300,0,37,0
98,-4,301,0,38,0
111,22,302,0,38,0
97,-1,281,0,39,0
99,-1,302,0,40,0
83,-2,298,0,41,0
85,10,295,0,42,0
58,1,331,0,42,0
69,11,330,0,43,0
108,-10,305,0,44,0
94,-4,311,0,44,0
104,-12,287,0,45,0
92,-45,332,0,46,0
92,1,328,0,46,0
115,4,333,0,47,0
100,-4,305,0,47,0
118,7,317,0,47,0
99,-24,289,0,48,0
89,-3,288,0,48,0
89,-2,322,0,49,0
86,-17,344,0,49,0
104,22,301,0,49,0
124,-4,261,0,49,0
166,42,294,0,50,0
81,30,329,0,50,0
99,-13,288,0,50,0
102,11,342,0,50,0
114,-5,330,0,50,0
99,-21,294,0,50,0
91,10,298,0,50,0
88,15,298,0,50,0
111,-12,332,0,50,0
120,-7,309,0,50,0
117,-21,335,0,50,0
95,-30,296,0,49,0
77,2,330,0,49,0
142,14,293,0,49,0
80,21,272,0,49,0
109,-9,297,0,48,0
79,-7,281,0,48,0
121,-1,293,0,47,0
119,29,310,0,47,0
68,-29,327,0,46,0
77,7,303,0,46,0
102,-4,328,0,45,0
92,12,287,0,45,0
68,24,284,0,44,0
80,28,259,0,44,0
92,3,290,0,43,0
90,-1,278,0,42,0
75,28,327,0,42,0
81,-11,295,0,41,0
74,25,352,0,40,0
21,7,271,0,39,0
70,27,294,0,38,0
78,-12,327,0,37,0
53,4,261,0,36,0
52,-7,280,0,36,0
64,18,272,0,35,0
65,-0,266,0,34,0
67,17,299,0,33,0
64,5,254,0,32,0
54,6,320,0,31,0
52,22,263,0,29,0
57,-4,278,0,28,0
48,15,293,0,27,0
57,-30,283,0,26,0
75,18,317,0,25,0
34,29,292,0,24,0
25,11,296,0,23,0
16,-6,278,0,21,0
36,27,259,0,20,0
37,8,281,0,19,0
42,12,256,0,18,0
25,-1,252,0,16,0
56,12,283,0,15,0
19,10,273,0,14,0
37,-18,265,0,13,0
45,-1,260,0,11,0
3,9,252,0,10,0
26,33,239,0,9,0
32,30,251,0,7,0
29,-23,245,0,6,0
24,10,275,0,5,0
18,-26,276,0,3,0
-44,2,251,0,2,0
-27,5,308,0,1,0
38,50,272,0,-1,0
-14,-14,269,0,-2,0
-3,31,258,0,-3,0
-10,-14,236,0,-5,0
-8,-19,274,0,-6,0
25,-21,283,0,-7,0
15,-23,230,0,-9,0
-64,0,238,0,-10,0
-16,26,242,0,-11,0
-29,-13,225,0,-13,0
-23,-34,222,0,-14,0
-3,-15,287,0,-15,0
-72,53,214,0,-16,0
-71,19,198,0,-18,0
-94,-3,248,0,-19,0
-9,9,202,0,-20,0
-50,-2,228,0,-21,0
-33,3,248,0,-23,0
-58,-1,190,0,-24,0
-55,37,250,0,-25,0
-29,1,250,0,-26,0
-30,23,225,0,-27,0
-47,21,223,0,-28,0
-59,-8,271,0,-29,0
-51,6,229,0,-31,0
-52,15,242,0,-32,0
-62,-36,229,0,-33,0
-41,-18,238,0,-34,0
-41,5,188,0,-35,0
-44,7,222,0,-36,0
-59,-7,222,0,-36,0
-39,-18,238,0,-37,0
-57,16,225,0,-38,0
-65,-29,233,0,-39,0
-108,-8,213,0,-40,0
-77,1,263,0,-41,0
-89,-12,217,0,-41,0
-91,10,230,0,-42,0
-71,5,220,0,-43,0
-100,19,191,0,-44,0
-76,16,196,0,-44,0
-90,10,206,0,-45,0
-77,-9,235,0,-45,0
-63,-0,194,0,-46,0
-83,16,206,0,-46,0
-126,34,185,0,-47,0
-88,-25,246,0,-47,0
-72,17,201,0,-48,0
-84,-27,227,0,-48,0
-97,-10,195,0,-49,0
-73,-12,203,0,-49,0
-134,26,208,0,-49,0
-129,58,210,0,-49,0
-99,-3,189,0,-50,0
-102,-18,194,0,-50,0
-127,-14,230,0,-50,0
-122,-24,242,0,-50,0
-88,3,228,0,-50,0
-80,15,205,0,-50,0
-110,-8,241,0,-50,0
-88,-57,220,0,-50,0
-73,5,200,0,-50,0
-105,-25,189,0,-50,0
-85,0,232,0,-50,0
-111,11,210,0,-49,0
-114,-22,208,0,-49,0
-129,-15,233,0,-49,0
-134,-28,226,0,-49,0
-115,-1,226,0,-48,0
-78,19,208,0,-48,0
-108,-0,235,0,-47,0
-72,18,243,0,-47,0
-78,-15,246,0,-47,0
-102,-0,204,0,-46,0
-86,-2,224,0,-46,0
-97,-50,223,0,-45,0
-91,14,221,0,-44,0
-71,-28,200,0,-44,0
-92,30,227,0,-43,0
-103,-21,191,0,-42,0
-104,-9,203,0,-42,0
-103,16,212,0,-41,0
-64,-4,213,0,-40,0
-34,3,250,0,-39,0
-77,-10,198,0,-38,0
-109,26,220,0,-38,0
-101,5,206,0,-37,0
-56,10,230,0,-36,0
-73,13,221,0,-35,0
-83,20,210,0,-34,0
-52,4,209,0,-33,0
-74,-2,231,0,-32,0
-33,-25,278,0,-31,0
-92,-1,186,0,-30,0
-61,24,228,0,-29,0
-42,-11,193,0,-27,0
-22,-7,257,0,-26,0
-53,-11,209,0,-25,0
-57,12,229,0,-24,0
-45,-30,229,0,-23,0
-47,39,217,0,-22,0
-54,11,228,0,-20,0
-51,8,273,0,-19,0
-11,9,279,0,-18,0
-46,-12,214,0,-17,0
-28,17,247,0,-15,0
2,2,260,0,-14,0
-29,-36,258,0,-13,0
-35,10,257,0,-12,0
-5,-3,210,0,-10,0
-52,-3,219,0,-9,0
-13,-4,264,0,-8,0
-54,41,234,0,-6,0
-44,17,264,0,-5,0
9,9,231,0,-4,0
6,4,230,0,-2,0
-1,-17,272,0,-1,0
10,-11,269,0,0,0
12,13,248,0,2,0
20,-13,259,0,3,0
21,13,288,0,4,0
5,-18,264,0,6,0
19,3,271,0,7,0
-18,22,282,0,8,0
14,-15,259,0,10,0
11,4,242,0,11,0
16,12,239,0,12,0
10,12,256,0,14,0
46,17,301,0,15,0
51,8,281,0,16,0
66,11,293,0,17,0
14,-13,292,0,19,0
30,22,270,0,20,0
60,-22,272,0,21,0
13,36,299,0,22,0
16,19,312,0,24,0
35,-11,290,0,25,0
56,4,277,0,26,0
62,6,267,0,27,0
63,-1,287,0,28,0
38,-27,268,0,29,0
83,-6,271,0,30,0
35,7,291,0,31,0
45,39,290,0,32,0
60,-5,329,0,33,0
65,28,304,0,34,0
90,-26,244,0,35,0
66,34,333,0,36,0
97,-43,265,0,37,0
70,-5,264,0,38,0
109,4,310,0,39,0
83,-12,303,0,40,0
70,28,289,0,41,0
73,31,297,0,41,0
77,-37,290,0,42,0
90,-10,267,0,43,0
72,-13,277,0,43,0
99,-26,313,0,44,0
75,7,338,0,45,0
117,-4,312,0,45,0
101,-25,293,0,46,0
99,-32,302,0,46,0
78,-9,321,0,47,0
102,15,295,0,47,0
84,55,305,0,48,0
69,-6,317,0,48,0
90,-14,327,0,48,0
91,-19,296,0,49,0
83,-47,325,0,49,0
109,-20,334,0,49,0
126,-2,317,0,49,0
109,31,287,0,50,0
56,-7,354,0,50,0
109,-6,291,0,50,0
67,-26,303,0,50,0
85,27,310,0,50,0
144,16,334,0,50,0
118,-36,278,0,50,0
107,-25,307,0,50,0
75,-4,329,0,50,0
94,-2,300,0,50,0
99,-13,315,0,49,0
95,-8,308,0,49,0
106,-2,311,0,49,0
115,-8,322,0,49,0
90,-3,316,0,48,0
101,21,289,0,48,0
117,10,298,0,48,0
71,-20,326,0,47,0
121,-7,286,0,47,0
62,29,276,0,46,0
91,1,311,0,46,0
103,0,336,0,45,0
63,9,311,0,44,0
87,-52,268,0,44,0
61,15,273,0,43,0
61,-8,294,0,42,0
76,-13,319,0,42,0
86,-3,349,0,41,0
95,12,296,0,40,0
42,9,314,0,39,0
89,-48,310,0,39,0
76,-18,276,0,38,0
41,22,266,0,37,0
30,9,278,0,36,0
88,20,324,0,35,0
41,-6,289,0,34,0
60,7,308,0,33,0
69,-14,279,0,32,0
53,-13,285,0,31,0
39,-11,307,0,30,0
41,3,309,0,29,0
56,-10,256,0,28,0
70,-28,297,0,27,0
76,47,306,0,25,0
58,23,276,0,24,0
45,22,290,0,23,0
45,16,303,0,22,0
50,23,279,0,21,0
7,-1,268,0,19,0
33,-15,267,0,18,0
59,-2,270,0,17,0
46,20,305,0,16,0
25,-4,268,0,14,0
27,7,289,0,13,0
31,-41,225,0,12,0
12,-10,276,0,10,0
-5,-19,280,0,9,0
52,13,252,0,8,0
9,37,251,0,7,0
3,1,245,0,5,0
33,-5,258,0,4,0
11,-22,255,0,3,0
31,-8,236,0,1,0
13,-4,265,0,-0,0
9,-29,291,0,-2,0
-4,-9,247,0,-3,0
-24,14,269,0,-4,0
11,-11,229,0,-6,0
-20,4,264,0,-7,0
5,-0,212,0,-8,0
-15,-12,269,0,-10,0
-86,-30,275,0,-11,0
-5,-17,229,0,-12,0
-55,32,250,0,-13,0
-17,2,224,0,-15,0
-8,-26,247,0,-16,0
17,49,228,0,-17,0
-20,-18,230,0,-18,0
-82,-56,196,0,-20,0
-51,-5,226,0,-21,0
-20,-21,196,0,-22,0
-43,17,215,0,-23,0
-41,4,230,0,-25,0
-42,-12,224,0,-26,0
-58,21,206,0,-27,0
-55,-17,219,0,-28,0
-54,-2,216,0,-29,0
-56,-24,251,0,-30,0
-55,8,239,0,-31,0
-47,5,205,0,-32,0
-53,0,236,0,-33,0
-89,-18,206,0,-34,0
-50,-9,238,0,-35,0
-75,-21,242,0,-36,0
-67,21,231,0,-37,0
-88,-30,227,0,-38,0
-94,12,190,0,-39,0
-101,-1,203,0,-40,0
-60,-21,181,0,-40,0
-100,-6,231,0,-41,0
-98,2,208,0,-42,0
-96,-26,211,0,-43,0
-121,-25,227,0,-43,0
-84,-6,218,0,-44,0
-133,-11,241,0,-45,0
-137,-10,198,0,-45,0
-85,38,253,0,-46,0
-116,-20,191,0,-46,0
-72,-17,213,0,-47,0
-92,23,204,0,-47,0
-98,1,226,0,-48,0
-74,10,157,0,-48,0
-90,-4,190,0,-48,0
-31,18,233,0,-49,0
-108,-10,182,0,-49,0
-83,8,193,0,-49,0
-87,2,246,0,-49,0
-87,11,208,0,-50,0
-85,-32,244,0,-50,0
-106,-0,210,0,-50,0
-64,-24,195,0,-50,0
-90,5,191,0,-50,0
-63,9,213,0,-50,0
-54,-46,206,0,-50,0
-119,-7,186,0,-50,0
-126,16,234,0,-50,0
-122,2,211,0,-50,0
-125,28,203,0,-49,0
-95,7,223,0,-49,0
-97,-20,211,0,-49,0
-109,10,167,0,-49,0
-70,-31,198,0,-48,0
-156,-39,158,0,-48,0
-110,21,211,0,-48,0
-120,-18,166,0,-47,0
-102,-36,216,0,-47,0
-85,-2,212,0,-46,0
-120,35,228,0,-46,0
-96,22,216,0,-45,0
-63,8,193,0,-45,0
-107,-26,213,0,-44,0
-77,33,190,0,-43,0
-89,10,204,0,-43,0
-82,7,190,0,-42,0
-99,14,168,0,-41,0
-22,26,197,0,-40,0
-62,15,216,0,-40,0
-83,8,202,0,-39,0
-52,14,202,0,-38,0
-73,1,248,0,-37,0
-62,4,241,0,-36,0
-78,-5,238,0,-35,0
-85,-4,211,0,-34,0
-76,-14,238,0,-33,0
-34,-6,234,0,-32,0
-83,-16,191,0,-31,0
-84,-20,230,0,-30,0
-40,2,246,0,-29,0
-55,-7,261,0,-28,0
-64,-7,215,0,-27,0
-45,5,228,0,-26,0
-48,23,255,0,-24,0
-47,-11,258,0,-23,0
-51,-2,222,0,-22,0
-57,-13,248,0,-21,0
-38,-23,239,0,-20,0
-26,-1,254,0,-18,0
-21,8,261,0,-17,0
-30,17,233,0,-16,0
-0,46,234,0,-15,0
-13,24,269,0,-13,0
-35,-5,243,0,-12,0
-27,-2,242,0,-11,0
-32,16,240,0,-9,0
-27,53,248,0,-8,0
-19,-5,251,0,-7,0
34,2,269,0,-5,0
24,0,236,0,-4,0
4,18,222,0,-3,0
20,2,276,0,-1,0
1,34,229,0,-0,0
43,2,256,0,1,0
34,21,272,0,3,0
-16,8,262,0,4,0
15,-7,242,0,5,0
-3,43,250,0,7,0
5,-20,243,0,8,0
-27,14,257,0,9,0
29,23,255,0,11,0
60,-3,251,0,12,0
25,-18,243,0,13,0
33,-76,268,0,14,0
25,43,262,0,16,0
48,7,273,0,17,0
29,6,231,0,18,0
45,-76,283,0,20,0
63,-1,262,0,21,0
48,0,280,0,22,0
39,-6,266,0,23,0
72,6,246,0,24,0
52,-5,285,0,25,0
31,28,321,0,27,0
56,38,310,0,28,0
64,7,323,0,29,0
60,1,279,0,30,0
53,27,281,0,31,0
60,-15,279,0,32,0
45,11,265,0,33,0
94,-55,311,0,34,0
97,-13,280,0,35,0
86,-18,309,0,36,0
78,13,305,0,37,0
113,-19,279,0,38,0
102,-13,300,0,39,0
73,19,255,0,39,0
44,-23,290,0,40,0
101,29,335,0,41,0
77,26,318,0,42,0
83,-15,261,0,43,0
78,-17,307,0,43,0
63,-13,260,0,44,0
126,8,324,0,45,0
82,-31,286,0,45,0
104,-28,271,0,46,0
94,-3,303,0,46,0
134,-29,282,0,47,0
72,-6,304,0,47,0
102,-18,304,0,48,0
107,39,292,0,48,0
117,34,279,0,48,0
107,-4,311,0,49,0
117,-19,313,0,49,0
113,-6,304,0,49,0
100,22,320,0,49,0
79,0,278,0,50,0
90,-22,303,0,50,0
82,-4,304,0,50,0
130,-28,307,0,50,0
84,39,335,0,50,0
88,-20,324,0,50,0
123,14,282,0,50,0
92,6,289,0,50,0
112,-4,279,0,50,0
107,-4,317,0,50,0
88,-44,307,0,49,0
116,-14,296,0,49,0
106,-1,263,0,49,0
84,-12,299,0,49,0
136,13,279,0,48,0
144,8,289,0,48,0
96,24,294,0,48,0
141,2,299,0,47,0
87,-12,299,0,47,0
92,-11,311,0,46,0
65,3,279,0,46,0
97,-6,321,0,45,0
84,-9,286,0,45,0
96,24,290,0,44,0
92,1,297,0,43,0
67,-2,315,0,43,0
81,18,315,0,42,0
69,9,282,0,41,0
48,-8,280,0,40,0
67,-11,283,0,40,0
121,19,278,0,39,0
81,-6,312,0,38,0
79,-9,334,0,37,0
74,1,322,0,36,0
79,-1,297,0,35,0
82,8,307,0,34,0
56,26,292,0,33,0
56,-5,285,0,32,0
101,-6,309,0,31,0
31,0,310,0,30,0
31,10,273,0,29,0
75,-58,290,0,28,0
57,-44,286,0,27,0
18,37,296,0,26,0
76,-9,290,0,25,0
45,31,266,0,23,0
27,15,256,0,22,0
30,1,279,0,21,0
41,3,216,0,20,0
35,-3,284,0,19,0
36,22,271,0,17,0
22,3,265,0,16,0
26,-8,257,0,15,0
41,20,271,0,14,0
40,-19,339,0,12,0
36,50,249,0,11,0
-1,3,277,0,10,0
31,1,263,0,8,0
45,-11,259,0,7,0
-24,13,229,0,6,0
-2,-33,261,0,4,0
3,19,257,0,3,0
-0,4,236,0,2,0
32,-10,246,0,0,0
1,-6,257,0,-1,0
34,24,208,0,-2,0
-15,8,239,0,-4,0
-4,-17,268,0,-5,0
7,51,269,0,-6,0
-1,48,257,0,-8,0
12,6,287,0,-9,0
5,14,225,0,-10,0
-11,2,283,0,-12,0
-1,-24,267,0,-13,0
-45,-5,212,0,-14,0
-42,-6,218,0,-16,0
-96,20,233,0,-17,0
-27,9,233,0,-18,0
-31,16,227,0,-19,0
-76,-3,217,0,-21,0
-19,-1,219,0,-22,0
-38,-10,252,0,-23,0
-24,-22,249,0,-24,0
-34,9,222,0,-25,0
-45,27,218,0,-26,0
-95,-12,224,0,-28,0
-68,-11,276,0,-29,0
-79,-0,236,0,-30,0
-71,-13,228,0,-31,0
-49,-32,223,0,-32,0
-52,-12,229,0,-33,0
-69,31,213,0,-34,0
-93,-17,194,0,-35,0
-123,28,215,0,-36,0
-77,-27,206,0,-37,0
-44,15,258,0,-38,0
-85,-25,239,0,-39,0
-53,38,205,0,-39,0
-88,-17,189,0,-40,0
-117,-3,237,0,-41,0
-72,-16,219,0,-42,0
-53,-17,203,0,-42,0
-93,-13,223,0,-43,0
-85,27,218,0,-44,0
-79,2,239,0,-44,0
-100,23,180,0,-45,0
-101,-7,252,0,-46,0
-88,31,250,0,-46,0
-93,-21,236,0,-47,0
-78,-1,215,0,-47,0
-96,29,206,0,-48,0
-97,-0,212,0,-48,0
-91,-8,274,0,-48,0
-74,24,195,0,-49,0
-91,-27,202,0,-49,0
-83,-21,175,0,-49,0
-91,34,233,0,-49,0
-113,-13,200,0,-50,0
-114,17,199,0,-50,0
-87,-9,220,0,-50,0
-104,-22,255,0,-50,0
-127,-25,204,0,-50,0
-75,3,219,0,-50,0
-113,-11,205,0,-50,0
-96,12,192,0,-50,0
-115,-38,221,0,-50,0
-86,7,193,0,-50,0
-105,1,178,0,-50,0
-94,-4,205,0,-49,0
-117,-11,181,0,-49,0
-109,10,219,0,-49,0
-123,39,233,0,-48,0
-120,-29,213,0,-48,0
-101,2,203,0,-48,0
-92,-4,212,0,-47,0
-89,35,208,0,-47,0
-82,-8,202,0,-46,0
-114,-6,242,0,-46,0
-79,18,204,0,-45,0
-93,-10,221,0,-45,0
-86,31,200,0,-44,0
-121,-19,202,0,-44,0
-63,-9,192,0,-43,0
-65,3,202,0,-42,0
-63,-28,206,0,-41,0
-95,8,225,0,-41,0
-59,-12,176,0,-40,0
-75,-3,257,0,-39,0
-69,31,227,0,-38,0
-113,-25,244,0,-37,0
-108,-20,238,0,-36,0
-67,27,199,0,-35,0
-78,3,232,0,-34,0
-56,-3,244,0,-34,0
-66,-16,257,0,-32,0
-92,29,227,0,-31,0
-46,-57,211,0,-30,0
-22,-23,247,0,-29,0
-70,1,243,0,-28,0
-80,14,202,0,-27,0
-41,17,253,0,-26,0
-62,-12,218,0,-25,0
-39,0,220,0,-24,0
-82,-54,250,0,-22,0
-64,14,211,0,-21,0
-27,4,238,0,-20,0
-28,28,255,0,-19,0
-46,18,218,0,-18,0
10,23,223,0,-16,0
2,-46,255,0,-15,0
-58,5,236,0,-14,0
-20,-36,256,0,-12,0
-36,-13,219,0,-11,0
-46,19,246,0,-10,0
-4,-5,215,0,-9,0
-27,-12,268,0,-7,0
0,8,249,0,-6,0
2,22,244,0,-5,0
-10,22,236,0,-3,0
-18,-2,261,0,-2,0
-2,-34,279,0,-1,0
16,7,251,0,1,0
12,-8,272,0,2,0
1,12,215,0,4,0
10,28,230,0,5,0
13,-29,271,0,6,0
37,-13,255,0,7,0
-0,-21,272,0,9,0
-1,-27,256,0,10,0
43,4,220,0,11,0
20,14,291,0,13,0
38,-5,248,0,14,0
44,-13,287,0,15,0
14,-8,282,0,17,0
41,-1,245,0,18,0
61,25,272,0,19,0
53,-23,267,0,20,0
27,17,322,0,22,0
57,-4,263,0,23,0
55,-1,257,0,24,0
59,11,280,0,25,0
39,-28,267,0,26,0
16,13,272,0,27,0
73,50,287,0,28,0
53,35,301,0,30,0
86,-28,320,0,31,0
51,-19,296,0,32,0
75,-4,262,0,33,0
72,-35,324,0,34,0
79,3,322,0,35,0
87,-17,275,0,36,0
33,-10,312,0,37,0
62,27,296,0,37,0
80,-26,312,0,38,0
74,-11,319,0,39,0
91,7,282,0,40,0
107,-14,269,0,41,0
82,-14,303,0,42,0
90,11,298,0,42,0
79,5,294,0,43,0
131,-28,344,0,44,0
86,20,318,0,44,0
107,-8,270,0,45,0
75,-9,273,0,45,0
88,-14,325,0,46,0
107,4,302,0,47,0
113,-39,326,0,47,0
99,-6,277,0,47,0
77,-5,330,0,48,0
118,-24,322,0,48,0
80,20,326,0,49,0
91,14,339,0,49,0
103,25,292,0,49,0
94,19,321,0,49,0
83,3,318,0,50,0
119,8,267,0,50,0
77,14,302,0,50,0
109,-16,306,0,50,0
109,17,300,0,50,0
152,7,274,0,50,0
74,-9,328,0,50,0
113,14,311,0,50,0
115,12,307,0,50,0
88,-35,309,0,50,0
81,27,305,0,50,0
79,25,327,0,49,0
112,-15,307,0,49,0
100,3,278,0,49,0
121,-19,295,0,49,0
117,-8,342,0,48,0
81,8,278,0,48,0
97,8,309,0,47,0
108,-11,278,0,47,0
85,-18,291,0,47,0
84,25,303,0,46,0
84,8,326,0,45,0
86,-28,323,0,45,0
94,-1,328,0,44,0
69,-16,318,0,44,0
78,-26,284,0,43,0
89,11,284,0,42,0
128,-13,260,0,42,0
89,3,257,0,41,0
65,-34,301,0,40,0
79,19,293,0,39,0
87,-1,343,0,38,0
54,14,306,0,37,0
58,14,295,0,37,0
49,2,269,0,36,0
63,29,322,0,35,0
65,17,251,0,34,0
75,-15,270,0,33,0
81,13,283,0,32,0
77,-13,284,0,31,0
48,-15,255,0,30,0
17,21,309,0,28,0
28,6,267,0,27,0
38,-12,292,0,26,0
56,-13,252,0,25,0
3,-22,272,0,24,0
46,-13,262,0,23,0
53,-3,291,0,21,0
63,-13,302,0,20,0
5,10,263,0,19,0
19,0,266,0,18,0
30,16,286,0,17,0
43,-24,298,0,15,0
29,-25,275,0,14,0
15,14,262,0,13,0
0,-17,258,0,11,0
41,3,270,0,10,0
-18,2,256,0,9,0
-2,9,277,0,7,0
13,-6,249,0,6,0
36,5,303,0,5,0
1,28,303,0,3,0
39,22,227,0,2,0
-35,-0,249,0,1,0
-18,2,234,0,-1,0
-11,-27,246,0,-2,0
-13,5,214,0,-3,0
-3,-9,290,0,-5,0
-32,-20,251,0,-6,0
-18,-6,257,0,-7,0
3,14,257,0,-9,0
-38,-21,228,0,-10,0
-39,32,219,0,-11,0
-66,21,214,0,-13,0
-38,-28,242,0,-14,0
-19,-26,228,0,-15,0
-38,10,233,0,-16,0
-15,38,238,0,-18,0
-21,44,256,0,-19,0
-39,-30,270,0,-20,0
-30,21,268,0,-21,0
-44,10,242,0,-23,0
-6,-33,244,0,-24,0
-17,0,247,0,-25,0
-34,-15,238,0,-26,0
-39,-5,239,0,-27,0
-42,25,240,0,-28,0
-28,-47,247,0,-29,0
-70,-16,214,0,-30,0
-71,19,220,0,-32,0
-46,11,193,0,-33,0
-62,12,228,0,-34,0
-58,-11,194,0,-35,0
-76,11,244,0,-35,0
-72,7,237,0,-36,0
-69,-41,218,0,-37,0
-108,7,198,0,-38,0
-77,-1,201,0,-39,0
-90,20,183,0,-40,0
-78,35,250,0,-41,0
-59,-0,209,0,-41,0
-78,0,199,0,-42,0
-112,-22,202,0,-43,0
-53,13,225,0,-44,0
-95,20,210,0,-44,0
-115,5,228,0,-45,0
-85,-27,244,0,-45,0
-106,-1,206,0,-46,0
-113,9,252,0,-46,0
-111,-16,204,0,-47,0
-104,-22,212,0,-47,0
-80,-8,197,0,-48,0
-84,26,213,0,-48,0
-100,10,194,0,-49,0
-78,-28,179,0,-49,0
-126,43,234,0,-49,0
-95,-22,187,0,-49,0
-83,-14,214,0,-50,0
-112,-14,206,0,-50,0
-147,-42,213,0,-50,0
-92,9,189,0,-50,0
-101,-19,197,0,-50,0
-79,-6,176,0,-50,0
-104,-21,194,0,-50,0
-100,-9,253,0,-50,0
-121,9,187,0,-50,0
-113,-50,224,0,-50,0
-114,-10,189,0,-50,0
-92,15,244,0,-49,0
-112,-2,224,0,-49,0
-112,-31,211,0,-49,0
-93,-27,220,0,-49,0
-87,-4,164,0,-48,0
-88,-46,226,0,-48,0
-89,-4,217,0,-47,0
-67,-10,220,0,-47,0
-113,-14,190,0,-47,0
-100,-9,187,0,-46,0
-93,-19,189,0,-46,0
-72,6,235,0,-45,0
-92,-14,198,0,-44,0
-73,-8,197,0,-44,0
-94,-16,231,0,-43,0
-68,3,225,0,-42,0
-87,-3,205,0,-42,0
-72,-22,221,0,-41,0
-56,7,232,0,-40,0
-23,4,213,0,-39,0
-61,10,188,0,-38,0
-91,30,222,0,-38,0
-64,-14,262,0,-37,0
-56,-0,228,0,-36,0
-35,25,238,0,-35,0
-62,17,219,0,-34,0
-42,-35,224,0,-33,0
-47,-21,244,0,-32,0
-78,1,193,0,-31,0
-60,-4,191,0,-30,0
-58,-21,265,0,-29,0
-47,-30,225,0,-28,0
-61,2,214,0,-26,0
-8,31,251,0,-25,0
-46,-11,232,0,-24,0
-23,-17,250,0,-23,0
-56,-39,268,0,-22,0
-25,26,195,0,-20,0
-28,-28,261,0,-19,0
-36,-28,221,0,-18,0
-53,-9,238,0,-17,0
-32,4,231,0,-15,0
-23,-15,219,0,-14,0
-16,-16,290,0,-13,0
-38,-17,224,0,-12,0
-42,1,243,0,-10,0
-28,-13,257,0,-9,0
-0,43,240,0,-8,0
-33,2,245,0,-6,0
-7,5,216,0,-5,0
37,22,233,0,-4,0
-7,23,289,0,-2,0
5,1,261,0,-1,0
1,-4,257,0,0,0
-16,26,239,0,2,0
-2,-45,226,0,3,0
-16,5,252,0,4,0
24,-19,267,0,6,0
30,-12,264,0,7,0
54,32,239,0,8,0
43,20,241,0,10,0
30,27,250,0,11,0
48,34,283,0,12,0
39,4,275,0,14,0
34,13,271,0,15,0
24,-12,294,0,16,0
33,-14,278,0,17,0
32,-1,262,0,19,0
31,-30,261,0,20,0
36,-5,273,0,21,0
36,-2,305,0,22,0
67,-3,269,0,24,0
63,-23,291,0,25,0
43,44,283,0,26,0
69,2,276,0,27,0
38,-34,238,0,28,0
35,-20,316,0,29,0
46,-43,308,0,30,0
81,-10,321,0,31,0
72,-3,306,0,32,0
63,21,283,0,33,0
32,-26,290,0,34,0
74,4,277,0,35,0
71,12,284,0,36,0
56,27,293,0,37,0
95,-26,287,0,38,0
55,-6,296,0,39,0
93,-7,332,0,40,0
79,-2,318,0,41,0
54,26,310,0,41,0
91,65,327,0,42,0
84,-33,275,0,43,0
103,-9,305,0,43,0
76,35,317,0,44,0
117,6,306,0,45,0
96,35,307,0,45,0
106,-20,305,0,46,0
107,11,315,0,46,0
65,25,315,0,47,0
104,-42,245,0,47,0
88,-23,298,0,48,0
91,2,302,0,48,0
93,-5,318,0,48,0
75,63,285,0,49,0
125,-2,268,0,49,0
116,9,288,0,49,0
73,-20,320,0,49,0
131,-7,308,0,50,0
45,16,321,0,50,0
126,-7,273,0,50,0
126,-3,298,0,50,0
124,10,301,0,50,0
84,-3,332,0,50,0
107,-40,293,0,50,0
114,34,283,0,50,0
76,11,261,0,50,0
135,-21,291,0,50,0
121,-7,315,0,49,0
104,-25,322,0,49,0
90,3,269,0,49,0
113,-14,299,0,49,0
104,0,316,0,48,0
105,-4,348,0,48,0
131,26,290,0,48,0
98,0,300,0,47,0
103,-13,323,0,47,0
86,18,313,0,46,0
112,-21,293,0,46,0
125,-24,300,0,45,0
82,5,284,0,44,0
76,-1,259,0,44,0
111,-15,301,0,43,0
101,-12,289,0,43,0
96,-4,275,0,42,0
78,-1,275,0,41,0
100,7,289,0,40,0
100,9,263,0,39,0
81,-2,296,0,39,0
110,-4,324,0,38,0
65,-5,267,0,37,0
88,-4,287,0,36,0
87,-1,255,0,35,0
78,23,303,0,34,0
62,25,291,0,33,0
36,-15,301,0,32,0
88,1,308,0,31,0
56,16,319,0,30,0
54,17,290,0,29,0
82,-24,268,0,28,0
45,-3,289,0,27,0
58,47,285,0,25,0
74,-52,298,0,24,0
21,-20,278,0,23,0
41,-5,265,0,22,0
30,16,254,0,21,0
1,14,278,0,19,0
52,34,272,0,18,0
32,-9,304,0,17,0
48,-23,295,0,16,0
7,-22,260,0,14,0
28,40,284,0,13,0
19,20,276,0,12,0
20,2,269,0,11,0
36,-30,268,0,9,0
-23,-8,215,0,8,0
6,42,232,0,7,0
7,13,280,0,5,0
11,14,291,0,4,0
-5,-12,277,0,3,0
17,-13,238,0,1,0
15,30,233,0,-0,0
12,2,253,0,-1,0
34,-25,249,0,-3,0
6,-38,238,0,-4,0
-3,-4,274,0,-5,0
6,19,250,0,-7,0
-28,49,252,0,-8,0
-16,9,263,0,-9,0
-21,28,264,0,-11,0
-23,27,231,0,-12,0
-13,12,226,0,-13,0
-51,16,214,0,-15,0
-20,4,197,0,-16,0
-44,19,193,0,-17,0
-77,-8,204,0,-18,0
-71,-25,226,0,-20,0
-33,-7,250,0,-21,0
-51,7,232,0,-22,0
-54,8,229,0,-23,0
-55,1,242,0,-24,0
-94,21,214,0,-26,0
-51,-7,239,0,-27,0
-100,38,238,0,-28,0
-60,-32,223,0,-29,0
-40,9,239,0,-30,0
-46,5,244,0,-31,0
-73,-18,226,0,-32,0
-85,-9,210,0,-33,0
-106,25,228,0,-34,0
-78,-9,222,0,-35,0
-83,-27,215,0,-36,0
-72,-6,203,0,-37,0
-62,-14,229,0,-38,0
-97,11,236,0,-39,0
-85,-26,230,0,-40,0
-89,-14,228,0,-40,0
-75,-5,250,0,-41,0
-106,-17,212,0,-42,0
-81,57,208,0,-43,0
-130,1,240,0,-43,0
-97,-18,197,0,-44,0
-100,-17,214,0,-45,0
-80,0,174,0,-45,0
-62,-3,221,0,-46,0
-87,-24,194,0,-46,0
-109,-18,187,0,-47,0
-114,-29,224,0,-47,0
-89,16,199,0,-48,0
-107,-2,216,0,-48,0
-109,-3,225,0,-48,0
-112,18,196,0,-49,0
-87,-20,196,0,-49,0
-105,-1,198,0,-49,0
-101,-26,179,0,-49,0
-107,-5,208,0,-50,0
-111,28,179,0,-50,0
-104,8,205,0,-50,0
-105,-16,207,0,-50,0
-91,21,205,0,-50,0
-146,-11,215,0,-50,0
-82,21,233,0,-50,0
-85,6,219,0,-50,0
-152,-7,193,0,-50,0
-98,-16,217,0,-50,0
-128,-44,174,0,-49,0
-104,19,184,0,-49,0
-98,-29,234,0,-49,0
-104,1,182,0,-49,0
-118,5,214,0,-48,0
-101,-2,219,0,-48,0
-77,-9,243,0,-48,0
-96,1,207,0,-47,0
-74,12,181,0,-47,0
-119,15,213,0,-46,0
-92,-10,219,0,-46,0
-97,0,235,0,-45,0
-73,-13,226,0,-45,0
-61,-14,220,0,-44,0
-104,-3,220,0,-43,0
-96,-1,228,0,-43,0
-105,-29,217,0,-42,0
-120,2,237,0,-41,0
-60,-19,200,0,-40,0
-95,-18,210,0,-40,0
-48,-9,233,0,-39,0
-86,16,201,0,-38,0
-92,5,213,0,-37,0
-74,17,195,0,-36,0
-69,-24,231,0,-35,0
-73,1,223,0,-34,0
-68,15,232,0,-33,0
-134,-3,223,0,-32,0
-65,28,232,0,-31,0
-20,-24,232,0,-30,0
-76,25,218,0,-29,0
-102,17,200,0,-28,0
-56,-2,256,0,-27,0
-53,-26,194,0,-26,0
-82,7,250,0,-24,0
-35,2,219,0,-23,0
-50,23,294,0,-22,0
-80,-3,251,0,-21,0
-38,9,245,0,-20,0
-39,-10,227,0,-18,0
-6,16,244,0,-17,0
-66,-23,231,0,-16,0
-28,42,256,0,-15,0
-48,36,245,0,-13,0
-21,-5,262,0,-12,0
-69,-5,262,0,-11,0
-28,-6,244,0,-9,0
-52,-0,234,0,-8,0
6,-19,218,0,-7,0
-10,20,243,0,-5,0
-47,-45,251,0,-4,0
12,21,280,0,-3,0
9,-13,248,0,-1,0
-13,26,272,0,-0,0
-10,15,257,0,1,0
16,12,282,0,3,0
32,55,251,0,4,0
-3,-15,258,0,5,0
-19,-30,262,0,7,0
-0,1,234,0,8,0
1,5,287,0,9,0
15,13,239,0,11,0
13,14,244,0,12,0
26,-20,282,0,13,0
43,4,303,0,14,0
22,-1,261,0,16,0
10,7,276,0,17,0
37,-8,281,0,18,0
15,6,279,0,19,0
25,-22,269,0,21,0
41,-23,283,0,22,0
25,-2,236,0,23,0
17,-5,284,0,24,0
34,0,303,0,25,0
62,-8,303,0,27,0
79,-16,293,0,28,0
36,-14,293,0,29,0
70,3,302,0,30,0
68,-3,307,0,31,0
75,-23,298,0,32,0
59,6,331,0,33,0
64,-10,295,0,34,0
97,-8,304,0,35,0
103,-22,304,0,36,0
44,16,323,0,37,0
76,-5,278,0,38,0
100,-6,308,0,39,0
72,6,297,0,39,0
81,5,279,0,40,0
74,1,298,0,41,0
111,4,256,0,42,0
76,18,308,0,43,0
72,-56,306,0,43,0
73,17,283,0,44,0
66,-12,279,0,44,0
91,-10,300,0,45,0
68,-16,292,0,46,0
88,-30,290,0,46,0
101,8,329,0,47,0
85,31,274,0,47,0
84,-29,324,0,48,0
101,11,310,0,48,0
89,18,290,0,48,0
115,-1,290,0,49,0
90,9,329,0,49,0
111,6,274,0,49,0
79,6,314,0,49,0
73,-34,312,0,50,0
84,-29,296,0,50,0
118,15,302,0,50,0
119,4,305,0,50,0
146,49,329,0,50,0
106,-10,322,0,50,0
125,-3,312,0,50,0
100,-16,311,0,50,0
119,26,337,0,50,0
150,-26,298,0,50,0
91,-22,263,0,49,0
76,43,318,0,49,0
66,-35,319,0,49,0
130,26,278,0,49,0
93,23,261,0,48,0
85,17,304,0,48,0
91,-18,307,0,48,0
82,-27,330,0,47,0
91,-2,318,0,47,0
110,30,326,0,46,0
76,-26,319,0,46,0
106,13,296,0,45,0
77,60,336,0,45,0
83,3,321,0,44,0
125,26,299,0,43,0
76,-17,279,0,43,0
86,-26,304,0,42,0
54,-16,301,0,41,0
79,-24,259,0,41,0
94,2,302,0,40,0
94,16,342,0,39,0
83,46,264,0,38,0
90,16,287,0,37,0
73,-14,276,0,36,0
52,-9,321,0,35,0
62,-9,305,0,34,0
48,-7,303,0,33,0
52,-4,284,0,32,0
80,-8,284,0,31,0
77,-27,300,0,30,0
75,-8,309,0,29,0
59,0,283,0,28,0
33,23,290,0,27,0
35,37,272,0,26,0
77,12,266,0,25,0
23,-20,257,0,24,0
41,-22,243,0,22,0
65,-3,301,0,21,0
69,-1,269,0,20,0
18,-14,283,0,19,0
70,8,302,0,17,0
-0,-9,240,0,16,0
15,-11,261,0,15,0
20,-11,297,0,14,0
17,-3,252,0,12,0
0,-1,303,0,11,0
31,-22,288,0,10,0
7,-31,270,0,8,0
45,12,283,0,7,0
-16,27,254,0,6,0
36,15,257,0,4,0
27,-14,277,0,3,0
-18,8,270,0,2,0
0,2,265,0,0,0
-1,5,252,0,-1,0
-38,-4,265,0,-2,0
6,-21,262,0,-4,0
7,27,269,0,-5,0
-6,-46,220,0,-6,0
-37,39,282,0,-8,0
-0,11,236,0,-9,0
-43,24,212,0,-10,0
-16,34,238,0,-12,0
-47,1,257,0,-13,0
-43,-25,258,0,-14,0
-29,19,265,0,-15,0
-5,22,255,0,-17,0
-83,-27,218,0,-18,0
-55,47,206,0,-19,0
-9,0,229,0,-20,0
-76,-13,225,0,-22,0
-45,-2,232,0,-23,0
-31,23,236,0,-24,0
-63,10,218,0,-25,0
-82,-17,234,0,-26,0
-33,-28,234,0,-28,0
-73,9,206,0,-29,0
-65,2,210,0,-30,0
-29,29,217,0,-31,0
-71,1,213,0,-32,0
-51,10,233,0,-33,0
-59,0,188,0,-34,0
-121,-42,224,0,-35,0
-81,-9,253,0,-36,0
-48,27,232,0,-37,0
-96,-20,216,0,-38,0
-83,-0,207,0,-38,0
-47,33,213,0,-39,0
-100,-3,257,0,-40,0
-120,30,191,0,-41,0
-28,-1,211,0,-42,0
-77,-9,214,0,-42,0
-59,-16,225,0,-43,0
-95,19,196,0,-44,0
-95,-13,173,0,-44,0
-72,-15,214,0,-45,0
-120,44,213,0,-46,0
-79,11,228,0,-46,0
-56,0,198,0,-47,0
-127,4,233,0,-47,0
-94,-18,214,0,-48,0
-74,25,226,0,-48,0
-117,19,202,0,-48,0
-86,2,206,0,-49,0
-110,-3,246,0,-49,0
-96,32,192,0,-49,0
-92,43,217,0,-49,0
-128,-16,211,0,-50,0
-50,-24,200,0,-50,0
-137,-26,189,0,-50,0
-104,-21,210,0,-50,0
-126,9,208,0,-50,0
-83,59,203,0,-50,0
-102,-26,177,0,-50,0
-105,1,184,0,-50,0
-76,6,207,0,-50,0
-153,21,203,0,-50,0
-110,-4,214,0,-50,0
-78,-16,226,0,-49,0
-141,-21,196,0,-49,0
-92,-11,239,0,-49,0
-105,-39,208,0,-48,0
-97,-13,202,0,-48,0
-123,19,204,0,-48,0
-110,-9,188,0,-47,0
-116,-12,173,0,-47,0
-77,-14,221,0,-46,0
-82,-17,206,0,-46,0
-109,-4,196,0,-45,0
-96,25,229,0,-45,0
-86,7,225,0,-44,0
-68,-38,209,0,-44,0
-93,9,225,0,-43,0
-79,-6,193,0,-42,0
-106,-13,229,0,-41,0
-100,40,195,0,-41,0
-111,-5,226,0,-40,0
-83,-9,212,0,-39,0
-96,-7,219,0,-38,0
-69,1,255,0,-37,0
-85,15,196,0,-36,0
-115,-11,199,0,-35,0
-87,-27,258,0,-35,0
-79,27,229,0,-34,0
-49,-27,259,0,-33,0
-78,-29,242,0,-32,0
-42,16,233,0,-30,0
-69,8,267,0,-29,0
-71,-4,226,0,-28,0
-79,-7,225,0,-27,0
-95,-2,201,0,-26,0
-26,-5,214,0,-25,0
-35,-13,213,0,-24,0
-77,2,240,0,-23,0
-47,-60,233,0,-21,0
-17,27,212,0,-20,0
-7,-0,203,0,-19,0
-19,-13,251,0,-18,0
-57,-6,239,0,-16,0
-39,-57,188,0,-15,0
-22,18,246,0,-14,0
-19,-11,254,0,-13,0
-9,-10,210,0,-11,0
-20,-27,210,0,-10,0
-49,35,255,0,-9,0
-26,-34,256,0,-7,0
-46,-22,234,0,-6,0
10,19,264,0,-5,0
-12,-27,233,0,-3,0
-19,12,257,0,-2,0
-5,-8,239,0,-1,0
15,32,273,0,1,0
9,1,273,0,2,0
30,-1,226,0,3,0
-6,10,251,0,5,0
9,3,313,0,6,0
24,30,261,0,7,0
59,-30,273,0,9,0
1,-13,269,0,10,0
2,25,266,0,11,0
3,-42,307,0,13,0
46,-59,287,0,14,0
36,4,297,0,15,0
45,-13,278,0,17,0
77,7,319,0,18,0
30,3,230,0,19,0
33,4,287,0,20,0
-18,28,251,0,21,0
38,19,285,0,23,0
70,6,274,0,24,0
54,22,280,0,25,0
75,44,262,0,26,0
74,52,278,0,27,0
75,-19,272,0,28,0
63,-10,303,0,30,0
81,7,277,0,31,0
64,1,284,0,32,0
62,4,278,0,33,0
103,33,312,0,34,0
63,-6,303,0,35,0
73,8,296,0,36,0
84,44,284,0,37,0
67,7,263,0,37,0
70,-8,286,0,38,0
89,19,316,0,39,0
51,36,317,0,40,0
86,-9,278,0,41,0
89,-4,290,0,42,0
61,5,343,0,42,0
91,8,297,0,43,0
97,-22,274,0,44,0
72,-7,262,0,44,0
81,21,331,0,45,0
87,-44,319,0,45,0
127,-21,328,0,46,0
89,-18,302,0,47,0
92,-5,286,0,47,0
115,14,322,0,47,0
154,-18,298,0,48,0
107,-21,298,0,48,0
103,26,302,0,49,0
110,33,281,0,49,0
101,9,322,0,49,0
123,-31,332,0,49,0
79,14,324,0,50,0
74,-11,307,0,50,0
95,-1,337,0,50,0
86,-4,284,0,50,0
95,7,297,0,50,0
115,-18,289,0,50,0
59,30,289,0,50,0
115,-14,314,0,50,0
104,-7,338,0,50,0
89,-6,333,0,50,0
75,7,340,0,50,0
52,-14,282,0,49,0
94,7,319,0,49,0
94,-5,305,0,49,0
99,-20,283,0,49,0
93,15,335,0,48,0
88,39,307,0,48,0
103,23,300,0,47,0
90,27,315,0,47,0
100,-1,295,0,47,0
122,45,310,0,46,0
99,13,331,0,45,0
86,-29,273,0,45,0
116,15,284,0,44,0
109,6,307,0,44,0
71,-7,282,0,43,0
79,14,304,0,42,0
100,60,267,0,42,0
63,-1,331,0,41,0
95,-38,336,0,40,0
71,30,289,0,39,0
71,-8,270,0,38,0
53,1,286,0,37,0
85,-22,274,0,37,0
83,-47,288,0,36,0
75,14,258,0,35,0
71,5,275,0,34,0
94,9,305,0,33,0
70,5,299,0,32,0
80,11,308,0,31,0
76,7,312,0,30,0
69,6,274,0,28,0
23,15,298,0,27,0
67,14,268,0,26,0
64,-26,270,0,25,0
21,-29,293,0,24,0
54,20,293,0,23,0
52,-17,278,0,22,0
18,10,274,0,20,0
24,-3,261,0,19,0
67,-18,279,0,18,0
1,37,251,0,17,0
32,-23,290,0,15,0
36,26,274,0,14,0
46,-4,246,0,13,0
26,30,260,0,11,0
28,-24,247,0,10,0
33,-33,283,0,9,0
9,19,294,0,7,0
16,18,267,0,6,0
14,40,241,0,5,0
22,-10,259,0,3,0
-11,2,306,0,2,0
11,-37,234,0,1,0
12,-6,264,0,-1,0
-4,2,274,0,-2,0
-44,-15,265,0,-3,0
-11,-6,312,0,-5,0
-25,10,260,0,-6,0
13,-31,225,0,-7,0
-16,-12,203,0,-9,0
-31,4,250,0,-10,0
1,-22,236,0,-11,0
-8,-6,234,0,-12,0
-36,-6,230,0,-14,0
-29,37,207,0,-15,0
-23,-4,245,0,-16,0
-15,-22,261,0,-18,0
-93,16,256,0,-19,0
-31,-15,224,0,-20,0
-74,9,222,0,-21,0
-8,-27,228,0,-22,0
-63,2,219,0,-24,0
-23,-39,247,0,-25,0
-70,6,231,0,-26,0
-36,8,194,0,-27,0
-40,-11,262,0,-28,0
-53,32,221,0,-29,0
-99,12,232,0,-30,0
-74,12,237,0,-31,0
-66,-25,215,0,-33,0
-45,-29,219,0,-34,0
-58,-11,209,0,-34,0
-71,-5,270,0,-35,0
-87,11,216,0,-36,0
-64,-35,234,0,-37,0
-98,10,195,0,-38,0
-72,-1,209,0,-39,0
-79,-24,187,0,-40,0
-73,25,196,0,-41,0
-86,-14,216,0,-41,0
-101,4,235,0,-42,0
-78,-12,206,0,-43,0
-35,6,236,0,-44,0
-77,-6,220,0,-44,0
-98,33,207,0,-45,0
-86,-5,235,0,-45,0
-113,20,251,0,-46,0
-106,-30,221,0,-46,0
-72,14,226,0,-47,0
-80,3,195,0,-47,0
-146,15,230,0,-48,0
-40,-25,230,0,-48,0
-100,-9,219,0,-48,0
-95,36,227,0,-49,0
-54,-28,220,0,-49,0
-69,39,203,0,-49,0
-99,21,189,0,-50,0
-117,4,207,0,-50,0
-86,56,173,0,-50,0
-90,17,228,0,-50,0
-89,-11,237,0,-50,0
-101,12,212,0,-50,0
-101,36,198,0,-50,0
-107,12,222,0,-50,0
-90,-3,183,0,-50,0
-111,7,243,0,-50,0
-97,-36,179,0,-50,0
-57,-31,203,0,-49,0
-102,-34,202,0,-49,0
-73,16,197,0,-49,0
-79,-15,216,0,-49,0
-101,-23,197,0,-48,0
-86,-20,186,0,-48,0
-47,38,214,0,-48,0
-104,-8,216,0,-47,0
-102,-52,256,0,-47,0
-95,13,216,0,-46,0
-75,-2,180,0,-46,0
-96,26,189,0,-45,0
-83,-27,221,0,-44,0
-101,2,180,0,-44,0
-104,-29,201,0,-43,0
-62,-10,196,0,-42,0
-92,-26,253,0,-42,0
-108,-16,222,0,-41,0
-76,-17,202,0,-40,0
-93,-46,211,0,-39,0
-97,14,242,0,-38,0
-98,-11,208,0,-38,0
-67,1,216,0,-37,0
-51,3,200,0,-36,0
-13,22,252,0,-35,0
-85,-11,207,0,-34,0
-66,22,215,0,-33,0
-44,-9,204,0,-32,0
-34,-25,245,0,-31,0
-65,14,208,0,-30,0
-39,-37,238,0,-29,0
-39,20,236,0,-28,0
-42,-16,259,0,-26,0
-62,-16,225,0,-25,0
-26,-18,197,0,-24,0
-40,1,197,0,-23,0
-45,27,205,0,-22,0
9,39,223,0,-21,0
-81,12,218,0,-19,0
-25,2,225,0,-18,0
-34,-37,250,0,-17,0
-0,37,246,0,-16,0
-9,-14,246,0,-14,0
-4,14,243,0,-13,0
19,-5,257,0,-12,0
-4,-18,243,0,-10,0
-5,-10,239,0,-9,0
-24,-1,252,0,-8,0
-26,9,191,0,-6,0
-23,-37,236,0,-5,0
13,11,230,0,-4,0
-1,22,254,0,-2,0
9,-25,252,0,-1,0
7,9,258,0,0,0
26,22,265,0,2,0
-9,-6,206,0,3,0
45,48,248,0,4,0
14,-16,234,0,6,0
50,1,272,0,7,0
-28,-23,207,0,8,0
12,-9,274,0,10,0
3,16,297,0,11,0
4,0,253,0,12,0
46,14,248,0,14,0
54,-6,277,0,15,0
52,-25,281,0,16,0
66,18,266,0,17,0
33,19,290,0,19,0
64,2,265,0,20,0
38,-22,272,0,21,0
66,27,278,0,22,0
44,35,268,0,23,0
53,-12,287,0,25,0
83,-27,297,0,26,0
64,-15,298,0,27,0
51,-4,242,0,28,0
34,-2,289,0,29,0
34,54,301,0,30,0
64,42,294,0,31,0
50,3,290,0,32,0
72,5,290,0,33,0
81,-30,308,0,34,0
88,-7,248,0,35,0
99,-10,292,0,36,0
51,-14,277,0,37,0
87,23,287,0,38,0
87,-10,302,0,39,0
89,-8,296,0,40,0
98,-2,294,0,41,0
60,-9,301,0,41,0
92,-2,295,0,42,0
103,1,312,0,43,0
75,9,319,0,43,0
57,-20,293,0,44,0
76,8,290,0,45,0
96,-45,311,0,45,0
114,5,296,0,46,0
60,16,283,0,46,0
96,48,297,0,47,0
127,14,305,0,47,0
144,21,355,0,48,0
136,10,285,0,48,0
93,-30,303,0,48,0
60,-22,297,0,49,0
105,-2,302,0,49,0
66,34,326,0,49,0
79,-58,302,0,49,0
97,11,282,0,50,0
89,9,297,0,50,0
104,-6,286,0,50,0
121,18,304,0,50,0
69,-13,315,0,50,0
80,30,281,0,50,0
137,-4,298,0,50,0
95,-16,330,0,50,0
105,1,266,0,50,0
69,22,280,0,50,0
121,-31,311,0,49,0
105,-10,347,0,49,0
95,-17,275,0,49,0
85,32,305,0,49,0
139,13,301,0,48,0
106,9,318,0,48,0
91,24,300,0,48,0
100,2,306,0,47,0
60,13,350,0,47,0
102,22,300,0,46,0
90,-9,303,0,46,0
74,-2,264,0,45,0
121,11,325,0,45,0
94,-5,314,0,44,0
109,36,321,0,43,0
93,-25,320,0,43,0
75,15,300,0,42,0
93,26,315,0,41,0
92,-17,347,0,40,0
61,-1,299,0,39,0
71,-24,300,0,39,0
48,40,270,0,38,0
104,-10,304,0,37,0
74,-13,266,0,36,0
55,6,260,0,35,0
72,-0,304,0,34,0
80,1,236,0,33,0
81,12,272,0,32,0
30,-6,335,0,31,0
27,-36,307,0,30,0
69,-35,269,0,29,0
60,-24,313,0,28,0
42,-2,300,0,27,0
56,-26,285,0,25,0
27,-1,332,0,24,0
55,22,290,0,23,0
18,19,290,0,22,0
30,-23,303,0,21,0
34,14,285,0,20,0
41,-10,267,0,18,0
10,-9,267,0,17,0
25,3,283,0,16,0
14,-22,259,0,14,0
54,-17,270,0,13,0
31,25,294,0,12,0
19,24,266,0,11,0
13,8,268,0,9,0
-0,-2,280,0,8,0
27,-7,287,0,7,0
2,7,262,0,5,0
21,-10,255,0,4,0
24,-14,259,0,3,0
6,-18,266,0,1,0
28,-29,269,0,-0,0
-6,11,256,0,-1,0
1,-22,232,0,-3,0
-0,-8,262,0,-4,0
2,-15,249,0,-5,0
-13,2,253,0,-7,0
-49,-15,258,0,-8,0
1,2,205,0,-9,0
-7,33,220,0,-11,0
-24,-1,206,0,-12,0
-38,-24,232,0,-13,0
-18,32,272,0,-15,0
-35,4,220,0,-16,0
-33,-1,262,0,-17,0
-41,5,221,0,-18,0
-44,2,237,0,-20,0
-56,-19,224,0,-21,0
-5,-11,242,0,-22,0
-55,-10,205,0,-23,0
-38,-19,223,0,-24,0
-75,-5,225,0,-26,0
-39,-2,218,0,-27,0
-50,16,277,0,-28,0
-103,-7,251,0,-29,0
-64,18,230,0,-30,0
-29,5,210,0,-31,0
-46,14,217,0,-32,0
-63,17,218,0,-33,0
-54,53,198,0,-34,0
-52,-34,223,0,-35,0
-59,-13,242,0,-36,0
-94,3,191,0,-37,0
-65,-20,162,0,-38,0
-94,-20,205,0,-39,0
-90,-2,221,0,-40,0
-118,20,220,0,-40,0
-109,31,212,0,-41,0
-99,8,208,0,-42,0
-79,-7,174,0,-43,0
-87,-40,227,0,-43,0
-90,-3,239,0,-44,0
-69,-15,267,0,-45,0
-83,-32,194,0,-45,0
-110,36,196,0,-46,0
-47,-13,179,0,-46,0
-102,15,193,0,-47,0
-105,38,236,0,-47,0
-67,-20,195,0,-48,0
-97,-8,203,0,-48,0
-93,-17,213,0,-48,0
-88,40,220,0,-49,0
-88,-16,211,0,-49,0
-100,-9,204,0,-49,0
-122,-5,223,0,-49,0
-82,-21,237,0,-50,0
-122,29,181,0,-50,0
-119,7,218,0,-50,0
-109,-0,237,0,-50,0
-119,30,200,0,-50,0
-125,-3,211,0,-50,0
-84,10,193,0,-50,0
-103,22,184,0,-50,0
-51,-22,197,0,-50,0
-108,36,225,0,-50,0
-135,4,214,0,-49,0
-100,-33,211,0,-49,0
-112,-9,209,0,-49,0
-110,2,211,0,-49,0
-87,-19,191,0,-48,0
-80,-29,205,0,-48,0
-114,-7,185,0,-48,0
-98,-5,254,0,-47,0
-88,31,193,0,-47,0
-95,-23,196,0,-46,0
-113,6,187,0,-46,0
-83,-4,213,0,-45,0
-93,3,223,0,-45,0
-107,-13,227,0,-44,0
-115,9,210,0,-43,0
-53,-32,212,0,-43,0
-89,-6,225,0,-42,0
-54,21,238,0,-41,0
-109,5,172,0,-40,0
-97,15,225,0,-40,0
-75,-6,213,0,-39,0
-63,-16,208,0,-38,0
-94,-19,198,0,-37,0
-82,5,221,0,-36,0
-59,23,239,0,-35,0
-65,-9,247,0,-34,0
-116,-34,224,0,-33,0
-75,31,210,0,-32,0
-72,7,231,0,-31,0
-93,1,274,0,-30,0
-42,0,262,0,-29,0
-35,-7,200,0,-28,0
-53,-43,266,0,-27,0
-53,4,249,0,-26,0
-90,-27,233,0,-25,0
-57,19,251,0,-23,0
-30,-4,227,0,-22,0
-12,-21,235,0,-21,0
-40,2,256,0,-20,0
-54,-3,242,0,-18,0
-66,-3,246,0,-17,0
-58,-6,282,0,-16,0
-50,32,254,0,-15,0
-13,32,286,0,-13,0
-40,16,226,0,-12,0
9,7,264,0,-11,0
-30,1,294,0,-9,0
1,14,229,0,-8,0
3,29,261,0,-7,0
-19,7,266,0,-6,0
-9,-1,272,0,-4,0
-25,17,265,0,-3,0
0,36,219,0,-1,0
-6,51,254,0,-0,0
17,2,259,0,1,0
-17,23,267,0,3,0
9,-2,288,0,4,0
2,-15,271,0,5,0
12,-1,307,0,7,0
27,9,254,0,8,0
17,55,285,0,9,0
-2,16,272,0,10,0
-11,-31,264,0,12,0
6,4,236,0,13,0
51,-5,234,0,14,0
-3,-41,244,0,16,0
10,-9,231,0,17,0
75,-35,264,0,18,0
49,2,293,0,19,0
-1,-33,249,0,21,0
41,7,293,0,22,0
69,-14,241,0,23,0
28,42,338,0,24,0
49,25,271,0,25,0
81,-14,271,0,27,0
64,25,278,0,28,0
77,-14,267,0,29,0
72,23,321,0,30,0
59,14,255,0,31,0
39,21,269,0,32,0
65,-3,321,0,33,0
86,-41,282,0,34,0
57,19,272,0,35,0
61,50,283,0,36,0
82,-22,293,0,37,0
55,-45,291,0,38,0
80,21,306,0,39,0
66,-22,310,0,39,0
72,-3,340,0,40,0
79,-13,313,0,41,0
84,5,268,0,42,0
90,27,255,0,42,0
69,41,285,0,43,0
103,16,290,0,44,0
77,16,325,0,44,0
81,-32,292,0,45,0
99,-8,298,0,46,0
86,-1,287,0,46,0
71,31,317,0,47,0
56,-23,302,0,47,0
79,-12,324,0,48,0
105,18,333,0,48,0
89,-0,274,0,48,0
107,-14,314,0,49,0
97,-3,273,0,49,0
125,-7,279,0,49,0
83,21,296,0,49,0
61,11,333,0,50,0
95,0,288,0,50,0
89,-15,304,0,50,0
99,-9,310,0,50,0
89,12,297,0,50,0
112,-25,277,0,50,0
145,-10,324,0,50,0
78,5,333,0,50,0
94,-26,261,0,50,0
108,-19,316,0,50,0
75,29,314,0,49,0
112,0,296,0,49,0
105,-21,305,0,49,0
113,29,310,0,49,0
102,-2,318,0,48,0
71,-13,301,0,48,0
111,-4,314,0,48,0
85,-21,293,0,47,0
76,-12,309,0,47,0
112,-4,298,0,46,0
51,32,303,0,46,0
103,6,292,0,45,0
96,-19,315,0,45,0
108,-8,303,0,44,0
71,13,298,0,43,0
94,-13,285,0,43,0
126,6,302,0,42,0
110,-7,310,0,41,0
61,51,265,0,41,0
97,16,319,0,40,0
62,-17,301,0,39,0
70,-11,298,0,38,0
52,-48,271,0,37,0
64,-15,289,0,36,0
84,-5,296,0,35,0
96,-10,328,0,34,0
95,-28,275,0,33,0
74,-11,281,0,32,0
93,3,267,0,31,0
71,10,296,0,30,0
73,-38,289,0,29,0
59,-5,287,0,28,0
72,-36,308,0,27,0
18,-31,259,0,26,0
57,-5,286,0,25,0
23,-2,293,0,24,0
95,7,268,0,22,0
60,9,306,0,21,0
39,16,298,0,20,0
30,35,252,0,19,0
20,19,287,0,17,0
67,23,287,0,16,0
80,27,272,0,15,0
18,-39,279,0,14,0
16,-22,278,0,12,0
23,-5,266,0,11,0
-12,2,246,0,10,0
16,10,262,0,8,0
6,31,257,0,7,0
32,-13,270,0,6,0
14,31,260,0,4,0
2,-27,278,0,3,0
-24,-12,261,0,2,0
-12,-2,235,0,0,0
-1,24,263,0,-1,0
-13,-19,222,0,-2,0
-23,-11,256,0,-4,0
-9,7,272,0,-5,0
-21,-26,209,0,-6,0
-53,13,273,0,-8,0
-8,-12,212,0,-9,0
-4,-17,219,0,-10,0
-0,14,248,0,-12,0
-18,19,207,0,-13,0
-47,-14,236,0,-14,0
-65,36,234,0,-15,0
-39,-24,238,0,-17,0
-45,-4,202,0,-18,0
-27,10,270,0,-19,0
-63,1,262,0,-20,0
-53,-10,218,0,-22,0
-53,-16,203,0,-23,0
-49,40,233,0,-24,0
-39,-23,235,0,-25,0
-121,-36,206,0,-26,0
-65,13,258,0,-27,0
-62,41,233,0,-29,0
-61,28,177,0,-30,0
-94,-9,185,0,-31,0
-37,-1,216,0,-32,0
-59,31,228,0,-33,0
-70,13,251,0,-34,0
-55,-12,213,0,-35,0
-58,5,187,0,-36,0
-81,23,250,0,-37,0
-72,5,203,0,-38,0
-67,10,212,0,-38,0
-64,18,265,0,-39,0
-101,11,179,0,-40,0
-88,18,212,0,-41,0
-103,-2,252,0,-42,0
-66,9,216,0,-42,0
-104,12,227,0,-43,0
-116,9,196,0,-44,0
-83,-3,195,0,-44,0
-69,-13,225,0,-45,0
-87,18,191,0,-46,0
-70,2,263,0,-46,0
-124,-30,204,0,-47,0
-105,26,209,0,-47,0
-117,30,194,0,-47,0
-119,-5,214,0,-48,0
-82,-31,181,0,-48,0
-92,35,206,0,-49,0
-63,2,222,0,-49,0
-98,16,235,0,-49,0
-117,-26,196,0,-49,0
-98,13,209,0,-50,0
-131,-3,235,0,-50,0
-58,4,212,0,-50,0
-125,20,261,0,-50,0
-66,5,199,0,-50,0
-58,14,219,0,-50,0
-69,-24,171,0,-50,0
-72,13,261,0,-50,0
-110,0,211,0,-50,0
-107,-10,201,0,-50,0
-90,5,197,0,-50,0
-73,34,185,0,-49,0
-94,8,201,0,-49,0
-113,-8,225,0,-49,0
-114,11,237,0,-49,0
-106,6,183,0,-48,0
-94,32,230,0,-48,0
-85,-7,190,0,-47,0
-100,2,203,0,-47,0
-93,-18,173,0,-46,0
-85,1,227,0,-46,0
-88,17,215,0,-45,0
-60,-23,222,0,-45,0
-84,10,196,0,-44,0
-69,-31,211,0,-44,0
-71,40,175,0,-43,0
-71,18,225,0,-42,0
-100,-42,190,0,-41,0
-78,-43,193,0,-41,0
-61,-4,238,0,-40,0
-60,-13,204,0,-39,0
-78,-1,230,0,-38,0
-96,14,230,0,-37,0
-21,7,228,0,-36,0
-91,-29,225,0,-36,0
-67,30,213,0,-35,0
-97,2,208,0,-34,0
-75,-20,249,0,-33,0
-99,17,219,0,-32,0
-43,-30,226,0,-30,0
-52,-20,211,0,-29,0
-65,-1,233,0,-28,0
-86,-2,241,0,-27,0
-82,-14,232,0,-26,0
-52,8,251,0,-25,0
-39,21,233,0,-24,0
-65,-19,271,0,-23,0
-91,-20,253,0,-21,0
-31,-10,263,0,-20,0
-81,1,237,0,-19,0
-51,-20,250,0,-18,0
-37,-29,247,0,-16,0
-56,8,213,0,-15,0
-28,-17,221,0,-14,0
-19,25,261,0,-13,0
-28,-8,235,0,-11,0
22,31,260,0,-10,0
-5,12,282,0,-9,0
-9,-3,255,0,-7,0
19,-27,227,0,-6,0
4,-20,250,0,-5,0
13,13,275,0,-3,0
-18,15,267,0,-2,0
-8,-9,273,0,-1,0
-18,-8,274,0,1,0
26,-9,235,0,2,0
-1,19,290,0,3,0
-10,-3,232,0,5,0
-16,-7,278,0,6,0
27,30,287,0,7,0
37,-6,263,0,9,0
29,16,281,0,10,0
20,3,308,0,11,0
45,-24,276,0,13,0
16,-17,251,0,14,0
11,4,245,0,15,0
-15,14,266,0,16,0
68,12,276,0,18,0
89,-23,295,0,19,0
20,20,285,0,20,0
57,13,253,0,21,0
45,-12,302,0,23,0
39,6,282,0,24,0
30,6,258,0,25,0
64,2,289,0,26,0
7,2,249,0,27,0
76,-18,296,0,28,0
71,6,274,0,29,0
47,20,272,0,31,0
43,2,302,0,32,0
24,-19,321,0,33,0
99,-18,320,0,34,0
92,-3,298,0,35,0
76,-15,319,0,36,0
39,-3,283,0,37,0
52,-29,288,0,37,0
90,23,284,0,38,0
79,-6,277,0,39,0
116,-13,302,0,40,0
87,-22,316,0,41,0
78,52,318,0,42,0
48,16,295,0,42,0
82,24,321,0,43,0
61,4,271,0,44,0
135,7,314,0,44,0
44,15,269,0,45,0
123,-38,291,0,45,0
74,-7,293,0,46,0
86,-7,300,0,46,0
128,-18,267,0,47,0
101,1,291,0,47,0
100,5,324,0,48,0
107,20,300,0,48,0
114,-16,294,0,49,0
102,-15,299,0,49,0
85,-8,320,0,49,0
114,-6,258,0,49,0
109,9,267,0,50,0
82,8,303,0,50,0
135,-16,261,0,50,0
120,-4,318,0,50,0
101,11,308,0,50,0
78,13,299,0,50,0
103,-38,324,0,50,0
86,-12,309,0,50,0
95,-16,266,0,50,0
68,45,253,0,50,0
77,3,305,0,50,0
137,-13,307,0,49,0
79,-32,326,0,49,0
120,-22,282,0,49,0
84,17,271,0,49,0
114,-20,314,0,48,0
90,-30,342,0,48,0
95,-8,312,0,47,0
102,11,294,0,47,0
102,12,287,0,47,0
82,8,302,0,46,0
99,-51,322,0,45,0
92,-9,321,0,45,0
56,-9,332,0,44,0
117,25,331,0,44,0
95,14,324,0,43,0
102,-32,302,0,42,0
80,-5,281,0,42,0
89,-6,313,0,41,0
92,9,320,0,40,0
116,-14,277,0,39,0
61,-7,290,0,38,0
61,-18,339,0,38,0
39,-5,280,0,37,0
63,-6,285,0,36,0
68,3,290,0,35,0
53,-27,287,0,34,0
62,-4,296,0,33,0
33,-5,308,0,32,0
46,15,303,0,31,0
40,-34,288,0,30,0
-5,-4,252,0,29,0
57,4,266,0,27,0
75,-21,306,0,26,0
61,16,239,0,25,0
64,13,287,0,24,0
16,1,266,0,23,0
17,-3,262,0,22,0
40,-10,286,0,20,0
21,1,274,0,19,0
44,21,295,0,18,0
12,39,291,0,17,0
-11,8,286,0,15,0
17,5,308,0,14,0
-2,49,264,0,13,0
35,-3,218,0,11,0
21,-21,251,0,10,0
0,25,259,0,9,0
7,-14,290,0,8,0
3,14,286,0,6,0
-8,-17,253,0,5,0
30,8,255,0,4,0
43,14,241,0,2,0
16,19,263,0,1,0
-6,25,252,0,-0,0
-4,19,241,0,-2,0
26,-1,290,0,-3,0
-29,-8,259,0,-4,0
-11,0,245,0,-6,0
10,-12,235,0,-7,0
-6,-35,264,0,-8,0
-44,-10,222,0,-10,0
-8,4,233,0,-11,0
-24,-19,238,0,-12,0
-58,-10,211,0,-14,0
-16,7,241,0,-15,0
-57,3,229,0,-16,0
-28,19,247,0,-18,0
-6,32,229,0,-19,0
-38,-5,269,0,-20,0
3,17,275,0,-21,0
-69,-21,257,0,-22,0
-51,4,234,0,-24,0
-34,4,212,0,-25,0
-30,23,233,0,-26,0
-43,-2,234,0,-27,0
-88,9,224,0,-28,0
-53,-22,196,0,-29,0
-93,-49,213,0,-30,0
-98,-6,256,0,-31,0
-48,-3,222,0,-32,0
-86,-6,197,0,-33,0
-102,4,235,0,-34,0
-87,5,240,0,-35,0
-66,-17,203,0,-36,0
-74,-9,206,0,-37,0
-84,14,212,0,-38,0
-77,-5,187,0,-39,0
-51,-1,227,0,-40,0
-77,-12,203,0,-41,0
-72,1,250,0,-41,0
-90,18,229,0,-42,0
-41,-3,200,0,-43,0
-65,-11,240,0,-44,0
-92,-45,223,0,-44,0
-87,-2,214,0,-45,0
-73,22,214,0,-45,0
-90,-42,226,0,-46,0
-88,-32,225,0,-46,0
-88,14,192,0,-47,0
-106,22,216,0,-47,0
-79,-22,190,0,-48,0
-113,-12,227,0,-48,0
-115,-6,206,0,-48,0
-103,38,173,0,-49,0
-45,1,193,0,-49,0
-113,-3,213,0,-49,0
-87,-0,210,0,-50,0
-132,17,197,0,-50,0
-109,29,225,0,-50,0
-108,-29,207,0,-50,0
-113,2,240,0,-50,0
-79,28,216,0,-50,0
-66,-8,193,0,-50,0
-126,-18,223,0,-50,0
-79,-3,236,0,-50,0
-121,-8,162,0,-50,0
-111,-29,205,0,-50,0
-73,27,236,0,-49,0
-55,15,206,0,-49,0
-65,-43,239,0,-49,0
-117,-20,204,0,-49,0
-55,-0,177,0,-48,0
-101,33,188,0,-48,0
-55,-22,225,0,-48,0
-113,-7,241,0,-47,0
-107,-0,201,0,-47,0
-97,6,204,0,-46,0
-99,41,206,0,-46,0
-85,36,176,0,-45,0
-109,24,227,0,-44,0
-81,-17,238,0,-44,0
-109,-12,230,0,-43,0
-110,-2,170,0,-42,0
-92,26,216,0,-42,0
-61,-41,191,0,-41,0
-89,6,209,0,-40,0
-80,25,220,0,-39,0
-79,22,219,0,-39,0
-101,5,250,0,-38,0
-87,26,184,0,-37,0
-76,-15,220,0,-36,0
-72,1,211,0,-35,0
-69,-20,220,0,-34,0
-78,3,202,0,-33,0
-77,4,201,0,-32,0
-50,3,206,0,-31,0
-67,-5,241,0,-30,0
-26,-26,220,0,-29,0
-59,-20,255,0,-28,0
-78,8,227,0,-26,0
-43,-11,245,0,-25,0
-25,29,245,0,-24,0
-54,-15,266,0,-23,0
-43,47,232,0,-22,0
-76,-8,217,0,-21,0
-28,-4,250,0,-19,0
-45,15,204,0,-18,0
-46,39,247,0,-17,0
-25,10,207,0,-16,0
-27,-12,276,0,-14,0
-50,-21,268,0,-13,0
-41,-13,261,0,-12,0
-42,-24,270,0,-10,0
-13,-2,232,0,-9,0
-12,18,245,0,-8,0
-50,18,246,0,-6,0
-9,5,243,0,-5,0
-26,19,241,0,-4,0
-9,2,272,0,-2,0
-3,-13,239,0,-1,0
20,-13,256,0,0,0
13,-13,267,0,2,0
-2,-24,257,0,3,0
21,-7,263,0,4,0
49,37,251,0,6,0
19,-48,278,0,7,0
31,36,291,0,8,0
15,-24,243,0,10,0
5,14,214,0,11,0
30,0,286,0,12,0
16,-29,244,0,13,0
26,-9,275,0,15,0
46,4,317,0,16,0
47,-37,222,0,17,0
31,-41,305,0,19,0
67,-13,297,0,20,0
65,-18,282,0,21,0
44,23,261,0,22,0
38,30,301,0,23,0
78,39,293,0,25,0
52,33,281,0,26,0
43,-30,261,0,27,0
67,-19,265,0,28,0
42,-11,317,0,29,0
73,-9,263,0,30,0
67,-5,293,0,31,0
38,-15,299,0,32,0
42,31,279,0,33,0
84,25,310,0,34,0
91,-42,297,0,35,0
114,-19,328,0,36,0
29,3,273,0,37,0
92,1,283,0,38,0
95,-25,251,0,39,0
83,-31,319,0,40,0
71,-18,279,0,40,0
83,-8,292,0,41,0
103,7,329,0,42,0
88,-6,251,0,43,0
78,-13,319,0,43,0
102,5,351,0,44,0
86,-22,336,0,45,0
103,-7,331,0,45,0
105,46,271,0,46,0
91,-29,323,0,46,0
73,31,329,0,47,0
98,-10,309,0,47,0
89,25,290,0,48,0
74,12,330,0,48,0
70,-4,295,0,48,0
130,11,324,0,49,0
109,14,318,0,49,0
79,17,319,0,49,0
113,-9,308,0,49,0
126,13,343,0,50,0
97,-23,313,0,50,0
136,2,327,0,50,0
84,-12,326,0,50,0
102,-9,301,0,50,0
108,12,314,0,50,0
100,-5,268,0,50,0
113,-8,354,0,50,0
132,-37,323,0,50,0
51,14,291,0,50,0
115,11,326,0,49,0
121,41,307,0,49,0
126,-14,309,0,49,0
106,12,283,0,49,0
84,-13,284,0,48,0
97,-25,286,0,48,0
122,16,312,0,48,0
102,-13,332,0,47,0
128,-28,324,0,47,0
93,19,319,0,46,0
99,-19,305,0,46,0
85,-8,322,0,45,0
72,14,267,0,45,0
100,-6,329,0,44,0
91,-0,268,0,43,0
67,-19,289,0,43,0
76,-32,298,0,42,0
70,4,295,0,41,0
102,-1,290,0,40,0
91,-16,301,0,40,0
39,12,316,0,39,0
58,27,281,0,38,0
48,-10,334,0,37,0
64,8,304,0,36,0
74,-3,283,0,35,0
77,7,320,0,34,0
97,26,328,0,33,0
52,-10,267,0,32,0
68,-30,316,0,31,0
34,21,281,0,30,0
54,0,249,0,29,0
36,7,249,0,28,0
61,-27,295,0,27,0
43,-58,272,0,26,0
38,2,277,0,24,0
71,13,277,0,23,0
34,23,286,0,22,0
42,-3,255,0,21,0
18,11,271,0,20,0
12,-4,233,0,18,0
48,-15,236,0,17,0
19,-12,261,0,16,0
32,-35,270,0,15,0
9,-2,278,0,13,0
18,2,279,0,12,0
16,-1,270,0,11,0
23,-6,288,0,9,0
40,-6,244,0,8,0
30,14,248,0,7,0
-17,-34,307,0,5,0
-11,-22,223,0,4,0
42,10,259,0,3,0
-18,8,274,0,1,0
-36,-6,246,0,-0,0
-5,-13,241,0,-1,0
-22,-7,215,0,-3,0
-21,-28,268,0,-4,0
-25,3,257,0,-5,0
3,-59,281,0,-7,0
-12,-11,246,0,-8,0
-20,5,215,0,-9,0
-15,-6,260,0,-11,0
-7,10,231,0,-12,0
-27,18,265,0,-13,0
-70,35,229,0,-15,0
-37,-13,239,0,-16,0
-55,13,240,0,-17,0
-31,11,234,0,-18,0
-31,1,245,0,-20,0
-72,20,238,0,-21,0
-66,23,234,0,-22,0
-38,32,224,0,-23,0
-67,5,210,0,-24,0
-65,-8,217,0,-26,0
-48,12,241,0,-27,0
-54,19,216,0,-28,0
-55,-7,253,0,-29,0
-58,-8,212,0,-30,0
-74,-19,236,0,-31,0
-49,17,228,0,-32,0
-105,-21,186,0,-33,0
-43,14,177,0,-34,0
-51,-4,224,0,-35,0
-65,11,204,0,-36,0
-76,-11,233,0,-37,0
-56,45,213,0,-38,0
-27,-1,263,0,-39,0
-74,-8,236,0,-40,0
-100,-7,205,0,-40,0
-116,-2,214,0,-41,0
-80,-16,252,0,-42,0
-77,-8,213,0,-43,0
-75,26,186,0,-43,0
-41,5,239,0,-44,0
-54,33,211,0,-45,0
-93,16,209,0,-45,0
-96,4,223,0,-46,0
-118,12,216,0,-46,0
-111,11,195,0,-47,0
-98,-10,226,0,-47,0
-92,-38,194,0,-48,0
-73,7,175,0,-48,0
-77,-14,226,0,-48,0
-124,15,207,0,-49,0
-92,-2,175,0,-49,0
-80,12,212,0,-49,0
-103,-26,201,0,-49,0
-109,13,206,0,-50,0
-107,-6,239,0,-50,0
-105,23,210,0,-50,0
-110,16,216,0,-50,0
-79,-0,209,0,-50,0
-116,7,192,0,-50,0
-96,20,205,0,-50,0
-101,-24,214,0,-50,0
-136,8,225,0,-50,0
-55,8,177,0,-50,0
-79,-11,164,0,-49,0
-116,-12,209,0,-49,0
-111,-5,220,0,-49,0
-130,-15,212,0,-49,0
-106,26,215,0,-48,0
-90,-19,195,0,-48,0
-83,-0,187,0,-48,0
-102,0,220,0,-47,0
-103,-0,210,0,-47,0
-97,2,237,0,-46,0
-114,-19,226,0,-46,0
-86,-20,215,0,-45,0
-102,12,200,0,-45,0
-102,-7,179,0,-44,0
-74,-13,229,0,-43,0
-97,-38,206,0,-43,0
-81,38,221,0,-42,0
-53,-2,194,0,-41,0
-101,14,265,0,-40,0
-72,-9,224,0,-40,0
-69,18,194,0,-39,0
-108,-40,203,0,-38,0
-99,9,213,0,-37,0
-65,0,222,0,-36,0
-71,-10,228,0,-35,0
-46,18,188,0,-34,0
-88,-3,241,0,-33,0
-58,11,207,0,-32,0
-73,24,247,0,-31,0
-36,-2,247,0,-30,0
-49,-55,245,0,-29,0
-26,-13,218,0,-28,0
-48,-42,269,0,-27,0
-42,-14,242,0,-26,0
-72,-1,225,0,-25,0
-23,-20,216,0,-23,0
-27,-20,241,0,-22,0
-59,4,209,0,-21,0
-31,27,224,0,-20,0
-37,-32,261,0,-19,0
-65,-11,245,0,-17,0
-39,43,234,0,-16,0
-18,-15,225,0,-15,0
-4,-46,259,0,-13,0
25,-23,238,0,-12,0
-11,24,271,0,-11,0
-49,-12,264,0,-10,0
-33,3,233,0,-8,0
-21,14,217,0,-7,0
-24,-5,264,0,-6,0
5,-18,259,0,-4,0
-13,-8,275,0,-3,0
35,0,216,0,-2,0
19,-30,291,0,-0,0
-18,-19,275,0,1,0
32,53,266,0,2,0
-22,18,242,0,4,0
-3,30,278,0,5,0
37,12,282,0,6,0
38,11,292,0,8,0
16,6,248,0,9,0
21,17,242,0,10,0
5,7,250,0,12,0
49,9,291,0,13,0
18,-22,255,0,14,0
6,9,246,0,16,0
65,20,246,0,17,0
39,3,288,0,18,0
36,-8,287,0,19,0
30,16,305,0,21,0
44,24,262,0,22,0
108,19,265,0,23,0
59,1,275,0,24,0
69,-23,285,0,25,0
61,1,249,0,27,0
82,-23,272,0,28,0
61,-16,243,0,29,0
53,5,273,0,30,0
88,6,313,0,31,0
49,-2,302,0,32,0
90,-23,279,0,33,0
87,19,307,0,34,0
86,-13,275,0,35,0
60,9,306,0,36,0
58,3,331,0,37,0
107,8,318,0,38,0
57,19,296,0,39,0
69,-3,275,0,39,0
90,-14,313,0,40,0
80,-24,297,0,41,0
83,5,304,0,42,0
38,-8,245,0,42,0
65,-33,324,0,43,0
76,40,279,0,44,0
65,-5,291,0,44,0
76,-4,364,0,45,0
105,-5,313,0,46,0
93,-17,312,0,46,0
93,-17,254,0,47,0
119,-20,335,0,47,0
73,-6,307,0,48,0
85,-17,289,0,48,0
102,4,295,0,48,0
60,-8,327,0,49,0
51,16,303,0,49,0
80,-0,317,0,49,0
94,21,308,0,49,0
90,-23,316,0,50,0
94,7,297,0,50,0
102,18,304,0,50,0
115,47,301,0,50,0
66,-20,313,0,50,0
70,-2,269,0,50,0
120,-7,265,0,50,0
123,-8,284,0,50,0
105,-18,272,0,50,0
113,8,264,0,50,0
109,13,319,0,50,0
102,39,303,0,49,0
100,-6,324,0,49,0
86,3,295,0,49,0
121,2,325,0,48,0
113,-30,299,0,48,0
126,-36,260,0,48,0
100,-14,297,0,47,0
108,-30,283,0,47,0
91,18,296,0,46,0
124,-9,321,0,46,0
101,-5,311,0,45,0
63,-12,269,0,45,0
101,3,276,0,44,0
91,3,330,0,43,0
93,8,322,0,43,0
71,-8,309,0,42,0
97,-16,299,0,41,0
87,-14,294,0,41,0
67,-12,269,0,40,0
72,24,345,0,39,0
93,1,318,0,38,0
65,6,321,0,37,0
81,19,268,0,36,0
83,-26,307,0,35,0
76,29,263,0,34,0
68,22,290,0,33,0
75,0,334,0,32,0
53,46,305,0,31,0
90,-49,276,0,30,0
72,2,311,0,29,0
52,15,271,0,28,0
42,-22,272,0,27,0
47,-5,307,0,26,0
20,20,264,0,25,0
41,5,274,0,24,0
71,-38,306,0,22,0
92,-45,276,0,21,0
47,-6,303,0,20,0
31,-15,268,0,19,0
31,-4,276,0,17,0
42,-27,274,0,16,0
25,-19,283,0,15,0
49,30,274,0,14,0
15,6,263,0,12,0
39,-22,272,0,11,0
48,22,276,0,10,0
46,-14,236,0,8,0
13,-18,271,0,7,0
31,56,259,0,6,0
-5,14,276,0,4,0
33,-20,262,0,3,0
-37,-6,245,0,2,0
29,-7,250,0,0,0
-11,-33,273,0,-1,0
-28,1,222,0,-2,0
24,-21,244,0,-4,0
-21,-25,234,0,-5,0
5,13,252,0,-6,0
-14,-0,253,0,-8,0
12,0,260,0,-9,0
-52,4,249,0,-10,0
-38,-30,235,0,-12,0
-43,-1,253,0,-13,0
3,-22,219,0,-14,0
-33,9,227,0,-15,0
-7,-6,258,0,-17,0
-19,-11,229,0,-18,0
-28,4,235,0,-19,0
-23,-6,247,0,-20,0
-46,-4,279,0,-22,0
-71,19,205,0,-23,0
-54,9,241,0,-24,0
-2,-20,217,0,-25,0
-87,27,212,0,-26,0
-6,-7,231,0,-27,0
-81,8,199,0,-29,0
-63,-0,255,0,-30,0
-104,-20,286,0,-31,0
-19,12,210,0,-32,0
-36,3,225,0,-33,0
-79,-31,205,0,-34,0
-56,16,184,0,-35,0
-73,-33,247,0,-36,0
-57,16,207,0,-37,0
-56,4,225,0,-38,0
-102,-6,231,0,-38,0
-50,20,231,0,-39,0
-98,-13,227,0,-40,0
-84,-3,219,0,-41,0
-113,19,214,0,-42,0
-91,-13,231,0,-42,0
-71,-5,185,0,-43,0
-77,-15,207,0,-44,0
-100,-10,188,0,-44,0
-87,51,251,0,-45,0
-80,19,201,0,-46,0
-72,22,210,0,-46,0
-86,45,183,0,-47,0
-91,1,190,0,-47,0
-106,12,187,0,-47,0
-135,46,246,0,-48,0
-93,-14,211,0,-48,0
-97,-58,163,0,-49,0
-87,2,203,0,-49,0
-94,9,219,0,-49,0
-118,1,209,0,-49,0
-85,-11,178,0,-50,0
-82,-17,223,0,-50,0
-106,-3,201,0,-50,0
-105,31,213,0,-50,0
-131,32,164,0,-50,0
-123,-33,198,0,-50,0
-106,-14,231,0,-50,0
-91,7,190,0,-50,0
-77,-2,190,0,-50,0
-124,23,196,0,-50,0
-126,-20,187,0,-50,0
-126,-37,203,0,-49,0
-113,6,211,0,-49,0
-93,-27,246,0,-49,0
-98,6,250,0,-49,0
-115,4,222,0,-48,0
-87,9,197,0,-48,0
