0,-253,0,0,0,0
0,-256,0,0,0,0
0,-250,0,0,0,0
0,-249,0,0,0,0
0,-263,0,0,0,0
0,-246,0,0,0,0
0,-255,0,0,0,0
0,-250,0,0,0,0
0,-253,0,0,0,0
0,-260,0,0,0,0
0,-245,0,0,0,0
0,-260,0,0,0,0
0,-258,0,0,0,0
0,-250,0,0,0,0
0,-255,0,0,0,0
0,-262,0,0,0,0
0,-256,0,0,0,0
0,-259,0,0,0,0
0,-257,0,0,0,0
0,-258,0,0,0,0
0,-264,0,0,0,0
0,-248,0,0,0,0
0,-252,0,0,0,0
0,-256,0,0,0,0
0,-251,0,0,0,0
0,-255,0,0,0,0
0,-246,0,0,0,0
0,-244,0,0,0,0
0,-251,0,0,0,0
0,-257,0,0,0,0
0,-261,0,0,0,0
0,-258,0,0,0,0
0,-251,0,0,0,0
0,-257,0,0,0,0
0,-258,0,0,0,0
0,-261,0,0,0,0
0,-251,0,0,0,0
0,-254,0,0,0,0
0,-262,0,0,0,0
0,-254,0,0,0,0
0,-248,0,0,0,0
0,-256,0,0,0,0
0,-247,0,0,0,0
0,-255,0,0,0,0
0,-267,0,0,0,0
0,-250,0,0,0,0
0,-259,0,0,0,0
0,-254,0,0,0,0
0,-256,0,0,0,0
0,-256,0,0,0,0
0,-264,0,0,0,0
0,-266,0,0,0,0
0,-247,0,0,0,0
0,-253,0,0,0,0
0,-251,0,0,0,0
0,-250,0,0,0,0
0,-266,0,0,0,0
0,-262,0,0,0,0
0,-258,0,0,0,0
0,-262,0,0,0,0
0,-261,0,0,0,0
0,-256,0,0,0,0
0,-256,0,0,0,0
0,-259,0,0,0,0
0,-254,0,0,0,0
0,-251,0,0,0,0
0,-258,0,0,0,0
0,-253,0,0,0,0
0,-255,0,0,0,0
0,-253,0,0,0,0
0,-245,0,0,0,0
0,-253,0,0,0,0
0,-260,0,0,0,0
0,-258,0,0,0,0
0,-249,0,0,0,0
0,-257,0,0,0,0
0,-267,0,0,0,0
0,-265,0,0,0,0
0,-256,0,0,0,0
0,-266,0,0,0,0
0,-256,0,0,0,0
0,-251,0,0,0,0
0,-247,0,0,0,0
0,-255,0,0,0,0
0,-257,0,0,0,0
0,-253,0,0,0,0
0,-255,0,0,0,0
0,-258,0,0,0,0
0,-257,0,0,0,0
0,-247,0,0,0,0
0,-253,0,0,0,0
0,-249,0,0,0,0
0,-264,0,0,0,0
0,-263,0,0,0,0
0,-259,0,0,0,0
0,-255,0,0,0,0
0,-253,0,0,0,0
0,-252,0,0,0,0
0,-263,0,0,0,0
0,-254,0,0,0,0
0,-252,0,0,0,0
0,-251,0,0,0,0
0,-253,0,0,0,0
0,-255,0,0,0,0
0,-264,0,0,0,0
0,-257,0,0,0,0
0,-262,0,0,0,0
0,-257,0,0,0,0
0,-250,0,0,0,0
0,-257,0,0,0,0
0,-257,0,0,0,0
0,-255,0,0,0,0
0,-251,0,0,0,0
0,-247,0,0,0,0
0,-258,0,0,0,0
0,-251,0,0,0,0
0,-259,0,0,0,0
0,-255,0,0,0,0
0,-263,0,0,0,0
0,-252,0,0,0,0
0,-256,0,0,0,0
0,-253,0,0,0,0
0,-258,0,0,0,0
0,-249,0,0,0,0
0,-259,0,0,0,0
0,-255,0,0,0,0
0,-253,0,0,0,0
0,-249,0,0,0,0
0,-252,0,0,0,0
0,-261,0,0,0,0
0,-252,0,0,0,0
0,-246,0,0,0,0
0,-261,0,0,0,0
0,-254,0,0,0,0
0,-254,0,0,0,0
0,-256,0,0,0,0
0,-251,0,0,0,0
0,-255,0,0,0,0
0,-257,0,0,0,0
0,-255,0,0,0,0
0,-260,0,0,0,0
0,-254,0,0,0,0
0,-264,0,0,0,0
0,-262,0,0,0,0
0,-249,0,0,0,0
0,-264,0,0,0,0
0,-259,0,0,0,0
0,-248,0,0,0,0
0,-252,0,0,0,0
0,-257,0,0,0,0
0,-253,0,0,0,0
0,-262,0,0,0,0
0,-254,0,0,0,0
0,-257,0,0,0,0
0,-247,0,0,0,0
0,-247,0,0,0,0
0,-264,0,0,0,0
0,-262,0,0,0,0
0,-258,0,0,0,0
0,-262,0,0,0,0
0,-260,0,0,0,0
0,-260,0,0,0,0
0,-255,0,0,0,0
0,-250,0,0,0,0
0,-249,0,0,0,0
0,-258,0,0,0,0
0,-258,0,0,0,0
0,-252,0,0,0,0
0,-253,0,0,0,0
0,-253,0,0,0,0
0,-259,0,0,0,0
0,-252,0,0,0,0
0,-260,0,0,0,0
0,-254,0,0,0,0
0,-258,0,0,0,0
0,-254,0,0,0,0
0,-256,0,0,0,0
0,-270,0,0,0,0
0,-252,0,0,0,0
0,-262,0,0,0,0
0,-263,0,0,0,0
0,-257,0,0,0,0
0,-251,0,0,0,0
0,-254,0,0,0,0
0,-248,0,0,0,0
0,-248,0,0,0,0
0,-262,0,0,0,0
0,-263,0,0,0,0
0,-257,0,0,0,0
0,-258,0,0,0,0
0,-252,0,0,0,0
0,-263,0,0,0,0
0,-256,0,0,0,0
0,-262,0,0,0,0
0,-252,0,0,0,0
0,-258,0,0,0,0
0,-255,0,0,0,0
0,-254,0,0,0,0
0,-257,0,0,0,0
0,-260,0,0,0,0
0,-253,0,0,0,0
0,-249,0,0,0,0
0,-256,0,0,0,0
0,-252,0,0,0,0
0,-248,0,0,0,0
0,-258,0,0,0,0
0,-256,0,0,0,0
0,-259,0,0,0,0
0,-253,0,0,0,0
0,-254,0,0,0,0
0,-254,0,0,0,0
0,-255,0,0,0,0
0,-253,0,0,0,0
0,-247,0,0,0,0
0,-250,0,0,0,0
0,-255,0,0,0,0
0,-251,0,0,0,0
0,-260,0,0,0,0
0,-254,0,0,0,0
0,-261,0,0,0,0
0,-256,0,0,0,0
0,-261,0,0,0,0
0,-257,0,0,0,0
0,-254,0,0,0,0
0,-254,0,0,0,0
0,-257,0,0,0,0
0,-255,0,0,0,0
0,-251,0,0,0,0
0,-260,0,0,0,0
0,-253,0,0,0,0
0,-263,0,0,0,0
0,-255,0,0,0,0
0,-258,0,0,0,0
0,-248,0,0,0,0
0,-247,0,0,0,0
0,-264,0,0,0,0
0,-263,0,0,0,0
0,-263,0,0,0,0
0,-258,0,0,0,0
0,-253,0,0,0,0
0,-256,0,0,0,0
0,-260,0,0,0,0
0,-254,0,0,0,0
0,-249,0,0,0,0
0,-255,0,0,0,0
0,-264,0,0,0,0
0,-256,0,0,0,0
0,-252,0,0,0,0
0,-251,0,0,0,0
0,-258,0,0,0,0
0,-265,0,0,0,0
0,-255,0,0,0,0
0,-256,0,0,0,0
0,-261,0,0,0,0
0,-252,0,0,0,0
0,-262,0,0,0,0
0,-262,0,0,0,0
0,-262,0,0,0,0
0,-251,0,0,0,0
0,-258,0,0,0,0
0,-250,0,0,0,0
0,-264,0,0,0,0
0,-245,0,0,0,0
0,-260,0,0,0,0
0,-262,0,0,0,0
0,-259,0,0,0,0
0,-250,0,0,0,0
0,-253,0,0,0,0
0,-247,0,0,0,0
0,-257,0,0,0,0
0,-259,0,0,0,0
0,-262,0,0,0,0
0,-263,0,0,0,0
0,-249,0,0,0,0
0,-254,0,0,0,0
0,-257,0,0,0,0
0,-259,0,0,0,0
0,-256,0,0,0,0
0,-254,0,0,0,0
0,-253,0,0,0,0
0,-251,0,0,0,0
0,-258,0,0,0,0
0,-260,0,0,0,0
0,-266,0,0,0,0
0,-261,0,0,0,0
0,-260,0,0,0,0
0,-256,0,0,0,0
0,-262,0,0,0,0
0,-259,0,0,0,0
0,-257,0,0,0,0
0,-255,0,0,0,0
0,-260,0,0,0,0
0,-265,0,0,0,0
0,-255,0,0,0,0
0,-258,0,0,0,0
0,-256,0,0,0,0
0,-265,0,0,0,0
0,-262,0,0,0,0
0,-257,0,0,0,0
0,-256,0,0,0,0
0,-255,0,0,0,0
0,-261,0,0,0,0
0,-256,0,0,0,0
0,-262,0,0,0,0
0,-258,0,0,0,0
0,-259,0,0,0,0
0,-254,0,0,0,0
0,-251,0,0,0,0
0,-251,0,0,0,0
0,-260,0,0,0,0
0,-252,0,0,0,0
0,-254,0,0,0,0
0,-256,0,0,0,0
0,-258,0,0,0,0
0,-250,0,0,0,0
0,-259,0,0,0,0
0,-257,0,0,0,0
0,-263,0,0,0,0
0,-260,0,0,0,0
0,-261,0,0,0,0
0,-257,0,0,0,0
0,-261,0,0,0,0
0,-255,0,0,0,0
0,-256,0,0,0,0
0,-254,0,0,0,0
0,-249,0,0,0,0
0,-256,0,0,0,0
0,-258,0,0,0,0
0,-256,0,0,0,0
0,-262,0,0,0,0
0,-252,0,0,0,0
0,-254,0,0,0,0
0,-257,0,0,0,0
0,-253,0,0,0,0
0,-251,0,0,0,0
0,-259,0,0,0,0
0,-261,0,0,0,0
0,-258,0,0,0,0
0,-253,0,0,0,0
0,-250,0,0,0,0
0,-251,0,0,0,0
0,-261,0,0,0,0
0,-254,0,0,0,0
0,-255,0,0,0,0
0,-259,0,0,0,0
0,-257,0,0,0,0
0,-259,0,0,0,0
0,-256,0,0,0,0
0,-257,0,0,0,0
0,-252,0,0,0,0
0,-252,0,0,0,0
0,-252,0,0,0,0
0,-249,0,0,0,0
0,-259,0,0,0,0
0,-254,0,0,0,0
0,-245,0,0,0,0
0,-263,0,0,0,0
0,-249,0,0,0,0
0,-266,0,0,0,0
0,-259,0,0,0,0
0,-262,0,0,0,0
0,-253,0,0,0,0
0,-257,0,0,0,0
0,-249,0,0,0,0
0,-254,0,0,0,0
0,-251,0,0,0,0
0,-250,0,0,0,0
0,-256,0,0,0,0
0,-261,0,0,0,0
0,-250,0,0,0,0
0,-257,0,0,0,0
0,-256,0,0,0,0
0,-259,0,0,0,0
0,-250,0,0,0,0
0,-263,0,0,0,0
0,-259,0,0,0,0
0,-243,0,0,0,0
0,-254,0,0,0,0
0,-254,0,0,0,0
0,-255,0,0,0,0
0,-256,0,0,0,0
0,-256,0,0,0,0
0,-251,0,0,0,0
0,-254,0,0,0,0
0,-253,0,0,0,0
0,-254,0,0,0,0
0,-256,0,0,0,0
0,-258,0,0,0,0
0,-263,0,0,0,0
0,-251,0,0,0,0
0,-256,0,0,0,0
0,-254,0,0,0,0
0,-255,0,0,0,0
0,-253,0,0,0,0
0,-255,0,0,0,0
0,-256,0,0,0,0
0,-258,0,0,0,0
0,-260,0,0,0,0
0,-256,0,0,0,0
0,-262,0,0,0,0
0,-263,0,0,0,0
0,-257,0,0,0,0
0,-261,0,0,0,0
0,-263,0,0,0,0
0,-253,0,0,0,0
0,-251,0,0,0,0
0,-254,0,0,0,0
0,-264,0,0,0,0
0,-252,0,0,0,0
0,-256,0,0,0,0
0,-258,0,0,0,0
0,-263,0,0,0,0
0,-265,0,0,0,0
0,-257,0,0,0,0
0,-255,0,0,0,0
0,-258,0,0,0,0
0,-260,0,0,0,0
0,-253,0,0,0,0
0,-253,0,0,0,0
0,-255,0,0,0,0
0,-252,0,0,0,0
0,-261,0,0,0,0
0,-258,0,0,0,0
0,-254,0,0,0,0
0,-255,0,0,0,0
0,-256,0,0,0,0
0,-251,0,0,0,0
0,-249,0,0,0,0
0,-255,0,0,0,0
0,-254,0,0,0,0
0,-247,0,0,0,0
0,-263,0,0,0,0
0,-254,0,0,0,0
0,-255,0,0,0,0
0,-261,0,0,0,0
0,-249,0,0,0,0
0,-253,0,0,0,0
0,-259,0,0,0,0
0,-267,0,0,0,0
0,-261,0,0,0,0
0,-251,0,0,0,0
0,-257,0,0,0,0
0,-255,0,0,0,0
0,-249,0,0,0,0
0,-252,0,0,0,0
0,-265,0,0,0,0
0,-252,0,0,0,0
0,-255,0,0,0,0
0,-253,0,0,0,0
0,-267,0,0,0,0
0,-250,0,0,0,0
0,-251,0,0,0,0
0,-251,0,0,0,0
0,-265,0,0,0,0
0,-258,0,0,0,0
0,-259,0,0,0,0
0,-261,0,0,0,0
0,-258,0,0,0,0
0,-257,0,0,0,0
0,-258,0,0,0,0
0,-258,0,0,0,0
0,-255,0,0,0,0
0,-252,0,0,0,0
0,-264,0,0,0,0
0,-252,0,0,0,0
0,-257,0,0,0,0
0,-258,0,0,0,0
0,-254,0,0,0,0
0,-252,0,0,0,0
0,-254,0,0,0,0
0,-252,0,0,0,0
0,-255,0,0,0,0
0,-251,0,0,0,0
0,-256,0,0,0,0
0,-250,0,0,0,0
0,-250,0,0,0,0
0,-255,0,0,0,0
0,-257,0,0,0,0
0,-253,0,0,0,0
0,-250,0,0,0,0
0,-260,0,0,0,0
0,-256,0,0,0,0
0,-255,0,0,0,0
0,-248,0,0,0,0
0,-250,0,0,0,0
0,-256,0,0,0,0
0,-260,0,0,0,0
0,-248,0,0,0,0
0,-254,0,0,0,0
0,-256,0,0,0,0
0,-252,0,0,0,0
0,-258,0,0,0,0
0,-267,0,0,0,0
0,-261,0,0,0,0
0,-254,0,0,0,0
0,-256,0,0,0,0
0,-263,0,0,0,0
0,-263,0,0,0,0
0,-247,0,0,0,0
0,-250,0,0,0,0
0,-255,0,0,0,0
0,-254,0,0,0,0
0,-253,0,0,0,0
0,-258,0,0,0,0
0,-261,0,0,0,0
0,-264,0,0,0,0
0,-261,0,0,0,0
0,-246,0,0,0,0
0,-262,0,0,0,0
0,-252,0,0,0,0
0,-257,0,0,0,0
0,-256,0,0,0,0
0,-261,0,0,0,0
0,-251,0,0,0,0
0,-259,0,0,0,0
0,-250,0,0,0,0
0,-246,0,0,0,0
0,-249,0,0,0,0
0,-249,0,0,0,0
0,-254,0,0,0,0
0,-260,0,0,0,0
0,-269,0,0,0,0
0,-261,0,0,0,0
0,-251,0,0,0,0
0,-259,0,0,0,0
0,-253,0,0,0,0
0,-266,0,0,0,0
0,-251,0,0,0,0
0,-261,0,0,0,0
0,-256,0,0,0,0
0,-262,0,0,0,0
0,-263,0,0,0,0
0,-244,0,0,0,0
0,-252,0,0,0,0
0,-255,0,0,0,0
0,-256,0,0,0,0
0,-266,0,0,0,0
0,-260,0,0,0,0
0,-252,0,0,0,0
0,-257,0,0,0,0
0,-258,0,0,0,0
0,-267,0,0,0,0
0,-261,0,0,0,0
0,-267,0,0,0,0
0,-260,0,0,0,0
0,-256,0,0,0,0
0,-262,0,0,0,0
0,-255,0,0,0,0
0,-253,0,0,0,0
0,-255,0,0,0,0
0,-252,0,0,0,0
0,-257,0,0,0,0
0,-261,0,0,0,0
0,-246,0,0,0,0
0,-261,0,0,0,0
0,-258,0,0,0,0
0,-261,0,0,0,0
0,-252,0,0,0,0
0,-267,0,0,0,0
0,-253,0,0,0,0
0,-261,0,0,0,0
0,-259,0,0,0,0
0,-264,0,0,0,0
0,-251,0,0,0,0
0,-264,0,0,0,0
0,-254,0,0,0,0
0,-254,0,0,0,0
0,-264,0,0,0,0
0,-254,0,0,0,0
0,-249,0,0,0,0
0,-256,0,0,0,0
0,-255,0,0,0,0
0,-256,0,0,0,0
0,-249,0,0,0,0
0,-257,0,0,0,0
0,-259,0,0,0,0
0,-253,0,0,0,0
0,-253,0,0,0,0
0,-248,0,0,0,0
0,-262,0,0,0,0
0,-262,0,0,0,0
0,-255,0,0,0,0
0,-254,0,0,0,0
0,-254,0,0,0,0
0,-254,0,0,0,0
0,-257,0,0,0,0
0,-255,0,0,0,0
0,-257,0,0,0,0
0,-252,0,0,0,0
0,-251,0,0,0,0
0,-256,0,0,0,0
0,-256,0,0,0,0
0,-252,0,0,0,0
0,-259,0,0,0,0
0,-251,0,0,0,0
0,-249,0,0,0,0
0,-264,0,0,0,0
0,-251,0,0,0,0
0,-252,0,0,0,0
0,-257,0,0,0,0
0,-256,0,0,0,0
0,-265,0,0,0,0
0,-249,0,0,0,0
0,-255,0,0,0,0
0,-249,0,0,0,0
0,-253,0,0,0,0
0,-250,0,0,0,0
0,-254,0,0,0,0
0,-255,0,0,0,0
0,-244,0,0,0,0
0,-255,0,0,0,0
0,-260,0,0,0,0
0,-248,0,0,0,0
0,-252,0,0,0,0
0,-252,0,0,0,0
0,-248,0,0,0,0
0,-256,0,0,0,0
0,-259,0,0,0,0
0,-262,0,0,0,0
0,-253,0,0,0,0
0,-244,0,0,0,0
0,-256,0,0,0,0
0,-259,0,0,0,0
0,-248,0,0,0,0
0,-251,0,0,0,0
0,-255,0,0,0,0
0,-256,0,0,0,0
0,-260,0,0,0,0
0,-260,0,0,0,0
0,-251,0,0,0,0
0,-261,0,0,0,0
0,-258,0,0,0,0
0,-257,0,0,0,0
0,-256,0,0,0,0
0,-257,0,0,0,0
0,-260,0,0,0,0
0,-254,0,0,0,0
0,-257,0,0,0,0
0,-259,0,0,0,0
0,-259,0,0,0,0
0,-255,0,0,0,0
0,-253,0,0,0,0
0,-265,0,0,0,0
0,-260,0,0,0,0
0,-255,0,0,0,0
0,-262,0,0,0,0
0,-248,0,0,0,0
0,-274,0,0,0,0
0,-246,0,0,0,0
0,-252,0,0,0,0
0,-251,0,0,0,0
0,-261,0,0,0,0
0,-254,0,0,0,0
0,-261,0,0,0,0
0,-254,0,0,0,0
0,-255,0,0,0,0
0,-258,0,0,0,0
0,-258,0,0,0,0
0,-265,0,0,0,0
0,-266,0,0,0,0
0,-258,0,0,0,0
0,-253,0,0,0,0
0,-256,0,0,0,0
0,-264,0,0,0,0
0,-258,0,0,0,0
0,-254,0,0,0,0
0,-263,0,0,0,0
0,-257,0,0,0,0
0,-254,0,0,0,0
0,-259,0,0,0,0
0,-256,0,0,0,0
0,-250,0,0,0,0
0,-253,0,0,0,0
0,-256,0,0,0,0
0,-259,0,0,0,0
0,-255,0,0,0,0
0,-253,0,0,0,0
0,-259,0,0,0,0
0,-244,0,0,0,0
0,-257,0,0,0,0
0,-257,0,0,0,0
0,-253,0,0,0,0
0,-252,0,0,0,0
0,-254,0,0,0,0
0,-261,0,0,0,0
0,-258,0,0,0,0
0,-257,0,0,0,0
0,-262,0,0,0,0
0,-255,0,0,0,0
0,-256,0,0,0,0
0,-253,0,0,0,0
0,-249,0,0,0,0
0,-259,0,0,0,0
0,-258,0,0,0,0
0,-262,0,0,0,0
0,-257,0,0,0,0
0,-254,0,0,0,0
0,-261,0,0,0,0
0,-255,0,0,0,0
0,-260,0,0,0,0
0,-257,0,0,0,0
0,-261,0,0,0,0
0,-264,0,0,0,0
0,-250,0,0,0,0
0,-259,0,0,0,0
0,-248,0,0,0,0
0,-251,0,0,0,0
0,-253,0,0,0,0
0,-253,0,0,0,0
0,-254,0,0,0,0
0,-260,0,0,0,0
0,-261,0,0,0,0
0,-260,0,0,0,0
0,-254,0,0,0,0
0,-258,0,0,0,0
0,-248,0,0,0,0
0,-258,0,0,0,0
0,-260,0,0,0,0
0,-257,0,0,0,0
0,-254,0,0,0,0
0,-261,0,0,0,0
0,-262,0,0,0,0
0,-243,0,0,0,0
0,-260,0,0,0,0
0,-254,0,0,0,0
0,-253,0,0,0,0
0,-259,0,0,0,0
0,-256,0,0,0,0
0,-244,0,0,0,0
0,-254,0,0,0,0
0,-254,0,0,0,0
0,-261,0,0,0,0
0,-249,0,0,0,0
0,-260,0,0,0,0
0,-253,0,0,0,0
0,-260,0,0,0,0
0,-251,0,0,0,0
0,-253,0,0,0,0
0,-251,0,0,0,0
0,-254,0,0,0,0
0,-252,0,0,0,0
0,-257,0,0,0,0
0,-257,0,0,0,0
0,-250,0,0,0,0
0,-258,0,0,0,0
0,-248,0,0,0,0
0,-245,0,0,0,0
0,-255,0,0,0,0
0,-260,0,0,0,0
0,-258,0,0,0,0
0,-256,0,0,0,0
0,-262,0,0,0,0
0,-261,0,0,0,0
0,-254,0,0,0,0
0,-259,0,0,0,0
0,-257,0,0,0,0
0,-255,0,0,0,0
0,-262,0,0,0,0
0,-252,0,0,0,0
0,-251,0,0,0,0
0,-265,0,0,0,0
0,-261,0,0,0,0
0,-254,0,0,0,0
0,-259,0,0,0,0
0,-244,0,0,0,0
0,-256,0,0,0,0
0,-258,0,0,0,0
0,-261,0,0,0,0
0,-259,0,0,0,0
0,-260,0,0,0,0
0,-263,0,0,0,0
0,-253,0,0,0,0
0,-265,0,0,0,0
0,-258,0,0,0,0
0,-256,0,0,0,0
0,-260,0,0,0,0
0,-251,0,0,0,0
0,-259,0,0,0,0
0,-258,0,0,0,0
0,-245,0,0,0,0
0,-260,0,0,0,0
0,-248,0,0,0,0
0,-251,0,0,0,0
0,-250,0,0,0,0
0,-253,0,0,0,0
0,-255,0,0,0,0
0,-259,0,0,0,0
0,-256,0,0,0,0
0,-263,0,0,0,0
0,-259,0,0,0,0
0,-249,0,0,0,0
0,-264,0,0,0,0
0,-259,0,0,0,0
0,-249,0,0,0,0
0,-251,0,0,0,0
0,-257,0,0,0,0
0,-252,0,0,0,0
0,-263,0,0,0,0
0,-258,0,0,0,0
0,-250,0,0,0,0
0,-262,0,0,0,0
0,-263,0,0,0,0
0,-256,0,0,0,0
0,-256,0,0,0,0
0,-265,0,0,0,0
0,-253,0,0,0,0
0,-258,0,0,0,0
0,-256,0,0,0,0
0,-250,0,0,0,0
0,-255,0,0,0,0
0,-259,0,0,0,0
0,-263,0,0,0,0
0,-252,0,0,0,0
0,-253,0,0,0,0
0,-255,0,0,0,0
0,-255,0,0,0,0
0,-259,0,0,0,0
0,-248,0,0,0,0
0,-261,0,0,0,0
0,-252,0,0,0,0
0,-254,0,0,0,0
0,-254,0,0,0,0
0,-258,0,0,0,0
0,-259,0,0,0,0
0,-260,0,0,0,0
0,-257,0,0,0,0
0,-256,0,0,0,0
0,-252,0,0,0,0
0,-264,0,0,0,0
0,-255,0,0,0,0
0,-250,0,0,0,0
0,-246,0,0,0,0
0,-257,0,0,0,0
0,-256,0,0,0,0
0,-259,0,0,0,0
0,-262,0,0,0,0
0,-243,0,0,0,0
0,-249,0,0,0,0
0,-256,0,0,0,0
0,-249,0,0,0,0
0,-257,0,0,0,0
0,-263,0,0,0,0
0,-252,0,0,0,0
0,-252,0,0,0,0
0,-260,0,0,0,0
0,-254,0,0,0,0
0,-256,0,0,0,0
0,-267,0,0,0,0
0,-250,0,0,0,0
0,-252,0,0,0,0
0,-262,0,0,0,0
0,-249,0,0,0,0
0,-259,0,0,0,0
0,-256,0,0,0,0
0,-255,0,0,0,0
0,-252,0,0,0,0
0,-263,0,0,0,0
0,-249,0,0,0,0
0,-263,0,0,0,0
0,-259,0,0,0,0
0,-260,0,0,0,0
0,-265,0,0,0,0
0,-254,0,0,0,0
0,-260,0,0,0,0
0,-260,0,0,0,0
0,-258,0,0,0,0
0,-258,0,0,0,0
0,-264,0,0,0,0
0,-259,0,0,0,0
0,-257,0,0,0,0
0,-252,0,0,0,0
0,-261,0,0,0,0
0,-258,0,0,0,0
0,-249,0,0,0,0
0,-255,0,0,0,0
0,-252,0,0,0,0
0,-250,0,0,0,0
0,-251,0,0,0,0
0,-258,0,0,0,0
0,-261,0,0,0,0
0,-259,0,0,0,0
0,-260,0,0,0,0
0,-253,0,0,0,0
0,-259,0,0,0,0
0,-251,0,0,0,0
0,-258,0,0,0,0
0,-262,0,0,0,0
0,-256,0,0,0,0
0,-262,0,0,0,0
0,-260,0,0,0,0
0,-266,0,0,0,0
0,-265,0,0,0,0
0,-259,0,0,0,0
0,-257,0,0,0,0
0,-241,0,0,0,0
0,-263,0,0,0,0
0,-253,0,0,0,0
0,-258,0,0,0,0
0,-252,0,0,0,0
0,-256,0,0,0,0
0,-258,0,0,0,0
0,-252,0,0,0,0
0,-259,0,0,0,0
0,-261,0,0,0,0
0,-258,0,0,0,0
0,-251,0,0,0,0
0,-261,0,0,0,0
0,-256,0,0,0,0
0,-256,0,0,0,0
0,-259,0,0,0,0
0,-259,0,0,0,0
0,-253,0,0,0,0
0,-251,0,0,0,0
0,-254,0,0,0,0
0,-247,0,0,0,0
0,-251,0,0,0,0
0,-248,0,0,0,0
0,-258,0,0,0,0
0,-252,0,0,0,0
0,-254,0,0,0,0
0,-254,0,0,0,0
0,-255,0,0,0,0
0,-257,0,0,0,0
0,-256,0,0,0,0
0,-251,0,0,0,0
0,-262,0,0,0,0
0,-249,0,0,0,0
0,-255,0,0,0,0
0,-263,0,0,0,0
0,-259,0,0,0,0
0,-258,0,0,0,0
0,-264,0,0,0,0
0,-259,0,0,0,0
0,-251,0,0,0,0
0,-248,0,0,0,0
0,-254,0,0,0,0
0,-260,0,0,0,0
0,-256,0,0,0,0
0,-258,0,0,0,0
0,-255,0,0,0,0
0,-250,0,0,0,0
0,-259,0,0,0,0
0,-259,0,0,0,0
0,-252,0,0,0,0
0,-255,0,0,0,0
0,-254,0,0,0,0
0,-253,0,0,0,0
0,-253,0,0,0,0
0,-261,0,0,0,0
0,-260,0,0,0,0
0,-256,0,0,0,0
0,-250,0,0,0,0
0,-257,0,0,0,0
0,-250,0,0,0,0
0,-258,0,0,0,0
0,-251,0,0,0,0
0,-256,0,0,0,0
0,-270,0,0,0,0
0,-255,0,0,0,0
0,-251,0,0,0,0
0,-248,0,0,0,0
0,-259,0,0,0,0
0,-262,0,0,0,0
0,-249,0,0,0,0
0,-248,0,0,0,0
0,-258,0,0,0,0
0,-255,0,0,0,0
0,-260,0,0,0,0
0,-260,0,0,0,0
0,-250,0,0,0,0
0,-248,0,0,0,0
0,-258,0,0,0,0
0,-249,0,0,0,0
0,-251,0,0,0,0
0,-259,0,0,0,0
0,-264,0,0,0,0
0,-264,0,0,0,0
0,-265,0,0,0,0
0,-261,0,0,0,0
0,-255,0,0,0,0
0,-254,0,0,0,0
0,-255,0,0,0,0
0,-251,0,0,0,0
0,-253,0,0,0,0
0,-250,0,0,0,0
0,-258,0,0,0,0
0,-256,0,0,0,0
0,-249,0,0,0,0
0,-254,0,0,0,0
0,-251,0,0,0,0
0,-255,0,0,0,0
0,-246,0,0,0,0
0,-262,0,0,0,0
0,-249,0,0,0,0
0,-248,0,0,0,0
0,-256,0,0,0,0
0,-261,0,0,0,0
0,-245,0,0,0,0
0,-258,0,0,0,0
0,-256,0,0,0,0
0,0,0,0,0,0
0,0,0,0,0,0
0,0,0,0,0,0
0,0,0,0,0,0
0,0,0,0,0,0
0,0,0,0,0,0
0,0,0,0,0,0
0,0,0,0,0,0
0,0,0,0,0,0
0,0,0,0,0,0
0,0,0,0,0,0
0,0,0,0,0,0
0,0,0,0,0,0
0,0,0,0,0,0
0,0,0,0,0,0
0,0,0,0,0,0
0,0,0,0,0,0
0,0,0,0,0,0
0,-252,0,184,241,0
0,-261,0,-258,8,0
0,-253,0,-395,-286,0
0,-262,0,141,341,0
0,-226,0,333,335,0
0,-243,0,341,-155,0
0,-225,0,293,82,0
0,-232,0,-50,301,0
0,-227,0,139,-187,0
0,-227,0,-114,334,0
0,-237,0,356,166,0
0,-217,0,-296,288,0
0,-211,0,-316,-133,0
0,-211,0,-187,-90,0
0,-205,0,-109,-289,0
0,-186,0,149,274,0
0,-184,0,165,-389,0
0,-199,0,348,-37,0
0,-202,0,-242,6,0
0,-197,0,-369,-187,0
0,-200,0,-127,300,0
0,-192,0,-187,-223,0
0,-204,0,-7,-138,0
0,-174,0,-146,-312,0
0,-161,0,161,354,0
0,-178,0,46,295,0
0,-173,0,397,-22,0
0,-182,0,361,-43,0
0,-172,0,138,326,0
0,-162,0,-296,-170,0
0,-144,0,-60,316,0
0,-154,0,187,-295,0
0,-156,0,-155,-325,0
0,-141,0,-177,183,0
0,-141,0,332,129,0
0,-141,0,57,390,0
0,-134,0,275,350,0
0,-132,0,129,-57,0
0,-130,0,109,-28,0
0,-146,0,208,-329,0
0,-125,0,210,288,0
0,-128,0,-104,117,0
0,-121,0,29,378,0
0,-118,0,-98,256,0
0,-110,0,335,-387,0
0,-111,0,-166,-347,0
0,-108,0,-266,-381,0
0,-103,0,257,-156,0
0,-107,0,55,-247,0
0,-95,0,-1,347,0
0,-72,0,247,-23,0
0,-98,0,197,99,0
0,-93,0,-282,137,0
0,-76,0,54,-239,0
0,-66,0,94,-375,0
0,-83,0,-291,15,0
0,-72,0,346,-281,0
0,-66,0,-373,-377,0
0,-78,0,-173,-85,0
0,-64,0,156,262,0
0,-71,0,336,59,0
0,-50,0,-319,-313,0
0,-49,0,6,43,0
0,-55,0,-259,315,0
0,-55,0,-109,356,0
0,-39,0,18,-192,0
0,-50,0,275,-234,0
0,-50,0,9,313,0
0,-20,0,-87,-142,0
0,-30,0,273,233,0
0,-41,0,-344,56,0
0,-27,0,-248,324,0
0,-9,0,-157,396,0
0,-9,0,77,-98,0
0,-25,0,-122,346,0
0,-17,0,-41,105,0
0,-5,0,-335,-373,0
0,4,0,-218,-381,0
0,8,0,-289,-58,0
0,-13,0,-21,129,0
0,240,192,9537,-6919,-7606
0,272,218,3232,-3024,-907
0,368,294,-4820,1896,-2060
0,521,417,-4817,10389,-1538
0,727,581,6942,1288,529
0,974,779,-2716,-1844,-3856
0,1251,1001,3800,2170,2848
0,1545,1236,4507,-4813,514
0,1843,1475,910,4736,1643
0,2131,1705,8039,-460,8273
0,2394,1916,-178,587,6077
0,2622,2097,5919,-6542,9076
0,2802,2242,-1014,-6866,-7813
0,2928,2342,-973,552,1542
0,2992,2394,-485,-2427,-189
0,2992,2394,-10397,9197,226
0,2928,2342,-3568,2817,-1100
0,2802,2242,-2499,99,1397
0,2622,2097,-533,6055,6579
0,2394,1916,2,6454,-3362
0,2131,1705,9793,1193,-3345
0,1843,1475,-1134,9745,133
0,1545,1236,-1236,4346,1477
0,1251,1001,7229,-4265,-8245
0,974,779,6836,11782,-6610
0,727,581,-876,2193,-5253
0,521,417,-1433,-3270,-12509
0,368,294,-1121,2560,3945
0,272,218,-742,3701,8317
0,240,192,-2814,-3654,-3780
5,1,266,0,0,0
2,-1,250,0,0,0
2,-5,247,0,0,0
0,8,250,0,0,0
-0,5,254,0,0,0
-10,-2,258,0,0,0
7,5,260,0,0,0
4,4,257,0,0,0
1,-7,251,0,0,0
9,1,244,0,0,0
2,-2,264,0,0,0
3,-11,253,0,0,0
3,2,256,0,0,0
1,-6,264,0,0,0
-6,6,248,0,0,0
-2,-1,259,0,0,0
9,10,253,0,0,0
-2,-3,252,0,0,0
-3,3,255,0,0,0
-5,7,263,0,0,0
-2,-9,256,0,0,0
1,5,257,0,0,0
-5,3,256,0,0,0
-9,-2,261,0,0,0
-4,-3,262,0,0,0
6,4,250,0,0,0
-11,4,250,0,0,0
-1,-2,252,0,0,0
-3,1,254,0,0,0
2,-3,254,0,0,0
-3,-1,260,0,0,0
-4,12,263,0,0,0
12,-8,247,0,0,0
2,-4,257,0,0,0
-0,0,255,0,0,0
3,19,254,0,0,0
5,5,262,0,0,0
5,-4,252,0,0,0
3,-2,259,0,0,0
-8,-6,256,0,0,0
-1,7,259,0,0,0
1,-3,251,0,0,0
-1,2,254,0,0,0
-2,-1,260,0,0,0
-4,7,251,0,0,0
5,-3,265,0,0,0
5,-7,257,0,0,0
5,7,250,0,0,0
-3,6,264,0,0,0
5,3,262,0,0,0
-3,-2,261,0,0,0
3,-6,261,0,0,0
7,-0,254,0,0,0
7,0,260,0,0,0
-3,2,261,0,0,0
5,-4,267,0,0,0
-6,5,253,0,0,0
3,6,255,0,0,0
12,-1,251,0,0,0
3,4,252,0,0,0
-2,7,257,0,0,0
5,-3,256,0,0,0
1,4,267,0,0,0
-3,-0,251,0,0,0
-8,4,252,0,0,0
7,-10,262,0,0,0
7,2,257,0,0,0
-8,-0,250,0,0,0
-1,10,256,0,0,0
11,5,247,0,0,0
-4,4,261,0,0,0
7,-2,256,0,0,0
-5,-4,261,0,0,0
-7,-4,248,0,0,0
-4,5,249,0,0,0
-4,8,263,0,0,0
-1,-10,259,0,0,0
7,1,255,0,0,0
0,-7,253,0,0,0
-3,3,254,0,0,0
1,-2,262,0,0,0
-0,-3,260,0,0,0
-5,2,266,0,0,0
2,5,254,0,0,0
-0,3,256,0,0,0
-4,12,244,0,0,0
-2,2,252,0,0,0
1,2,258,0,0,0
-1,0,257,0,0,0
0,0,260,0,0,0
2,-2,256,0,0,0
3,4,261,0,0,0
3,-5,258,0,0,0
3,-3,259,0,0,0
-4,4,251,0,0,0
-2,-3,259,0,0,0
-7,5,251,0,0,0
1,0,257,0,0,0
-3,1,266,0,0,0
-10,-2,256,0,0,0
3,4,259,0,0,0
1,3,257,0,0,0
-1,4,266,0,0,0
9,0,250,0,0,0
1,3,255,0,0,0
12,-1,260,0,0,0
2,-1,248,0,0,0
-1,2,253,0,0,0
5,0,261,0,0,0
2,6,251,0,0,0
-4,3,257,0,0,0
-7,1,252,0,0,0
3,-10,261,0,0,0
-9,2,264,0,0,0
9,2,260,0,0,0
-6,-0,258,0,0,0
-6,2,257,0,0,0
8,-5,249,0,0,0
9,7,254,0,0,0
10,-1,257,0,0,0
5,2,265,0,0,0
-5,-3,255,0,0,0
9,-1,256,0,0,0
5,-6,250,0,0,0
-4,-2,268,0,0,0
-3,3,258,0,0,0
-6,-4,251,0,0,0
1,1,260,0,0,0
0,-1,257,0,0,0
-8,2,264,0,0,0
4,-1,260,0,0,0
1,-1,268,0,0,0
-6,12,252,0,0,0
6,1,260,0,0,0
7,-12,260,0,0,0
-2,6,251,0,0,0
0,-3,250,0,0,0
-5,-4,260,0,0,0
-4,6,262,0,0,0
9,8,250,0,0,0
1,-2,264,0,0,0
10,3,252,0,0,0
-5,-4,252,0,0,0
-5,-0,257,0,0,0
-6,-7,258,0,0,0
2,7,253,0,0,0
-5,8,260,0,0,0
2,4,256,0,0,0
4,3,261,0,0,0
-7,-3,255,0,0,0
1,4,253,0,0,0
6,3,257,0,0,0
1,3,260,0,0,0
-4,-4,251,0,0,0
-6,-8,252,0,0,0
-6,0,256,0,0,0
1,8,257,0,0,0
-5,10,262,0,0,0
1,4,259,0,0,0
-5,-3,256,0,0,0
-1,-5,257,0,0,0
-1,5,252,0,0,0
-10,-2,251,0,0,0
-7,-1,255,0,0,0
-5,-3,257,0,0,0
-16,-2,253,0,0,0
4,6,260,0,0,0
-1,4,255,0,0,0
-14,2,265,0,0,0
-8,-2,256,0,0,0
7,-2,253,0,0,0
-2,2,255,0,0,0
3,-1,257,0,0,0
1,3,261,0,0,0
-5,5,251,0,0,0
2,1,254,0,0,0
-3,-5,259,0,0,0
0,-10,249,0,0,0
3,1,252,0,0,0
0,-2,251,0,0,0
3,-5,256,0,0,0
3,-6,260,0,0,0
2,-1,255,0,0,0
6,1,256,0,0,0
-10,-1,245,0,0,0
-6,0,253,0,0,0
-6,0,253,0,0,0
4,2,258,0,0,0
-2,-5,247,0,0,0
-3,4,250,0,0,0
-3,4,245,0,0,0
-4,6,262,0,0,0
-8,-2,259,0,0,0
1,8,258,0,0,0
5,0,251,0,0,0
-5,12,258,0,0,0
6,-8,250,0,0,0
0,-4,265,0,0,0
6,-2,257,0,0,0
-0,2,258,0,0,0
-1,7,259,0,0,0
-2,3,248,0,0,0
-1,-3,259,0,0,0
1,2,260,0,0,0
-1,-0,253,0,0,0
4,4,253,0,0,0
-1,3,250,0,0,0
-3,4,255,0,0,0
-4,4,260,0,0,0
-3,4,258,0,0,0
6,-3,263,0,0,0
-6,-3,262,0,0,0
-1,3,250,0,0,0
-1,-3,249,0,0,0
4,-0,252,0,0,0
7,1,250,0,0,0
2,-2,266,0,0,0
6,2,253,0,0,0
2,4,253,0,0,0
5,-3,258,0,0,0
2,4,257,0,0,0
5,-3,260,0,0,0
-1,4,266,0,0,0
9,2,257,0,0,0
-0,4,257,0,0,0
3,-2,254,0,0,0
-4,0,256,0,0,0
6,3,253,0,0,0
5,-0,253,0,0,0
6,-0,259,0,0,0
-4,-8,265,0,0,0
-10,-5,252,0,0,0
1,2,261,0,0,0
-3,8,251,0,0,0
3,4,253,0,0,0
-2,-5,263,0,0,0
-0,4,267,0,0,0
2,-7,251,0,0,0
7,1,257,0,0,0
3,2,252,0,0,0
-3,2,255,0,0,0
-2,-2,251,0,0,0
5,11,258,0,0,0
3,-5,253,0,0,0
-2,5,251,0,0,0
-2,1,262,0,0,0
-4,5,258,0,0,0
-3,-1,255,0,0,0
-3,3,263,0,0,0
6,7,250,0,0,0
4,-5,252,0,0,0
1,2,246,0,0,0
-3,8,257,0,0,0
2,-1,260,0,0,0
-1,12,259,0,0,0
0,-3,250,0,0,0
-3,6,256,0,0,0
5,-4,249,0,0,0
-8,-4,265,0,0,0
2,-4,256,0,0,0
0,2,262,0,0,0
2,-2,254,0,0,0
2,-1,264,0,0,0
10,-0,248,0,0,0
6,-1,253,0,0,0
1,2,254,0,0,0
13,-7,256,0,0,0
-7,-7,255,0,0,0
3,-6,256,0,0,0
5,-2,261,0,0,0
-2,4,264,0,0,0
3,-3,259,0,0,0
1,4,254,0,0,0
7,-0,261,0,0,0
-3,5,256,0,0,0
-12,4,256,0,0,0
-2,5,262,0,0,0
2,6,247,0,0,0
-4,-5,252,0,0,0
-1,9,260,0,0,0
2,4,256,0,0,0
-5,4,254,0,0,0
-5,-7,261,0,0,0
-4,-1,262,0,0,0
8,5,257,0,0,0
0,-0,261,0,0,0
-0,-1,250,0,0,0
-5,-3,258,0,0,0
1,1,259,0,0,0
-6,-6,250,0,0,0
-6,-0,259,0,0,0
6,5,251,0,0,0
0,1,263,0,0,0
0,-1,255,0,0,0
8,-0,249,0,0,0
16,2,251,0,0,0
-2,-6,251,0,0,0
-0,-4,255,0,0,0
-4,6,260,0,0,0
7,0,247,0,0,0
4,-4,269,0,0,0
1,3,258,0,0,0
-1,-5,262,0,0,0
-3,2,251,0,0,0
-4,1,251,0,0,0
0,-2,250,0,0,0
8,-11,258,0,0,0
8,-5,250,0,0,0
-1,-3,249,0,0,0
3,5,256,0,0,0
-7,-3,250,0,0,0
-2,1,255,0,0,0
-0,-5,261,0,0,0
-2,4,256,0,0,0
6,10,257,0,0,0
9,-4,261,0,0,0
1,-3,254,0,0,0
-2,1,245,0,0,0
-1,-1,257,0,0,0
12,2,254,0,0,0
-2,-2,257,0,0,0
7,7,256,0,0,0
-3,6,255,0,0,0
-2,4,255,0,0,0
12,-4,258,0,0,0
0,2,261,0,0,0
5,7,250,0,0,0
-6,-8,257,0,0,0
-0,5,254,0,0,0
7,8,252,0,0,0
-6,-1,255,0,0,0
-7,1,254,0,0,0
-8,5,258,0,0,0
-1,-2,261,0,0,0
-11,5,260,0,0,0
1,-3,246,0,0,0
2,4,259,0,0,0
-4,1,259,0,0,0
7,-4,266,0,0,0
-4,10,252,0,0,0
-4,3,260,0,0,0
2,-6,263,0,0,0
2,7,258,0,0,0
3,-5,250,0,0,0
-5,7,256,0,0,0
8,-3,257,0,0,0
-6,-4,261,0,0,0
8,-4,262,0,0,0
-1,-9,262,0,0,0
-2,-7,261,0,0,0
-0,-6,263,0,0,0
-6,1,251,0,0,0
-9,-4,255,0,0,0
1,2,257,0,0,0
7,6,258,0,0,0
2,-0,258,0,0,0
-0,-2,261,0,0,0
-5,-2,259,0,0,0
4,7,255,0,0,0
0,11,256,0,0,0
0,-1,261,0,0,0
13,-8,259,0,0,0
9,-8,260,0,0,0
5,-2,267,0,0,0
-1,-4,254,0,0,0
14,6,254,0,0,0
-8,-1,260,0,0,0
-3,6,256,0,0,0
1,-5,248,0,0,0
-11,3,251,0,0,0
2,-6,256,0,0,0
7,1,258,0,0,0
7,-3,255,0,0,0
-1,-6,252,0,0,0
-6,2,261,0,0,0
-3,9,258,0,0,0
-1,-1,254,0,0,0
1,-1,252,0,0,0
6,-2,256,0,0,0
5,-4,262,0,0,0
2,3,264,0,0,0
3,1,257,0,0,0
3,2,255,0,0,0
-3,4,266,0,0,0
-0,-4,260,0,0,0
-0,4,252,0,0,0
-5,9,254,0,0,0
1,1,256,0,0,0
3,2,259,0,0,0
2,19,256,0,0,0
-5,3,258,0,0,0
-2,-4,257,0,0,0
-1,-3,261,0,0,0
-3,-3,252,0,0,0
-2,0,266,0,0,0
-2,5,250,0,0,0
2,-4,258,0,0,0
-4,-6,258,0,0,0
7,-4,260,0,0,0
-4,-1,261,0,0,0
-3,7,260,0,0,0
13,-2,259,0,0,0
-9,-4,251,0,0,0
1,12,265,0,0,0
10,1,264,0,0,0
-2,1,249,0,0,0
1,3,267,0,0,0
-6,10,257,0,0,0
1,1,260,0,0,0
3,-10,263,0,0,0
-7,1,249,0,0,0
-1,-2,243,0,0,0
-1,11,258,0,0,0
-4,-6,268,0,0,0
1,-10,259,0,0,0
7,-8,259,0,0,0
6,-4,262,0,0,0
-6,9,265,0,0,0
3,1,255,0,0,0
-2,-7,256,0,0,0
-3,-0,247,0,0,0
3,-3,259,0,0,0
10,2,259,0,0,0
0,2,259,0,0,0
6,4,254,0,0,0
-9,6,260,0,0,0
-3,3,259,0,0,0
-5,5,249,0,0,0
-0,-5,251,0,0,0
6,-0,255,0,0,0
-2,-2,250,0,0,0
-8,4,262,0,0,0
5,1,256,0,0,0
-1,-6,256,0,0,0
2,5,259,0,0,0
-2,-1,262,0,0,0
-2,0,246,0,0,0
-14,-4,262,0,0,0
-1,3,266,0,0,0
-5,6,257,0,0,0
2,-1,253,0,0,0
8,-5,246,0,0,0
2,6,261,0,0,0
2,0,258,0,0,0
-5,-4,247,0,0,0
6,3,258,0,0,0
-8,-0,254,0,0,0
-6,-1,254,0,0,0
2,2,254,0,0,0
-8,-1,265,0,0,0
1,1,266,0,0,0
5,-0,254,0,0,0
-1,9,255,0,0,0
-4,-2,256,0,0,0
-3,2,254,0,0,0
-7,-1,259,0,0,0
12,0,255,0,0,0
0,1,261,0,0,0
1,-2,254,0,0,0
5,10,263,0,0,0
6,-12,253,0,0,0
5,1,254,0,0,0
-1,3,258,0,0,0
6,2,254,0,0,0
7,-1,253,0,0,0
-2,1,251,0,0,0
8,4,256,0,0,0
-2,1,251,0,0,0
6,-2,263,0,0,0
5,-3,257,0,0,0
-4,-1,258,0,0,0
-2,-3,258,0,0,0
7,-0,257,0,0,0
2,1,245,0,0,0
-6,-1,248,0,0,0
-5,6,257,0,0,0
-10,-4,260,0,0,0
4,-5,254,0,0,0
5,3,259,0,0,0
-2,8,255,0,0,0
-8,-1,265,0,0,0
-4,8,263,0,0,0
-2,-0,255,0,0,0
-2,-10,244,0,0,0
3,6,247,0,0,0
5,3,249,0,0,0
-4,1,251,0,0,0
2,5,263,0,0,0
9,-3,260,0,0,0
4,2,258,0,0,0
0,5,246,0,0,0
5,1,256,0,0,0
2,-3,257,0,0,0
2,8,259,0,0,0
5,-1,255,0,0,0
7,-4,261,0,0,0
5,5,260,0,0,0
-8,-9,261,0,0,0
8,-3,266,0,0,0
-4,9,257,0,0,0
4,-0,259,0,0,0
7,-3,244,0,0,0
-4,3,261,0,0,0
-6,2,261,0,0,0
2,1,251,0,0,0
-6,0,254,0,0,0
-6,-9,255,0,0,0
2,7,259,0,0,0
-6,1,255,0,0,0
7,-4,259,0,0,0
0,1,254,0,0,0
2,-2,250,0,0,0
-5,-3,259,0,0,0
5,-1,254,0,0,0
-1,2,256,0,0,0
7,9,260,0,0,0
2,1,255,0,0,0
1,7,259,0,0,0
1,-3,259,0,0,0
-3,3,247,0,0,0
-5,-4,256,0,0,0
-0,5,257,0,0,0
-2,-4,256,0,0,0
-0,3,256,0,0,0
1,1,245,0,0,0
4,3,254,0,0,0
2,-1,247,0,0,0
-3,5,248,0,0,0
8,4,255,0,0,0
-8,17,258,0,0,0
10,-4,252,0,0,0
-0,0,257,0,0,0
6,-2,257,0,0,0
-2,-1,247,0,0,0
3,-1,250,0,0,0
-2,7,253,0,0,0
3,5,249,0,0,0
-12,-2,268,0,0,0
-6,6,256,0,0,0
-3,1,253,0,0,0
-3,-2,257,0,0,0
11,-6,255,0,0,0
4,4,261,0,0,0
3,3,260,0,0,0
-4,3,252,0,0,0
8,12,261,0,0,0
2,5,247,0,0,0
-2,-3,258,0,0,0
9,-8,266,0,0,0
5,-1,254,0,0,0
-5,-8,256,0,0,0
7,-3,259,0,0,0
2,1,259,0,0,0
-7,-3,251,0,0,0
-3,-1,257,0,0,0
-3,-3,258,0,0,0
-3,-3,264,0,0,0
11,3,257,0,0,0
3,1,262,0,0,0
1,-3,258,0,0,0
-4,-0,253,0,0,0
-1,-4,261,0,0,0
5,-4,253,0,0,0
2,1,255,0,0,0
8,12,255,0,0,0
5,-4,248,0,0,0
3,3,250,0,0,0
5,5,253,0,0,0
7,-1,262,0,0,0
2,-1,259,0,0,0
5,6,253,0,0,0
-7,-10,253,0,0,0
-2,3,255,0,0,0
-8,-7,254,0,0,0
-11,3,258,0,0,0
8,6,258,0,0,0
0,7,253,0,0,0
-6,-1,258,0,0,0
-0,6,262,0,0,0
3,-4,261,0,0,0
2,-4,259,0,0,0
-2,-3,262,0,0,0
5,1,256,0,0,0
-5,5,254,0,0,0
-0,2,243,0,0,0
-3,6,263,0,0,0
-5,-3,254,0,0,0
3,-1,254,0,0,0
-4,5,252,0,0,0
-1,-4,253,0,0,0
0,3,258,0,0,0
1,5,257,0,0,0
-3,-2,255,0,0,0
10,5,261,0,0,0
-6,2,259,0,0,0
-2,0,254,0,0,0
-0,-3,259,0,0,0
-1,-4,255,0,0,0
-0,-9,257,0,0,0
7,-4,250,0,0,0
-3,-2,260,0,0,0
-3,7,255,0,0,0
-11,2,252,0,0,0
-1,-0,251,0,0,0
-4,3,257,0,0,0
-3,-4,258,0,0,0
6,-9,255,0,0,0
-8,0,259,0,0,0
4,-1,258,0,0,0
6,1,253,0,0,0
8,6,253,0,0,0
-1,3,256,0,0,0
-7,-6,258,0,0,0
5,1,255,0,0,0
-1,3,257,0,0,0
-5,3,252,0,0,0
-10,1,248,0,0,0
7,3,260,0,0,0
10,4,253,0,0,0
0,6,255,0,0,0
5,-11,254,0,0,0
1,3,255,0,0,0
-3,2,256,0,0,0
6,2,265,0,0,0
-2,1,248,0,0,0
2,0,257,0,0,0
-2,-5,258,0,0,0
-1,-2,262,0,0,0
-7,3,248,0,0,0
-10,-3,259,0,0,0
-1,-6,259,0,0,0
13,4,261,0,0,0
1,1,264,0,0,0
-4,3,258,0,0,0
8,-13,246,0,0,0
-2,-10,258,0,0,0
-6,-3,260,0,0,0
4,1,252,0,0,0
3,2,253,0,0,0
-0,5,251,0,0,0
-4,0,254,0,0,0
-4,-3,245,0,0,0
5,-1,261,0,0,0
7,-1,259,0,0,0
3,9,254,0,0,0
2,6,256,0,0,0
-4,-1,262,0,0,0
-4,-8,253,0,0,0
11,6,258,0,0,0
-4,4,264,0,0,0
1,-6,253,0,0,0
-6,7,262,0,0,0
-5,4,257,0,0,0
0,-5,260,0,0,0
-1,-1,253,0,0,0
-4,-3,253,0,0,0
-5,-2,251,0,0,0
-1,6,255,0,0,0
0,-0,268,0,0,0
-6,-8,258,0,0,0
0,-5,259,0,0,0
-5,-1,258,0,0,0
-10,3,253,0,0,0
-3,-2,250,0,0,0
-0,4,255,0,0,0
3,-3,257,0,0,0
-3,-7,262,0,0,0
-7,14,258,0,0,0
5,9,262,0,0,0
-4,-4,246,0,0,0
5,7,249,0,0,0
-6,-0,257,0,0,0
1,0,252,0,0,0
-9,-1,258,0,0,0
-0,-2,242,0,0,0
11,-5,255,0,0,0
-2,6,261,0,0,0
4,0,259,0,0,0
-2,2,250,0,0,0
-4,7,250,0,0,0
6,8,259,0,0,0
-3,-6,261,0,0,0
3,4,256,0,0,0
-2,2,254,0,0,0
-1,6,254,0,0,0
2,-8,254,0,0,0
3,4,259,0,0,0
5,6,260,0,0,0
6,-1,260,0,0,0
9,-2,255,0,0,0
2,-2,258,0,0,0
3,-7,261,0,0,0
-4,-2,258,0,0,0
11,4,255,0,0,0
-6,-2,259,0,0,0
2,7,254,0,0,0
-2,-2,261,0,0,0
-4,5,262,0,0,0
-2,-0,265,0,0,0
-2,-5,253,0,0,0
7,-1,260,0,0,0
-1,-1,246,0,0,0
1,1,259,0,0,0
2,8,259,0,0,0
-2,4,252,0,0,0
3,-2,259,0,0,0
-6,-6,257,0,0,0
2,5,253,0,0,0
8,4,249,0,0,0
-1,2,254,0,0,0
2,4,249,0,0,0
0,9,254,0,0,0
1,-0,246,0,0,0
-0,-3,266,0,0,0
1,0,252,0,0,0
-3,5,254,0,0,0
2,-6,258,0,0,0
-6,-7,257,0,0,0
3,-3,255,0,0,0
5,-1,258,0,0,0
-2,3,245,0,0,0
5,2,254,0,0,0
2,-3,257,0,0,0
-4,-5,250,0,0,0
-6,-1,257,0,0,0
-3,6,254,0,0,0
3,5,254,0,0,0
-6,-2,257,0,0,0
-4,-11,253,0,0,0
-3,3,257,0,0,0
-3,-2,262,0,0,0
11,-1,246,0,0,0
-6,-10,255,0,0,0
5,2,248,0,0,0
-6,-8,261,0,0,0
2,-9,258,0,0,0
-4,6,259,0,0,0
-2,3,247,0,0,0
5,0,249,0,0,0
4,-5,261,0,0,0
4,2,256,0,0,0
0,-5,258,0,0,0
-4,6,257,0,0,0
-2,8,259,0,0,0
14,4,255,0,0,0
-1,0,256,0,0,0
-4,-5,255,0,0,0
-3,7,254,0,0,0
5,3,265,0,0,0
1,-1,255,0,0,0
-0,0,252,0,0,0
1,-2,250,0,0,0
-12,2,254,0,0,0
8,-3,263,0,0,0
-2,4,260,0,0,0
3,9,248,0,0,0
-0,2,252,0,0,0
-0,0,256,0,0,0
-5,2,247,0,0,0
0,2,252,0,0,0
-2,-1,253,0,0,0
5,3,245,0,0,0
-7,3,257,0,0,0
-3,1,262,0,0,0
2,12,247,0,0,0
10,4,262,0,0,0
-1,-7,254,0,0,0
-3,-1,251,0,0,0
-5,-3,254,0,0,0
6,-1,269,0,0,0
11,8,256,0,0,0
2,8,253,0,0,0
8,10,256,0,0,0
4,-11,263,0,0,0
-5,-3,249,0,0,0
0,5,250,0,0,0
3,1,250,0,0,0
4,0,254,0,0,0
4,1,252,0,0,0
-5,-8,255,0,0,0
2,-3,264,0,0,0
-5,-2,255,0,0,0
-4,1,259,0,0,0
-6,3,258,0,0,0
-9,-12,263,0,0,0
0,5,253,0,0,0
4,-7,257,0,0,0
1,3,262,0,0,0
7,3,262,0,0,0
-3,-15,252,0,0,0
-1,-4,243,0,0,0
3,-3,261,0,0,0
9,2,257,0,0,0
-9,4,251,0,0,0
-3,6,259,0,0,0
-1,11,263,0,0,0
2,6,259,0,0,0
-1,7,253,0,0,0
-2,-9,258,0,0,0
1,-1,254,0,0,0
1,4,254,0,0,0
-3,2,249,0,0,0
-1,10,254,0,0,0
-2,1,260,0,0,0
2,5,256,0,0,0
7,5,251,0,0,0
6,-6,253,0,0,0
5,-5,268,0,0,0
-3,-5,259,0,0,0
-1,-3,259,0,0,0
-2,2,249,0,0,0
7,-6,263,0,0,0
-8,-4,264,0,0,0
-0,-2,255,0,0,0
3,-6,256,0,0,0
6,6,258,0,0,0
3,-8,256,0,0,0
5,-5,256,0,0,0
-3,0,245,0,0,0
-4,-4,252,0,0,0
-5,-1,242,0,0,0
-5,10,258,0,0,0
-2,-3,257,0,0,0
-5,-10,255,0,0,0
2,-0,250,0,0,0
-5,-1,260,0,0,0
4,2,250,0,0,0
8,2,251,0,0,0
5,7,259,0,0,0
11,-3,259,0,0,0
0,-1,250,0,0,0
-1,-6,253,0,0,0
3,-0,250,0,0,0
14,-0,257,0,0,0
-4,-3,250,0,0,0
-1,-7,248,0,0,0
-6,2,255,0,0,0
2,-4,254,0,0,0
3,-7,254,0,0,0
-9,-5,254,0,0,0
-3,2,257,0,0,0
-1,6,265,0,0,0
-0,6,255,0,0,0
1,7,255,0,0,0
6,-5,258,0,0,0
4,6,256,0,0,0
-2,-3,263,0,0,0
-3,2,255,0,0,0
4,-3,251,0,0,0
-3,-2,249,0,0,0
-7,2,257,0,0,0
3,-7,251,0,0,0
3,0,263,0,0,0
3,-1,266,0,0,0
3,-2,260,0,0,0
-2,-5,255,0,0,0
3,7,245,0,0,0
3,-3,257,0,0,0
-5,-2,252,0,0,0
0,-11,252,0,0,0
-2,8,249,0,0,0
-3,-1,247,0,0,0
-7,-2,257,0,0,0
-5,5,266,0,0,0
-11,4,258,0,0,0
-3,-0,259,0,0,0
3,-1,257,0,0,0
-3,-5,258,0,0,0
-1,3,259,0,0,0
-3,-5,265,0,0,0
6,-4,247,0,0,0
-5,1,251,0,0,0
-11,7,262,0,0,0
1,2,259,0,0,0
5,5,257,0,0,0
0,5,255,0,0,0
2,4,257,0,0,0
-7,-10,254,0,0,0
3,0,253,0,0,0
-4,5,255,0,0,0
0,1,251,0,0,0
-4,1,255,0,0,0
8,1,258,0,0,0
-2,-2,248,0,0,0
-7,4,263,0,0,0
-8,-4,262,0,0,0
-0,-11,264,0,0,0
-4,-17,255,0,0,0
-2,-4,259,0,0,0
-4,-4,261,0,0,0
5,-9,251,0,0,0
-2,-1,258,0,0,0
-6,-3,254,0,0,0
3,-6,252,0,0,0
1,-1,255,0,0,0
5,7,255,0,0,0
11,-2,253,0,0,0
3,1,260,0,0,0
1,10,260,0,0,0
-8,4,257,0,0,0
-1,-3,253,0,0,0
3,2,243,0,0,0
0,7,258,0,0,0
-4,7,254,0,0,0
3,-4,261,0,0,0
-14,4,258,0,0,0
0,-7,263,0,0,0
-3,0,259,0,0,0
-3,-1,259,0,0,0
-2,1,255,0,0,0
1,-2,253,0,0,0
15,-7,251,0,0,0
1,-0,255,0,0,0
2,6,251,0,0,0
5,-1,256,0,0,0
-3,7,250,0,0,0
-7,-5,258,0,0,0
0,3,251,0,0,0
-2,9,256,0,0,0
13,-0,258,0,0,0
-4,5,264,0,0,0
1,6,253,0,0,0
3,-4,250,0,0,0
-2,6,249,0,0,0
-7,6,261,0,0,0
8,-1,250,0,0,0
-3,5,258,0,0,0
3,0,258,0,0,0
2,-1,252,0,0,0
10,6,254,0,0,0
4,-3,270,0,0,0
3,-4,266,0,0,0
-3,-6,256,0,0,0
7,-7,264,0,0,0
-3,-1,257,0,0,0
4,-7,246,0,0,0
3,9,244,0,0,0
-1,-2,261,0,0,0
-2,3,260,0,0,0
-3,-2,249,0,0,0
-4,4,250,0,0,0
-1,-2,257,0,0,0
-1,-0,257,0,0,0
4,-8,256,0,0,0
-3,-6,257,0,0,0
3,3,258,0,0,0
-7,0,258,0,0,0
-2,-5,262,0,0,0
1,-4,258,0,0,0
-1,-1,258,0,0,0
-1,8,248,0,0,0
1,3,252,0,0,0
-1,0,260,0,0,0
-6,-8,251,0,0,0
1,-3,252,0,0,0
-7,-4,266,0,0,0
1,2,252,0,0,0
-1,-3,253,0,0,0
-1,6,260,0,0,0
-4,0,259,0,0,0
-1,0,254,0,0,0
3,-5,270,0,0,0
-3,5,261,0,0,0
1,0,257,0,0,0
0,-11,262,0,0,0
5,-1,255,0,0,0
-7,1,258,0,0,0
-0,-4,252,0,0,0
0,2,263,0,0,0
7,4,258,0,0,0
1,2,256,0,0,0
-2,0,251,0,0,0
7,-10,252,0,0,0
5,-0,254,0,0,0
6,7,253,0,0,0
-1,-4,250,0,0,0
2,5,260,0,0,0
-4,-4,249,0,0,0
-2,4,259,0,0,0
7,-5,259,0,0,0
10,6,254,0,0,0
-7,1,258,0,0,0
4,-4,258,0,0,0
1,-3,261,0,0,0
1,-2,255,0,0,0
0,-3,264,0,0,0
12,1,257,0,0,0
-4,-1,240,0,0,0
3,0,256,0,0,0
-9,-2,254,0,0,0
2,-4,258,0,0,0
-5,5,258,0,0,0
12,4,250,0,0,0
3,2,267,0,0,0
9,-1,259,0,0,0
-3,-0,262,0,0,0
-3,1,243,0,0,0
0,5,258,0,0,0
-3,-10,253,0,0,0
-5,4,257,0,0,0
-4,1,243,0,0,0
1,1,252,0,0,0
-11,-3,263,0,0,0
-5,3,247,0,0,0
9,-5,242,0,0,0
-2,-3,256,0,0,0
-4,2,250,0,0,0
10,-1,260,0,0,0
5,2,258,0,0,0
-5,0,253,0,0,0
-0,-0,251,0,0,0
-4,-3,249,0,0,0
-8,4,260,0,0,0
-3,8,266,0,0,0
1,-3,251,0,0,0
5,5,256,0,0,0
-2,3,254,0,0,0
1,-8,255,0,0,0
7,3,254,0,0,0
-3,-2,251,0,0,0
-0,4,260,0,0,0
-3,-0,258,0,0,0
-2,1,254,0,0,0
-2,1,251,0,0,0
-0,-1,262,0,0,0
-17,-4,257,0,0,0
6,-3,245,0,0,0
6,5,254,0,0,0
-5,0,258,0,0,0
-7,10,255,0,0,0
-3,0,251,0,0,0
1,1,254,0,0,0
-9,1,252,0,0,0
1,-6,262,0,0,0
6,2,252,0,0,0
-2,11,251,0,0,0
7,-8,250,0,0,0
-1,0,262,0,0,0
4,7,251,0,0,0
1,1,251,0,0,0
5,-5,257,0,0,0
-2,2,263,0,0,0
2,-0,262,0,0,0
2,-6,255,0,0,0
-2,-1,259,0,0,0
-7,7,253,0,0,0
9,-17,255,0,0,0
-1,4,254,0,0,0
-1,-5,251,0,0,0
-1,9,255,0,0,0
-6,0,253,0,0,0
3,10,248,0,0,0
3,3,255,0,0,0
-0,-5,256,0,0,0
-5,-3,258,0,0,0
-8,-0,257,0,0,0
1,-2,258,0,0,0
-9,-2,261,0,0,0
-3,1,246,0,0,0
5,-1,259,0,0,0
10,4,242,0,0,0
2,1,254,0,0,0
7,-1,245,0,0,0
-0,1,256,0,0,0
1,-5,250,0,0,0
2,-2,257,0,0,0
12,2,259,0,0,0
8,0,252,0,0,0
-2,-0,264,0,0,0
-5,-2,253,0,0,0
-11,2,265,0,0,0
0,0,254,0,0,0
13,8,261,0,0,0
-6,3,260,0,0,0
0,-3,256,0,0,0
-4,-3,254,0,0,0
-2,-2,255,0,0,0
0,1,255,0,0,0
-4,-5,257,0,0,0
7,-11,257,0,0,0
-1,-9,255,0,0,0
-2,3,254,0,0,0
-2,10,262,0,0,0
-5,4,259,0,0,0
-1,-6,266,0,0,0
-6,4,249,0,0,0
-0,-1,255,0,0,0
-3,1,255,0,0,0
4,0,254,0,0,0
1,-13,255,0,0,0
1,4,258,0,0,0
3,-6,254,0,0,0
-0,2,254,0,0,0
-7,6,259,0,0,0
3,2,257,0,0,0
1,-6,252,0,0,0
4,-7,261,0,0,0
1,-13,259,0,0,0
-3,-1,249,0,0,0
-10,-2,254,0,0,0
-7,5,250,0,0,0
-2,3,262,0,0,0
4,2,255,0,0,0
-1,7,259,0,0,0
-3,-2,263,0,0,0
2,3,256,0,0,0
-1,6,255,0,0,0
3,-2,249,0,0,0
3,3,254,0,0,0
9,-6,253,0,0,0
-5,3,252,0,0,0
12,2,255,0,0,0
4,-1,257,0,0,0
7,-0,251,0,0,0
10,-3,252,0,0,0
5,4,258,0,0,0
10,6,262,0,0,0
6,-5,251,0,0,0
4,2,254,0,0,0
-0,3,247,0,0,0
-9,-2,256,0,0,0
-0,-3,259,0,0,0
-6,-3,255,0,0,0
-3,-12,251,0,0,0
0,2,264,0,0,0
-0,-1,253,0,0,0
-3,7,258,0,0,0
-3,2,258,0,0,0
9,-1,249,0,0,0
4,-11,257,0,0,0
-3,2,259,0,0,0
2,-4,261,0,0,0
-2,6,257,0,0,0
-0,4,256,0,0,0
4,2,258,0,0,0
4,3,252,0,0,0
4,-13,256,0,0,0
12,-5,253,0,0,0
1,3,258,0,0,0
6,6,263,0,0,0
7,-2,255,0,0,0
-4,5,257,0,0,0
-1,-5,259,0,0,0
3,3,256,0,0,0
0,-9,256,0,0,0
-0,-1,253,0,0,0
-6,3,252,0,0,0
5,2,263,0,0,0
1,4,262,0,0,0
-5,6,262,0,0,0
0,-1,267,0,0,0
4,0,262,0,0,0
-4,4,267,0,0,0
4,2,256,0,0,0
4,-13,254,0,0,0
4,-2,250,0,0,0
-1,-6,258,0,0,0
-6,-2,253,0,0,0
1,-2,259,0,0,0
-9,-1,261,0,0,0
-6,-3,262,0,0,0
-1,-9,254,0,0,0
-3,-3,252,0,0,0
-3,11,253,0,0,0
-3,-1,251,0,0,0
6,2,262,0,0,0
-9,-9,257,0,0,0
-4,8,254,0,0,0
4,-0,256,0,0,0
-3,-2,244,0,0,0
-4,3,261,0,0,0
-3,-5,251,0,0,0
2,-4,252,0,0,0
-3,-1,254,0,0,0
9,-5,254,0,0,0
1,-4,260,0,0,0
4,-6,255,0,0,0
9,1,258,0,0,0
8,1,258,0,0,0
-4,8,248,0,0,0
-5,5,259,0,0,0
7,6,268,0,0,0
-0,0,258,0,0,0
4,2,254,0,0,0
-4,8,261,0,0,0
3,8,248,0,0,0
-3,-2,248,0,0,0
-4,-7,257,0,0,0
4,-1,244,0,0,0
-7,3,253,0,0,0
3,2,257,0,0,0
1,-3,258,0,0,0
3,7,265,0,0,0
-4,-4,248,0,0,0
-12,4,256,0,0,0
-2,4,258,0,0,0
19,-12,259,0,0,0
-6,-4,262,0,0,0
-3,3,253,0,0,0
7,5,259,0,0,0
0,-2,254,0,0,0
3,8,265,0,0,0
5,-4,255,0,0,0
-4,-7,257,0,0,0
-1,4,254,0,0,0
1,-6,257,0,0,0
0,5,248,0,0,0
8,-8,258,0,0,0
-3,1,258,0,0,0
-2,10,258,0,0,0
-3,-1,250,0,0,0
-3,5,251,0,0,0
-5,4,255,0,0,0
-12,3,255,0,0,0
-1,-3,262,0,0,0
9,13,270,0,0,0
4,-6,258,0,0,0
2,4,258,0,0,0
-6,-6,248,0,0,0
3,-8,256,0,0,0
-6,2,259,0,0,0
7,4,259,0,0,0
2,9,253,0,0,0
-2,7,250,0,0,0
-4,6,264,0,0,0
7,-5,250,0,0,0
-2,4,252,0,0,0
-0,-8,256,0,0,0
-11,-3,256,0,0,0
5,-0,253,0,0,0
5,12,255,0,0,0
-1,-2,261,0,0,0
2,3,257,0,0,0
7,-1,250,0,0,0
7,-1,250,0,0,0
2,-5,259,0,0,0
9,-7,255,0,0,0
-1,1,260,0,0,0
-1,0,266,0,0,0
-7,-1,244,0,0,0
-5,-8,252,0,0,0
4,-10,256,0,0,0
6,7,250,0,0,0
-4,3,263,0,0,0
0,7,261,0,0,0
2,-6,263,0,0,0
3,3,262,0,0,0
-1,2,258,0,0,0
1,7,270,0,0,0
-8,-6,253,0,0,0
0,2,261,0,0,0
-3,7,266,0,0,0
2,-8,254,0,0,0
3,-0,252,0,0,0
-0,7,258,0,0,0
4,0,254,0,0,0
6,7,252,0,0,0
-0,3,259,0,0,0
-0,-1,258,0,0,0
1,-3,256,0,0,0
-3,6,256,0,0,0
-0,-10,258,0,0,0
10,2,256,0,0,0
-4,4,258,0,0,0
-6,1,257,0,0,0
1,-3,257,0,0,0
5,2,260,0,0,0
12,-6,250,0,0,0
1,5,249,0,0,0
4,2,251,0,0,0
-2,-5,256,0,0,0
-3,2,254,0,0,0
-6,-7,258,0,0,0
3,2,260,0,0,0
-1,7,257,0,0,0
-1,-4,252,0,0,0
-6,1,258,0,0,0
-4,-8,250,0,0,0
1,4,256,0,0,0
2,-5,251,0,0,0
1,6,251,0,0,0
3,-1,256,0,0,0
1,-4,256,0,0,0
1,6,259,0,0,0
-1,0,251,0,0,0
-6,-0,249,0,0,0
-5,-1,248,0,0,0
-7,4,251,0,0,0
-2,2,251,0,0,0
-5,2,261,0,0,0
-7,2,255,0,0,0
3,-14,256,0,0,0
1,6,250,0,0,0
-11,6,260,0,0,0
-1,-9,254,0,0,0
9,2,261,0,0,0
3,1,255,0,0,0
-1,-2,266,0,0,0
6,2,257,0,0,0
1,7,254,0,0,0
2,0,249,0,0,0
1,6,255,0,0,0
-1,-14,255,0,0,0
-4,-5,254,0,0,0
-10,4,246,0,0,0
-2,-10,263,0,0,0
7,-5,259,0,0,0
0,-3,258,0,0,0
-1,-2,256,0,0,0
-6,4,263,0,0,0
-0,-2,252,0,0,0
-6,2,263,0,0,0
-4,4,259,0,0,0
6,3,245,0,0,0
-1,0,253,0,0,0
-5,0,256,0,0,0
6,7,266,0,0,0
4,2,250,0,0,0
1,-4,260,0,0,0
-5,-6,257,0,0,0
-5,-0,253,0,0,0
-6,5,258,0,0,0
2,-6,261,0,0,0
-2,-4,252,0,0,0
-10,5,259,0,0,0
-0,-7,253,0,0,0
6,10,255,0,0,0
-1,12,263,0,0,0
2,-2,257,0,0,0
-11,6,250,0,0,0
3,1,265,0,0,0
-7,-1,252,0,0,0
-3,5,262,0,0,0
8,-3,258,0,0,0
-5,6,253,0,0,0
12,-0,256,0,0,0
-1,-3,261,0,0,0
0,6,254,0,0,0
-8,5,260,0,0,0
-5,3,258,0,0,0
-5,-2,259,0,0,0
-3,2,254,0,0,0
1,4,248,0,0,0
2,-6,258,0,0,0
-0,-1,254,0,0,0
-3,-1,262,0,0,0
-9,-2,253,0,0,0
-5,1,256,0,0,0
-1,3,251,0,0,0
4,14,247,0,0,0
-6,-3,258,0,0,0
4,10,264,0,0,0
-2,5,262,0,0,0
4,-4,257,0,0,0
0,-3,266,0,0,0
-2,-3,249,0,0,0
-4,7,250,0,0,0
-9,-1,254,0,0,0
-6,-0,256,0,0,0
-8,-7,254,0,0,0
-1,1,259,0,0,0
2,3,261,0,0,0
4,6,263,0,0,0
2,9,251,0,0,0
-2,-2,260,0,0,0
-10,0,253,0,0,0
-9,4,252,0,0,0
2,-0,263,0,0,0
2,-1,254,0,0,0
6,9,251,0,0,0
3,11,266,0,0,0
-1,3,253,0,0,0
1,6,267,0,0,0
-3,11,255,0,0,0
1,1,265,0,0,0
-7,-8,254,0,0,0
-0,-3,253,0,0,0
-5,-3,259,0,0,0
4,-4,253,0,0,0
-1,-4,258,0,0,0
-5,2,268,0,0,0
12,2,260,0,0,0
-1,-7,265,0,0,0
12,1,255,0,0,0
2,0,259,0,0,0
6,-7,249,0,0,0
3,-3,259,0,0,0
-5,-2,249,0,0,0
-7,-4,251,0,0,0
1,4,257,0,0,0
5,-2,253,0,0,0
11,7,258,0,0,0
-3,4,248,0,0,0
-9,-5,260,0,0,0
1,-6,257,0,0,0
5,6,257,0,0,0
6,-4,253,0,0,0
2,1,256,0,0,0
-2,-6,260,0,0,0
4,5,255,0,0,0
7,3,257,0,0,0
2,-5,258,0,0,0
3,5,255,0,0,0
-6,3,255,0,0,0
4,1,254,0,0,0
-6,11,264,0,0,0
-1,-6,263,0,0,0
-9,2,262,0,0,0
-11,-3,251,0,0,0
8,9,248,0,0,0
7,-1,251,0,0,0
3,5,255,0,0,0
-7,-2,259,0,0,0
2,-5,250,0,0,0
8,-5,261,0,0,0
-12,-11,251,0,0,0
1,3,263,0,0,0
3,-6,256,0,0,0
2,-4,252,0,0,0
-4,-9,255,0,0,0
7,-1,254,0,0,0
-7,1,256,0,0,0
3,1,255,0,0,0
0,-4,261,0,0,0
-0,1,255,0,0,0
6,9,261,0,0,0
5,3,252,0,0,0
-5,-4,256,0,0,0
6,3,253,0,0,0
-5,-11,263,0,0,0
6,-3,258,0,0,0
9,6,263,0,0,0
3,9,259,0,0,0
2,4,271,0,0,0
-5,9,258,0,0,0
-10,8,259,0,0,0
2,2,253,0,0,0
-1,-9,256,0,0,0
-2,2,253,0,0,0
-0,5,252,0,0,0
4,3,257,0,0,0
12,-5,256,0,0,0
0,-4,254,0,0,0
10,2,263,0,0,0
-5,4,256,0,0,0
2,-1,249,0,0,0
1,-9,262,0,0,0
5,-6,259,0,0,0
3,12,254,0,0,0
8,0,256,0,0,0
-5,7,259,0,0,0
1,8,252,0,0,0
8,2,249,0,0,0
-0,5,253,0,0,0
0,-1,255,0,0,0
1,2,252,0,0,0
1,-0,252,0,0,0
-5,-8,256,0,0,0
2,-6,257,0,0,0
2,-6,251,0,0,0
-0,-3,250,0,0,0
4,-2,267,0,0,0
-1,-1,256,0,0,0
4,-7,258,0,0,0
9,-4,253,0,0,0
-1,-0,254,0,0,0
7,-0,256,0,0,0
-0,7,258,0,0,0
3,9,249,0,0,0
3,-15,259,0,0,0
3,-8,248,0,0,0
1,1,256,0,0,0
9,3,260,0,0,0
-0,-4,256,0,0,0
13,-4,262,0,0,0
7,9,262,0,0,0
11,-3,250,0,0,0
-8,-3,268,0,0,0
-5,6,250,0,0,0
8,-1,253,0,0,0
-3,6,253,0,0,0
-1,0,264,0,0,0
-1,-5,255,0,0,0
-9,3,254,0,0,0
-1,-10,261,0,0,0
5,-2,251,0,0,0
-0,-4,262,0,0,0
5,6,251,0,0,0
-3,-3,261,0,0,0
5,-7,249,0,0,0
3,-0,262,0,0,0
2,1,259,0,0,0
1,3,263,0,0,0
3,7,250,0,0,0
11,3,258,0,0,0
7,-2,259,0,0,0
-11,2,259,0,0,0
1,-4,249,0,0,0
-1,-3,250,0,0,0
5,-7,259,0,0,0
-5,9,257,0,0,0
7,2,264,0,0,0
-9,-1,263,0,0,0
1,3,252,0,0,0
2,-6,259,0,0,0
11,2,258,0,0,0
8,-10,254,0,0,0
-1,-3,254,0,0,0
5,-6,257,0,0,0
1,2,254,0,0,0
-5,2,255,0,0,0
-7,-8,257,0,0,0
-3,1,257,0,0,0
1,0,252,0,0,0
3,-6,262,0,0,0
6,-8,258,0,0,0
3,4,261,0,0,0
-3,5,258,0,0,0
-0,4,253,0,0,0
2,-3,250,0,0,0
-5,1,254,0,0,0
-7,5,267,0,0,0
-5,2,256,0,0,0
-2,-7,251,0,0,0
-0,-8,257,0,0,0
-4,9,262,0,0,0
2,1,260,0,0,0
-1,-3,257,0,0,0
1,-3,258,0,0,0
9,1,249,0,0,0
5,-2,258,0,0,0
3,1,262,0,0,0
-5,7,253,0,0,0
-1,-7,253,0,0,0
3,1,254,0,0,0
5,-0,265,0,0,0
-2,3,249,0,0,0
-2,4,248,0,0,0
13,2,253,0,0,0
7,-3,258,0,0,0
4,4,255,0,0,0
0,0,252,0,0,0
3,-2,253,0,0,0
-4,-4,246,0,0,0
1,6,255,0,0,0
-8,-6,264,0,0,0
0,-6,244,0,0,0
0,5,255,0,0,0
-1,6,252,0,0,0
-10,-6,256,0,0,0
-11,-8,266,0,0,0
1,1,261,0,0,0
-0,-1,259,0,0,0
-7,-1,249,0,0,0
3,2,260,0,0,0
-6,-7,259,0,0,0
-2,2,249,0,0,0
-4,6,247,0,0,0
2,-5,254,0,0,0
-7,3,256,0,0,0
-2,-6,250,0,0,0
11,4,261,0,0,0
1,-2,251,0,0,0
5,-3,263,0,0,0
2,0,254,0,0,0
-2,-4,261,0,0,0
-1,7,250,0,0,0
-2,6,262,0,0,0
-1,-2,252,0,0,0
2,0,263,0,0,0
-8,0,255,0,0,0
-5,5,268,0,0,0
-5,2,249,0,0,0
-1,-3,259,0,0,0
5,2,248,0,0,0
-5,-0,251,0,0,0
-3,-6,256,0,0,0
-3,4,258,0,0,0
-0,-6,260,0,0,0
1,-7,258,0,0,0
4,-3,264,0,0,0
6,4,259,0,0,0
5,-4,254,0,0,0
-4,-2,256,0,0,0
8,1,250,0,0,0
7,0,255,0,0,0
-2,-2,261,0,0,0
-6,9,260,0,0,0
-2,-3,253,0,0,0
6,1,262,0,0,0
4,1,259,0,0,0
-8,-3,261,0,0,0
-4,2,256,0,0,0
10,-6,256,0,0,0
-5,-7,258,0,0,0
-16,17,250,0,0,0
-8,2,260,0,0,0
4,1,252,0,0,0
4,-2,260,0,0,0
4,-5,252,0,0,0
1,-1,256,0,0,0
-1,-10,246,0,0,0
-2,1,258,0,0,0
6,3,256,0,0,0
-3,-10,262,0,0,0
-2,3,250,0,0,0
6,-4,249,0,0,0
-0,6,258,0,0,0
-9,-2,253,0,0,0
5,-0,258,0,0,0
1,-3,258,0,0,0
1,4,253,0,0,0
6,13,256,0,0,0
-11,0,262,0,0,0
6,2,249,0,0,0
4,0,249,0,0,0
-3,-13,257,0,0,0
-9,-5,262,0,0,0
-1,8,249,0,0,0
-2,-0,257,0,0,0
3,-2,254,0,0,0
-10,5,259,0,0,0
-1,-9,247,0,0,0
-1,-7,250,0,0,0
11,-0,253,0,0,0
5,3,253,0,0,0
-4,-1,259,0,0,0
2,-1,255,0,0,0
-1,-3,258,0,0,0
-2,-5,261,0,0,0
-4,4,254,0,0,0
-1,-7,257,0,0,0
-1,3,258,0,0,0
1,1,258,0,0,0
8,-6,254,0,0,0
5,1,248,0,0,0
2,-6,255,0,0,0
-4,-3,256,0,0,0
-2,5,258,0,0,0
0,6,252,0,0,0
-1,1,257,0,0,0
-3,0,255,0,0,0
-0,0,269,0,0,0
2,1,261,0,0,0
-3,-4,251,0,0,0
-2,-6,256,0,0,0
3,-2,253,0,0,0
-5,-5,259,0,0,0
3,1,251,0,0,0
-2,-2,258,0,0,0
-5,3,254,0,0,0
5,-7,259,0,0,0
-7,-2,251,0,0,0
-1,6,260,0,0,0
-3,1,254,0,0,0
4,9,257,0,0,0
-3,0,252,0,0,0
-4,-1,255,0,0,0
2,4,254,0,0,0
-4,-8,260,0,0,0
-5,8,260,0,0,0
-3,13,254,0,0,0
2,-3,250,0,0,0
8,-7,246,0,0,0
-4,2,251,0,0,0
1,3,254,0,0,0
5,4,266,0,0,0
4,-6,257,0,0,0
8,7,259,0,0,0
-2,1,257,0,0,0
-2,-1,256,0,0,0
1,2,257,0,0,0
-8,-3,261,0,0,0
-4,-7,250,0,0,0
3,-6,252,0,0,0
-4,-2,258,0,0,0
5,-1,252,0,0,0
-3,8,266,0,0,0
-13,1,255,0,0,0
5,1,254,0,0,0
-3,1,261,0,0,0
6,10,255,0,0,0
5,-6,261,0,0,0
8,5,251,0,0,0
5,-0,256,0,0,0
3,-0,258,0,0,0
-6,2,252,0,0,0
-5,3,256,0,0,0
8,5,258,0,0,0
-5,5,255,0,0,0
7,-5,250,0,0,0
-4,-1,253,0,0,0
-10,2,250,0,0,0
1,3,261,0,0,0
3,-2,259,0,0,0
-3,5,264,0,0,0
-8,2,262,0,0,0
-2,9,263,0,0,0
6,4,266,0,0,0
0,-5,265,0,0,0
1,-7,253,0,0,0
-1,6,251,0,0,0
-5,2,262,0,0,0
-8,-5,256,0,0,0
1,8,258,0,0,0
-0,1,253,0,0,0
0,-5,256,0,0,0
6,-0,262,0,0,0
4,-6,259,0,0,0
-3,-6,258,0,0,0
-7,-4,251,0,0,0
7,-4,250,0,0,0
2,7,244,0,0,0
0,10,251,0,0,0
-7,0,250,0,0,0
-3,3,255,0,0,0
4,5,253,0,0,0
11,-10,254,0,0,0
-5,4,245,0,0,0
7,-5,261,0,0,0
-0,8,260,0,0,0
7,2,258,0,0,0
6,-1,254,0,0,0
-5,-6,257,0,0,0
-1,3,254,0,0,0
-4,-6,256,0,0,0
10,9,250,0,0,0
-3,-2,249,0,0,0
2,2,244,0,0,0
-0,-4,254,0,0,0
3,-2,241,0,0,0
-3,-5,260,0,0,0
-5,5,257,0,0,0
4,5,257,0,0,0
-10,-4,248,0,0,0
-15,3,255,0,0,0
-1,1,254,0,0,0
-7,7,264,0,0,0
9,1,260,0,0,0
0,-4,252,0,0,0
-5,8,250,0,0,0
-3,-2,262,0,0,0
-4,4,253,0,0,0
5,-5,262,0,0,0
6,-2,254,0,0,0
-2,-2,251,0,0,0
-2,1,256,0,0,0
6,0,262,0,0,0
7,-6,264,0,0,0
-3,6,245,0,0,0
1,6,251,0,0,0
2,-8,252,0,0,0
8,-10,260,0,0,0
-5,3,253,0,0,0
9,1,252,0,0,0
-5,-2,256,0,0,0
-4,-8,260,0,0,0
0,-2,259,0,0,0
2,7,255,0,0,0
-1,3,261,0,0,0
-6,13,257,0,0,0
-0,11,265,0,0,0
-0,-1,252,0,0,0
6,-3,250,0,0,0
2,5,259,0,0,0
9,7,254,0,0,0
3,-7,255,0,0,0
-2,2,254,0,0,0
1,2,247,0,0,0
-5,-10,257,0,0,0
0,-4,257,0,0,0
1,-2,258,0,0,0
6,-0,253,0,0,0
1,0,261,0,0,0
-8,6,255,0,0,0
5,-3,249,0,0,0
-2,4,250,0,0,0
5,-5,252,0,0,0
4,11,259,0,0,0
-4,5,252,0,0,0
3,-3,258,0,0,0
-3,-4,256,0,0,0
3,-5,248,0,0,0
-4,-5,255,0,0,0
7,-3,262,0,0,0
-11,6,258,0,0,0
-6,-3,262,0,0,0
2,1,262,0,0,0
6,-1,261,0,0,0
-0,-6,244,0,0,0
-5,-0,255,0,0,0
-2,5,259,0,0,0
4,1,250,0,0,0
2,4,249,0,0,0
-3,-5,269,0,0,0
-3,-8,263,0,0,0
-5,-5,262,0,0,0
-0,-1,256,0,0,0
-4,-2,250,0,0,0
2,4,248,0,0,0
-8,7,254,0,0,0
1,10,257,0,0,0
2,11,256,0,0,0
9,4,254,0,0,0
5,7,255,0,0,0
9,-11,263,0,0,0
6,4,254,0,0,0
1,-1,259,0,0,0
-2,3,257,0,0,0
-5,7,262,0,0,0
0,2,257,0,0,0
-1,7,257,0,0,0
-4,-4,251,0,0,0
-8,3,269,0,0,0
-2,3,265,0,0,0
3,-3,249,0,0,0
2,-6,260,0,0,0
3,-11,258,0,0,0
-6,1,263,0,0,0
-1,-4,262,0,0,0
6,2,259,0,0,0
-1,1,254,0,0,0
6,6,249,0,0,0
2,3,256,0,0,0
-11,1,266,0,0,0
-1,-7,247,0,0,0
-3,2,261,0,0,0
4,0,256,0,0,0
5,1,256,0,0,0
9,1,270,0,0,0
6,-8,264,0,0,0
0,2,251,0,0,0
-3,3,248,0,0,0
1,8,262,0,0,0
1,-1,255,0,0,0
-3,3,254,0,0,0
6,1,259,0,0,0
3,-6,248,0,0,0
3,-2,258,0,0,0
7,3,254,0,0,0
-1,4,252,0,0,0
7,3,255,0,0,0
-7,-6,262,0,0,0
3,-2,264,0,0,0
5,7,254,0,0,0
3,-1,262,0,0,0
4,-4,259,0,0,0
-11,-6,250,0,0,0
-7,-8,249,0,0,0
-0,-0,248,0,0,0
-2,-7,255,0,0,0
-1,-1,260,0,0,0
-2,0,254,0,0,0
-4,-6,258,0,0,0
-1,2,259,0,0,0
-2,-2,258,0,0,0
-1,4,260,0,0,0
8,4,258,0,0,0
-6,8,259,0,0,0
-1,-4,251,0,0,0
4,1,258,0,0,0
-9,-1,267,0,0,0
-5,-3,253,0,0,0
15,-6,265,0,0,0
3,6,265,0,0,0
-4,-7,258,0,0,0
-7,8,260,0,0,0
3,-0,256,0,0,0
4,-2,250,0,0,0
-10,1,252,0,0,0
-7,-2,253,0,0,0
-0,2,250,0,0,0
