7,-255,-7,-14,-11,2
35,-206,44,50,38,20
20,-223,3,-20,-7,-25
-34,-282,-38,-16,-5,10
-38,-310,-44,-3,-8,-32
30,-241,11,-12,16,-19
42,-195,42,12,-37,-17
4,-262,5,45,51,-13
-52,-318,-27,-27,-13,3
-28,-281,-19,5,45,-27
38,-228,49,-17,10,30
46,-202,25,23,-26,-20
-3,-278,-26,2,-15,20
-29,-304,-58,18,-8,-30
-11,-265,7,-1,11,1
46,-218,58,-33,7,-16
30,-233,33,-15,3,16
-57,-290,-30,-5,-1,-3
-20,-314,-29,10,-5,-1
33,-252,19,-2,30,8
53,-210,38,-12,-5,9
5,-238,-28,-0,-2,16
-51,-307,-35,-9,19,9
-26,-299,-44,16,1,23
17,-235,4,-24,-24,-47
51,-207,44,-21,-38,-17
-17,-275,-7,-26,-7,21
-40,-296,-38,2,34,-7
2,-261,1,-25,7,19
43,-195,55,23,22,-10
19,-222,24,9,27,17
-16,-278,-32,-35,34,35
-43,-293,-44,-4,19,-17
28,-246,28,-26,28,-6
42,-204,72,-20,7,-5
8,-250,5,-28,-4,-22
-51,-288,-41,0,26,-12
-25,-277,-27,-8,29,-29
37,-224,26,5,-8,20
44,-213,34,5,-16,14
-15,-282,-35,-17,25,28
-68,-308,-45,24,17,5
-5,-256,-22,-2,7,42
49,-216,39,-22,-5,5
32,-217,35,-22,-11,1
-28,-291,-19,-10,-15,7
-60,-315,-56,10,-27,-5
10,-231,7,-19,-15,19
65,-195,51,31,-10,-33
8,-242,20,9,-39,-17
-34,-299,-52,-26,-29,35
-41,-279,-24,14,-14,8
25,-227,19,-30,-15,-17
36,-212,34,5,21,-20
1,-275,-7,36,-8,-1
-43,-315,-64,-17,1,-15
-5,-269,-10,9,17,-4
57,-213,58,0,-8,-8
44,-210,23,18,-1,8
-17,-284,-14,10,29,-9
-42,-303,-50,-40,12,-18
-11,-258,11,24,8,-46
53,-189,52,21,-5,-10
19,-240,18,-16,-32,-10
-43,-322,-51,10,7,5
-33,-298,-51,-3,3,38
3,-224,10,11,-19,16
46,-206,48,-6,9,-26
-20,-262,-7,-17,-8,9
-36,-295,-53,5,38,-9
-25,-269,-8,-18,-34,21
47,-218,42,15,-10,-5
40,-212,41,9,12,2
-26,-273,-7,35,-3,-7
-43,-289,-40,3,-2,10
4,-259,12,10,-5,-6
58,-199,46,-24,-18,-46
20,-224,34,4,18,12
-33,-301,-27,-12,8,4
-41,-301,-46,-8,-26,-2
20,-229,27,10,-6,14
44,-213,30,-20,21,-12
5,-248,-1,9,8,10
-46,-294,-41,-17,4,-29
-10,-278,-5,-19,14,-4
52,-217,31,-20,-64,26
46,-223,41,-1,-38,-22
-18,-287,-17,-1,15,12
-65,-297,-52,31,-30,-11
3,-261,-18,0,-2,18
70,-206,47,18,-5,1
34,-228,35,25,33,-26
-42,-294,-48,-21,-9,14
-29,-291,-54,-22,11,12
24,-238,15,-38,-8,-4
54,-196,72,35,-25,-24
4,-254,20,4,-35,30
-59,-293,-59,21,26,-4
-34,-279,-29,-31,-24,-25
41,-236,18,2,-3,8
33,-217,35,42,-13,-22
-22,-273,-19,38,-10,40
-31,-312,-49,10,20,-42
-9,-247,-11,9,12,-18
43,-204,42,4,29,43
43,-237,15,4,-3,-8
-21,-289,-41,12,12,7
-61,-303,-53,0,31,19
-4,-240,-4,5,-23,24
31,-208,54,-41,-50,1
-11,-247,11,21,-30,52
-61,-319,-55,-45,1,28
-41,-285,-33,-24,-16,16
38,-206,30,23,46,5
45,-206,29,-35,5,28
3,-277,-14,-20,-1,25
-26,-310,-53,6,-20,-31
-31,-278,-17,4,11,-10
55,-212,41,25,24,10
23,-237,32,-20,-17,-10
-28,-292,-38,16,-18,-40
-43,-304,-40,-11,30,-6
27,-251,18,-2,-9,0
63,-214,55,-15,6,-8
18,-239,11,-52,24,-5
-28,-292,-34,-3,-13,24
-35,-295,-39,-8,12,14
39,-239,45,-2,-3,-7
42,-202,55,8,6,-28
-10,-266,-4,-3,-14,47
-40,-293,-57,33,3,-16
-7,-274,-25,11,15,-11
31,-195,31,-26,-24,-8
19,-225,27,-24,-43,21
-30,-270,-25,-10,5,22
-52,-310,-42,13,9,1
11,-249,3,-1,-6,19
38,-216,53,34,-26,2
15,-236,16,15,5,5
-46,-300,-48,9,-48,4
-26,-296,-32,14,19,-32
31,-224,30,26,-1,26
45,-200,54,-8,12,-17
-2,-271,-25,29,-20,0
-56,-293,-43,8,34,4
-24,-255,-30,-6,-4,9
30,-224,39,0,-4,2
45,-217,42,17,-21,-11
-21,-290,-40,10,-9,-4
-48,-297,-56,1,-2,-30
8,-251,9,-21,41,-7
57,-206,37,-10,11,32
21,-248,20,8,6,12
-39,-298,-42,23,37,22
-43,-296,-39,14,13,-12
23,-231,26,5,-16,8
48,-196,46,25,-3,13
17,-252,13,15,-3,-13
-31,-289,-50,1,8,-9
-13,-264,-9,21,10,-15
48,-202,43,-14,17,15
42,-230,46,-24,13,-6
-5,-267,-18,-13,23,40
-44,-320,-48,-14,17,10
4,-253,4,-24,22,-8
42,-196,40,1,32,9
34,-215,35,-30,22,17
-50,-296,-43,11,7,14
-33,-288,-19,4,-13,-7
21,-245,1,10,-27,-0
56,-220,37,2,23,10
4,-243,3,-7,-41,36
-55,-301,-68,24,10,15
-31,-286,-15,-13,-6,4
52,-217,30,-17,8,22
66,-206,45,1,-27,15
-19,-279,-23,-14,-12,-15
-62,-321,-49,-29,6,22
-6,-257,-30,42,9,-0
37,-213,29,-22,25,-6
29,-227,34,42,21,8
-31,-295,-46,14,-4,-21
-36,-298,-48,11,-32,-8
14,-260,24,-9,16,21
64,-203,53,-27,-1,4
-0,-250,0,-9,20,-13
-34,-298,-58,21,-3,-1
-32,-295,-39,-2,-51,28
27,-215,13,29,-7,18
51,-202,21,-57,21,-9
1,-271,-16,57,0,5
-54,-295,-51,39,12,10
-7,-276,-3,-38,1,15
47,-204,38,17,39,20
39,-235,34,4,22,-14
-32,-292,-34,-2,-31,21
-57,-288,-50,11,26,-13
9,-248,19,-25,12,19
39,-210,55,18,-49,-4
12,-262,43,-1,-4,-22
-42,-308,-41,-3,17,-35
-33,-306,-21,-8,63,-4
30,-214,20,8,-8,38
60,-202,53,12,20,-4
3,-279,3,4,2,-17
-50,-334,-55,-10,12,-8
-16,-261,-16,12,1,17
53,-224,28,-21,-26,-9
47,-239,33,32,10,10
-45,-278,-24,20,-16,-7
-57,-299,-25,4,2,19
2,-250,-18,44,-16,11
59,-217,51,11,-6,-23
18,-241,-0,-14,16,11
-45,-292,-45,16,13,-2
-37,-292,-42,1,-18,-16
40,-234,16,42,5,24
49,-203,45,13,39,8
-5,-287,-6,-28,9,3
-57,-304,-66,14,-34,-29
-25,-280,-9,-19,41,-1
44,-221,39,34,-15,1
37,-220,24,32,-1,-11
-32,-284,-37,24,-11,-33
-49,-307,-44,5,-26,8
8,-230,-8,-1,14,22
59,-194,45,-15,-15,2
21,-246,14,-41,39,14
-28,-319,-43,23,-23,-2
-30,-277,-57,0,1,-0
17,-229,30,39,-22,9
58,-204,32,-5,-19,7
5,-259,-12,-33,2,-18
-57,-302,-45,-18,26,-11
-27,-286,-12,-6,5,3
40,-213,12,21,-6,49
41,-214,50,-14,-8,-5
-28,-278,-29,2,5,40
-70,-314,-57,-4,12,-7
9,-244,-9,-2,-27,1
54,-192,49,14,6,-5
34,-239,33,12,20,-19
-45,-304,-41,-14,-20,23
-32,-291,-36,-34,21,8
8,-244,35,-11,-7,35
39,-176,37,-28,11,2
-21,-259,-1,37,-8,6
-49,-320,-40,-2,-31,-8
-32,-285,-9,-5,29,-6
36,-209,44,-32,-22,16
38,-199,53,42,35,-40
-13,-264,-8,-5,-11,28
-65,-310,-54,-0,8,10
-2,-265,-5,17,42,-9
57,-215,47,32,-3,7
17,-223,16,19,8,1
-13,-286,-39,-19,-10,15
-38,-291,-37,15,-13,-1
14,-236,-4,-11,5,-16
62,-203,33,39,26,-9
9,-228,-5,9,5,37
-24,-285,-45,-23,-28,-6
-16,-281,-47,0,-46,8
30,-243,53,19,-21,18
59,-197,39,-32,-15,9
4,-256,-15,19,39,17
-41,-315,-34,6,-5,0
-7,-269,-19,-7,-11,9
44,-201,55,16,-15,-14
38,-226,25,-7,-23,9
-27,-294,-47,-8,-4,29
-36,-297,-43,36,-10,3
-2,-236,2,-29,24,-31
45,-222,55,39,10,3
6,-234,12,-15,-5,25
-27,-294,-41,-25,-9,-24
-37,-302,-35,-33,-14,-13
49,-223,41,-54,0,4
36,-211,29,-10,26,-31
-20,-262,-19,-10,-4,31
-42,-323,-40,-50,-51,-14
-8,-248,-27,-6,11,8
43,-230,49,9,-26,-35
17,-204,31,35,6,16
-30,-273,-17,-28,6,-38
-41,-297,-38,-17,-10,-37
18,-249,18,-5,2,34
58,-204,51,11,-1,-13
21,-236,22,-6,23,34
-32,-311,-34,13,-11,-20
-35,-271,-49,-20,-4,5
20,-240,36,9,14,10
51,-208,57,1,6,-15
-8,-263,-9,-13,31,29
-64,-327,-50,44,10,29
-22,-267,-21,-10,-1,18
51,-215,33,9,-22,50
37,-212,28,-1,-19,9
-28,-274,-30,8,-8,28
-33,-291,-54,3,-22,-12
9,-243,12,16,2,10
41,-227,36,14,-19,-3
11,-246,10,-7,3,4
-56,-302,-44,42,-30,-27
-42,-289,-34,9,17,3
18,-238,32,-17,-19,-33
34,-189,47,16,3,-7
4,-254,-8,1,25,-7
-59,-303,-46,-17,3,1
-13,-277,-5,-15,-37,13
34,-219,42,-2,26,20
25,-222,41,16,19,13
-7,-275,-16,-44,13,-26
-65,-306,-37,-11,-11,-27
4,-250,18,17,29,48
55,-195,46,-16,11,-2
30,-223,23,-17,13,-22
-30,-275,-41,8,43,-3
-37,-295,-48,14,21,37
8,-241,16,13,-34,-35
49,-216,53,21,-9,15
-7,-266,8,1,-14,-5
-46,-312,-40,30,9,27
-33,-272,-26,5,-3,-13
47,-205,34,-13,-17,26
32,-218,29,-23,-11,23
-12,-288,-10,-15,-5,3
-64,-291,-72,-40,-31,-15
12,-269,3,-4,-14,0
34,-199,38,-7,16,-5
18,-221,34,-33,3,30
-43,-298,-35,13,18,-7
-65,-310,-37,2,7,-3
11,-250,27,-2,-15,-24
63,-215,90,19,25,7
9,-262,12,7,32,-9
-41,-313,-43,18,24,30
-42,-278,-19,-5,-10,-9
47,-217,30,7,-6,45
30,-218,47,28,-12,4
-7,-261,-10,14,-11,-14
-47,-317,-57,-29,-16,-19
-3,-266,-7,9,23,-7
55,-214,42,-29,-9,-31
27,-203,34,-20,21,-3
-37,-273,-35,25,-32,-27
-43,-303,-40,14,21,-9
16,-226,-4,2,-22,4
52,-214,36,-9,16,13
10,-254,9,1,28,-6
-54,-306,-57,-7,-49,-4
-28,-277,-23,38,0,-39
29,-245,22,1,10,-18
43,-208,62,27,18,11
-35,-276,-28,6,6,7
-44,-310,-55,-58,16,10
-26,-262,-22,4,-30,7
36,-206,59,3,20,-11
31,-222,40,-5,-7,8
-33,-284,-13,-37,-21,17
-44,-294,-27,-3,30,32
-11,-265,20,-50,9,36
45,-207,41,9,25,14
9,-233,23,-15,23,34
-47,-308,-54,-4,-1,8
-30,-290,-33,-22,12,-40
18,-235,27,4,-4,1
37,-220,40,-25,17,-11
3,-256,-11,-10,15,15
-56,-314,-54,-29,1,7
-22,-268,-2,-19,3,22
40,-209,45,36,18,-43
34,-226,25,-46,8,-35
-9,-300,-38,-5,13,33
-55,-300,-45,-32,-11,7
26,-260,-5,-13,-21,9
69,-198,49,6,-33,-36
32,-220,14,-5,-3,-23
-44,-296,-51,-17,45,15
-30,-287,-38,12,-41,19
17,-235,18,4,14,-11
44,-208,53,-3,56,11
7,-260,2,-19,44,13
-62,-301,-51,48,-12,-28
0,-278,-6,-2,-6,24
48,-196,35,-7,-27,-12
56,-213,43,25,17,-51
-22,-282,-22,-13,-25,4
-38,-327,-42,10,-24,3
5,-255,-21,-25,-7,-6
31,-220,36,-0,-3,-8
26,-234,31,2,-13,-19
-38,-283,-56,-1,-4,23
-41,-282,-42,48,3,-32
34,-238,11,-14,-21,22
33,-206,57,22,-27,-1
-0,-258,-11,2,4,-8
-41,-318,-55,-35,30,31
-36,-273,-10,-17,8,-12
30,-215,43,-3,2,38
46,-229,27,1,-11,26
-23,-269,-20,-9,-11,13
-44,-324,-46,13,18,-33
-19,-274,-3,13,10,-17
58,-216,58,-17,9,-8
18,-230,46,-16,34,17
-40,-294,-35,25,23,-7
-31,-303,-30,28,12,-2
22,-244,20,21,4,1
54,-205,39,-18,-23,0
12,-254,13,-17,-17,10
-37,-281,-27,-11,-9,5
-10,-280,-9,5,19,-26
30,-228,26,35,25,17
36,-187,68,3,-3,-43
-7,-265,-9,7,0,3
-55,-304,-49,7,4,-1
-18,-254,-9,-28,-40,-16
44,-204,54,-18,3,14
27,-224,35,24,-34,29
-51,-289,-38,14,-15,7
-47,-291,-52,31,-10,5
23,-240,17,17,24,-4
42,-206,55,11,11,-32
3,-243,1,-38,19,-23
-50,-303,-45,15,5,6
-11,-285,-20,10,-14,-10
31,-222,18,-27,-4,-17
49,-196,34,-1,-10,13
-16,-261,7,6,-7,-12
-43,-308,-39,29,6,15
8,-261,-7,12,-7,25
52,-208,44,17,-14,-40
30,-212,36,10,-13,-27
-45,-292,-46,10,-7,51
-54,-289,-23,9,5,-6
20,-238,6,19,-33,-7
51,-196,39,-7,-17,10
28,-258,5,-27,3,-1
-58,-291,-44,-16,19,-11
-29,-281,-10,0,-14,-2
48,-231,35,-31,8,-14
50,-211,34,-32,19,28
-16,-257,-14,4,34,-14
-59,-320,-36,3,-21,22
-25,-255,-10,24,27,23
51,-236,32,-18,-20,5
18,-217,36,-15,29,3
-34,-294,-14,-20,30,31
-55,-302,-61,25,29,-10
20,-240,9,13,23,-36
59,-196,37,-6,-4,10
27,-223,20,13,12,21
-49,-284,-35,-8,13,-0
-32,-297,-28,12,10,-12
18,-246,31,15,42,-2
38,-217,67,6,1,-42
-1,-255,5,-3,-13,-1
-46,-313,-49,-16,-28,4
-28,-277,-22,1,13,9
35,-213,49,-21,4,-29
34,-245,36,-27,13,-25
-9,-266,-16,41,5,14
-57,-304,-46,13,-4,52
11,-268,19,-30,-6,9
50,-209,26,-14,-21,-26
26,-242,22,5,10,26
-48,-317,-31,3,17,58
-36,-278,-49,3,-14,3
7,-232,5,9,-8,20
47,-217,33,11,14,-33
-2,-262,9,26,4,23
-61,-304,-46,-26,-16,-12
-13,-284,-23,-38,-3,-13
29,-234,43,7,7,5
41,-217,16,7,-0,19
-47,-275,-20,14,-28,-9
-22,-301,-52,5,11,21
-14,-251,4,3,-3,-4
39,-209,63,12,4,-22
15,-236,26,-27,21,-19
-22,-290,-38,3,19,20
-60,-286,-39,-18,-3,-3
14,-235,23,-24,28,8
58,-201,62,-33,9,-6
6,-242,2,-35,4,-14
-35,-299,-67,-12,-32,-35
-17,-267,-21,-11,33,-5
22,-225,34,17,-31,-10
47,-205,27,12,18,-3
-28,-268,-30,20,28,46
-52,-296,-52,10,-10,1
8,-257,-12,-10,-7,30
32,-206,38,-6,5,29
5,-226,22,18,2,-6
-25,-288,-18,12,-13,-21
-44,-295,-53,10,18,13
29,-244,5,3,2,9
54,-187,58,-3,-16,-32
6,-269,-2,-21,-31,14
-34,-284,-60,6,-45,-3
-27,-280,-25,-38,3,-15
45,-220,43,-5,-20,14
32,-220,68,-3,25,4
-22,-277,-26,17,-29,14
-52,-304,-46,14,55,15
-11,-269,-17,-7,16,-3
50,-208,48,20,-7,-16
18,-227,18,-33,4,10
-46,-289,-26,10,-14,27
-35,-305,-37,24,9,33
-3,-247,6,10,-18,-26
62,-195,41,4,-23,-20
18,-245,18,13,4,-8
-45,-310,-25,11,24,-17
-28,-280,-43,34,20,-3
18,-217,21,-27,-3,6
60,-208,40,3,40,32
-13,-264,1,-29,-4,-3
-48,-298,-44,-40,-13,24
-23,-274,-15,-20,11,-2
29,-225,35,-1,16,18
28,-248,36,-16,0,-7
-44,-279,-34,-6,-52,15
-56,-301,-31,74,-13,-17
-2,-230,6,-16,-13,32
55,-203,59,-18,-0,-10
10,-261,10,8,16,4
-60,-300,-38,-14,15,-15
-14,-312,-15,-12,8,-20
22,-231,33,-12,-5,-20
55,-211,49,8,-4,8
-20,-270,-6,10,8,36
-58,-286,-46,2,10,12
-15,-263,-32,3,20,-0
52,-213,50,15,-24,-29
42,-224,37,-21,-15,4
-29,-284,-27,-1,12,23
-39,-295,-56,20,12,-18
13,-250,-9,11,-42,14
49,-189,43,-7,-17,5
9,-236,12,14,-40,3
-42,-314,-40,-12,13,-27
-37,-292,-12,-12,0,-9
11,-227,10,7,8,-32
44,-205,54,21,-24,-16
2,-268,-4,-13,11,-22
-46,-314,-59,5,-14,-15
-29,-297,-17,22,41,-22
46,-222,36,15,9,5
53,-220,38,-15,-9,11
-44,-287,-19,-4,-2,23
-40,-303,-27,-4,-12,-20
-7,-265,-11,32,-13,22
55,-206,61,-7,-1,-4
30,-240,20,-16,6,-32
-37,-289,-21,1,-9,-5
-28,-293,-27,-34,24,4
12,-235,20,-24,-30,-0
52,-206,45,30,-16,-19
10,-270,-12,-19,-15,-21
-56,-290,-47,-22,8,5
-18,-291,-35,-4,-14,-14
34,-221,36,-8,-19,20
52,-210,19,17,8,12
-2,-288,-37,-25,-27,-10
-41,-280,-38,-15,17,14
-17,-252,-7,-13,-3,-12
66,-211,48,-33,43,-17
22,-244,38,30,33,-10
-32,-297,-51,-24,-4,27
-43,-301,-48,-28,-14,-12
23,-242,31,27,-11,33
50,-206,26,-22,-7,-1
4,-246,9,-2,3,8
-50,-288,-51,-18,-16,-10
-10,-284,-28,4,-5,17
42,-233,46,20,-2,18
54,-217,48,22,-25,-29
-13,-262,-39,15,9,-32
-74,-308,-40,-11,-26,11
-18,-273,-7,-28,-11,-24
44,-204,46,-21,20,-0
26,-221,37,-2,-0,-23
-45,-300,-46,7,53,36
-55,-304,-40,22,-2,-15
23,-239,-13,34,-4,43
61,-209,24,-13,57,-15
6,-240,20,21,6,0
-56,-290,-49,-19,-6,-7
-35,-301,-6,23,-11,-34
32,-236,28,-12,-3,-7
38,-184,57,14,-20,-15
-8,-279,-5,11,0,1
-54,-315,-39,19,-2,-2
-6,-285,-3,3,43,-8
37,-218,56,6,-29,-22
34,-225,38,5,-6,-53
-31,-286,-26,-21,24,-13
-52,-311,-43,9,-24,-16
4,-264,-2,-9,-6,-9
59,-211,48,28,-2,-6
29,-241,18,6,3,-40
-45,-312,-53,17,30,-14
-57,-291,-20,21,21,-16
15,-211,17,-30,-10,17
65,-209,62,8,-4,11
-5,-269,-18,25,22,-1
-42,-300,-48,7,-34,10
-20,-270,-13,-19,-0,16
58,-222,40,-19,-14,36
31,-234,28,9,-22,-8
-43,-291,-43,-30,21,-22
-39,-302,-45,-8,8,-30
0,-222,1,-8,24,1
61,-198,41,-4,21,8
18,-248,11,32,14,26
-39,-283,-42,-26,-6,10
-32,-302,-50,-7,-9,2
7,-233,33,-2,7,-11
37,-209,41,26,33,-24
-0,-259,-1,6,8,17
-42,-316,-59,0,-10,-30
-23,-287,-7,-28,-33,14
34,-225,46,-8,1,8
53,-217,49,-10,-41,-32
-39,-294,-6,11,-6,22
-53,-311,-33,4,11,10
-5,-275,18,28,-7,9
48,-203,43,21,-12,8
24,-242,16,9,-6,-12
-46,-302,-42,27,-5,4
-17,-297,-67,-32,-38,3
14,-252,24,-33,34,8
30,-191,49,-15,-18,7
17,-253,-1,5,6,46
-51,-310,-52,21,-28,-16
-21,-293,-28,-12,-30,10
26,-199,32,2,-21,0
39,-215,38,-8,27,-6
-15,-271,-14,-14,5,23
-39,-312,-81,-16,-7,-21
-1,-258,-8,2,-55,-2
44,-216,45,-36,14,19
22,-239,0,-2,-1,-41
-15,-298,-31,-39,-21,-9
-39,-295,-47,-2,-8,-5
13,-246,13,30,9,-14
26,-216,39,24,20,-11
3,-250,13,-25,-17,17
-42,-305,-48,-39,-1,5
-26,-286,-29,28,-10,37
40,-226,34,-14,-20,-14
52,-209,39,14,-8,-19
-20,-268,-17,-2,23,10
-37,-304,-56,57,-9,-5
-11,-255,2,2,-7,10
51,-198,57,2,-59,-15
26,-215,22,32,-10,3
-35,-283,-38,8,-15,-8
-29,-314,-43,14,-8,14
27,-231,5,34,-5,17
46,-210,32,14,-24,22
1,-245,-11,12,17,32
-70,-312,-34,30,7,-0
-21,-290,-14,-12,-18,-15
31,-221,36,10,8,-13
41,-198,59,32,27,-0
-6,-297,-8,-13,14,-18
-46,-298,-62,-9,5,1
-6,-248,-19,-38,28,-40
47,-214,42,-11,-22,-34
31,-212,21,-10,6,5
-21,-272,-31,1,-9,31
-43,-296,-37,4,-17,-25
1,-241,16,29,16,43
47,-205,57,1,1,-14
12,-243,9,-32,-8,-20
-36,-300,-49,3,6,-16
-42,-286,-39,-20,-13,-11
34,-228,37,-22,-2,13
49,-202,32,-27,-32,-18
-0,-282,-19,16,28,-11
-59,-307,-50,3,0,34
-3,-286,-16,-11,-0,-11
49,-208,58,-17,9,13
64,-212,32,-0,-3,-32
-25,-291,-14,17,6,-33
-38,-313,-35,-18,22,-2
-6,-239,7,-18,-23,8
34,-221,49,19,-11,29
24,-227,15,-28,-1,-35
-33,-277,-45,-21,6,-12
-23,-282,-46,14,14,1
29,-236,35,7,4,-1
46,-208,47,-33,6,-3
-4,-260,21,-27,-12,-18
-64,-306,-53,3,-0,-7
-33,-283,-23,11,15,9
45,-197,48,9,3,-12
32,-213,26,-1,-26,18
-29,-284,-27,-2,4,-8
-48,-297,-47,2,10,-32
3,-265,11,-16,15,-16
44,-195,47,3,-8,16
17,-236,21,-9,8,-18
-45,-288,-55,-18,-3,14
-42,-296,-30,-15,26,-26
2,-256,-8,11,-26,-15
48,-193,52,-16,4,-4
17,-245,-3,22,57,-12
-43,-294,-44,22,-6,26
-18,-280,-24,-16,20,25
28,-240,16,33,-25,-27
46,-224,31,-23,26,-24
-30,-275,-16,-11,-24,-11
-54,-303,-59,24,-8,-8
-11,-275,-1,39,9,3
48,-208,50,-2,-34,31
4,-239,20,28,25,-25
-36,-297,-43,-23,55,3
-50,-286,-40,10,-13,-5
5,-239,0,28,-2,-14
48,-207,55,27,-12,-9
18,-263,-13,2,-4,-7
-33,-289,-37,17,-28,-15
-29,-279,-4,-15,-8,-12
52,-223,56,-28,35,6
55,-209,60,16,5,44
-14,-274,-8,-3,-9,11
-53,-311,-47,-7,3,7
2,-262,-17,17,11,18
39,-219,53,22,28,-10
20,-245,43,12,-13,-35
-55,-284,-16,11,-13,15
-40,-314,-37,21,15,-41
23,-221,4,7,19,8
47,-197,55,-30,7,48
-10,-258,8,7,15,-8
-60,-301,-20,17,-21,15
-31,-297,-32,-11,36,2
29,-225,31,14,-16,-8
17,-191,59,21,-13,7
-13,-295,-12,-11,-24,-36
-45,-307,-46,-7,-2,-14
-10,-263,-27,-33,23,25
33,-175,46,17,10,-4
34,-217,31,-31,8,16
-31,-307,-29,10,-19,-6
-27,-291,-48,11,-0,-18
21,-230,6,-12,-24,20
53,-213,41,26,-5,31
-14,-245,14,-16,-38,-8
-40,-310,-62,4,27,-13
-25,-286,-30,-4,23,15
37,-229,23,-1,2,-36
57,-223,58,-23,-42,-17
21,-243,-19,-21,4,19
-58,-295,-47,-14,7,-4
3,-283,-24,-14,4,29
40,-230,34,4,-20,0
28,-224,32,23,8,17
-25,-290,-13,-7,26,-22
-25,-297,-50,-21,17,-1
7,-245,-0,-11,-7,-14
47,-220,44,10,-18,-38
23,-239,14,18,-12,-40
-49,-293,-49,26,-14,0
-52,-303,-38,-20,8,21
26,-219,24,1,17,24
52,-202,31,30,-23,73
-17,-249,-6,-15,19,1
-43,-293,-49,12,17,-3
-30,-264,-23,-5,-47,-20
57,-207,51,-9,-2,27
38,-217,39,-12,11,-16
-36,-285,7,36,-7,-3
-45,-276,-53,17,9,32
2,-276,1,12,-41,-1
56,-218,58,25,6,7
28,-222,31,8,17,-2
-58,-280,-58,12,10,-24
-49,-309,-35,2,7,1
32,-243,21,-35,4,9
44,-215,44,-23,2,22
4,-254,-14,1,-14,-5
-50,-314,-51,-1,7,27
-25,-268,-22,-5,28,-26
53,-228,27,27,6,29
47,-218,23,-1,11,-51
-10,-281,-11,12,3,-25
-55,-309,-46,-2,-1,-28
-2,-262,10,24,4,-12
71,-196,51,-19,-31,12
30,-251,33,-51,-21,-34
-47,-298,-31,-6,-9,12
-58,-284,-44,-12,27,20
22,-223,24,-26,-2,2
51,-208,47,9,-9,-11
12,-259,13,4,2,25
-55,-311,-57,-14,13,40
-24,-274,-10,-13,36,-10
31,-197,24,-18,15,-17
46,-204,51,-5,18,13
-24,-290,-21,-22,-41,24
-45,-314,-58,-18,-12,-20
-11,-257,-15,-25,28,29
44,-212,39,-14,-16,1
16,-226,27,1,19,15
-22,-304,-26,12,33,6
-19,-292,-39,-19,19,-2
19,-238,9,12,24,-21
50,-198,63,33,4,21
1,-256,-6,2,3,-2
-34,-292,-32,-7,1,5
-29,-279,-31,32,31,56
24,-211,48,23,-6,-7
49,-199,55,-1,7,-32
-15,-277,-10,2,14,12
-42,-313,-47,46,20,-21
-8,-273,6,-37,9,-20
39,-215,52,-11,34,35
21,-207,29,-29,17,4
-29,-281,-35,-35,16,-39
-51,-297,-43,2,30,-24
17,-241,20,33,-4,-17
48,-204,54,-19,32,14
28,-254,17,-12,-25,7
-47,-302,-39,25,14,-9
-21,-285,-16,-4,-8,-6
56,-214,29,8,9,31
40,-199,34,36,22,19
-9,-272,5,4,-0,-17
-52,-327,-52,4,-12,22
-7,-266,-26,3,-26,6
50,-217,44,-14,-26,-5
22,-201,51,4,1,-30
-35,-285,-26,-3,13,-16
-45,-302,-54,20,24,13
8,-260,3,-13,9,-36
31,-191,50,14,-31,1
14,-243,11,16,-7,0
-37,-325,-22,23,-9,-17
-49,-288,-39,-47,17,-39
34,-241,29,10,-47,13
33,-197,36,-10,-40,16
-14,-261,-12,33,-4,5
-58,-301,-61,-29,10,12
-9,-280,-23,46,-14,12
57,-205,18,-45,-16,-12
28,-205,43,0,25,-1
-22,-271,-41,11,-15,12
-75,-289,-55,-32,27,24
-14,-242,15,7,-0,-7
45,-205,63,14,-40,-16
12,-267,25,-23,-12,14
-45,-294,-34,1,-16,-3
-49,-285,-38,7,3,-16
18,-235,29,14,-16,-17
49,-194,39,-10,24,13
4,-249,-12,-27,1,-43
-42,-301,-52,5,45,2
-10,-273,-33,-25,-1,24
59,-203,31,4,-10,42
31,-236,29,7,10,23
-8,-288,-36,26,-3,12
-54,-311,-46,-35,23,-38
-0,-243,-2,15,-24,-17
52,-207,36,-3,7,6
28,-234,29,44,8,23
-43,-289,-43,7,8,-21
-46,-310,-44,-6,-28,-0
24,-230,16,6,36,-21
38,-220,51,-15,17,-11
6,-243,10,-21,-22,2
-47,-299,-47,18,-4,-10
-22,-270,-17,4,-18,-26
30,-225,34,29,1,-10
6,-221,38,-40,52,18
-18,-275,-10,-26,-29,26
-55,-292,-40,-6,24,-11
-4,-249,-7,-17,-21,2
53,-221,39,-21,-33,24
40,-249,47,12,-2,-9
-27,-275,-35,-19,-15,27
-22,-307,-51,20,-1,14
20,-231,9,-23,-13,6
50,-214,47,-28,-5,19
36,-243,11,-5,15,-34
-48,-311,-45,34,-2,-1
-21,-306,-29,-0,-5,14
55,-221,23,1,5,10
44,-206,47,-10,-12,-4
-17,-270,15,-30,24,29
-46,-308,-53,17,-36,-8
-8,-258,8,20,-23,4
40,-200,63,-10,-22,-16
29,-212,28,18,-0,-26
-37,-301,-48,-3,-19,30
-53,-314,-62,24,4,1
13,-218,11,28,8,-42
55,-185,49,-8,16,19
-17,-249,6,-1,-2,-9
-32,-316,-55,29,-18,23
-43,-283,-32,1,-20,3
35,-219,47,11,-8,-20
61,-222,41,9,5,-23
4,-281,-12,-7,-28,11
-47,-315,-63,-3,-9,27
-10,-272,-7,26,7,-0
43,-205,44,24,6,11
42,-231,54,-8,-14,-13
-21,-271,-45,-19,16,-4
-45,-299,-53,5,-12,12
3,-250,18,27,27,38
55,-211,48,2,22,16
26,-253,15,-28,2,-14
-38,-309,-30,5,-18,8
-30,-290,-24,-10,-11,-4
33,-221,15,30,3,-0
43,-212,48,19,-33,-24
-25,-265,-6,-12,27,27
-62,-308,-29,5,-33,10
-24,-267,-6,11,-6,28
37,-194,69,6,-5,-24
59,-223,27,23,27,-23
-40,-292,-33,34,5,-24
-43,-284,-62,-2,14,11
-0,-264,8,-14,18,-0
47,-201,27,-8,32,-22
18,-235,17,-51,2,-36
-34,-287,-39,-13,-13,-5
-28,-306,-43,11,-2,-13
32,-236,27,3,8,10
57,-213,53,-13,17,-4
3,-263,-15,-18,2,-19
-49,-299,-41,-10,33,-4
-37,-270,-22,-17,-16,17
46,-224,35,-4,29,14
39,-208,61,-10,10,50
-14,-266,-23,21,10,-23
-80,-302,-40,17,6,17
8,-262,13,-26,-18,-19
43,-210,44,24,4,14
40,-245,17,-29,-48,-13
-40,-283,-22,-14,43,38
-53,-288,-28,6,7,3
12,-218,19,14,-8,-5
59,-203,36,24,46,-1
3,-258,11,1,-45,46
-56,-300,-52,8,11,5
-18,-284,-36,-2,4,-12
31,-213,51,5,2,-2
45,-203,24,-23,-3,-5
-11,-280,-20,18,3,25
-51,-317,-38,25,3,5
-1,-270,-17,-29,-6,22
50,-180,53,-32,4,1
31,-240,20,42,-33,-36
-49,-307,-32,44,-5,25
-46,-297,-43,4,-11,-37
21,-257,20,-8,11,-27
68,-207,45,-6,3,3
0,-238,-7,-9,-9,28
-46,-282,-46,-46,1,9
-29,-279,-33,3,-21,-5
44,-221,41,11,-12,-22
46,-215,17,21,19,-16
-12,-268,-15,-0,47,17
-37,-315,-33,-7,-49,-27
0,-271,-0,2,50,32
39,-216,52,-16,2,11
31,-223,15,-12,28,-23
-22,-275,-30,11,30,10
-36,-309,-48,-32,63,1
27,-271,15,-4,28,-19
60,-199,50,6,4,-1
5,-237,-7,-16,-1,1
-54,-310,-53,-7,31,7
-32,-286,-23,20,-4,-18
28,-214,38,-20,-23,29
40,-230,47,-18,-7,28
-5,-262,-11,3,-16,-8
-51,-307,-41,18,-20,-2
-11,-258,0,-2,1,11
37,-216,33,-33,-7,-7
57,-233,28,31,27,-6
-23,-280,-41,-14,43,-20
-54,-275,-51,13,2,-9
6,-234,9,27,19,-3
51,-202,58,8,21,-6
4,-258,14,-10,-2,13
-50,-315,-36,-8,-11,-15
-44,-297,-27,-0,-7,-22
19,-222,23,-21,19,18
48,-221,31,-7,-31,-3
-15,-236,-13,6,-1,-26
-69,-302,-45,-11,-14,-16
-27,-289,-15,-5,20,22
48,-204,43,10,-11,-3
39,-226,25,2,-30,-11
-16,-294,-30,-13,-2,2
-43,-319,-38,-10,1,-5
22,-244,5,-42,43,13
60,-214,60,-32,26,-36
10,-229,-6,-7,-10,13
-16,-280,-62,26,7,19
-40,-289,-42,-20,24,20
29,-228,23,-36,-17,9
53,-222,40,-1,-13,59
-7,-261,-2,-34,-27,14
-63,-316,-71,-8,2,-18
-12,-294,-9,-31,3,14
61,-206,17,9,21,28
58,-221,50,0,-2,3
-17,-271,-29,32,2,-3
-40,-316,-39,13,-24,13
-24,-257,4,-26,-4,-12
60,-185,50,-6,-21,4
22,-238,10,34,1,-16
-42,-305,-33,-16,11,33
-36,-310,-19,5,-18,31
8,-241,36,15,-8,-34
57,-212,51,-14,-31,10
-3,-250,7,10,-3,-22
-50,-312,-49,-2,27,-10
-46,-274,-33,-10,32,-6
30,-222,43,18,-2,-7
32,-215,51,-18,-12,9
-37,-278,-26,10,-0,-16
-40,-301,-47,-23,47,16
-6,-278,14,-10,25,-4
30,-203,37,31,-6,9
17,-233,24,12,-13,41
-25,-285,-35,1,-33,35
-45,-306,-43,-1,-40,-8
39,-229,13,16,-24,34
31,-206,38,4,6,2
0,-258,-6,4,5,83
-48,-296,-47,-5,-21,22
-21,-268,-14,-2,6,-10
38,-220,29,-26,-14,2
36,-228,52,-17,8,-8
10,-269,-25,-11,8,-53
-40,-311,-45,5,-9,-10
2,-245,-1,-18,-9,15
44,-210,30,25,1,-24
28,-210,16,-15,-8,-32
-34,-282,-43,-32,-23,0
-44,-281,-27,17,26,36
9,-250,6,-8,19,-8
41,-211,51,-7,20,6
-0,-252,10,2,-16,-4
-54,-284,-59,10,-25,-17
-36,-292,-34,13,-7,-7
45,-209,42,10,-12,-3
57,-210,36,-16,-10,2
1,-268,-15,5,-15,19
-51,-308,-54,5,8,-9
-18,-247,-12,1,-22,4
48,-210,59,-8,2,39
34,-214,20,35,-3,3
-41,-293,-31,6,12,33
-52,-295,-48,-2,-33,3
25,-260,7,4,-30,2
62,-201,43,-16,11,32
18,-253,12,18,6,-12
-44,-294,-46,-22,-0,7
-45,-286,-36,-23,21,-4
46,-196,31,-22,15,1
49,-201,6,35,22,-2
1,-267,-18,14,-14,24
-65,-321,-39,23,-6,14
-13,-279,-14,26,16,4
34,-210,37,5,-20,17
43,-216,44,-7,6,21
-30,-296,-34,7,15,-19
-42,-302,-68,-31,-32,-17
1,-243,-12,-20,-5,0
52,-217,48,6,-20,-58
-9,-226,16,15,33,38
-48,-316,-43,-1,-19,1
-39,-287,-21,-29,35,17
21,-233,28,-18,28,-13
43,-213,49,5,-0,1
-20,-260,-12,11,12,27
-43,-295,-56,-10,-19,-22
-4,-273,-9,30,-8,14
46,-210,32,-8,-10,-7
40,-238,51,0,-14,7
-18,-276,-12,1,7,-22
-41,-314,-54,-19,11,34
-9,-244,-26,7,-7,-0
63,-194,35,20,-2,-35
11,-227,17,3,26,-25
-50,-288,-19,-7,1,-13
-42,-290,-31,4,-21,30
7,-231,16,-59,-9,5
38,-191,18,-17,10,8
10,-267,26,8,15,-12
-45,-296,-52,32,-7,-10
-19,-258,-25,-31,30,-38
34,-212,41,-18,10,-3
53,-219,37,-20,-4,-39
-17,-275,-27,-16,-1,51
-42,-290,-45,-20,-11,1
1,-271,-6,-2,-26,1
29,-192,55,-43,-0,-32
-7,-239,14,-24,-43,33
-43,-280,-42,7,8,-22
-39,-288,-39,-32,21,-33
16,-242,31,13,15,38
52,-200,37,20,-0,-12
3,-231,16,-6,3,15
-44,-293,-40,-17,-20,1
-4,-284,-41,-17,40,-5
33,-184,24,17,21,-33
41,-209,35,-4,26,15
-19,-269,-18,2,-24,-3
-46,-304,-59,19,-24,9
7,-262,-14,-12,7,1
32,-229,41,8,-13,-42
23,-226,25,12,15,12
-36,-307,-16,23,3,-17
-36,-290,-32,8,-10,5
34,-243,3,15,-9,-2
41,-213,62,-30,-6,6
1,-262,16,9,-50,29
-48,-307,-47,25,19,-3
-33,-269,-15,51,-20,-25
33,-225,37,13,17,11
54,-216,31,20,7,-8
-15,-279,-13,-9,7,5
-51,-299,-55,6,10,2
-12,-280,-1,-6,-3,-28
61,-228,21,-21,12,-7
24,-232,33,-4,-1,8
-32,-297,-32,-16,4,1
-33,-298,-37,58,19,3
22,-241,20,-25,-12,-23
51,-207,42,-25,-8,8
2,-251,11,-16,26,9
-59,-304,-44,30,-2,-8
-31,-287,-37,27,-17,15
39,-220,32,-36,-7,-26
45,-216,55,-23,-8,-5
-4,-252,-16,10,-1,-12
-52,-306,-53,-43,30,35
-27,-278,-11,-6,-39,-38
53,-209,46,45,6,18
29,-203,26,-31,-9,-9
-28,-279,-40,17,-15,13
-41,-315,-49,-3,-27,-6
4,-242,3,53,6,-26
45,-209,46,-17,2,0
3,-256,3,-6,17,6
-47,-297,-59,-17,-15,-6
-35,-293,-21,-28,-12,19
6,-217,49,11,-36,5
43,-208,52,-3,-1,-29
-17,-268,-12,13,-17,-20
-80,-302,-74,-1,5,19
-14,-276,-6,13,17,13
42,-210,43,14,-13,8
22,-231,31,12,-19,15
-22,-293,-40,-38,14,-7
-37,-298,-41,-11,10,57
13,-237,10,-28,6,3
47,-197,50,33,-7,-14
13,-242,28,7,-33,-13
-42,-306,-42,-13,43,22
-30,-281,-39,31,9,-23
21,-232,17,27,15,8
48,-220,43,24,-19,-13
2,-266,-1,9,-4,-2
-50,-298,-54,18,-17,-20
-23,-271,-18,22,-11,20
39,-209,36,-12,-22,24
26,-215,40,20,10,4
-29,-270,-23,20,-13,-42
-57,-306,-56,10,2,-0
15,-255,9,-7,4,-24
37,-200,55,-8,-0,-17
19,-241,33,11,-37,11
-23,-278,-48,-13,-18,-4
-47,-303,-46,28,1,-28
16,-235,23,-36,-17,-5
56,-206,41,2,-23,-27
-4,-260,14,9,-14,13
-45,-295,-51,-53,7,30
-14,-274,-5,22,20,-21
31,-218,19,-0,35,2
30,-232,46,-13,6,-5
-18,-279,-23,5,-29,0
-58,-324,-31,-9,-33,11
-3,-247,6,1,23,6
59,-194,51,11,36,2
9,-246,25,33,-15,-12
-33,-290,-39,2,-30,-1
-53,-296,-32,-23,-17,-10
4,-235,19,2,16,18
64,-208,58,-25,15,-2
-12,-266,-7,1,-3,6
-35,-303,-23,52,14,-16
-18,-279,-15,-5,15,7
43,-215,34,38,48,-55
50,-212,35,-6,-5,17
-28,-261,-22,5,17,11
-43,-318,-37,16,18,8
16,-283,1,-24,20,-17
46,-206,47,-15,-1,35
15,-241,38,2,33,-16
-33,-278,-16,-13,-22,4
-55,-292,-49,-24,22,24
16,-236,14,23,-10,24
57,-206,55,23,25,-17
22,-240,9,-10,18,-7
-63,-304,-59,-6,16,-17
-25,-292,-34,18,7,-26
47,-225,47,22,-43,10
18,-230,41,21,12,-8
-8,-276,-22,5,-6,-15
-67,-298,-61,11,-21,1
-6,-252,-6,-33,-12,5
43,-219,32,53,-45,21
30,-225,43,12,-0,36
-43,-297,-39,-11,6,-7
-39,-290,-48,-16,-21,14
9,-257,25,9,-10,-11
59,-210,56,9,-16,-3
18,-238,19,-3,2,-6
-44,-283,-38,11,27,14
-33,-299,-24,-43,-23,-16
31,-233,45,-19,12,54
42,-199,72,-5,28,6
-2,-264,-14,14,19,16
-43,-306,-50,8,-13,13
-17,-265,-36,13,8,3
48,-205,42,-3,-37,14
40,-229,43,28,-8,10
-22,-297,-29,-6,-7,27
-51,-298,-45,1,21,-8
2,-253,15,-38,-22,-16
38,-206,43,-5,-50,-15
36,-254,8,-8,-12,62
-58,-297,-34,-14,7,-25
-32,-281,-38,-16,-23,-13
27,-220,28,-24,17,-10
52,-225,36,13,32,4
2,-249,12,-14,4,-18
-56,-291,-44,8,-49,15
-3,-290,-27,7,3,4
59,-228,39,-6,-9,-6
37,-201,14,-18,-5,-4
-43,-282,-33,4,25,-17
-58,-302,-43,9,-5,-17
10,-259,7,-33,-6,-16
43,-208,39,-9,25,-33
22,-229,23,-4,0,9
-55,-288,-28,15,4,15
-23,-300,-30,-57,10,-43
40,-223,15,12,27,6
42,-225,38,-9,-3,-2
11,-254,-9,-12,3,18
-52,-292,-64,-12,-22,-30
-5,-278,-25,31,-16,-17
38,-220,29,-36,1,-17
34,-237,29,14,8,1
-41,-259,-26,13,-39,14
-42,-302,-45,-16,3,-8
5,-247,-6,1,21,9
51,-226,59,30,3,32
27,-245,26,21,2,-60
-37,-304,-28,-4,33,20
-42,-306,-45,-4,-29,-31
22,-248,12,23,18,-22
71,-208,48,-11,11,6
2,-244,-8,-3,-5,16
-43,-317,-65,-12,-23,-16
-23,-281,-35,-11,-17,-11
41,-221,47,8,4,-19
36,-226,59,-8,-7,-31
-25,-282,-24,45,-8,3
-55,-291,-47,-6,20,-7
8,-251,6,-9,-9,3
52,-196,43,-5,35,26
20,-230,30,2,8,-5
-26,-298,-45,-32,-0,3
-27,-286,-45,1,-32,24
31,-239,16,-4,3,-2
42,-196,61,-8,8,-47
-15,-244,-1,21,-9,-9
-54,-302,-48,15,-16,-33
-31,-274,-29,17,45,-34
42,-208,34,-6,1,-7
39,-210,49,-8,-11,4
-42,-283,-23,21,26,40
-53,-321,-66,-7,-11,20
-19,-270,-2,-18,11,-8
45,-210,60,46,-38,1
35,-231,33,35,25,8
-45,-313,-27,6,31,28
-37,-294,-60,-18,-12,-1
17,-236,-3,3,5,6
63,-208,40,-82,20,-40
12,-231,12,-38,23,52
-37,-305,-42,7,-8,-7
-20,-285,-38,-5,-22,20
38,-218,34,-6,33,17
39,-224,42,35,14,6
-7,-241,-17,-2,20,65
-51,-294,-48,7,-13,16
-11,-263,-15,20,-38,-15
49,-208,37,-14,1,-8
47,-218,19,-8,1,20
-40,-288,-35,12,-1,-18
-50,-309,-35,-15,9,-4
6,-266,20,-3,22,-3
46,-214,40,-4,-5,14
9,-249,13,-22,-14,3
-70,-291,-58,-11,34,17
-30,-282,-42,7,-25,-37
43,-237,5,-19,10,-12
29,-216,50,-8,22,-29
-18,-275,1,23,13,-31
-47,-298,-59,5,8,13
-16,-274,-15,5,18,27
68,-213,48,-36,26,-24
39,-234,43,23,-62,-16
-14,-274,-19,-19,-9,26
-37,-326,-49,23,27,20
13,-266,10,28,-34,2
42,-197,50,-24,-17,11
15,-233,11,16,16,-23
-37,-296,-18,-10,19,2
-40,-280,-47,10,37,26
22,-243,16,-6,45,21
33,-227,44,-15,7,15
-5,-249,-1,2,26,-6
-48,-301,-65,-25,-7,-16
-28,-277,-24,35,-6,-12
52,-222,49,-42,13,23
55,-210,36,-17,13,-47
-28,-268,-24,4,-25,26
-41,-310,-70,28,22,17
8,-270,-1,-2,-15,-14
41,-208,49,-18,-13,19
33,-240,31,-17,-20,11
-37,-283,-23,-2,16,-31
-33,-291,-46,23,-5,10
11,-228,30,-9,-9,35
56,-222,40,-20,1,9
-25,-256,-2,-45,-23,-5
-58,-297,-54,-5,67,3
-19,-286,-4,35,23,29
43,-225,39,-36,6,-14
42,-202,47,24,33,15
1,-273,-3,10,20,34
-41,-303,-46,13,19,-16
2,-263,-15,-41,8,27
61,-212,36,-5,-28,-1
40,-226,42,-18,-22,-17
-32,-304,-27,-15,55,-19
-33,-282,-23,28,35,-10
18,-246,6,-6,-14,-28
42,-209,63,8,57,76
6,-247,12,26,30,-24
-43,-301,-70,32,-13,4
-17,-308,-32,-16,24,-6
29,-231,21,-2,21,-53
33,-221,34,-2,-7,-7
-11,-264,-24,-23,32,4
-60,-289,-60,-11,10,-17
-15,-267,-5,-21,2,-18
57,-202,56,17,-9,-14
40,-220,46,-21,7,-6
0,-315,-45,57,-36,23
-36,-292,-45,-16,-23,25
17,-250,2,10,-3,-18
37,-205,56,8,-23,-6
9,-228,19,-8,7,6
-22,-299,-52,-7,30,-35
-36,-279,-38,-9,0,-10
20,-218,46,-2,-13,1
54,-213,49,12,-5,18
6,-257,-34,-5,12,35
-54,-315,-41,-37,4,-24
-10,-270,5,-21,13,18
50,-204,37,6,-1,-26
58,-237,42,-13,4,-17
-45,-277,-37,12,-36,-17
-53,-291,-38,1,9,-19
16,-234,17,5,4,-1
40,-195,39,6,8,-24
21,-248,33,-3,-5,-17
-34,-304,-40,24,4,-7
-41,-274,-31,-26,11,46
36,-234,32,-21,8,27
54,-197,59,-18,3,15
2,-275,-0,36,-5,-48
-38,-312,-59,-10,4,20
-17,-277,-19,-3,-5,0
43,-213,44,21,11,-7
42,-242,33,-19,44,28
-38,-261,-22,36,13,-17
-32,-306,-49,-10,-6,3
16,-255,13,-6,-6,12
65,-214,39,-20,31,-1
10,-251,26,8,20,-16
-46,-309,-49,-10,-2,-35
-45,-309,-46,-53,-12,-24
21,-215,18,-3,19,12
49,-195,61,-26,13,-29
-3,-252,2,0,14,7
-50,-292,-46,-24,-12,-9
-29,-298,-26,-1,-16,-22
62,-208,27,9,7,25
57,-220,47,7,17,19
-25,-294,-21,-4,-8,-3
-36,-299,-44,4,26,16
16,-258,-26,27,8,-10
55,-216,45,31,-25,13
19,-229,28,-11,-16,-5
-36,-294,-21,-18,-12,25
-35,-301,-30,41,2,-17
48,-239,19,26,-0,18
48,-217,55,-7,35,-3
8,-263,7,8,-18,23
-52,-289,-51,-7,-33,-18
-6,-280,-21,8,-5,6
38,-204,49,30,-11,5
50,-205,52,22,-44,6
-20,-264,-10,59,-39,18
-54,-308,-45,-9,-21,1
7,-252,-16,-1,-9,17
52,-209,51,19,-14,2
20,-223,32,-1,-13,15
-29,-297,-48,-26,2,23
-54,-301,-47,-43,-12,-38
-13,-237,14,47,18,35
67,-200,47,12,-32,-13
8,-253,27,0,24,7
-76,-293,-62,-22,52,21
-27,-296,-31,48,19,18
43,-222,18,17,13,-14
38,-213,43,-34,6,21
-7,-272,-2,-28,-3,-17
-49,-295,-45,-10,20,-8
2,-250,-26,-23,-5,-28
68,-188,57,5,31,8
31,-224,37,18,14,-3
-24,-311,-40,25,30,-30
-38,-297,-44,35,-9,-11
10,-241,17,-35,46,-6
69,-220,56,3,5,-14
7,-250,12,-21,4,5
-26,-311,-57,17,-2,-4
-10,-306,-36,7,11,-15
32,-204,23,6,17,22
39,-226,32,18,16,-8
-16,-273,-6,-20,18,16
-46,-316,-36,1,-8,-21
-21,-272,-12,8,-43,8
56,-200,50,-8,13,-6
13,-237,27,-6,16,-39
-28,-278,-23,-7,29,36
-36,-301,-58,-13,-30,-17
23,-233,-12,-19,-15,-23
38,-201,22,-44,-17,-21
22,-211,13,12,-32,28
-48,-295,-51,-40,33,-15
-28,-275,-26,-27,-20,5
14,-205,31,35,23,25
33,-209,41,7,40,1
9,-259,-18,9,10,-26
-54,-305,-64,30,4,1
-20,-268,-15,5,-1,18
51,-226,26,11,17,-20
51,-228,37,-15,8,-1
-23,-285,-34,-23,-1,28
-59,-293,-50,5,44,-27
-1,-248,5,-8,2,3
48,-224,62,-22,21,30
17,-223,6,-10,-36,-21
-49,-298,-46,3,-22,52
-42,-306,-38,-9,-23,36
37,-254,30,11,-22,60
48,-204,61,26,-26,-24
-5,-282,-23,25,-17,25
-57,-308,-60,-10,-2,18
-26,-267,-8,-1,14,-12
31,-219,67,-33,4,-9
35,-210,40,-0,-26,-8
-27,-281,-31,-18,1,-1
-61,-306,-62,-31,9,-2
10,-261,-5,-37,-24,-14
45,-223,53,-20,5,11
10,-213,31,4,-8,-19
-30,-300,-30,-23,-20,-1
-51,-297,-45,19,12,11
37,-243,27,9,18,-22
45,-197,40,22,13,-3
1,-263,-6,-9,4,-9
-65,-318,-41,-34,3,19
-23,-279,-24,19,2,-36
33,-230,48,-35,40,-32
43,-210,36,17,3,-51
-24,-279,-26,8,-1,-21
-49,-319,-52,-9,-26,-22
-3,-261,13,37,-43,-15
50,-210,39,19,-0,-42
9,-229,41,7,-2,17
-27,-294,-34,37,4,17
-38,-280,-26,-5,-22,32
12,-243,24,-11,-16,14
81,-212,60,-9,-10,-9
28,-256,12,15,2,9
-51,-320,-46,-30,-7,-1
-40,-282,-26,8,-17,3
40,-209,26,-0,27,-19
60,-228,35,26,10,-16
-20,-269,-20,-3,4,21
-64,-302,-62,11,22,-24
-3,-248,-3,-7,30,-11
26,-201,36,4,-29,26
43,-213,16,8,-7,25
-35,-295,-36,-3,2,8
-60,-293,-36,-26,30,-8
22,-251,2,7,13,-13
52,-210,56,-21,-9,36
7,-267,17,-15,22,-12
-50,-302,-27,-36,-16,-2
-40,-274,-16,-24,4,-35
29,-222,23,22,26,-23
23,-212,39,41,4,58
-8,-268,-15,46,-13,-10
-65,-310,-50,-30,9,-2
-12,-267,-7,21,-38,17
39,-222,25,-46,7,-30
38,-223,36,0,11,-21
-46,-291,-21,26,26,5
-45,-318,-38,-0,1,16
11,-243,28,-4,7,19
72,-203,38,-17,-13,25
7,-238,-10,21,-27,41
-46,-301,-38,-2,-17,-4
-24,-271,-16,-13,-15,10
39,-219,41,10,-47,-14
47,-200,45,-32,-36,4
-4,-243,-18,-7,-19,2
-50,-315,-39,8,48,-6
6,-259,-21,-41,-24,-10
42,-221,47,6,-19,2
28,-237,49,11,-4,11
-15,-303,-12,24,24,21
-57,-307,-44,5,-3,-18
28,-241,3,-52,-22,-18
45,-187,45,-9,10,39
20,-233,3,-5,-18,13
-42,-306,-40,-24,-0,-20
-44,-280,-49,-14,30,32
17,-223,37,19,-16,-5
38,-207,50,-31,35,40
21,-237,-14,-24,21,-15
-55,-302,-56,16,-57,-1
-9,-287,-11,-40,24,12
56,-210,39,7,-8,-6
40,-227,34,-14,18,16
-4,-286,-25,-26,-7,12
-42,-314,-43,-18,-22,-12
-3,-244,17,-27,37,16
70,-207,40,14,-36,-10
18,-240,26,5,-23,-5
-43,-293,-49,17,-10,3
-51,-297,-17,-29,-13,-26
9,-227,12,2,-4,-8
55,-216,50,5,-20,-42
-2,-272,6,-5,22,-32
-60,-308,-42,33,-5,-17
-33,-282,-12,25,3,-4
40,-224,64,-10,-9,43
45,-218,20,-18,-17,-2
-37,-281,-20,-32,-7,-16
-40,-276,-63,-5,25,-0
-9,-263,1,36,7,-21
44,-208,57,-32,54,-7
29,-247,20,10,-6,58
-41,-294,-41,-15,2,-55
-27,-308,-35,41,12,-20
5,-250,15,7,27,20
47,-208,43,15,30,22
3,-268,-8,54,-17,9
-61,-303,-48,15,-0,26
-19,-284,-28,-12,21,-4
26,-219,42,25,-28,7
60,-199,40,2,-14,-8
-22,-258,-12,32,12,-29
-65,-313,-51,39,26,-14
-22,-255,-15,-13,-18,2
52,-218,49,0,-11,17
19,-230,37,9,-8,-29
-31,-288,-30,33,48,-0
-61,-294,-50,20,-4,-14
19,-237,18,-6,20,-29
42,-214,54,-3,-17,-11
12,-243,18,55,3,6
-62,-302,-43,-2,24,1
-22,-274,-32,28,-18,-7
24,-210,33,25,-17,-28
47,-219,45,37,0,7
-15,-273,-10,1,-36,-10
-47,-322,-43,22,12,18
-1,-251,-17,3,18,10
55,-191,38,-12,-25,-11
31,-226,33,-7,-12,-3
-34,-292,-45,10,-21,-10
-35,-301,-32,-27,24,48
20,-257,11,-14,-11,10
43,-232,59,-16,-1,-41
-2,-239,10,-37,-25,-12
-36,-294,-56,-6,36,-4
-46,-293,-30,17,-0,11
32,-227,12,-6,-23,-11
43,-211,44,-11,8,6
-22,-259,6,-10,-32,0
-52,-295,-46,0,-29,19
-17,-264,-7,11,-20,-15
38,-204,47,4,12,12
23,-223,36,-32,-5,21
-30,-287,-18,17,13,-18
-51,-295,-40,11,17,6
16,-257,10,-16,14,10
63,-217,43,4,54,-5
25,-239,-0,-4,25,10
-45,-290,-51,-1,-2,22
-32,-285,-39,-8,-3,7
21,-222,13,-21,-2,-7
28,-224,53,-12,11,22
-0,-265,-4,-1,23,19
-52,-307,-44,0,-9,2
-4,-269,-8,9,-2,-11
29,-213,42,18,-26,20
36,-224,18,-34,57,11
-27,-284,-29,17,33,-11
-52,-312,-52,-12,-16,5
15,-255,4,-9,3,22
48,-212,55,10,39,3
24,-235,43,-21,-6,-35
-48,-292,-46,-23,-9,1
-32,-287,-29,-25,-7,20
18,-229,31,11,-4,31
67,-204,57,35,13,23
34,-263,-0,-38,-7,16
-65,-343,-52,-6,13,5
-16,-284,-27,30,-3,-16
46,-216,17,-18,9,32
31,-212,55,-37,17,8
-42,-269,-37,9,-34,-1
-59,-323,-37,-8,13,-32
5,-275,0,5,24,-4
65,-196,47,26,7,-5
27,-237,32,14,28,-5
-54,-286,-40,4,28,33
-36,-297,-50,8,-18,20
11,-221,30,5,-9,-1
57,-206,45,4,23,14
-5,-252,6,12,21,-16
-48,-304,-42,-3,-34,-36
-28,-280,-33,-46,34,11
41,-222,18,-14,3,5
42,-200,48,13,-37,10
-5,-268,-31,-9,20,32
-46,-322,-45,-29,21,-5
-8,-259,10,27,-24,38
36,-195,26,-29,-17,-21
21,-237,10,7,-39,-3
-37,-294,-38,-32,-34,1
-58,-289,-35,-7,-43,-9
4,-236,3,-18,13,12
64,-200,65,2,12,-17
0,-254,26,-14,8,29
-48,-294,-60,7,33,43
-22,-274,-32,-18,-1,-8
30,-220,18,13,5,16
27,-214,54,12,-32,-35
-7,-251,0,3,-18,26
-45,-306,-33,-8,-32,27
-4,-255,3,-17,-23,6
66,-209,42,39,-3,12
31,-251,44,23,-16,27
-36,-279,-38,-25,-14,12
-36,-295,-38,2,-21,20
9,-260,11,9,36,-6
37,-218,56,10,-17,-24
16,-248,30,-35,2,24
-54,-302,-34,10,1,23
-36,-262,-36,-0,2,-10
26,-201,47,-31,-26,-2
38,-201,40,-5,-20,11
-27,-256,-11,-20,-33,-43
-71,-293,-57,8,6,21
-28,-270,-7,16,47,23
47,-198,43,14,9,20
38,-201,13,-1,13,1
-35,-287,-35,-18,-11,23
-58,-299,-26,-6,-1,41
9,-235,2,-14,-33,-1
48,-228,61,-28,-12,37
8,-239,24,13,17,-15
-44,-317,-51,36,6,-10
-21,-301,-21,24,-19,5
40,-236,18,27,26,39
44,-207,45,38,-35,3
11,-278,-5,17,-12,-22
-50,-312,-52,5,19,11
-25,-275,-27,-1,-55,4
26,-212,25,-33,-41,5
46,-232,56,-5,7,-33
-28,-279,-34,-29,-8,30
-40,-313,-56,-10,-39,-34
-1,-238,2,-6,-15,-8
61,-218,52,32,4,10
10,-242,31,22,-27,-34
-57,-296,-55,-41,56,56
-46,-280,-31,-12,1,21
27,-232,12,1,-29,3
48,-196,50,37,0,16
0,-242,1,-5,-10,8
-51,-312,-40,-16,-3,-18
-29,-276,-16,-5,32,1
21,-215,39,44,-25,43
49,-212,50,21,-14,-3
-21,-292,-33,4,0,-28
-48,-308,-47,-23,11,11
-7,-255,4,25,6,15
37,-233,31,17,-30,23
29,-229,20,-5,-60,-13
-27,-295,-38,-32,15,23
-40,-305,-51,11,-4,25
20,-242,19,-23,21,8
37,-206,45,-10,3,24
6,-246,3,19,-25,18
-44,-285,-52,-20,-18,-37
-21,-273,-7,8,24,-5
43,-226,24,18,21,20
12,-219,47,42,-23,-12
-8,-274,-11,-29,-23,6
-43,-295,-57,10,14,4
-8,-277,-22,-24,23,18
37,-209,45,-2,19,5
19,-242,23,-19,0,11
-28,-277,-31,-33,-17,29
-40,-293,-33,-5,2,-11
17,-225,5,17,4,-2
51,-204,76,24,-37,-7
-2,-255,2,-2,6,-29
-43,-307,-47,-21,-12,-3
-40,-287,-25,-14,-8,14
36,-230,36,12,18,-2
54,-217,37,-10,-12,-15
-16,-275,-17,-12,16,-9
-40,-302,-45,5,10,-7
1,-270,1,25,-46,-43
65,-213,41,14,-1,9
28,-216,21,-3,13,27
-44,-302,-33,-28,47,-9
-31,-293,-53,-17,25,10
3,-245,-1,-7,-40,-7
47,-213,64,-5,-8,17
4,-247,-2,-18,8,4
-41,-304,-39,19,-14,19
-29,-291,-19,-1,13,-2
32,-222,35,-11,-25,16
52,-217,50,-20,-37,-1
17,-262,-30,8,-17,-2
-54,-318,-50,-22,-3,14
-19,-266,-3,17,23,0
44,-217,63,-8,-20,28
19,-210,20,1,22,-40
-46,-287,-20,34,34,-20
-54,-300,-55,-16,-8,-5
16,-247,17,-29,8,-19
44,-194,47,24,1,9
27,-247,-6,-13,-16,-10
-52,-300,-50,3,-31,4
-27,-297,-39,12,16,-15
25,-219,30,-29,-9,-15
60,-201,38,-10,20,34
-10,-272,-14,-11,-9,8
-46,-288,-61,-11,36,48
-15,-254,-14,-11,-6,-11
47,-214,54,45,-6,-29
21,-225,33,-11,-2,-45
-27,-292,-21,10,-17,-8
-77,-308,-54,9,8,-10
17,-237,-6,-10,27,-6
47,-228,55,23,3,-7
33,-249,5,6,-19,-0
-50,-325,-48,7,-11,6
-35,-289,-26,48,-5,8
31,-217,33,56,24,39
51,-201,35,10,15,21
0,-254,-14,-24,3,58
-39,-309,-59,16,25,7
-18,-283,-21,-15,21,-21
34,-225,43,27,-16,-30
39,-210,38,20,11,19
-29,-270,-25,-25,-16,16
-51,-303,-54,34,6,-20
9,-265,-6,-51,2,-1
50,-222,53,12,12,-8
2,-243,25,15,-3,10
-52,-301,-26,10,-28,10
-47,-298,-36,-15,-4,9
29,-231,9,1,-19,-2
47,-213,61,1,15,10
-2,-255,-3,-32,-35,-29
-49,-310,-42,1,-8,-12
-12,-281,-20,9,13,28
30,-203,43,21,15,26
34,-222,33,-25,1,29
-27,-280,-16,17,-21,25
-23,-306,-44,-19,9,30
8,-249,-19,-4,19,-1
37,-218,63,7,34,-3
32,-221,33,9,29,44
-16,-292,-29,13,4,44
-45,-301,-37,-1,10,3
29,-233,29,28,-12,-14
47,-195,56,9,-31,6
-6,-245,6,8,-7,17
-46,-300,-58,5,2,33
-37,-267,-26,9,-11,-19
32,-242,38,14,-21,13
19,-212,46,-8,-22,10
-30,-281,-14,3,-17,-22
-53,-304,-42,-32,-10,-11
-6,-251,18,-15,-22,-1
28,-211,58,19,17,-13
35,-227,30,21,5,3
-41,-290,-38,22,29,-13
-46,-302,-44,-3,10,-18
43,-239,-1,-5,14,16
43,-213,35,11,6,-17
10,-265,15,27,16,-44
-57,-276,-25,1,11,-0
-20,-284,-27,49,-15,-19
25,-235,31,11,-29,9
58,-208,31,17,4,-6
-27,-266,-10,4,32,14
-32,-311,-65,-1,17,-23
3,-276,-7,-12,28,-22
52,-196,46,7,10,13
47,-221,35,20,-10,-6
-41,-266,-21,31,6,14
-58,-293,-48,-39,5,27
5,-222,15,19,-18,-6
61,-196,36,18,-6,-21
-6,-239,1,-13,-2,-15
-41,-309,-51,39,-10,-5
-43,-285,-59,16,10,9
35,-225,38,34,-4,23
31,-205,53,-12,-31,-10
-10,-263,-7,-31,-36,16
-52,-301,-49,-31,-18,-13
-7,-275,-30,-0,41,-27
51,-234,42,14,-25,-16
25,-230,41,16,-9,-2
-37,-271,-33,9,-14,-4
-39,-313,-45,-20,10,-11
8,-265,3,18,-17,-9
58,-208,47,-15,16,-2
8,-246,27,-40,12,-7
-41,-304,-50,-13,13,-28
-36,-288,-39,12,3,46
6,-235,34,23,-5,11
43,-209,38,-16,-14,-14
-20,-272,9,-19,0,-1
-49,-315,-68,12,-9,-0
-12,-271,-18,-0,-5,-49
50,-228,54,12,-19,-19
48,-215,59,0,26,11
-24,-280,-35,7,-11,4
-41,-306,-44,15,5,9
5,-246,9,6,-33,14
46,-210,59,22,9,-8
34,-236,5,9,27,-16
-47,-293,-34,-21,0,16
-50,-284,-30,-8,38,3
21,-238,19,9,53,22
47,-196,49,6,-11,-12
-8,-238,-12,40,1,2
-48,-308,-48,19,-55,-28
-13,-269,-19,-10,-1,7
38,-228,29,-37,-21,-20
17,-221,25,-11,-15,-2
-6,-287,-1,0,-20,35
-47,-297,-37,4,42,-18
15,-261,8,-54,18,4
54,-211,53,21,-9,4
17,-233,48,16,-28,16
-58,-297,-44,8,-21,9
-45,-279,-42,-15,13,10
26,-220,10,23,11,11
49,-207,42,-17,13,14
1,-250,-2,22,-29,5
-54,-305,-60,-6,18,-17
-30,-283,-25,-18,-4,-4
23,-226,27,4,11,-11
33,-200,49,24,-0,-15
-32,-286,-8,-25,-25,-17
-49,-291,-35,-14,-45,2
-23,-252,-11,14,4,-2
35,-219,67,-22,7,10
29,-247,40,-29,6,33
-39,-271,-27,-10,5,-11
-33,-285,-37,-30,-38,-19
10,-241,4,21,-9,22
33,-201,54,29,-2,11
14,-259,15,1,-13,10
-50,-294,-54,-9,-16,-20
-25,-289,-21,24,-29,20
20,-217,26,-16,-5,-27
44,-203,53,-1,-3,-17
-15,-299,-9,10,-13,-4
-48,-306,-42,9,-18,-16
-6,-274,-22,8,40,18
52,-214,42,29,-21,-28
36,-221,16,-31,-12,11
-25,-293,-36,-25,-18,19
-50,-296,-47,-24,19,-1
21,-250,5,-25,-18,18
38,-212,66,-6,-0,-21
3,-250,14,7,-2,-20
-36,-301,-36,-6,16,-7
-32,-276,-17,-3,-40,13
28,-211,29,2,7,10
55,-207,48,-3,9,-12
-11,-262,-20,5,12,-53
-56,-282,-47,-13,2,-23
1,-273,-11,8,3,10
43,-190,72,-11,11,-9
44,-207,40,23,36,6
-24,-287,-36,-7,17,1
-49,-318,-49,5,-51,-16
8,-258,12,-21,-5,-8
51,-196,66,-30,-12,-8
13,-239,5,3,25,-13
-37,-300,-38,-20,5,3
-31,-310,-36,-7,-24,33
23,-233,16,3,39,-25
49,-197,46,8,-12,12
-23,-246,-15,27,-7,-40
-45,-299,-39,16,-17,-2
-27,-273,-19,22,5,-12
46,-231,39,14,-28,30
35,-207,21,-4,1,-16
-27,-278,-36,-9,22,38
-34,-315,-35,12,11,-2
7,-258,7,34,20,-8
66,-200,70,12,-8,-39
10,-235,31,2,8,29
-49,-284,-42,-3,2,-12
-41,-290,-23,20,19,-5
27,-226,31,4,73,8
45,-214,47,31,-31,14
-10,-270,2,25,-7,19
-30,-306,-53,-9,-9,-24
-15,-279,-24,-6,-10,-18
45,-225,23,12,20,8
51,-204,30,-6,-10,-16
-13,-276,-39,28,-30,27
-50,-296,-77,6,15,-12
-4,-261,-7,-12,5,13
43,-207,53,-7,21,-9
22,-218,14,19,13,24
-44,-283,-18,13,12,-28
-56,-300,-43,-14,16,13
29,-248,32,-24,-30,11
58,-206,44,-41,16,-33
16,-259,3,-21,12,-18
-46,-309,-57,4,-11,4
-23,-270,-28,18,-30,22
46,-211,38,-11,-12,18
28,-229,25,-23,45,16
-16,-285,-20,2,-2,30
-48,-318,-57,8,13,23
-6,-251,6,13,29,-22
71,-223,41,-63,8,-23
30,-210,25,-13,-21,10
-37,-292,-32,2,-26,28
-46,-301,-26,5,3,0
22,-218,18,4,17,-1
57,-199,33,-9,32,22
21,-255,-3,46,-49,-4
-36,-313,-38,26,-0,32
-28,-286,-18,-23,29,53
43,-211,29,-3,-34,-2
40,-218,46,-34,12,18
-22,-282,-18,19,-29,-10
-43,-299,-54,9,-37,33
-10,-268,-10,-2,-4,-18
28,-194,57,-6,8,12
29,-220,21,-38,-33,29
-23,-281,-46,-16,-11,-4
-62,-298,-59,-4,-17,-3
4,-244,2,-14,-11,-37
61,-216,51,19,-9,41
-1,-244,-6,18,12,24
-53,-292,-52,-0,11,-0
-40,-283,-55,16,-17,-7
42,-230,20,47,27,18
44,-223,40,-26,-34,-7
-6,-265,-1,-1,-4,-13
-62,-313,-60,-23,-27,-1
-11,-259,-22,-6,37,-3
56,-205,32,18,21,61
50,-234,27,-1,-8,11
-34,-297,-18,15,6,-23
-56,-297,-44,-27,-13,-4
1,-259,32,-5,-4,4
59,-212,53,-13,-18,-8
4,-240,23,-26,-6,21
-41,-299,-65,17,9,38
-28,-295,-31,24,36,3
33,-220,25,42,-2,5
72,-222,51,-34,-6,-0
-13,-272,-9,-3,8,-12
-43,-306,-45,51,-43,-15
6,-261,-20,10,-42,-0
57,-203,50,3,22,-31
36,-203,37,5,20,-18
-27,-273,-34,-38,2,-23
-40,-310,-46,45,-14,-4
24,-258,7,20,-22,6
63,-202,47,9,8,30
15,-235,40,-9,-28,1
-40,-305,-54,12,35,-14
-35,-317,-45,12,-20,21
25,-252,18,6,34,8
56,-197,28,5,-10,-25
-8,-256,4,-14,-15,2
-37,-311,-53,25,15,6
-24,-278,-19,9,-5,23
30,-229,53,30,14,9
28,-222,27,5,-14,2
-17,-271,-35,3,-34,-18
-61,-307,-47,11,7,-21
-1,-251,12,4,2,14
62,-204,59,28,-1,-5
38,-241,19,-30,-12,-5
-48,-286,-25,-21,-10,31
-37,-289,-48,-2,-16,5
5,-239,5,-5,2,-1
55,-207,45,21,3,6
3,-264,15,3,1,-6
-35,-273,-22,7,-4,20
-25,-287,-20,-5,14,-15
33,-228,30,3,-9,-29
41,-219,40,-11,4,-12
-33,-278,-17,-1,-34,9
-57,-312,-55,40,-12,-14
8,-259,9,-46,16,34
43,-210,73,3,-12,2
27,-236,31,0,-13,20
-40,-282,-30,17,-2,-24
-38,-294,-48,-5,2,3
19,-231,9,-22,-12,-4
43,-211,54,19,-2,-31
10,-256,2,-7,-5,7
-70,-289,-51,-37,8,-10
-33,-286,-38,5,-30,2
26,-204,27,2,23,-11
26,-217,47,-14,-33,-17
-5,-274,-10,-5,23,31
-57,-310,-55,14,-13,-31
7,-260,-7,9,-2,18
50,-197,47,24,43,1
30,-217,8,-14,-31,-2
-35,-298,-41,-33,21,-7
-49,-314,-44,-5,-10,13
12,-231,20,-12,-17,29
32,-197,41,25,-12,-1
17,-254,1,-19,14,10
-65,-301,-66,-25,21,13
-18,-295,-31,18,8,-1
55,-227,28,-5,13,-4
40,-224,53,1,13,2
-21,-265,-17,29,30,-16
-52,-302,-75,29,-12,-9
-20,-268,-9,2,6,13
29,-212,41,0,11,-14
41,-223,28,-9,13,24
-23,-304,-21,-21,8,-21
-33,-291,-50,5,-46,-44
4,-247,13,-16,-43,13
75,-212,55,5,11,-13
3,-241,3,8,5,-16
-63,-301,-33,18,13,1
-23,-301,-43,-25,21,-52
23,-224,12,-31,7,-13
45,-219,41,-13,4,7
-9,-264,-3,-7,-3,-7
-62,-306,-41,42,-10,15
-30,-277,1,17,-30,10
55,-227,31,14,-13,-23
49,-222,37,10,-2,3
-26,-279,-24,-30,-3,-33
-34,-321,-58,26,17,-38
-0,-260,2,-8,-34,12
49,-205,54,-18,14,-1
13,-245,19,-2,-4,-9
-33,-291,-44,22,-22,-41
-21,-295,-28,21,10,-17
27,-223,11,15,7,4
38,-225,40,17,-19,-5
-16,-252,-4,21,33,2
-49,-312,-43,10,8,-3
-10,-260,-16,-2,11,17
55,-211,45,-29,-57,16
48,-231,40,-3,-4,-5
-25,-295,-18,8,9,10
-22,-308,-32,2,-14,11
5,-230,16,8,-5,-5
40,-184,57,3,-19,16
28,-236,30,-25,18,2
-47,-300,-29,7,12,40
-44,-287,-36,26,1,24
43,-238,33,14,21,6
56,-200,39,24,17,9
12,-262,-9,1,-20,31
-45,-289,-55,3,-10,15
-13,-286,-0,15,-8,-11
31,-220,44,9,8,10
41,-216,44,-21,-16,20
-14,-285,-3,23,0,5
-38,-291,-58,21,-13,6
3,-248,-5,14,3,-4
39,-220,58,14,-34,11
5,-227,21,-9,-18,13
-63,-291,-36,11,28,26
-67,-297,-42,-17,7,17
11,-238,24,21,-7,-17
48,-188,56,-58,19,-8
9,-253,-11,28,49,19
-56,-287,-40,4,-29,35
-9,-275,-30,-13,-31,-7
30,-218,26,-19,12,-17
46,-217,52,-0,20,13
-28,-274,-19,-4,-7,15
-61,-291,-45,37,5,-18
-9,-247,2,-15,-26,17
46,-225,45,-18,-22,-15
27,-232,24,36,-1,2
-28,-284,-34,12,14,-32
-51,-287,-30,22,-19,-38
18,-247,6,31,-0,-36
45,-205,27,41,3,25
17,-252,-3,-31,-8,1
-48,-305,-50,6,-5,-10
-33,-283,-17,-23,42,19
20,-214,16,12,24,-3
39,-205,49,-16,-11,27
-21,-281,-8,-7,-7,17
-33,-317,-39,-26,13,8
-10,-276,-11,-18,-16,21
66,-206,31,-1,17,23
29,-232,35,22,-2,-2
-39,-277,-44,-4,-8,-0
-42,-310,-54,27,-9,9
3,-257,12,-25,-28,-6
42,-192,42,15,-29,1
2,-250,6,6,10,28
-43,-308,-43,3,-6,16
-29,-285,-24,27,3,-6
25,-222,33,-12,11,-12
42,-204,49,36,-13,-15
-5,-269,-13,39,-16,-5
-47,-305,-44,-24,-26,-32
-22,-272,12,-9,36,-30
36,-218,46,3,-7,-4
38,-222,34,3,-15,-31
-19,-289,-18,23,16,27
-46,-305,-67,13,1,23
0,-257,-1,6,1,17
52,-198,51,-2,-8,25
11,-250,6,-13,21,-47
-41,-301,-55,41,16,4
-32,-297,-34,18,-24,19
26,-237,26,1,-24,3
56,-228,57,-32,7,-4
-14,-267,-9,-7,12,-33
-49,-320,-44,-39,5,41
-7,-259,-28,-11,14,-7
51,-207,41,19,-2,-1
52,-197,53,-10,3,-23
-20,-299,-17,-19,-2,-3
-40,-316,-28,27,-19,-7
12,-257,6,-31,6,15
62,-201,50,6,6,-10
9,-255,21,20,18,-2
-31,-282,-44,-16,-6,-16
-48,-295,-36,11,-17,32
20,-236,33,-24,-2,-16
35,-205,47,-6,31,24
-15,-244,-4,2,-13,20
-46,-308,-54,-8,-19,9
-15,-261,-7,7,3,2
46,-228,43,0,-4,10
55,-235,39,11,-14,-29
-29,-273,-3,2,1,9
-36,-316,-51,-57,41,-16
-10,-270,-6,-1,13,-5
52,-226,55,-35,25,9
19,-228,19,-2,4,19
-51,-297,-45,-15,-26,-22
-31,-302,-27,18,21,-12
21,-247,2,-22,14,-19
45,-208,46,25,25,-13
3,-251,-0,-6,15,31
-40,-307,-57,-31,12,-26
-34,-282,-21,-25,16,21
37,-233,44,40,-26,-19
44,-229,30,12,-10,14
-4,-275,-3,-9,-9,-3
-51,-310,-48,-11,-25,-27
3,-271,-7,-12,1,-1
63,-192,50,-14,13,31
8,-243,34,-28,-37,21
-48,-290,-20,20,42,8
-57,-296,-30,1,21,0
33,-257,23,-24,-5,-14
43,-197,77,-13,-6,-21
10,-242,2,-13,-30,-0
-44,-305,-57,-29,-9,44
-36,-286,-16,-8,8,16
34,-202,36,-12,-24,-27
26,-194,45,-0,-47,13
-17,-270,-16,-23,2,1
-53,-316,-47,22,-5,10
-22,-266,-21,13,-19,-8
46,-213,51,27,1,8
18,-226,17,16,-5,-0
-31,-277,-30,18,-12,-10
-29,-302,-50,-7,-24,8
17,-242,-2,16,2,1
56,-197,55,40,-5,-13
7,-235,5,-25,-9,35
-51,-282,-48,-21,24,-10
-30,-284,-32,-6,-19,-17
36,-219,28,-38,35,-38
53,-214,55,-7,15,25
-17,-272,-1,15,9,-43
-51,-324,-52,-15,3,16
-10,-254,-21,54,21,7
46,-206,38,16,7,15
39,-238,28,-25,9,50
-33,-281,-34,27,44,18
-48,-295,-48,19,11,-2
-1,-244,11,3,5,-6
50,-197,56,-18,-17,18
17,-269,16,-16,-11,-2
-42,-292,-69,-15,1,-13
-36,-289,-24,-2,-5,-2
23,-240,30,0,13,-25
61,-204,37,25,-17,9
16,-249,-21,-19,-26,30
-54,-314,-66,16,7,20
-26,-257,-28,-18,25,1
45,-225,33,-10,-6,22
32,-211,40,8,3,-10
-7,-279,-25,10,7,14
-58,-285,-50,-5,35,30
3,-233,12,-30,29,6
29,-216,51,-21,23,-5
8,-238,37,13,6,52
-25,-297,-50,-13,2,-15
-28,-283,-38,2,-13,11
31,-225,31,13,-43,-12
46,-214,51,2,-26,-36
-11,-241,-9,38,-30,-1
-50,-289,-39,-19,-19,-23
-31,-269,-8,-7,-17,17
44,-219,26,-12,-20,-21
40,-219,31,18,-5,16
-29,-264,-25,-12,14,-0
-64,-302,-44,12,5,-18
-8,-268,-1,9,-14,6
62,-228,47,51,15,-3
33,-240,17,-3,53,16
-43,-292,-28,16,28,-28
-39,-287,-23,48,13,-15
27,-220,34,-5,-10,25
61,-218,61,1,-21,-5
0,-266,2,5,24,8
-55,-303,-41,12,-20,23
-38,-270,-32,0,-17,13
43,-201,41,23,-12,28
25,-233,44,6,-3,32
-20,-270,-35,5,4,33
-41,-289,-59,-11,1,6
-4,-230,-16,9,42,14
45,-203,36,-34,44,18
28,-244,31,-17,28,-23
-24,-285,-43,-6,14,13
-48,-297,-29,8,-29,-19
19,-245,18,36,25,2
50,-225,51,-4,-6,-29
6,-232,0,12,-10,-28
-44,-305,-52,0,2,-32
-22,-280,-24,23,-29,2
38,-243,39,-1,-21,0
54,-218,35,-8,-27,-31
-20,-310,-11,9,10,19
-57,-310,-58,18,-3,-6
4,-261,10,-18,-1,39
35,-207,42,12,16,-47
28,-208,26,17,-1,26
-32,-290,-23,3,30,6
-52,-289,-39,9,25,33
3,-246,15,-6,-5,23
47,-195,53,3,-6,-16
14,-268,10,1,5,-6
-60,-294,-62,-25,40,13
-36,-296,-33,10,-45,2
41,-244,27,30,16,29
28,-205,49,3,15,9
-17,-251,-3,34,20,-16
-70,-313,-53,1,-12,-34
-8,-275,-13,4,30,-15
53,-206,46,25,26,-12
26,-229,22,2,6,1
-20,-274,-38,-18,10,21
-44,-309,-38,-32,-18,17
18,-245,19,-11,19,-22
47,-217,42,2,-27,21
9,-229,35,-16,10,-22
-42,-295,-48,-4,-20,-8
-45,-287,-40,10,10,28
23,-232,41,6,-7,-19
43,-224,55,-13,-3,5
-9,-260,-3,-7,-5,27
-56,-305,-55,24,-38,20
-11,-287,-14,-0,-6,3
42,-214,42,1,28,-14
43,-219,30,-25,0,-25
-32,-278,-33,-12,-17,-3
-45,-309,-38,0,-4,-9
3,-251,2,3,9,-24
61,-209,41,10,-43,22
3,-240,7,-2,-5,14
-34,-308,-46,23,32,7
-27,-278,-35,21,-24,-8
39,-230,25,44,-2,-26
34,-220,32,-9,-3,-14
0,-264,-6,-15,-23,13
-53,-292,-51,-8,-28,15
-17,-277,-34,3,31,-4
20,-228,34,-10,-36,-7
34,-238,35,-8,7,27
-15,-265,-32,28,10,-30
-26,-284,-48,-10,8,-10
20,-256,10,-38,-7,42
52,-221,56,11,1,-9
26,-237,5,-7,11,15
-7,-299,-21,3,-9,7
-47,-301,-31,20,-2,-1
26,-215,16,-5,-21,3
45,-206,52,-9,-11,14
-0,-251,-3,-9,-16,7
-57,-298,-60,-5,26,13
-30,-281,-24,-10,5,-5
4,-217,32,-28,-25,-15
33,-223,28,-42,-21,17
-7,-272,-28,-22,15,-1
-53,-291,-49,27,14,22
-0,-256,4,22,-19,-19
61,-207,58,-13,25,-17
26,-251,18,-10,28,19
-57,-289,-40,-9,16,-10
-47,-288,-25,-22,-6,-28
15,-247,20,-57,1,-23
67,-196,53,4,12,-7
14,-253,8,-16,-6,-6
-50,-304,-45,12,17,25
-27,-265,-30,29,-5,3
39,-226,46,22,-42,18
45,-218,38,7,2,28
-15,-273,-25,0,-38,12
-52,-310,-30,-6,17,-5
-12,-260,-23,-14,-29,33
51,-216,49,-6,5,15
27,-217,21,17,-14,6
-39,-297,-37,-11,-35,18
-48,-292,-29,27,-14,-9
20,-255,9,14,51,-16
44,-199,41,10,9,-6
1,-257,2,3,4,21
-54,-293,-48,-30,-5,-0
-31,-296,-35,-1,26,-5
26,-218,37,26,6,-11
38,-228,38,27,-2,-27
4,-249,-23,9,28,37
-53,-302,-24,38,29,10
-8,-277,-16,-7,22,-11
39,-215,40,-1,1,3
35,-221,20,2,-10,14
-18,-272,-34,-28,-29,20
-40,-299,-48,6,2,29
18,-246,20,-11,-13,-29
56,-226,50,24,-4,15
5,-235,2,27,30,-19
-47,-302,-44,-17,34,-17
-34,-280,-38,-19,8,-10
26,-229,10,22,-36,22
38,-204,56,-17,-14,-5
-1,-268,-19,26,-15,34
-52,-316,-51,4,7,4
-12,-266,-3,-16,5,4
35,-224,48,-17,5,-10
32,-218,30,-14,41,-19
-30,-283,-33,1,-32,9
-36,-294,-55,4,22,16
29,-244,20,15,-34,-6
51,-225,53,-14,31,40
18,-228,11,8,3,-1
-45,-300,-28,-10,-1,-9
-37,-299,-33,-23,33,20
19,-223,18,-19,-15,-16
55,-220,53,10,15,10
5,-250,-11,17,4,-10
-65,-300,-32,7,-29,4
3,-273,-1,2,-0,-7
31,-213,40,31,13,5
36,-211,43,-2,20,-8
-30,-264,-24,20,25,-12
-49,-294,-37,-36,36,-36
-1,-269,-5,-15,18,38
56,-188,60,17,23,-1
-3,-239,9,-33,-8,24
-41,-312,-38,18,-19,-13
-34,-289,-68,-12,12,-20
20,-247,21,0,35,11
47,-182,63,-11,-31,7
-10,-254,9,-21,3,-16
-46,-310,-51,-1,-8,-11
-33,-266,-20,-22,-25,5
41,-205,25,3,13,19
60,-233,33,-24,-0,-23
-17,-276,-12,-1,13,-15
-44,-304,-59,-2,7,-5
-16,-266,13,21,5,-29
47,-226,57,-20,21,5
36,-227,22,-4,-10,13
-25,-298,-23,56,-5,-9
-33,-305,-34,3,22,22
24,-223,24,-12,-4,8
58,-193,59,37,11,-30
-3,-238,-1,6,37,-22
-39,-321,-40,4,-7,26
-22,-293,-42,-5,40,19
38,-220,34,-27,-9,-29
38,-244,58,21,7,14
-11,-276,-13,1,5,13
-63,-302,-64,-0,-33,-7
3,-266,-12,-12,-20,29
69,-211,31,-16,-6,-21
9,-232,29,1,-6,15
-14,-294,-52,28,8,-56
-46,-293,-32,-18,-13,-18
31,-251,-1,21,-19,-0
52,-210,64,-7,-40,21
8,-255,7,-44,17,8
-53,-301,-24,-41,-25,-17
-12,-294,-3,-17,12,-4
26,-219,51,-8,27,15
71,-206,43,1,-11,21
-14,-257,-16,-19,30,-2
-43,-303,-41,21,10,3
-11,-273,-15,-12,-3,26
67,-203,25,-7,-12,0
28,-221,10,1,-3,-6
-54,-281,-25,9,-15,-31
-40,-312,-40,-0,-20,52
15,-247,3,15,-22,0
48,-213,50,-23,-35,-4
4,-242,13,-0,12,-18
-46,-320,-49,-14,-1,-34
-32,-281,-33,-4,28,8
45,-237,29,16,27,40
23,-216,39,-43,2,4
-6,-280,-16,6,14,-3
-57,-302,-55,-13,-6,11
2,-274,-19,-1,33,-5
57,-206,37,7,1,-12
29,-235,42,21,21,-10
-35,-296,-15,-24,17,-2
-43,-306,-56,-23,-9,-23
19,-258,15,-29,-9,-13
60,-201,46,3,-15,-5
21,-258,7,9,-5,-16
-44,-299,-48,-2,2,-18
-28,-291,-27,-46,-12,34
32,-224,21,-13,-0,31
43,-209,49,-6,1,7
-5,-249,12,35,24,10
-48,-293,-48,-23,-0,0
-13,-290,-28,-25,13,-14
25,-200,31,-24,-7,26
40,-225,40,20,-10,-6
-20,-275,-34,-9,-29,-31
-52,-298,-27,12,15,7
1,-253,9,-12,-20,4
48,-179,48,-40,-33,7
8,-242,29,14,1,-4
-47,-292,-38,26,-15,-15
-34,-281,-26,-0,-4,3
18,-227,33,21,-19,-2
61,-201,56,-26,13,14
-7,-240,-18,-6,19,3
-45,-306,-55,9,-12,4
-20,-267,-26,23,3,2
53,-208,45,-20,-13,-11
43,-205,50,-24,-9,4
-28,-288,-21,2,9,3
-57,-316,-38,34,-39,3
2,-252,-16,-13,2,3
18,-202,42,-34,-17,-15
17,-245,35,7,4,-18
-41,-289,-42,-9,-18,10
-47,-287,-46,15,-23,-6
25,-214,11,-37,-20,-0
43,-184,38,17,-32,-1
7,-255,8,19,-27,-18
-49,-286,-34,-1,-25,-0
-36,-256,-22,23,33,6
53,-221,37,4,-24,-38
34,-228,45,39,-10,46
-10,-274,-22,-40,14,1
-73,-311,-51,7,-8,8
-34,-252,-17,-33,-37,31
52,-206,20,-3,-14,10
47,-236,27,-15,7,-3
-54,-298,-20,27,-0,-7
-65,-284,-55,39,34,27
21,-218,26,3,9,-6
55,-197,53,39,-29,13
30,-252,10,-1,-20,26
-49,-316,-53,-26,-39,-1
-32,-303,-31,-3,5,31
41,-240,29,-14,22,-24
39,-209,21,10,20,14
-18,-277,-12,-9,15,-2
-60,-296,-51,-6,-2,38
-14,-262,2,-9,18,29
59,-201,61,10,-17,14
27,-216,6,11,-8,29
-45,-293,-44,-20,24,5
-47,-297,-54,10,3,28
1,-239,1,13,-27,-4
54,-203,63,-6,-18,-37
5,-249,-1,-20,35,4
-53,-289,-45,-18,-12,-18
-35,-267,-11,18,-9,-24
35,-221,44,30,-41,-14
34,-189,54,-19,-4,-21
-14,-275,-15,-51,29,-5
-45,-284,-27,-18,-14,-25
-18,-259,-5,-0,12,-36
47,-211,44,-11,24,25
35,-217,38,9,15,38
-46,-311,-26,4,-25,-24
-51,-284,-31,21,20,1
15,-248,13,12,-19,-4
41,-213,35,4,1,-43
20,-252,12,-15,2,-25
-34,-306,-37,-8,-4,-35
-25,-281,-41,12,-1,-14
2,-211,39,-27,-7,15
42,-217,42,-7,-2,-26
12,-246,-3,-30,-15,7
-51,-306,-51,-30,-28,10
-20,-266,-7,-4,-23,-38
61,-229,27,-7,17,-12
53,-214,31,-10,-4,-46
-27,-275,-14,22,-30,7
-48,-298,-59,-4,-1,1
-5,-258,-7,13,38,12
48,-201,51,45,-31,22
31,-225,-2,7,36,-5
-41,-304,-31,11,-30,1
-29,-301,-33,29,-1,-17
12,-242,27,-2,19,-4
50,-209,38,7,0,13
-14,-261,-19,13,25,11
-62,-306,-43,-1,-5,42
6,-272,-7,21,28,-50
38,-221,55,-2,5,-3
38,-221,33,-25,-8,6
-12,-289,-20,-14,-9,7
-53,-311,-54,-25,-9,-11
14,-255,-8,10,3,10
44,-199,43,19,5,-3
20,-240,-4,34,9,19
-33,-296,-37,-9,-34,18
-42,-300,-30,9,18,-13
28,-223,17,24,4,-22
37,-214,34,7,3,20
3,-259,18,1,11,-10
-37,-306,-47,20,11,-14
-26,-288,-36,-10,-35,12
32,-228,49,-39,20,-21
30,-222,33,-21,-7,19
-28,-261,-31,-34,-15,-9
-62,-294,-52,-38,-39,-20
-5,-262,-17,-0,36,-4
64,-225,43,-5,22,13
24,-251,26,-1,6,-19
-41,-285,-24,32,-19,11
-47,-289,-39,4,13,-21
29,-241,4,7,5,-14
56,-210,54,-46,9,-13
1,-262,13,29,-36,-9
-54,-302,-45,-55,13,-2
-28,-285,-15,-22,33,-17
48,-224,46,-5,13,-11
23,-200,32,2,-21,-7
-0,-274,-23,-46,7,-4
-38,-300,-55,30,3,21
-14,-255,16,13,17,-25
44,-224,48,1,17,-28
35,-242,21,8,26,11
-47,-289,-38,-16,6,-3
-41,-311,-29,33,-12,33
-1,-240,34,28,14,39
64,-214,51,24,51,-16
23,-254,-1,-6,-7,-4
-36,-305,-43,-27,-12,-16
-31,-266,-16,3,24,17
42,-241,44,-0,-3,6
41,-209,45,-18,-0,-6
-18,-278,-12,-30,-1,7
-47,-301,-57,28,1,11
-3,-256,-21,18,27,-9
51,-207,44,-3,24,-23
27,-217,33,31,41,34
-47,-292,-31,13,49,6
-52,-296,-39,10,-11,19
12,-252,11,57,19,-11
44,-203,58,18,-35,10
23,-249,17,-4,-2,-3
-50,-292,-54,46,6,40
-40,-281,-33,23,-24,10
20,-230,18,13,10,1
35,-216,54,-4,10,31
-1,-270,-9,25,-10,18
-48,-310,-62,15,37,7
-14,-271,-9,3,-3,7
42,-195,50,-1,4,5
26,-208,25,20,18,-6
-12,-305,-28,-18,10,-2
-39,-299,-60,4,19,20
2,-242,21,9,-18,15
61,-199,59,-6,-10,-28
23,-240,21,6,3,57
-37,-295,-44,-10,-6,-22
-32,-297,-46,-1,39,18
35,-218,22,13,-11,-18
24,-209,43,10,29,9
-10,-266,-2,26,18,-25
-38,-313,-44,19,18,-10
-14,-289,-15,-27,-2,2
45,-204,29,32,-18,-22
49,-203,25,34,29,12
-21,-286,-19,16,-7,-17
-44,-309,-38,25,7,-11
14,-250,8,-22,-10,-7
57,-214,41,-30,-16,-1
26,-239,23,28,4,3
-38,-297,-40,-32,10,19
-32,-291,-49,-1,8,40
19,-249,28,6,-61,4
50,-204,44,-28,33,-19
-6,-252,-15,-24,-23,-12
-54,-318,-49,-11,16,-25
-20,-274,-12,11,-6,-40
31,-200,36,12,17,-13
39,-220,28,-5,5,18
-29,-291,-23,-6,-41,77
-44,-307,-54,-6,21,-25
7,-249,13,34,-4,0
42,-192,48,-22,-26,-9
33,-224,17,-6,43,3
-37,-290,-29,-20,-28,25
-48,-299,-54,3,-2,-31
22,-232,26,25,-16,-8
55,-210,56,-43,27,4
-2,-267,7,6,-16,-6
-36,-308,-52,-6,19,1
-12,-277,-17,-8,-4,22
49,-227,26,7,9,7
33,-235,38,10,-20,-25
-36,-288,0,-7,16,7
-51,-284,-43,2,12,2
-0,-264,-17,-31,-36,25
44,-198,58,10,-7,30
20,-244,13,-9,-3,10
-32,-298,-36,-6,-9,-12
-55,-304,-35,-6,-14,5
34,-223,11,10,26,-10
52,-216,55,17,9,-36
8,-273,1,-7,6,1
-43,-293,-28,12,-22,20
-19,-277,-33,-6,-18,-29
24,-210,51,11,24,-24
49,-214,40,-0,-4,-21
-25,-260,-18,17,15,22
-52,-299,-52,41,44,20
-5,-278,-2,1,-13,-3
47,-204,55,-22,-22,9
30,-225,40,-5,-20,2
-36,-295,-48,9,-7,4
-66,-308,-10,7,14,6
10,-230,-2,11,-2,-20
59,-216,49,-40,8,-9
15,-254,12,42,-5,-5
-49,-306,-22,17,15,-7
-21,-286,-24,-24,-26,17
35,-225,27,5,-14,34
47,-211,48,25,9,4
-15,-275,-35,-19,-35,4
-45,-294,-54,-8,-17,1
-17,-267,-14,-21,-28,52
64,-212,47,24,30,-1
45,-222,21,30,-16,46
-21,-290,-27,31,-4,22
-38,-290,-48,-11,9,-36
1,-255,-0,-9,12,-46
49,-191,71,5,-5,-3
28,-240,17,19,-27,-11
-41,-299,-46,-8,-27,-9
-27,-283,-50,-43,-11,11
25,-229,29,-39,0,-29
46,-203,53,16,11,-31
2,-240,-4,6,-6,-52
-55,-310,-62,17,8,-39
-19,-276,-24,2,-7,-7
53,-199,52,2,-8,35
25,-215,23,15,11,-34
-2,-291,-28,-5,14,20
-59,-314,-35,33,14,-18
5,-255,14,-22,-10,3
34,-198,48,-25,20,-5
21,-237,15,18,-2,-15
-41,-303,-41,-20,26,19
-40,-293,-40,22,2,-16
26,-244,43,7,-17,-2
38,-210,34,44,-3,6
-9,-259,-9,19,-2,2
-55,-308,-40,-14,-10,-14
-21,-277,-25,-5,-15,2
52,-219,43,-14,-18,-7
61,-211,54,-24,-1,-41
-13,-285,-21,-30,7,36
-35,-299,-55,5,10,-9
-1,-250,-10,-8,23,-7
43,-206,57,2,8,11
16,-244,13,25,-7,5
-32,-296,-56,-1,-10,-56
-44,-288,-30,-10,-17,-5
33,-243,33,7,-36,-26
52,-206,27,-0,8,5
6,-272,6,14,9,11
-54,-292,-60,6,6,-26
-28,-291,-24,8,13,-31
41,-212,46,-0,-16,-10
39,-220,42,19,16,14
-19,-295,-17,-26,-13,-52
-67,-299,-52,14,-29,-44
-8,-261,0,12,2,41
72,-208,60,-6,-22,18
31,-226,15,21,18,8
-40,-295,-26,-13,-6,-7
-49,-294,-51,-23,5,-5
30,-243,19,-37,-19,13
56,-190,57,18,2,-7
17,-251,2,5,42,-4
-53,-298,-48,-19,-16,10
-36,-256,-29,-31,-14,-7
19,-235,48,-37,-18,-21
55,-210,55,46,-4,4
-23,-269,6,-25,24,19
-60,-323,-46,-16,2,13
-22,-274,6,9,8,18
62,-213,31,46,-32,-17
39,-225,21,-23,4,-13
-39,-301,-38,-11,-10,-6
-45,-309,-58,5,5,-33
19,-232,21,18,-27,19
61,-223,51,-4,22,-45
13,-245,20,25,15,-0
-51,-304,-45,40,43,10
-9,-267,-35,2,-4,-3
35,-215,32,-9,-7,-43
55,-196,34,12,6,-44
-15,-280,4,2,-3,21
-52,-308,-35,-5,-13,-40
-24,-270,-20,13,23,-1
61,-205,68,-36,13,14
23,-234,17,-4,20,-10
-23,-291,-19,-0,10,8
-30,-305,-52,-14,11,7
5,-240,15,21,-21,23
39,-203,37,15,18,-31
17,-243,17,-24,0,-6
-71,-302,-29,-46,-18,-15
-32,-294,-44,-1,-3,7
33,-235,27,4,38,21
39,-207,55,-30,20,36
-2,-262,-18,29,-7,8
-56,-293,-41,8,-6,52
-0,-262,-12,-21,18,22
35,-195,35,-31,0,21
49,-202,45,48,-23,13
-27,-285,-21,-6,-42,-17
-51,-293,-46,9,-3,-30
2,-248,12,-1,26,-26
41,-205,28,6,17,-11
6,-246,15,-13,4,-5
-31,-302,-51,6,-1,29
-43,-281,-47,-12,-11,11
20,-222,21,17,0,-33
59,-214,43,-31,25,-53
-10,-258,7,25,-8,17
-45,-314,-56,12,2,13
-19,-263,-16,-19,-9,48
33,-228,40,12,-30,-15
35,-217,31,19,37,-5
-2,-288,-18,-7,-28,10
-60,-314,-67,-22,-11,-17
4,-247,-7,23,35,1
47,-224,36,44,-34,10
28,-247,29,-8,-50,-3
-54,-299,-35,9,8,15
-43,-289,-27,15,-3,16
21,-213,2,-5,13,4
30,-226,42,-16,19,6
-4,-263,-2,10,33,8
-46,-307,-54,10,11,-7
-45,-281,-38,13,-5,-10
34,-218,45,-20,-22,-36
26,-219,40,-77,9,-1
-43,-266,-15,37,-22,21
-38,-287,-36,-13,2,-15
-14,-250,1,20,-20,-6
63,-215,24,-5,-14,-9
7,-228,32,18,9,6
-15,-296,-46,-34,-11,-12
-51,-302,-48,-19,-2,-38
11,-228,3,-39,29,-10
50,-198,36,6,-30,6
2,-234,12,21,12,-21
-38,-302,-43,43,17,-11
-18,-278,-43,-18,11,-19
22,-226,2,21,-16,7
46,-213,45,-4,47,21
-21,-283,-26,25,3,-51
-49,-298,-31,-3,2,-25
-16,-252,-9,44,10,21
45,-229,55,-20,17,5
27,-234,14,-17,-33,7
-21,-287,-35,5,13,-2
-58,-291,-40,-28,-13,3
24,-258,17,-20,-8,-10
59,-205,47,-22,-0,8
-1,-242,15,-28,2,-20
-32,-288,-47,2,47,24
-45,-294,-34,-33,-22,5
35,-211,49,15,-8,-5
39,-219,42,22,27,3
-0,-262,-28,-19,5,15
-62,-320,-55,4,5,3
-24,-266,-13,-2,13,-10
32,-215,34,15,-25,15
28,-235,45,-5,21,-3
-33,-292,-41,10,-15,7
-38,-295,-33,4,39,-23
2,-247,9,3,-14,-34
61,-194,43,36,-24,-1
8,-256,20,-45,14,-0
-28,-306,-38,8,-17,-4
-48,-269,-40,-4,-3,6
24,-238,18,4,-16,15
34,-204,54,-16,-18,-17
0,-277,-2,-14,-35,15
-47,-284,-47,17,-30,-17
-16,-271,-17,10,19,-1
56,-198,28,-5,38,-5
29,-211,39,4,9,20
-45,-296,-14,7,8,-16
-48,-308,-57,-4,-2,40
19,-235,7,-20,-7,-16
56,-214,65,16,5,-3
5,-238,26,24,24,41
-44,-298,-40,-6,-12,6
-59,-286,-22,36,32,-29
32,-218,34,9,-25,-41
52,-220,47,19,-42,21
10,-253,15,6,-2,22
-48,-293,-58,12,-34,-0
-19,-269,-13,-10,-3,-9
33,-213,37,-25,2,17
21,-226,27,-49,16,41
-38,-270,-28,50,-4,-24
-42,-303,-51,-37,-14,37
-1,-256,13,-7,42,-11
40,-212,57,10,-17,17
43,-242,12,8,4,10
-39,-313,-35,-12,-10,9
-43,-280,-27,-12,-16,7
33,-244,25,-1,-34,5
49,-193,43,-2,9,-40
8,-257,-1,0,-21,1
-62,-307,-46,-26,10,-9
-24,-252,-18,-4,16,16
24,-219,22,34,-25,-12
34,-214,25,3,33,10
-32,-285,-37,-2,-18,-28
-33,-305,-52,4,-12,20
3,-255,-2,7,18,25
25,-227,59,-5,0,20
48,-235,23,12,-11,-9
-38,-282,-34,-21,-36,0
-16,-291,-44,-0,-3,-3
9,-244,16,-26,-23,-17
61,-206,46,-9,-15,24
2,-260,12,-48,3,4
-49,-302,-48,-6,8,-52
-24,-271,-20,14,12,-16
22,-220,34,-23,19,15
13,-204,31,-5,-17,-4
-21,-285,-5,-1,53,-5
-64,-313,-53,-1,-3,38
-16,-289,-10,10,-5,-27
23,-205,32,11,-28,4
36,-220,17,7,14,42
-33,-291,-30,-26,-26,-30
-54,-309,-59,-3,0,-10
33,-235,19,-28,-9,20
27,-198,48,-5,-28,0
6,-247,16,8,-1,-18
-61,-312,-50,10,-14,-18
-41,-267,-23,-14,4,5
19,-230,23,-18,-3,-48
37,-211,45,-28,4,-0
-10,-257,-4,-28,-30,27
-53,-297,-37,-10,-8,18
-17,-258,-24,-13,24,10
52,-209,31,-0,-3,-28
13,-223,24,-16,-3,-18
-27,-301,-29,-17,-17,-5
-45,-299,-37,34,-31,4
16,-241,12,7,-5,5
44,-212,59,-4,-29,15
-0,-240,3,5,-1,9
-39,-307,-32,-19,4,-8
-32,-264,-25,5,32,7
28,-232,31,-2,14,21
35,-201,48,25,-17,-6
1,-249,3,5,32,28
-36,-285,-53,-10,5,29
-33,-270,-15,-22,-14,-18
45,-211,38,-7,1,-5
42,-222,42,-31,-16,-13
-33,-294,-39,5,35,-22
-53,-298,-40,5,18,-36
26,-247,6,2,-24,29
60,-197,64,16,18,42
12,-239,2,-15,25,-3
-50,-320,-59,-10,-7,7
-47,-297,-27,1,-11,-5
25,-249,21,-27,-16,2
61,-216,40,16,-29,9
-7,-261,-4,-28,-10,1
-49,-297,-36,-23,9,4
-35,-277,-25,6,0,8
56,-221,36,41,53,-2
36,-207,38,-25,-5,-12
-9,-284,-33,14,-12,10
-44,-298,-49,-26,50,21
16,-250,-5,25,-16,-10
54,-210,56,-33,-41,-33
15,-249,36,-23,-16,-5
-42,-299,-28,-23,-11,2
-32,-301,-18,-8,14,7
28,-240,15,-5,0,1
55,-218,58,-16,-1,41
-13,-240,1,3,-24,-19
-52,-304,-54,4,20,7
-33,-273,-4,10,12,6
38,-215,46,45,-22,-14
43,-217,41,-6,-15,-27
-16,-288,-37,3,-18,-24
-69,-291,-44,31,-13,2
1,-262,-3,11,10,-2
50,-181,36,-22,-23,27
13,-224,18,-0,-9,-7
-20,-294,-29,-39,-35,-34
-46,-295,-35,12,-8,9
26,-232,17,15,-24,13
56,-217,47,6,-43,28
-4,-237,0,0,31,5
-39,-315,-38,19,29,-31
-29,-282,-11,-7,34,-11
21,-206,41,24,-17,13
49,-233,42,16,19,0
-18,-283,-9,7,7,26
-59,-297,-45,-3,-44,8
-14,-273,2,14,-1,9
62,-208,55,-18,-7,7
36,-229,17,16,-0,3
-34,-299,-25,-38,32,15
-33,-284,-31,29,-3,-6
13,-256,11,5,38,18
75,-206,45,15,-11,50
7,-243,1,28,-0,3
-51,-323,-36,18,11,-35
-32,-296,-27,5,14,-23
25,-225,52,-15,6,19
48,-227,62,-7,11,-1
-46,-279,1,-17,10,-13
-60,-296,-69,-14,35,-2
-12,-276,-25,12,-3,-4
35,-229,56,25,15,32
36,-229,34,-12,45,-20
-38,-293,-29,-17,10,-3
-43,-309,-47,-9,-9,-28
7,-237,-2,-13,-19,19
47,-220,38,7,10,-11
11,-243,0,-29,4,6
-61,-296,-44,12,-3,24
-26,-297,-24,-23,0,-23
44,-214,28,10,-4,8
29,-226,39,-17,31,17
-10,-268,-1,-20,12,-2
-55,-309,-40,2,28,-23
-40,-258,-18,35,-9,7
40,-208,42,18,-19,-9
53,-224,47,21,-27,-24
-34,-282,-22,32,-43,8
-35,-312,-51,12,-8,22
18,-246,19,-6,10,-1
59,-215,45,-6,22,-1
11,-241,8,53,-6,11
-42,-302,-44,-7,-8,20
-43,-293,-39,-2,36,-8
18,-232,8,-4,-8,21
39,-199,45,9,16,-19
11,-260,-5,-29,-2,50
-48,-320,-61,16,-21,3
-5,-269,-21,-7,29,10
44,-220,44,6,12,-11
22,-207,24,35,4,24
-9,-285,-23,-5,7,1
-50,-312,-43,24,-7,-20
-4,-260,3,-13,6,-15
50,-203,49,39,3,-14
1,-248,11,-13,20,4
-32,-301,-66,2,-27,-28
-45,-308,-30,5,-26,26
29,-235,21,6,-18,-2
70,-213,37,1,-8,-9
1,-255,-9,42,23,-5
-54,-304,-40,19,-9,3
-32,-276,-15,-3,4,-3
27,-244,32,-4,3,-4
32,-214,27,-3,-15,-9
-16,-275,-20,26,-10,15
-33,-323,-48,13,33,-18
4,-251,11,-23,33,1
40,-211,44,2,-5,13
30,-243,27,-18,11,15
-47,-310,-45,8,-19,22
-39,-299,-54,16,27,-8
6,-223,31,20,42,-6
42,-203,60,33,-3,-11
11,-250,2,-10,-21,1
-78,-286,-51,8,-37,-44
-8,-293,-19,30,-2,6
44,-228,20,-4,-10,-6
32,-201,45,-7,-9,26
-16,-293,-20,40,8,-42
-63,-291,-32,12,5,13
-12,-259,-10,-8,20,17
42,-207,70,2,3,-46
6,-238,40,26,-35,9
-42,-311,-42,37,34,18
-35,-289,-18,4,-9,29
-2,-244,27,-13,-3,6
48,-184,63,-18,7,-32
1,-268,-3,22,10,-35
-45,-310,-52,-17,-11,-37
-20,-285,-31,6,-17,-12
42,-224,32,10,-15,-11
51,-231,36,-25,-26,-16
-17,-261,-12,6,14,6
-65,-304,-48,17,11,7
2,-265,-18,-30,16,17
51,-212,37,21,22,30
13,-236,32,16,15,-19
-34,-280,-33,4,-10,5
-50,-306,-43,-42,15,5
14,-239,21,44,-6,17
40,-209,40,-30,12,39
12,-260,22,-9,33,15
-52,-296,-61,28,26,-28
-38,-287,-48,23,-6,-8
50,-213,29,-12,16,-12
42,-207,40,26,16,-4
-8,-262,-25,29,-13,16
-56,-320,-53,13,-5,8
-21,-266,-12,-10,-0,-22
52,-214,74,-11,9,15
22,-216,35,17,47,18
-38,-288,-29,-12,-14,9
-28,-302,-46,2,-31,16
16,-245,-7,13,33,5
50,-196,62,38,7,-56
22,-250,18,-14,-16,-6
-60,-302,-33,-15,11,21
-19,-294,-25,33,21,10
34,-240,14,8,14,28
38,-216,30,-21,-8,-38
-7,-270,-21,-34,-26,23
-38,-294,-33,17,-13,-2
-13,-252,1,2,-2,29
29,-212,57,-44,12,31
42,-226,25,15,3,4
-20,-260,-17,12,12,2
-63,-291,-53,-6,-42,-6
2,-261,-5,-4,-13,8
67,-182,60,-19,22,23
8,-227,1,9,-4,64
-43,-304,-59,25,-1,-21
-38,-281,-32,4,22,31
15,-245,22,-13,2,-5
57,-197,54,33,19,27
-7,-257,3,7,-20,-31
-55,-297,-44,9,-11,34
-26,-288,-8,29,-8,8
49,-219,26,-0,46,1
50,-225,36,-17,21,-3
-16,-258,-17,38,1,12
-38,-309,-51,-19,-23,18
1,-240,1,-8,-0,-20
40,-207,41,23,0,46
16,-235,23,-38,-11,11
-47,-306,-44,-24,16,-26
-36,-309,-47,7,11,-20
31,-233,17,13,15,-14
56,-212,49,16,26,-9
1,-248,-1,-14,33,-7
-32,-320,-32,-7,-0,-26
-24,-294,-17,5,-4,-14
29,-205,39,10,-25,-4
40,-216,49,9,-50,22
-23,-269,-12,-16,6,-5
-45,-309,-55,-4,7,7
11,-256,-8,4,-8,-18
41,-200,56,-10,10,-12
40,-228,23,14,4,-1
-38,-294,-56,-9,30,10
-22,-304,-42,-26,-6,1
15,-226,23,-32,-23,-27
58,-191,52,-43,18,7
-17,-245,2,5,15,4
-69,-299,-41,-7,-3,-1
-18,-299,-24,7,-25,-3
47,-230,34,-3,2,-36
32,-222,38,15,1,16
-32,-276,-12,16,15,31
-68,-303,-48,-45,-6,-23
-19,-261,-9,7,-6,34
40,-197,49,-2,30,-43
7,-223,26,25,0,20
-32,-300,-29,4,-10,-12
-72,-313,-43,10,9,4
21,-252,-7,-4,6,-9
58,-197,60,2,25,-9
-8,-254,4,-7,1,1
-45,-299,-34,-10,14,-11
-31,-307,-46,8,10,4
29,-223,22,-9,-13,14
33,-215,49,9,27,16
-17,-282,-28,-25,6,0
-55,-310,-43,-10,-7,2
-10,-253,-13,30,11,-0
48,-198,27,-7,15,5
22,-217,30,-9,-10,21
-40,-289,-31,17,13,2
-37,-306,-31,-13,-5,24
18,-247,2,0,39,-7
57,-207,54,-39,-17,6
6,-252,3,3,-0,16
-46,-307,-39,-48,-36,-19
-19,-292,-22,3,-21,2
47,-225,38,-25,-11,-11
37,-210,38,18,22,31
-11,-260,-1,2,35,11
-53,-302,-54,-25,-5,-14
-9,-257,-26,30,-11,6
43,-207,23,24,-28,-3
33,-214,19,2,4,8
-37,-293,-23,3,-5,-45
-63,-304,-46,-15,-23,-20
2,-259,12,-15,17,-18
39,-202,51,-3,4,-16
19,-245,25,-16,40,19
-50,-290,-43,10,11,-14
-36,-295,-30,-15,0,-7
18,-233,25,2,-12,59
39,-214,40,-5,9,46
14,-259,-3,-14,-9,-42
-58,-322,-58,-10,11,3
-18,-253,-30,-48,28,-12
51,-186,45,-18,11,-2
34,-215,37,7,14,8
-23,-275,-27,-5,-3,-51
-68,-309,-48,29,-7,35
14,-255,1,7,13,5
36,-201,55,-9,43,-20
18,-238,24,12,-71,36
-56,-305,-42,7,-6,-1
-43,-282,-42,-18,-34,-15
33,-244,41,4,-8,16
51,-207,65,4,9,3
8,-262,7,52,-16,-9
-36,-286,-48,-22,-15,-50
-31,-272,-16,6,8,-19
35,-220,50,15,-42,11
41,-231,35,-11,-9,6
-17,-267,3,13,-5,-23
-36,-308,-62,18,-22,-11
-18,-249,-25,7,-19,-1
54,-190,42,-24,-11,32
32,-240,28,30,-21,5
-42,-284,-45,-4,-8,28
-61,-303,-43,5,13,-19
8,-246,30,7,13,-30
49,-190,35,5,-50,11
3,-262,-10,7,-13,-9
-40,-310,-40,-16,-6,10
-26,-282,-31,-6,-26,82
38,-219,30,6,8,-13
48,-220,27,7,15,-5
-11,-266,-18,11,11,18
-49,-291,-58,-4,33,13
10,-271,-18,-5,6,-26
68,-193,49,4,20,-14
25,-228,15,-13,23,-15
-61,-286,-39,-2,-24,32
-55,-296,-46,-3,35,-19
9,-224,2,-21,-9,15
49,-205,25,-22,-2,-3
1,-233,9,-4,20,5
-69,-299,-54,13,-23,2
-23,-278,-17,-5,10,59
51,-215,47,21,8,0
51,-217,44,5,17,7
-18,-276,-12,-3,-14,2
-61,-306,-50,3,-10,11
-21,-240,-16,-21,-7,-15
52,-214,57,-3,-23,19
35,-213,33,-3,3,-25
-24,-281,-28,6,15,-19
-38,-310,-50,-8,28,11
2,-233,6,-19,-1,4
57,-192,59,29,-11,-20
-2,-236,-2,36,23,5
-44,-307,-47,5,9,28
-21,-297,-36,11,-4,9
19,-228,37,8,-1,-1
59,-218,55,-0,-48,-17
3,-264,-17,-25,-8,24
-47,-302,-35,-20,23,-10
-15,-275,-2,-17,-19,20
29,-221,37,28,7,-4
15,-212,37,-11,26,-3
-40,-278,-35,18,12,9
-58,-306,-59,6,4,13
12,-254,13,-5,-6,12
54,-199,57,19,-4,11
11,-252,17,-15,32,-17
-53,-302,-46,17,13,-7
-24,-293,-10,4,-7,-20
48,-226,44,-12,5,-1
44,-222,63,-12,-10,-24
-3,-258,-18,31,-8,-12
-66,-323,-30,-8,-21,0
-34,-274,-12,-28,6,-11
54,-214,62,-1,5,53
53,-219,48,25,-23,17
-16,-268,-32,-8,-7,-44
-45,-301,-49,-41,-12,-2
-9,-258,-2,27,8,-33
31,-198,62,3,-7,31
19,-232,12,-3,-0,-32
-42,-297,-34,-14,40,-4
-41,-297,-22,5,22,5
33,-241,25,-7,-0,-8
42,-227,42,38,25,-23
10,-262,-18,8,-16,-33
-51,-307,-67,-3,13,2
-37,-281,-14,12,-3,18
49,-222,26,-39,2,-0
47,-207,51,-19,-43,26
-27,-270,-32,-18,-0,-23
-55,-297,-67,-46,-13,14
-6,-266,4,-8,-6,-31
49,-197,54,15,4,1
15,-231,25,26,23,-2
-46,-292,-46,-13,17,18
-40,-297,-46,-5,-28,-1
31,-232,20,42,16,39
59,-210,62,-21,-3,-9
5,-255,-2,-6,8,-10
-62,-305,-56,-16,-26,20
-26,-275,-20,30,6,-6
32,-227,54,-18,-23,18
27,-215,24,-14,-6,-10
-12,-253,-31,4,-19,20
-68,-304,-55,-21,13,6
-12,-250,-11,-2,14,-6
36,-232,59,8,-26,5
37,-240,25,-1,-13,-0
-46,-291,-46,-23,1,26
-46,-288,-44,7,-9,-21
33,-235,17,-1,13,30
65,-206,49,-23,-3,-9
10,-242,-1,-2,14,-33
-43,-311,-59,-30,-12,10
-21,-273,-24,35,10,-2
33,-226,38,-11,-45,-10
44,-222,46,4,25,-17
-16,-287,-30,9,20,42
-48,-306,-54,10,37,-11
-6,-268,-13,-20,-1,-3
56,-217,41,-19,-6,7
36,-217,37,1,13,-3
-14,-298,-38,0,-17,33
-50,-305,-24,0,14,22
16,-239,4,35,30,2
66,-220,54,-32,2,-5
8,-246,18,-2,-28,4
-41,-302,-52,7,11,-25
-36,-280,-35,-21,32,1
39,-208,34,0,9,-3
35,-220,55,7,-7,-7
-20,-260,-10,4,6,4
-31,-302,-51,-32,26,15
-17,-271,-8,45,13,15
31,-200,34,2,1,-22
26,-235,40,3,62,-6
-36,-285,-22,45,-44,3
-48,-299,-54,38,8,-3
32,-242,21,-31,47,-8
41,-190,69,10,-31,-32
37,-258,5,27,-48,-2
-44,-291,-58,-32,-7,16
-31,-305,-28,-33,-20,25
14,-231,31,0,3,10
36,-222,25,-43,17,18
-2,-249,-18,-12,-22,32
-38,-299,-57,38,-10,10
-23,-270,-22,43,37,-64
36,-214,25,21,19,-26
26,-226,35,27,16,9
-35,-272,-47,-29,61,15
-60,-302,-37,15,-34,-21
14,-247,3,-6,9,-17
50,-192,34,-2,13,23
5,-258,26,-1,8,35
-44,-308,-55,23,17,1
-34,-280,-54,3,31,10
27,-233,21,27,0,-42
34,-214,65,9,12,-8
2,-258,-15,19,17,-8
-49,-304,-60,-10,26,22
6,-277,-20,-10,-19,11
41,-223,46,-20,8,17
39,-221,31,20,-22,-6
-35,-267,-23,-16,5,2
-59,-289,-43,-32,-20,4
-7,-264,11,13,10,55
51,-208,52,5,-21,6
2,-245,24,-19,-4,45
-40,-303,-53,7,8,-44
-49,-293,-35,4,2,3
40,-218,21,23,13,-5
48,-196,61,-57,22,3
3,-250,3,-9,3,-31
-60,-311,-49,1,-10,-17
-22,-292,-14,21,-11,0
32,-232,33,23,-8,8
29,-227,48,46,8,12
-8,-292,5,15,-24,-8
-53,-308,-42,9,-2,22
12,-250,-11,-14,-12,-27
48,-211,34,46,2,17
30,-220,15,-5,35,-11
-44,-299,-34,-5,-4,11
-39,-297,-42,14,-8,-18
47,-234,23,-16,-13,16
34,-204,27,-2,25,10
-10,-254,0,52,27,-19
-51,-312,-34,-18,17,4
-16,-269,-43,-27,-2,13
30,-224,32,28,6,-9
37,-217,30,0,-34,-4
-10,-271,8,-11,0,-12
-48,-303,-57,-22,9,4
-1,-261,-9,3,14,-15
50,-217,30,5,32,2
7,-235,28,-11,-6,-19
-39,-294,-45,0,11,4
-47,-299,-42,12,-38,17
13,-236,9,15,-4,25
46,-186,56,2,20,-17
3,-242,26,-3,42,-13
-41,-303,-53,-19,-49,-7
-16,-280,-30,1,32,-10
27,-226,37,25,10,-16
48,-208,33,-30,23,29
-17,-253,-5,17,-6,11
-50,-293,-52,15,41,6
-11,-271,-1,14,-19,-26
48,-203,56,18,25,32
34,-211,52,7,27,2
-24,-273,-34,13,-43,12
-65,-303,-51,-25,-17,-12
16,-234,-2,12,-29,17
56,-217,40,-7,2,42
13,-239,8,11,-10,0
-52,-305,-31,16,13,-13
-41,-300,-35,17,12,-24
30,-212,20,-13,-1,-11
44,-217,60,-4,12,25
-20,-258,0,33,29,-14
-58,-297,-46,19,6,-23
-28,-270,4,-11,14,-11
39,-202,56,26,-11,-27
42,-239,21,10,18,-33
-23,-282,-8,-5,6,-5
-57,-279,-35,17,-4,-43
10,-262,17,19,-15,23
46,-190,39,-43,21,8
27,-260,17,10,-7,17
-40,-302,-21,-8,-7,-10
-32,-275,-44,6,-18,8
23,-223,30,43,10,-5
56,-218,37,2,-10,1
-11,-258,-7,22,12,1
-49,-298,-58,1,-2,24
-10,-280,-13,14,54,16
39,-225,38,-3,14,3
37,-208,47,-4,-15,-3
-25,-291,7,-12,9,0
-45,-302,-54,2,-26,-5
-9,-260,11,-32,30,-28
48,-201,43,-1,26,0
14,-244,18,25,29,11
-66,-290,-44,-20,-27,-11
-30,-297,-45,-7,-25,-30
12,-235,15,4,-32,18
37,-195,72,1,19,11
12,-255,-13,-9,-6,6
-60,-317,-41,41,-14,47
-34,-276,-31,-9,18,-3
31,-230,35,11,8,16
54,-215,44,17,46,3
-35,-280,-11,-16,-5,-27
-50,-295,-38,-48,-0,-10
2,-276,5,-8,2,-11
62,-215,53,26,-3,-28
25,-229,24,-8,-2,1
-27,-299,-41,18,3,13
-21,-294,-37,5,-23,40
12,-255,26,13,-3,13
48,-200,54,12,21,-7
-0,-269,9,-6,4,-19
-51,-316,-47,18,44,20
-4,-303,-6,25,-13,19
28,-234,28,-19,-4,-18
58,-211,24,29,-8,17
-5,-287,-5,-11,31,-39
-51,-327,-61,-10,-19,36
-5,-278,2,-21,44,38
42,-202,42,6,-4,8
34,-222,27,-6,-43,6
-45,-313,-34,7,-9,15
-56,-291,-41,28,-25,8
39,-244,16,-19,-49,14
59,-206,51,1,1,-37
19,-242,-2,6,-30,28
-41,-313,-34,11,4,17
-29,-283,-7,31,67,31
33,-214,30,18,-11,-10
30,-219,26,10,-16,-11
-25,-260,-22,-7,6,-4
-35,-312,-48,2,26,-12
4,-268,2,-0,-28,24
31,-192,37,1,1,24
19,-237,25,32,33,-19
-36,-280,-28,19,10,-24
-45,-289,-52,-13,33,-18
25,-249,16,-17,-2,22
44,-217,48,20,7,-7
20,-253,7,-17,18,12
-29,-302,-34,10,-37,-16
-21,-288,-49,-18,-20,-21
26,-232,31,41,2,3
40,-204,54,-38,10,10
-35,-266,-14,22,-7,-14
-67,-313,-42,-4,-16,3
-19,-287,-2,-21,4,-9
55,-215,28,-8,-17,32
29,-237,50,-17,16,-10
-23,-265,6,12,18,-17
-52,-310,-38,30,-20,-8
7,-246,7,1,-28,6
66,-218,50,-18,-3,20
21,-240,27,-31,4,-41
-47,-297,-42,-19,6,11
-39,-306,-35,8,-10,-55
25,-207,33,-21,-0,-1
49,-215,45,7,-25,4
5,-257,-2,13,-17,-6
-55,-295,-45,-10,21,7
-18,-278,-12,-13,-10,-22
32,-207,40,-22,-12,-0
36,-187,40,14,-34,6
-15,-259,-47,-43,-34,-34
-48,-317,-72,18,4,-31
21,-250,-9,-9,-36,-3
38,-184,51,15,5,-16
14,-233,17,31,22,30
-54,-291,-51,13,-2,-4
-33,-294,-34,13,2,-15
12,-226,14,17,9,-26
55,-210,52,-31,-16,4
6,-268,-11,8,1,-23
-33,-318,-41,-18,24,13
-18,-267,-10,-6,-18,20
40,-211,34,20,5,-6
23,-230,28,-13,4,24
-7,-286,-27,-25,-8,5
-43,-315,-62,-18,-20,-4
-2,-249,-8,-4,3,-4
59,-210,40,24,-1,-25
22,-250,21,-35,3,24
-32,-287,-27,-2,-13,8
-46,-306,-49,7,2,-0
24,-235,8,14,-4,49
40,-227,52,8,-11,9
4,-237,8,28,14,22
-49,-289,-40,13,12,-30
-40,-298,-13,-10,20,-3
39,-219,28,1,-4,23
52,-219,36,-12,-31,-21
-25,-260,-26,11,-15,-22
-47,-294,-67,15,-35,-11
-14,-266,-6,-23,-28,-13
56,-211,63,10,-21,-4
26,-238,35,-9,-5,5
-48,-300,-21,-11,-10,-13
-23,-309,-37,6,29,-11
19,-260,16,2,-28,51
52,-195,55,-11,18,33
18,-237,12,16,-3,4
-55,-308,-38,9,10,-3
-32,-292,-35,-15,10,-11
37,-216,19,46,71,-9
37,-182,36,27,-18,24
-4,-269,1,-10,-4,-31
-44,-306,-45,3,13,-27
-12,-252,-7,15,7,-51
54,-206,58,16,22,22
21,-206,34,-26,34,10
-42,-300,-24,-7,-11,7
-31,-308,-38,-16,-5,-1
17,-247,20,23,-4,-14
57,-200,63,-16,-11,-0
-7,-242,15,2,1,17
-61,-310,-42,37,34,-3
-45,-288,-32,-11,21,-25
36,-232,34,28,-34,36
52,-215,59,34,-14,-24
-1,-265,-5,36,22,-4
-47,-299,-49,37,-15,8
-27,-262,-4,3,6,11
38,-206,42,-4,20,-2
27,-214,8,10,2,-6
-47,-281,-20,-6,0,8
-44,-294,-57,9,17,4
3,-243,10,4,-11,-21
60,-207,55,4,-14,2
12,-235,9,11,11,14
-41,-292,-49,13,-29,-1
-24,-269,-31,-3,3,-8
32,-224,24,10,23,-25
40,-222,62,28,-17,24
-3,-274,14,-21,-23,-6
-53,-300,-60,29,4,4
-13,-274,-4,-9,-9,-21
48,-201,55,-43,-42,11
44,-217,56,12,36,8
-14,-292,-39,-5,-40,26
-27,-275,-39,-8,-1,-7
8,-234,13,-15,13,-6
60,-194,47,9,7,-13
21,-245,24,-7,8,-24
-41,-293,-47,-1,-8,44
-32,-294,-30,8,28,-7
43,-232,44,25,20,-5
40,-204,55,-12,-16,-4
-12,-256,-16,1,-1,-30
-33,-304,-56,-28,-8,10
-31,-276,-18,10,24,-42
40,-199,46,2,-12,-13
40,-205,47,-18,1,-4
-33,-296,-22,-3,1,32
-29,-312,-61,-50,10,1
9,-255,-9,2,9,24
65,-205,65,-14,18,33
22,-232,27,8,29,-25
-46,-277,-23,-8,29,-14
-49,-299,-34,3,-6,13
23,-239,5,-11,11,-22
63,-199,56,25,-16,-8
8,-261,14,14,-6,0
-22,-304,-45,12,10,-26
-15,-286,-24,-22,9,7
25,-214,46,-6,1,-16
29,-219,32,-26,19,8
-14,-278,-11,21,-35,61
-33,-293,-56,4,36,-31
-10,-266,9,-5,23,-38
59,-203,47,-8,42,18
22,-221,22,6,-11,24
-32,-299,-46,3,1,7
-39,-318,-35,12,15,25
25,-227,10,-1,-42,-12
57,-215,56,16,1,-2
14,-241,2,-15,-43,-53
-34,-318,-49,9,47,-13
-29,-288,-49,27,-26,13
23,-210,34,-5,-19,34
53,-192,60,44,29,6
6,-266,-0,-13,2,16
-47,-304,-49,26,30,-6
-12,-256,2,3,1,21
60,-212,30,-8,0,-25
15,-228,33,-11,-21,-11
-31,-282,-32,-16,-7,-16
-49,-287,-30,-7,-18,-1
23,-240,15,-30,12,-22
53,-213,50,-34,4,-3
22,-237,12,4,8,-4
-50,-310,-69,15,-14,4
-26,-270,-43,9,30,23
42,-237,15,-17,-8,-10
23,-206,33,14,13,3
-22,-266,-18,-5,7,10
-61,-303,-32,23,-27,16
-26,-276,-13,7,9,-5
42,-206,33,3,15,21
35,-208,37,-0,14,-5
-15,-291,-23,4,-5,14
-49,-305,-62,-23,-1,6
7,-250,8,-14,18,-4
45,-193,41,-14,3,7
3,-250,24,-34,17,-4
-47,-279,-46,20,-4,-12
-41,-282,-44,-2,30,38
5,-234,23,12,-17,19
37,-198,42,-16,13,7
-15,-264,-1,19,2,-13
-60,-295,-55,5,2,11
-21,-273,-15,5,1,-9
36,-210,60,0,-14,15
32,-231,31,-41,30,-12
-32,-278,-32,1,-32,-5
-55,-303,-49,-12,-37,-6
26,-263,10,3,-5,10
59,-207,56,52,18,-2
27,-236,23,-21,4,-4
-44,-312,-37,-29,18,-17
-61,-303,-26,-24,-3,-16
19,-237,34,13,1,11
54,-206,34,-21,27,27
5,-266,6,-12,-26,2
-56,-311,-39,21,26,2
-20,-261,-26,13,25,-28
46,-218,49,-53,35,50
17,-201,39,15,-3,4
-27,-272,-20,-14,3,-4
-30,-302,-60,-25,-16,-2
-5,-253,-33,20,9,-1
61,-188,42,-13,19,6
8,-243,31,-5,22,-19
-28,-307,-43,22,13,3
-42,-296,-46,-28,-7,14
28,-253,5,31,11,-16
49,-201,62,24,-28,-28
0,-252,-7,-14,0,-8
-28,-314,-33,-10,36,2
-21,-272,-38,13,-30,-1
36,-196,41,10,15,-6
43,-230,46,-3,-8,7
-24,-260,-18,-1,-43,24
-41,-311,-38,17,-4,-18
3,-260,15,1,29,-33
55,-207,43,-7,2,-3
19,-206,31,2,26,-8
-32,-293,-37,3,20,14
-43,-297,-37,7,-58,-17
8,-233,12,-18,28,-24
46,-204,40,1,-4,-8
13,-242,13,-5,4,-35
-48,-301,-44,-18,-21,16
-35,-295,-29,-33,17,11
41,-216,37,-8,-27,-11
61,-225,49,-14,35,7
-7,-277,-11,-7,-14,7
-60,-316,-37,-18,-7,3
10,-261,-11,-36,-5,59
38,-202,39,10,10,-20
34,-226,16,-16,-12,-13
-41,-276,-41,29,15,-3
-47,-315,-36,-10,-36,3
18,-223,22,32,-3,18
47,-202,40,-21,28,-31
8,-258,4,-14,5,5
-42,-305,-48,8,13,-0
-23,-279,-19,20,-26,-19
34,-207,26,10,-12,-3
46,-202,33,4,22,10
12,-262,-2,-16,-15,-29
-62,-313,-49,2,-16,-2
-9,-270,-9,-14,11,4
28,-209,49,19,9,-20
33,-259,35,-16,10,-15
-35,-275,-30,-11,13,-16
-42,-293,-47,-5,-11,-13
10,-241,7,-17,-0,5
54,-217,46,4,6,-57
10,-231,26,12,7,25
-43,-314,-41,21,-7,-3
-17,-299,-24,-11,-29,-2
43,-215,32,-25,8,2
37,-195,44,14,-37,-52
-12,-263,-9,23,-13,15
-48,-289,-49,7,15,12
-12,-283,3,18,-19,-1
41,-214,43,6,-33,42
16,-230,40,8,24,-35
-8,-283,-33,-21,-38,-6
-49,-314,-44,29,-5,-24
9,-279,12,-11,24,-28
53,-205,46,12,5,-35
11,-235,13,-5,-31,-1
-39,-280,-43,1,-23,13
-31,-299,-43,-6,-33,0
19,-224,35,-1,31,-27
60,-209,41,25,47,0
-17,-263,-5,1,14,-1
-61,-317,-74,-12,4,-11
-24,-279,-27,-12,17,-1
47,-205,35,-18,13,-21
28,-227,37,36,8,-4
-35,-280,-14,5,15,22
-42,-279,-41,-3,7,18
-2,-242,1,-24,-21,-11
40,-203,69,24,6,12
35,-243,6,-19,10,-12
-33,-314,-30,-48,20,-8
-49,-297,-55,1,-1,-5
31,-226,48,16,31,30
50,-197,58,10,20,-1
2,-252,3,20,-18,21
-64,-298,-56,-36,9,-11
-18,-280,-32,-32,-5,5
37,-232,31,-1,-43,21
42,-203,42,-5,-5,-15
-25,-283,-20,-9,-26,-56
-41,-307,-51,5,-50,-22
7,-263,-6,17,25,22
21,-206,50,-2,14,-26
21,-229,0,21,34,11
-20,-297,-43,2,25,-28
-42,-325,-49,-6,-6,-12
15,-228,31,-9,23,14
43,-196,45,25,13,-39
-4,-250,8,-20,-11,-1
-40,-313,-50,-5,21,-3
-26,-277,-30,-13,39,17
38,-215,42,-8,0,14
22,-229,36,12,27,-6
-21,-263,-6,10,-5,15
-36,-296,-51,-16,20,43
-2,-257,-11,-21,-11,-2
48,-204,45,-21,9,-9
39,-243,27,10,20,4
-30,-286,-32,8,-26,11
-35,-293,-55,22,6,14
21,-234,16,1,35,1
40,-214,47,-17,-6,25
-8,-256,23,10,-20,-26
-34,-294,-52,19,30,1
-38,-270,-24,-30,-13,0
42,-224,34,-27,-10,-15
44,-190,53,25,-23,-17
-4,-268,3,7,-10,26
-41,-310,-50,45,-24,15
-16,-249,-15,-7,-17,-1
64,-218,63,-28,-5,-12
48,-226,29,9,-26,-22
-34,-285,-34,19,11,15
-52,-312,-65,21,-6,-12
-10,-247,9,-5,-27,2
54,-210,37,5,7,16
10,-229,11,23,32,26
-40,-317,-49,6,20,-11
-43,-278,-30,3,56,-15
29,-232,33,-22,5,-33
25,-219,62,-34,30,18
-25,-256,-4,-9,18,-8
-52,-295,-46,47,14,-36
-7,-281,4,-20,-26,34
56,-229,35,5,-9,-43
37,-211,33,7,-2,3
-25,-273,-24,-24,32,-0
-40,-294,-55,-10,-11,-31
4,-247,17,-31,36,-4
53,-203,36,-25,-31,-19
24,-242,31,-6,-5,-49
-48,-292,-39,23,-26,-22
-46,-271,-41,-13,-19,-32
29,-216,28,26,-11,-2
40,-221,38,1,21,-25
-7,-282,12,-13,-14,-18
-50,-294,-44,32,-7,12
-17,-257,-23,-0,-6,-4
36,-201,25,-24,-3,15
28,-216,43,28,-8,-7
-35,-295,-30,-7,6,5
-49,-293,-46,-0,18,-21
13,-264,-10,-23,1,-22
52,-215,57,-11,-3,9
20,-261,25,-20,10,-36
-34,-310,-51,-16,-3,-11
-37,-288,-42,-23,6,17
0,-215,33,-3,2,-4
43,-201,41,-37,-16,2
11,-253,-25,-7,1,-8
-49,-290,-49,10,-1,15
-37,-266,-20,12,-2,22
35,-224,36,27,-4,-4
25,-213,34,-5,-27,-57
-33,-281,-5,-11,-11,-26
-50,-311,-48,19,-16,3
-6,-257,-6,-38,-13,-8
55,-207,51,-12,22,-10
14,-231,27,-0,43,-13
-39,-289,-37,-20,-6,-4
-36,-283,-42,9,10,14
32,-251,15,6,7,-6
42,-215,47,47,4,-38
-1,-250,9,-42,-5,1
-45,-303,-46,-5,3,-7
-9,-290,-19,17,13,-21
40,-226,19,6,23,34
46,-213,60,-23,-8,21
-20,-264,-29,-13,18,32
-55,-307,-74,-15,7,-3
12,-273,-22,8,4,-29
48,-212,46,-9,-21,8
26,-237,4,15,27,-43
-50,-275,-52,11,-19,-14
-28,-307,-50,-2,-25,-13
13,-252,8,16,-38,-7
43,-213,66,-34,-4,10
16,-250,-13,35,-16,8
-50,-290,-54,-12,9,-17
-25,-276,-30,-13,29,14
36,-216,49,8,-12,-7
51,-209,45,-2,-5,13
-1,-268,-17,15,16,21
-48,-313,-52,-12,11,8
-13,-267,-9,-23,16,5
59,-202,51,14,-15,-20
24,-231,25,-17,6,-19
-44,-288,-41,-7,-25,-19
-64,-287,-56,16,-14,25
14,-235,16,-16,13,1
51,-204,43,-8,-23,7
3,-231,17,-22,18,-1
-45,-297,-16,-3,22,18
-32,-299,-25,-16,23,4
34,-217,37,-8,26,19
56,-202,52,4,-2,10
-4,-265,-2,-26,-6,11
-67,-290,-66,12,4,21
-26,-258,-9,-20,49,-13
57,-224,44,-11,-23,23
29,-224,33,8,-1,4
-46,-291,-50,8,-7,-16
-41,-308,-50,-31,-23,-2
1,-238,-1,-10,-37,-19
40,-217,63,7,-29,14
9,-240,7,-5,4,-27
-50,-297,-42,20,16,4
-46,-291,-50,8,16,-18
36,-237,17,-29,-48,5
36,-194,51,29,6,4
-7,-276,-6,-3,4,-26
-54,-319,-43,-11,-7,4
-13,-260,-21,38,9,-14
38,-215,23,38,-27,3
36,-216,37,-11,2,32
-28,-291,-44,-14,-10,10
-41,-315,-58,11,-29,20
2,-250,5,16,27,3
54,-204,34,-16,33,8
11,-225,21,24,-38,-15
-43,-298,-46,4,24,-22
-38,-300,-39,25,-18,4
43,-244,26,-7,13,-10
44,-218,58,-16,21,-30
-10,-259,4,11,-27,-12
-33,-289,-37,2,5,13
-8,-250,-19,27,6,23
42,-231,55,10,44,14
45,-224,39,-26,-50,43
-42,-281,-38,-9,-53,-21
-60,-301,-53,-2,10,-27
3,-279,3,-16,25,-5
48,-223,51,-15,3,17
15,-248,5,10,21,13
-24,-294,-30,13,-10,-2
-13,-290,-36,-1,-30,-3
34,-247,25,-1,-21,-13
44,-205,41,31,-20,48
-6,-265,3,3,2,1
-66,-304,-34,2,-34,12
-16,-275,-18,-20,-16,22
37,-224,48,6,14,25
42,-199,56,-18,-20,-42
-10,-273,-27,-7,-36,-0
-49,-291,-51,-3,-13,-2
-20,-239,-14,11,13,-20
62,-200,23,8,2,-5
6,-239,14,23,-22,-4
-39,-287,-30,-14,24,27
-26,-312,-58,-17,-5,37
23,-255,12,-20,20,3
46,-212,51,10,31,-22
14,-247,1,-5,-20,7
-55,-290,-53,-23,13,-22
-10,-271,-29,22,6,30
46,-221,55,7,-16,15
51,-207,49,-26,47,-18
-27,-252,-13,-1,-30,27
-58,-305,-65,8,7,-15
2,-274,2,-5,-6,19
38,-205,61,-7,51,10
25,-229,11,8,5,12
-45,-287,-33,7,-9,24
-30,-286,-43,-11,-1,39
22,-247,-4,17,-22,23
55,-210,39,-13,17,8
-0,-269,-1,-13,-7,26
-63,-307,-46,8,5,-2
-22,-288,-50,17,-6,16
47,-226,25,6,2,-24
35,-213,41,-2,5,8
-15,-258,-11,-12,6,22
-43,-301,-55,-6,-13,26
-20,-270,-20,5,10,-18
47,-203,60,-7,-7,42
40,-223,39,-19,-29,-11
-33,-275,-28,2,20,-17
-37,-311,-39,-1,-23,-1
20,-243,-2,-17,1,-10
49,-209,42,10,6,15
14,-239,1,-7,22,23
-44,-291,-38,2,3,17
-32,-280,-43,-9,-28,2
25,-211,27,-14,39,-22
46,-209,49,-9,-14,6
