-9,-212,28,39,-4,12
31,-236,-2,26,-25,-47
6,-256,4,4,-39,-72
-37,-226,23,-86,-30,-17
24,-185,-2,-13,-5,37
3,-238,17,45,8,1
-16,-255,36,-13,-49,48
27,-227,18,-18,-74,-5
-3,-205,37,39,-64,10
-36,-196,51,92,-7,11
1,-232,18,10,-72,-22
-18,-192,54,11,24,-21
9,-187,57,-60,0,2
-10,-211,10,-51,34,23
16,-203,56,-27,-7,89
12,-190,54,-13,9,-71
7,-189,39,-10,40,24
8,-195,70,-6,-41,11
29,-159,30,-19,8,36
11,-192,17,-2,-14,-39
10,-172,33,-48,-28,77
15,-162,29,-0,36,-33
-25,-159,34,-11,-21,-73
20,-157,40,2,-91,32
35,-143,42,1,53,54
25,-113,36,49,27,11
-11,-121,97,-41,-12,-17
-21,-129,82,-60,20,-24
7,-133,52,-22,48,79
-26,-145,82,9,36,3
4,-141,59,-13,21,-144
9,-141,72,1,50,42
-17,-97,91,29,-27,15
23,-150,78,-0,-64,110
22,-158,80,43,31,33
47,-78,43,-41,21,24
-27,-119,82,9,7,7
26,-113,64,-6,12,4
-1,-80,89,16,-41,52
7,-127,51,-36,3,-19
-37,-116,68,-39,6,60
-24,-110,83,55,-2,-28
-4,-106,83,7,-12,35
21,-127,111,-11,37,45
9,-102,40,11,-30,30
1,-130,96,13,-22,-22
32,-103,95,-93,-43,-89
-38,-102,71,-39,-40,-27
-16,-87,69,2,-97,1
15,-89,76,17,-15,-49
2,-100,48,66,-33,10
-6,-113,72,-8,33,-9
32,-122,84,-55,-12,-34
-54,-93,81,47,-18,8
15,-69,83,43,-53,-33
4,-104,112,-21,2,-43
-26,-94,70,7,22,-37
-26,-144,63,4,51,-47
-32,-54,45,56,-30,-21
53,-94,58,-43,4,62
9,-148,79,16,-9,95
-7,-143,88,-4,-28,10
0,-106,76,51,58,-14
7,-112,64,-54,-81,38
-9,-118,86,-73,-14,18
-22,-142,61,28,69,24
-12,-146,94,-8,-34,33
-7,-138,112,-22,-6,-29
6,-116,41,15,-24,-16
-32,-133,60,3,-49,1
-17,-119,21,-24,-23,-10
-12,-153,54,35,17,42
6,-139,76,-97,11,13
28,-169,54,-29,26,-25
-33,-180,45,-104,17,-57
-9,-152,36,-67,22,-13
3,-194,61,-15,47,20
-22,-156,33,-14,-25,-39
12,-173,45,-19,128,12
49,-183,71,37,-4,16
-13,-168,67,22,2,32
-21,-181,58,-58,-0,-46
9,-140,56,46,-7,-38
13,-188,30,40,-57,46
3,-186,25,-8,-22,3
-5,-197,16,-39,-44,6
11,-147,37,30,-39,10
-9,-190,60,-8,-20,28
-25,-174,44,-33,-46,19
26,-198,11,-51,-24,5
31,-228,27,-30,17,13
3,-214,35,-44,4,13
30,-255,-28,38,-26,56
-2,-220,21,-34,-18,1
46,-223,22,-15,35,-14
15,-228,37,78,40,-25
4,-212,18,37,-19,26
-36,-226,-1,17,-73,-70
14,-257,29,-17,6,52
-24,-274,29,4,-4,7
-29,-273,15,-62,2,112
-8,-264,-18,26,-48,-32
28,-304,13,-28,-28,3
10,-262,-54,31,-120,11
47,-270,-13,42,-24,-5
-4,-235,-9,-81,6,45
-5,-256,-28,-39,-66,13
5,-280,-20,-61,28,-35
-6,-264,-25,0,-6,-16
6,-270,-4,45,75,12
45,-266,-42,12,52,37
-2,-321,-52,16,8,23
-13,-300,-77,11,-30,-38
0,-338,1,6,28,24
1,-285,-31,-14,13,26
18,-330,-32,-28,68,-3
-16,-339,-48,-60,-24,25
-21,-302,-32,-21,-34,15
16,-337,-88,28,-32,90
4,-310,-5,122,34,-19
-10,-351,-21,50,-6,-32
29,-324,3,-28,36,34
-36,-366,-48,2,23,27
-6,-369,-76,-63,13,45
9,-379,-66,4,20,68
23,-372,-37,-6,12,13
4,-369,-49,87,-25,6
8,-339,-46,45,49,36
-37,-362,-51,-20,35,46
6,-359,-78,-13,20,17
33,-361,-76,13,-11,-55
-20,-380,-66,-15,-20,-6
-7,-425,-49,-8,60,-67
-13,-351,-69,113,74,-11
-11,-380,-61,30,-9,-30
27,-417,-114,24,-8,3
48,-384,-74,-38,-54,-24
46,-416,-78,-61,37,32
28,-384,-61,61,75,-37
-10,-396,-65,11,55,-44
-10,-394,-59,-14,85,7
16,-432,-99,-11,12,-49
14,-380,-75,30,-74,-47
13,-423,-59,30,-76,-12
-16,-389,-73,25,18,-1
6,-408,-94,-46,-19,-38
-12,-408,-88,-3,6,-12
47,-395,-49,-32,5,37
22,-407,-26,3,-44,30
13,-389,-74,5,-82,-55
2,-401,-67,12,11,45
-21,-421,-57,28,-4,27
10,-431,-105,-3,-73,-85
-28,-422,-66,-20,3,33
-20,-370,-47,-11,-2,24
8,-419,-86,21,12,77
-40,-387,-67,-53,-37,41
-21,-394,-69,59,-22,-5
13,-407,-86,10,-24,22
-47,-417,-92,-31,55,64
-1,-423,-95,35,42,-81
11,-397,-43,-75,61,-11
-15,-381,-81,-13,-49,14
4,-371,-102,-57,-67,-38
8,-406,-52,43,-25,-20
18,-385,-54,0,77,4
29,-387,-95,-1,-51,-1
2,-396,-103,-13,20,-65
-54,-372,-83,-11,-3,-2
17,-391,-46,-49,-65,47
-6,-365,-50,-25,-48,2
8,-405,-73,84,32,-23
-0,-384,-52,11,43,-20
35,-361,-43,-35,55,-22
8,-328,-47,-45,40,-23
-8,-363,-69,-32,4,13
3,-373,-17,-5,12,0
-12,-361,-24,-90,38,-18
19,-367,-77,-54,25,-20
-15,-350,-56,-0,-8,15
-9,-363,-60,20,-57,57
-26,-386,-58,25,-19,30
5,-346,-40,-2,-11,-32
-12,-342,-47,-23,21,37
-0,-370,-2,-37,18,66
13,-301,-37,-19,53,-14
15,-318,-19,45,-47,-41
9,-313,-44,11,-16,37
-32,-305,-18,-7,73,-11
5,-337,-29,-35,28,25
33,-310,-8,16,-18,-37
16,-284,-17,10,-17,42
-7,-309,-27,3,27,-52
1,-276,-20,6,-24,39
-9,-259,2,23,-39,-32
-46,-288,-39,-51,-6,63
9,-222,-27,-6,-9,-36
2,-224,6,-24,3,35
44,-242,10,-30,40,-30
-16,-258,16,-9,7,12
-35,-231,-42,41,1,58
4,-275,25,145,8,-12
28,-261,31,-9,-12,55
28,-208,-21,-27,-67,27
-11,-234,-40,7,0,-0
-16,-219,18,-30,-0,28
-22,-231,21,57,-68,-86
-12,-216,17,60,84,-7
1,-193,28,71,42,-10
4,-235,14,-24,46,-7
-4,-192,39,-35,-78,4
-17,-233,39,-33,43,-31
1,-176,40,36,-43,35
-17,-219,55,10,-13,-7
13,-185,47,7,60,-19
4,-198,63,-28,4,-32
9,-185,45,61,-1,-56
-14,-192,54,49,7,24
25,-199,48,85,-36,-3
-5,-153,38,54,54,22
-19,-170,43,-25,12,65
10,-154,49,35,8,-62
-25,-128,23,31,-50,11
15,-120,57,-80,-38,11
-48,-150,9,4,30,-25
-16,-145,35,13,28,6
5,-124,49,21,8,9
-36,-163,75,68,4,-31
-14,-118,50,21,53,-36
-24,-134,64,-34,4,-25
-26,-145,17,-42,13,21
4,-137,97,1,-9,7
8,-119,66,-102,57,-25
-23,-105,70,-14,-1,20
11,-127,29,-5,45,30
-21,-96,55,41,54,68
17,-143,35,20,-48,6
-5,-89,57,-13,-42,-33
-4,-128,51,24,-22,-11
-7,-136,85,-19,-4,-6
-3,-128,54,11,-72,6
-48,-160,89,-25,5,-27
1,-117,82,29,2,19
-5,-111,93,-14,-18,-20
7,-110,72,21,-5,-10
-21,-138,99,18,-13,26
7,-97,106,27,52,-67
2,-142,47,26,32,-17
-8,-77,67,-11,-5,3
-9,-104,77,4,70,-5
10,-133,94,61,-24,-5
-8,-116,78,6,18,64
2,-135,89,-64,-29,56
-4,-93,72,11,-22,-0
-37,-151,88,69,12,-26
-29,-99,60,55,-5,0
8,-110,95,-29,18,-25
-1,-114,72,40,6,22
3,-124,135,-58,29,20
-33,-125,72,-34,-89,40
-22,-92,93,-63,10,31
-19,-122,94,15,-57,-25
28,-145,64,42,-53,23
-2,-126,105,-29,-32,2
30,-106,94,-5,-25,-38
-0,-113,55,84,56,16
-14,-141,94,-23,10,61
-36,-93,80,14,8,-68
-24,-123,28,-22,-66,-33
15,-120,64,-2,-19,-55
1,-143,49,-6,28,12
49,-133,62,34,-27,-54
-29,-132,44,68,-27,-64
-7,-136,50,-13,-34,-36
-26,-150,38,-14,-5,-19
24,-149,56,-35,32,37
-4,-120,42,-23,13,-42
9,-142,58,49,-67,-7
42,-193,50,-28,-50,-0
-6,-159,57,48,-40,-55
-31,-157,49,65,27,12
-13,-151,22,75,-3,-37
-3,-195,23,-7,75,-8
-32,-170,64,-71,75,31
-12,-145,45,-41,-43,57
-35,-205,-4,-17,26,-13
6,-199,20,-22,38,-54
1,-177,-10,-38,44,14
-7,-228,21,-15,20,-18
28,-215,43,-18,25,-42
3,-205,42,-13,59,113
-24,-198,27,-27,34,-30
30,-208,-32,10,-76,43
18,-253,26,98,28,-55
-22,-244,30,-46,-16,25
1,-244,1,46,-44,62
-13,-191,19,59,-21,-31
-13,-234,26,4,-7,34
51,-271,43,35,23,51
-25,-266,-21,15,1,-9
13,-273,15,-4,58,11
-11,-253,-8,46,28,-7
5,-274,-24,-23,64,-27
-8,-278,7,-12,-8,120
31,-258,-22,-31,-1,-28
-24,-298,1,58,33,-22
-25,-265,-6,-39,-4,-40
7,-302,10,18,33,-1
-28,-317,-17,-21,-68,19
-17,-305,-1,5,-16,-54
-36,-298,-34,26,42,-2
27,-317,-28,-29,-123,-56
-19,-305,-20,3,-31,-48
45,-347,-35,7,16,-36
-1,-325,-31,1,-5,-22
-1,-312,-54,0,-24,7
11,-332,-77,66,-27,38
-16,-332,-25,-62,32,-31
-0,-361,-4,9,25,53
-12,-340,-38,-24,2,-39
4,-331,-35,-41,47,40
10,-376,-56,35,-8,17
2,-364,-50,29,-53,-14
12,-367,-78,75,35,32
17,-363,-58,36,-14,4
19,-374,-68,53,23,-2
23,-401,-79,-36,25,66
-15,-407,-42,-8,14,-70
44,-338,-54,28,6,22
-8,-323,-103,2,72,13
-10,-354,-66,7,-18,29
-5,-367,-37,7,40,59
-3,-389,-48,-50,13,3
-24,-358,-62,1,15,9
-32,-370,-76,17,-6,-41
13,-399,-83,59,73,10
-14,-411,-46,-27,-1,-67
-20,-372,-94,26,24,52
20,-376,-82,-38,0,59
37,-409,-54,-68,43,-43
-20,-392,-55,-15,-13,9
-30,-418,-82,38,19,-4
-12,-421,-43,-2,6,10
5,-427,-41,35,80,-28
-4,-411,-66,-62,-35,-15
9,-392,-74,-0,-3,-111
8,-417,-69,19,20,32
-19,-398,-77,26,-22,-2
8,-397,-71,-1,19,15
34,-358,-87,-74,18,14
5,-417,-136,19,-2,-78
15,-402,-47,-51,-57,-82
10,-383,-46,54,70,-16
1,-399,-80,60,58,1
-19,-389,-82,-96,37,-30
-17,-415,-94,0,120,28
18,-404,-74,-65,3,-44
13,-398,-94,-16,23,6
12,-435,-81,-9,-34,10
-1,-423,-92,-63,29,-7
18,-391,-94,17,32,3
12,-408,-91,-33,26,53
-20,-353,-73,11,-7,60
-41,-416,-59,-79,-28,-27
6,-365,-73,-58,-8,-47
6,-393,-61,8,-17,54
-1,-375,-94,9,41,-7
35,-371,-59,-25,-3,-10
1,-380,-46,-22,-54,-24
9,-384,-45,-34,6,21
-20,-410,-78,25,-5,-31
-4,-328,-16,-58,28,26
-20,-365,-77,-40,37,-73
2,-393,-61,57,-38,18
5,-338,-43,-1,13,82
-1,-343,-73,59,26,0
-14,-402,-40,-13,61,-19
5,-368,-41,-12,21,15
13,-349,-38,-19,5,41
-5,-357,-37,2,4,17
-20,-339,-39,-77,2,13
-41,-350,-28,-87,-48,0
-35,-334,3,-48,-55,58
-31,-361,-7,-38,2,7
23,-315,-34,-43,18,25
25,-307,-22,-8,1,18
-23,-313,8,58,-52,-42
13,-330,-20,23,-54,-58
46,-285,-24,37,-93,-12
6,-304,-23,-15,-51,-48
30,-289,7,-11,-28,38
2,-318,3,4,-23,10
-6,-309,-1,13,-89,-24
2,-226,-36,-32,44,36
-9,-279,16,-18,17,51
29,-289,-36,-69,51,21
-28,-254,-25,-29,12,-22
6,-277,-38,5,-28,-31
-36,-274,-6,33,-22,-2
10,-239,-8,58,22,-32
-31,-228,8,15,9,-37
10,-261,23,-41,-8,26
-2,-232,27,-37,-24,10
16,-251,29,-9,29,-7
-11,-264,61,-2,38,64
-31,-223,17,38,75,-12
31,-245,10,31,-6,44
5,-215,-10,41,-38,-3
-17,-218,3,8,-17,-53
34,-212,19,-37,28,13
2,-229,32,25,-49,-44
-22,-207,55,-75,-10,97
15,-232,4,-74,12,13
18,-204,46,-6,-68,-43
-58,-221,35,-70,3,0
7,-177,17,57,-20,-15
-6,-187,37,-9,85,-39
3,-183,81,32,-26,-21
20,-212,25,50,21,-31
4,-193,47,78,-19,-14
-9,-181,91,-30,-54,21
-19,-169,1,34,-87,7
-5,-163,24,-10,-28,-53
-14,-154,39,-17,-3,69
48,-190,57,29,5,-15
-31,-125,28,-13,-17,-20
-11,-130,51,58,28,46
-18,-153,55,24,-26,-37
-15,-135,52,-13,23,26
-10,-130,57,-16,-50,35
1,-123,60,-3,31,-29
11,-162,79,-72,18,-7
16,-105,44,-97,16,-54
-30,-133,40,81,-43,-31
-3,-146,60,30,40,-47
-18,-108,59,4,-65,44
-9,-127,55,-31,19,77
4,-106,62,24,-24,10
-32,-149,142,26,-7,-50
8,-116,47,23,-6,17
-1,-91,95,24,57,-77
3,-105,86,78,49,6
-14,-72,49,-8,75,59
46,-117,42,-11,62,14
9,-115,82,-3,58,24
42,-119,44,-68,-60,33
12,-82,90,-10,70,-28
-1,-119,67,5,-4,-30
10,-75,119,-41,-28,-68
2,-99,76,-14,-21,-23
-7,-110,90,56,4,-38
-20,-86,93,-36,-62,58
27,-139,74,1,-66,-44
-3,-120,108,-16,47,-0
17,-107,64,16,-4,-17
-24,-112,78,0,-57,-37
-22,-125,56,14,10,48
-32,-76,76,3,59,-33
18,-113,101,-15,-2,22
1,-139,60,7,-3,20
23,-149,95,-10,-19,-88
9,-114,85,-16,16,33
-2,-138,50,14,31,92
-29,-122,35,66,47,-46
-22,-118,88,-57,67,-33
7,-138,49,1,-34,87
42,-116,59,44,-0,-15
31,-122,71,-14,10,-6
-11,-111,71,-70,38,55
2,-139,48,51,-40,-42
-2,-118,53,16,-33,44
13,-123,68,50,14,-5
12,-167,25,7,-41,-9
-2,-146,70,-60,-49,79
-15,-138,65,-29,-37,-38
31,-159,59,54,12,31
-39,-137,58,9,49,40
4,-189,57,-19,-22,-44
8,-162,48,84,-3,18
11,-167,48,7,111,26
-23,-181,56,-1,61,46
-32,-186,60,16,-65,-54
5,-166,51,-10,47,-51
7,-191,49,4,-105,-11
-20,-189,23,-1,1,-36
5,-180,26,53,27,74
13,-191,52,-67,1,6
0,-215,-8,-72,-46,13
5,-172,33,3,-18,88
-7,-199,25,36,-26,4
-32,-200,4,61,-27,-69
49,-192,52,-45,-18,7
-10,-198,30,-43,-17,30
16,-218,5,-36,24,-63
15,-251,7,-62,72,61
-39,-252,-3,21,-54,-0
-26,-262,-12,72,3,2
-15,-251,25,-51,-36,-28
-17,-233,9,28,-28,-3
7,-267,-3,15,-58,-33
5,-305,-12,58,10,-33
-12,-299,-19,89,-85,36
34,-231,1,10,-30,29
14,-286,-5,-30,36,-35
-27,-281,2,-24,-38,9
7,-307,-12,-32,-11,24
26,-314,-2,7,44,52
35,-298,-13,6,-20,21
-26,-330,4,-33,11,5
6,-325,-20,-11,-31,-1
19,-312,-21,9,-8,17
9,-273,27,-34,-5,-3
-8,-322,-40,-2,12,17
58,-300,-23,-8,-54,-29
12,-308,-57,-63,37,25
2,-309,-39,-13,6,95
-29,-343,-43,-52,-63,-21
-0,-325,-55,35,-15,10
25,-346,11,37,-35,-7
3,-327,-45,-27,17,-12
10,-345,-27,-33,68,-42
9,-325,-34,20,5,-1
29,-367,-56,-16,32,-15
11,-375,-19,-51,29,-1
35,-389,-59,-74,10,-8
17,-345,-52,47,-30,45
2,-357,-72,27,-29,8
-14,-395,-57,37,8,47
14,-418,-56,54,-36,-41
-16,-396,-37,70,-31,48
-6,-353,-53,12,-28,-23
12,-357,-56,18,22,-15
19,-357,-37,-35,-7,19
42,-358,-65,23,12,-38
-22,-389,-87,-20,-46,-32
5,-402,-61,-52,48,9
-15,-403,-71,-11,20,15
-19,-382,-71,27,10,-4
25,-388,-74,-84,18,33
2,-397,-73,-11,-9,-40
4,-422,-80,89,46,8
13,-410,-101,-40,3,53
-20,-437,-62,30,38,-27
-6,-377,-87,54,9,-5
-10,-415,-99,42,-38,98
9,-395,-104,-37,30,18
22,-404,-95,15,26,26
3,-408,-53,24,71,36
-1,-397,-59,13,-71,7
-8,-430,-65,-17,-10,88
22,-408,-53,-41,-45,-21
3,-432,-57,13,-13,8
-3,-417,-34,56,-5,47
-18,-415,-80,-39,-23,-37
-44,-377,-75,-24,19,-39
9,-401,-66,44,-76,69
29,-395,-87,-65,27,-28
-5,-415,-86,50,-16,-106
9,-380,-74,69,-47,3
5,-358,-123,-29,-14,15
-17,-371,-33,31,-37,32
-11,-385,-85,34,13,41
13,-374,-66,-23,49,-3
30,-394,-68,69,8,5
-1,-416,-33,-49,1,-8
-11,-435,-36,78,-29,-64
36,-390,-64,-19,18,35
24,-389,-27,76,-64,67
-22,-389,-94,-42,56,43
-1,-382,-74,7,-25,3
17,-348,-88,-18,39,40
-33,-386,-87,5,-26,-31
-29,-349,-88,44,34,-2
15,-360,-48,-11,-34,25
5,-337,-53,17,37,-29
42,-351,-57,-32,-51,32
7,-305,-59,26,-6,30
2,-310,-57,10,34,-11
20,-360,-49,27,118,28
19,-326,-74,35,-54,80
21,-340,-2,36,-27,-31
-2,-350,-63,-29,44,22
21,-305,-41,71,-27,48
-17,-321,-28,-33,6,-116
-34,-348,-48,0,-57,26
0,-327,-43,49,62,-4
-0,-307,-69,-32,-60,14
-15,-303,-41,-19,-20,-26
31,-321,-27,33,-37,-54
1,-289,-43,-23,-3,-16
-24,-283,-29,-62,-8,-3
-8,-304,-18,-10,54,-27
30,-289,-40,-15,43,-10
15,-298,7,18,46,-2
9,-282,-8,87,69,-1
21,-276,-26,34,48,-20
-21,-284,-9,8,75,11
2,-293,3,7,21,53
-29,-227,-14,38,49,-35
13,-226,14,15,8,-49
7,-265,23,-27,10,-57
22,-286,16,-23,-11,-3
5,-229,-7,-25,62,-19
41,-250,11,56,98,-59
-34,-221,-9,-12,-30,-49
25,-220,-5,18,-16,53
-21,-238,25,2,-61,22
-32,-234,25,-7,33,38
6,-218,0,-81,-2,9
-10,-169,57,48,35,74
5,-220,45,-15,-42,-75
7,-208,31,9,55,23
10,-238,50,-53,9,-16
-40,-203,23,-1,-15,73
11,-198,38,-55,4,-47
-20,-184,43,-49,32,58
2,-182,78,-2,35,31
-4,-160,40,70,-23,-40
13,-195,39,25,-50,7
10,-144,32,54,-30,10
6,-187,27,-17,-7,-11
-11,-154,78,-24,26,13
-6,-175,35,-60,-51,-21
3,-146,50,-3,-1,21
-33,-141,16,-4,-56,-61
-5,-145,19,-4,-4,-40
4,-147,15,-69,58,-63
-36,-160,59,58,15,49
-24,-119,86,26,-63,-8
-8,-131,42,-53,59,-20
2,-153,66,-10,13,30
14,-122,77,33,58,44
-12,-145,67,53,-36,56
-22,-120,82,16,-32,10
10,-143,57,53,-17,-5
18,-142,81,-13,8,-48
-16,-102,38,50,-64,-15
13,-102,98,-30,55,24
47,-130,79,49,-27,2
4,-127,74,32,-4,-41
6,-101,60,4,-58,-31
-10,-95,80,6,29,49
8,-121,88,-76,-12,-13
-15,-116,77,21,64,-15
-24,-62,63,-27,24,30
28,-131,74,47,68,-25
-18,-121,90,-19,16,4
20,-123,106,-5,-68,13
-1,-147,94,48,-48,73
-26,-89,66,85,27,39
13,-148,88,72,4,16
11,-120,71,32,-13,51
-21,-87,81,-15,60,5
5,-106,60,-69,1,-20
17,-135,64,-9,-25,9
-34,-89,96,5,-13,27
-33,-104,84,-2,10,71
3,-98,61,-12,53,-8
-2,-118,46,21,40,93
-4,-87,94,-36,36,2
-11,-77,70,-29,59,16
-19,-114,92,-7,-12,21
-3,-109,87,31,4,-59
-28,-115,91,-10,85,-21
24,-110,63,-90,-15,51
-0,-159,82,-7,49,-31
-30,-118,58,70,-20,54
24,-117,37,-22,-25,44
-9,-92,92,-27,-70,-24
-36,-139,30,45,19,-24
-15,-143,79,13,-23,-80
12,-117,90,31,-48,-34
29,-142,58,-69,-17,2
32,-119,72,43,1,-13
5,-154,91,3,-22,-63
-2,-178,22,-4,-14,37
5,-158,47,12,-9,-25
15,-173,65,1,29,-45
-54,-143,52,0,28,-42
17,-174,38,-18,29,28
-25,-187,-14,20,22,9
3,-177,21,-4,-90,-3
-17,-143,21,-17,68,33
16,-193,13,18,-9,4
1,-215,48,-57,24,-0
44,-175,15,63,7,-35
6,-177,37,2,-33,-23
-25,-172,38,-1,55,-37
-5,-170,45,1,3,6
-14,-195,47,-10,-54,11
16,-241,11,-20,51,-41
-19,-216,37,36,-48,33
8,-209,-22,-7,-39,8
2,-250,0,6,-37,-9
-10,-192,31,-6,-37,18
-12,-281,7,38,17,0
-32,-238,-17,18,-36,-70
-3,-239,30,-11,6,-7
-13,-271,-12,33,10,18
14,-251,-13,50,-40,55
13,-263,17,-20,-48,18
8,-280,7,-45,-44,19
5,-267,-44,15,53,-12
-19,-270,-16,42,26,-41
29,-268,-17,75,-13,19
-19,-230,-9,-27,-8,-3
-18,-265,15,-44,-6,-45
-33,-264,-6,7,55,20
-13,-313,-7,11,-20,-13
7,-316,-46,-98,13,-21
-13,-360,-44,56,59,-80
3,-286,-35,-46,82,-40
27,-350,13,62,-28,47
-15,-306,-42,-7,-40,-17
24,-319,-22,41,23,-5
19,-347,-33,24,91,-26
-5,-300,-37,-65,-7,33
10,-332,-61,-20,10,45
33,-315,-19,-25,36,-19
-25,-359,-69,17,-58,70
-3,-353,-30,87,18,-14
7,-356,-22,26,15,-26
-27,-332,-83,32,46,1
-1,-378,-51,-104,106,-70
-0,-355,-65,-40,-9,75
-17,-366,-95,13,-32,-26
29,-341,-39,-52,-36,25
19,-394,-24,-23,51,-36
14,-390,-51,8,7,2
-22,-372,-34,-17,-18,-47
-8,-390,-59,-0,28,-13
-2,-354,-48,30,20,3
-21,-372,-36,24,14,81
-24,-359,-62,-58,47,19
-20,-369,-94,-71,-19,-47
10,-356,-75,-8,-7,24
14,-386,-39,-4,36,-28
8,-380,-63,-11,-45,61
11,-374,-67,-18,40,-70
6,-397,-65,-50,70,35
-4,-417,-61,-44,-57,-58
22,-422,-53,30,-3,39
9,-436,-73,2,4,-14
30,-388,-65,-3,7,28
-3,-393,-53,80,13,27
7,-409,-45,4,39,2
2,-431,-32,-25,25,-38
29,-407,-68,20,-57,6
-10,-433,-94,-45,-21,-20
2,-417,-90,1,28,45
8,-416,-74,-62,9,36
-11,-418,-92,-8,-88,-60
-14,-393,-61,-32,12,-55
30,-385,-25,-26,36,-90
-18,-408,-82,6,-20,-11
-44,-406,-79,-52,-57,-2
0,-378,-43,-33,55,-30
30,-400,-45,55,-10,34
7,-394,-76,36,40,5
8,-372,-83,45,58,3
-2,-418,-85,-3,-58,12
-57,-400,-77,2,94,-45
-0,-393,-64,0,38,79
5,-392,-95,34,-24,-1
32,-419,-18,2,-21,67
-1,-387,-51,-19,1,46
7,-385,-77,-42,21,3
-32,-380,-58,11,-5,37
27,-352,-74,7,21,-25
11,-361,-59,-5,33,-7
49,-398,-46,-34,-24,35
-25,-333,-70,-43,-69,81
-8,-361,-41,-61,-50,-8
23,-396,-59,-14,38,-45
-4,-368,-81,16,-71,-8
-15,-346,-83,-7,7,-70
-1,-370,-51,-9,-34,-29
-26,-371,-76,115,-35,0
-36,-347,-65,-35,-8,-9
21,-324,-19,12,-68,15
18,-379,-52,-21,-21,-20
-5,-305,-22,-2,-1,-22
8,-340,-27,-85,36,-18
-7,-333,-33,50,-113,-45
-1,-341,-4,-62,-49,-30
11,-376,-11,21,9,26
-20,-314,-18,2,25,-5
3,-296,-25,58,2,21
-8,-330,-3,-12,4,-26
24,-318,-2,10,-65,38
-21,-300,-40,60,48,-53
-16,-322,-19,-3,-68,12
-17,-262,-9,-25,-19,-6
3,-294,-37,22,-26,-34
4,-245,-29,-63,-41,34
-25,-275,-66,12,-20,12
-14,-272,-13,0,20,36
7,-294,-23,20,-60,58
8,-265,-7,37,-46,13
-14,-279,9,3,-6,-16
24,-271,-9,37,24,-48
6,-259,-22,-34,-22,50
4,-245,-22,-51,43,25
16,-260,10,71,-31,21
5,-238,-8,33,52,22
-9,-221,31,11,-20,-48
11,-222,38,35,-43,34
15,-201,31,29,4,-60
13,-209,27,-8,15,19
-11,-218,4,44,-34,-20
-34,-202,53,29,-39,-30
12,-187,11,5,-18,26
-14,-189,28,-23,4,-53
24,-207,41,-35,37,2
5,-208,13,-11,41,16
10,-186,24,-17,3,-22
7,-163,46,-17,6,-17
-0,-193,29,11,69,-35
11,-181,20,30,-133,4
-6,-197,51,-59,-30,-1
-28,-159,50,-21,9,-23
-11,-158,53,14,-5,-21
13,-192,39,-22,-15,39
10,-143,12,-5,60,-14
18,-133,31,72,25,-17
-10,-154,46,18,28,-9
9,-159,54,-51,51,-3
-17,-163,61,16,-21,-39
32,-176,95,-20,-67,-45
20,-98,54,-17,6,29
-11,-148,71,-34,-29,-16
34,-114,60,91,33,-19
-15,-122,33,-4,44,13
14,-78,100,44,55,21
1,-151,89,-9,-10,26
-4,-97,89,32,12,-14
-6,-107,64,-7,-31,-2
-8,-142,79,34,-28,-30
-21,-117,80,-22,-31,5
8,-136,76,-14,44,-26
21,-133,84,56,-29,4
-14,-135,64,-63,16,71
5,-99,85,-28,-13,13
-21,-131,103,79,-58,49
-13,-133,76,29,28,28
20,-146,69,6,14,19
-37,-72,80,-49,45,-134
-20,-132,86,43,-5,-46
-6,-107,45,-78,8,63
24,-119,78,-12,66,103
-5,-106,65,-9,80,69
3,-86,81,-26,20,-55
-2,-156,66,-30,-22,31
-1,-109,59,-38,23,55
-27,-126,95,1,-4,-79
20,-124,93,14,88,-17
7,-128,84,38,-14,-34
-13,-94,90,11,-11,4
-13,-131,48,11,-23,18
-25,-139,48,35,-21,18
23,-110,75,43,-87,-31
17,-111,77,-41,-23,-16
-21,-155,58,-25,14,28
-18,-142,51,75,-63,-1
-6,-106,33,47,-35,5
-5,-141,48,24,22,75
22,-160,55,-41,-3,-63
-9,-121,69,63,30,-85
19,-128,76,7,26,18
46,-156,85,11,60,56
-1,-129,67,-17,8,-115
15,-142,98,-21,-24,69
2,-123,4,-25,36,34
-44,-134,33,39,16,-11
6,-143,75,103,-9,4
-15,-180,71,5,-26,-57
-26,-154,46,-14,-17,29
-8,-187,68,-9,-20,15
-22,-151,18,34,30,-60
0,-154,21,-1,-64,40
-22,-144,44,-4,-41,-20
-20,-155,32,-8,26,2
14,-188,24,-23,4,15
3,-152,60,-27,14,29
-10,-143,35,8,-32,-22
29,-211,64,20,-10,-5
1,-160,36,-15,-28,-65
11,-186,56,54,3,29
-0,-238,20,1,64,-20
-26,-211,7,1,5,-59
1,-230,12,18,5,5
26,-189,7,-42,61,-14
-27,-224,41,18,37,-43
-0,-218,8,-25,-47,66
4,-238,18,30,50,3
2,-226,-0,23,-52,-28
-3,-269,-1,-38,27,-42
10,-254,18,12,4,44
-14,-261,-16,-5,-46,7
-54,-261,-27,31,3,-27
28,-292,-40,-19,13,6
9,-272,-31,-44,53,41
-32,-246,-13,-41,-7,-32
43,-269,22,10,-48,51
-9,-306,-36,-136,37,104
8,-324,-20,-39,67,45
23,-290,-32,-19,6,-23
26,-288,2,-13,24,22
9,-292,-25,-19,67,-49
20,-281,-19,19,56,-25
-12,-318,-2,38,-26,21
47,-297,-11,71,-9,-69
8,-333,-48,6,-66,-25
19,-311,-32,5,16,-39
-3,-294,-14,14,5,-55
6,-325,-28,-5,-23,-5
-38,-315,-64,65,-11,66
-10,-301,-61,37,-17,-10
7,-348,-59,-22,10,-38
4,-359,-11,-69,-8,10
-22,-348,-19,-33,-31,-74
-1,-353,-53,25,3,31
-23,-320,-52,-38,-19,28
22,-360,-48,-40,33,52
5,-368,-66,-55,-37,19
21,-414,-57,-4,-23,71
8,-324,-77,-37,42,-5
2,-353,-83,27,-39,39
33,-396,-27,14,-93,-57
24,-389,-59,-22,29,17
21,-403,-32,-93,80,-30
-5,-370,-84,-51,-6,46
-26,-399,-86,-5,-61,-9
6,-437,-39,27,-61,14
-3,-378,-70,8,-47,-30
-3,-373,-42,33,5,-24
-29,-364,-44,39,27,-15
7,-377,-61,31,26,-39
-25,-420,-94,-10,-63,34
41,-348,-60,-32,12,47
13,-393,-79,77,41,4
17,-395,-78,48,-1,13
6,-412,-89,-43,33,14
3,-446,-75,-46,65,16
10,-419,-98,19,26,-7
12,-392,-92,23,11,12
-10,-384,-59,53,80,49
10,-398,-56,-25,-31,11
9,-422,-108,-24,66,-2
51,-427,-87,-51,-49,-3
-4,-409,-81,-32,1,-9
-30,-378,-67,-5,-26,17
20,-408,-60,-12,30,-115
-21,-394,-100,-9,-36,4
10,-422,-61,0,-13,28
11,-374,-58,-9,-2,4
-21,-402,-124,18,94,18
-9,-394,-101,104,57,26
-12,-423,-92,74,-53,10
-13,-412,-91,-40,62,28
-0,-390,-80,45,-41,54
-36,-370,-88,-62,65,64
0,-429,-77,-15,-19,-55
6,-358,-63,21,-10,-22
-11,-381,-72,22,-94,32
-7,-375,-84,32,27,-74
8,-399,-44,20,-26,49
8,-342,-51,5,74,14
39,-350,-62,59,-52,55
17,-396,-33,-102,-87,5
-0,-384,-76,40,-24,-10
12,-378,16,44,-50,13
17,-355,-63,40,-40,16
-7,-371,-12,3,30,34
-18,-356,-46,10,70,16
3,-393,-79,-55,-67,10
11,-379,-77,44,-10,-9
9,-371,-17,22,35,-47
1,-365,-54,114,-47,-1
-23,-348,-39,1,-23,58
-4,-315,-20,-6,54,-7
19,-327,-35,22,10,-45
31,-310,-50,-20,11,-16
23,-354,-14,-29,25,-22
-33,-306,-32,-23,53,-14
-34,-310,-31,-50,16,-12
6,-315,-41,38,7,16
-12,-303,-36,53,-25,-77
-2,-300,1,-54,46,-33
-11,-320,-31,14,34,37
14,-293,-42,-10,1,-17
20,-302,-5,-25,24,-71
26,-281,-15,-35,-6,17
24,-284,-28,-36,-50,-1
23,-279,6,82,36,41
-6,-300,-29,44,-24,14
-4,-277,-14,10,-47,-44
-9,-304,-8,43,-0,8
10,-276,-26,18,48,-35
-8,-248,-13,-60,108,-64
-7,-260,-2,-35,-2,43
-20,-221,2,-26,-34,-42
11,-234,-3,-30,-3,-82
22,-255,5,5,-81,-9
-35,-263,34,-3,-37,24
0,-223,23,-7,66,-23
-13,-234,21,-12,31,-9
-37,-221,16,34,55,15
66,-200,34,-9,-16,-27
1,-194,20,-44,11,44
-10,-186,44,-63,-32,30
-28,-221,26,-38,10,38
16,-187,45,42,6,-15
18,-199,24,-40,-18,18
16,-196,25,-38,17,1
-20,-209,47,-40,-14,-36
-33,-154,45,15,10,-13
-12,-196,54,52,-15,-39
-38,-160,-0,22,47,-78
10,-177,35,-39,19,56
-11,-161,72,15,-42,52
37,-185,57,-14,-2,-38
-5,-131,33,18,-98,-1
13,-157,33,-6,-37,-11
-40,-142,72,6,-3,-61
2,-150,8,-51,-61,-39
15,-120,57,-4,36,24
6,-143,70,120,19,-1
11,-179,44,7,34,-51
-2,-127,41,0,2,29
29,-129,68,55,-6,-8
11,-118,89,-27,53,-4
40,-122,97,-47,-26,-10
39,-138,87,-25,50,-61
26,-122,87,-41,-11,-3
-20,-128,63,-53,-10,30
5,-131,104,-55,49,15
-26,-142,102,-10,-4,-21
-10,-78,79,-29,-1,42
7,-158,42,-40,-60,2
9,-114,91,6,-17,-16
20,-129,75,-57,96,52
8,-146,67,75,-0,-37
37,-142,85,-54,4,3
18,-124,97,12,-18,49
8,-83,71,10,42,23
-20,-105,58,25,9,-18
22,-125,74,86,35,0
-4,-122,95,-88,-41,96
17,-88,117,-68,0,126
15,-115,72,32,-45,2
24,-104,113,42,-13,-13
-4,-124,67,7,61,55
1,-121,49,16,-27,51
13,-147,65,-8,-19,34
-20,-104,75,-7,-23,40
-28,-62,72,37,13,-42
-12,-77,80,-36,30,29
-0,-102,111,-52,-36,48
-8,-142,32,46,-26,-33
1,-70,57,44,-9,18
4,-151,72,-109,75,78
-28,-132,34,58,34,-53
-32,-112,56,38,-33,27
14,-130,120,-71,8,64
-9,-131,50,33,-11,-1
14,-176,44,-4,19,-9
-12,-115,72,-70,2,14
14,-124,61,19,16,7
-6,-148,71,-38,-67,-4
-15,-139,46,62,66,-43
-13,-125,52,20,57,-34
32,-133,50,-41,20,12
31,-119,65,-13,18,15
-16,-143,43,17,63,-66
10,-115,53,16,-41,-1
-16,-148,102,68,35,42
-32,-183,76,-27,8,-21
12,-170,46,-36,34,-17
-15,-164,39,-67,-5,12
-4,-177,23,29,7,46
9,-166,34,98,36,15
-2,-192,43,-9,-13,-21
14,-169,46,-31,35,-18
6,-185,4,54,38,30
-25,-172,34,34,-1,21
12,-207,55,7,-26,4
-7,-195,40,-7,-35,3
22,-186,44,-70,-11,8
9,-211,14,5,-5,-11
-1,-209,36,-13,14,-38
-21,-260,48,24,16,-65
7,-176,19,34,-39,18
-7,-191,26,12,-3,3
-7,-232,-1,15,-37,-26
6,-195,-12,50,53,27
5,-189,45,61,-2,-10
-53,-264,20,4,-54,-5
16,-238,-15,7,10,-1
-25,-247,18,-16,-14,47
6,-247,8,-33,35,34
-44,-266,20,-65,-16,37
-17,-278,4,-39,-20,35
-11,-267,3,20,-14,-13
-9,-273,-24,-24,27,-21
-8,-274,-40,-12,-13,46
-1,-261,-47,34,-34,-62
-11,-301,-0,-3,0,-50
21,-282,-2,7,-5,26
12,-289,-9,62,-26,-6
7,-307,8,62,52,22
-7,-326,-36,2,-6,43
13,-355,-57,-8,16,15
24,-295,-32,21,58,-16
-8,-292,-39,9,-26,72
13,-322,-38,31,42,34
2,-315,-71,-7,-53,-26
31,-321,-42,-46,-22,60
5,-353,-62,-43,35,-106
-31,-334,-23,4,43,-13
-14,-374,-66,112,33,-18
14,-354,-64,1,-40,-14
13,-390,-38,-61,-7,31
-39,-376,-46,-18,3,11
-32,-347,-60,-40,-5,-42
20,-335,-54,-8,-9,45
-11,-386,-56,14,-19,41
13,-365,-64,2,-46,33
-11,-412,-62,9,37,-11
-22,-398,-79,33,-19,-56
-13,-414,-53,71,7,-20
-10,-369,-58,-34,-19,30
14,-347,-68,-33,-8,-27
-6,-400,-58,-7,9,-3
-18,-412,-73,20,46,25
17,-392,-53,-4,-20,54
-5,-335,-68,-27,54,25
19,-385,-61,15,18,59
-18,-422,-93,49,60,50
-28,-385,-92,29,-23,9
-9,-433,-90,30,4,37
1,-391,-44,-17,25,59
-12,-401,-70,11,-79,-0
12,-370,-37,-46,1,-25
5,-399,-115,-8,26,52
-8,-421,-100,-25,-32,13
-26,-393,-60,12,-26,76
-18,-432,-105,61,27,-36
5,-441,-113,7,-7,66
27,-396,-58,-29,62,-5
-6,-356,-120,11,19,-8
2,-396,-60,-23,-31,9
-19,-418,-51,-29,-43,27
-24,-414,-66,-46,27,4
16,-434,-102,51,-20,-24
-10,-394,-71,-86,-40,0
-8,-392,-81,25,-47,27
-23,-415,-64,36,5,-59
-31,-408,-81,-57,-79,-23
-6,-362,-79,42,-49,44
-2,-398,-49,-24,-51,-30
-6,-381,-82,-39,67,-13
-17,-359,-62,93,-22,11
-7,-402,-61,69,-13,-24
-19,-384,-111,60,8,24
-13,-319,-50,20,-54,-18
9,-382,-81,-8,-40,-38
-2,-380,-69,-1,25,20
-60,-361,-68,-3,-40,-38
-32,-392,-74,30,-39,-48
-8,-405,-41,10,-68,-75
-21,-387,-92,14,-101,5
13,-369,-59,47,1,27
-21,-347,-34,3,55,-35
-4,-329,-77,-4,33,-15
-10,-381,-23,16,-3,13
7,-369,-54,-19,41,80
-47,-363,-41,22,-42,26
31,-347,-45,3,14,24
39,-345,-63,-44,26,75
11,-327,0,-23,43,-36
3,-335,-67,10,48,38
18,-308,-77,-21,-81,1
-6,-344,-2,-34,-27,-32
3,-313,-14,-3,-16,-8
35,-313,-5,7,-28,-1
-4,-351,-36,-15,16,2
-16,-330,-18,-2,38,6
-2,-323,-34,18,3,-6
-16,-336,-39,33,-21,-72
-19,-319,-27,5,57,52
-15,-279,-23,44,-1,42
-34,-310,-45,2,21,-3
14,-299,20,-39,-2,19
39,-308,2,-30,-45,-10
-2,-287,-11,-28,13,51
31,-271,-28,-14,30,6
-14,-254,-17,-26,32,55
13,-261,-9,5,20,-65
-3,-278,-3,-97,17,-67
12,-249,33,-53,21,-36
-33,-217,25,-87,-6,-32
9,-249,-29,44,27,77
38,-233,1,-13,44,-50
-15,-219,-1,71,43,-72
5,-217,-36,17,-27,11
12,-196,1,48,66,-27
-13,-240,18,-17,-18,23
-20,-192,10,-28,-48,-21
41,-215,8,10,46,78
-14,-218,53,12,-0,12
11,-198,8,18,-36,-20
-28,-197,13,-57,-4,-0
-66,-180,-14,31,-30,36
31,-177,94,41,-5,14
2,-200,32,22,6,-11
9,-194,13,99,41,-24
-29,-213,38,32,-8,117
7,-187,52,-3,8,20
-27,-185,22,13,-3,33
-26,-154,71,87,7,19
-22,-202,41,45,-12,-23
6,-149,66,14,-19,85
28,-147,58,-12,-45,-31
-27,-163,35,-21,-11,9
21,-147,47,-38,-24,6
-6,-138,45,85,-3,-22
-25,-134,30,7,-10,-38
-24,-118,69,35,-45,-105
1,-163,66,34,-6,55
6,-151,39,14,-8,93
11,-79,91,-35,14,-31
51,-140,56,-5,16,-21
-7,-152,66,-34,13,72
-10,-107,90,-27,33,-23
28,-145,70,-27,-36,-38
38,-120,61,-19,-23,55
32,-117,68,-17,-5,-19
1,-71,66,-40,46,48
2,-144,73,-3,-39,-23
2,-116,40,58,40,66
4,-125,60,52,16,4
-26,-107,78,25,32,32
14,-101,78,38,-80,-68
-15,-131,97,-57,-26,-11
-23,-90,81,53,2,18
8,-120,67,-30,26,35
-14,-115,84,75,-8,-2
29,-125,69,-49,37,-9
-11,-87,73,18,30,-63
28,-96,27,10,5,20
-12,-136,73,16,-11,-19
-13,-141,95,-16,52,-66
-9,-85,78,-15,59,2
0,-78,91,61,80,63
-18,-131,58,36,-33,54
-38,-122,77,-110,33,8
-4,-158,86,-21,7,-52
13,-114,94,-40,29,-44
-5,-165,70,74,-24,74
-13,-122,72,2,23,-21
-6,-129,87,-25,-41,-11
3,-94,59,86,67,-31
-11,-103,47,-48,51,-19
-14,-101,83,26,-29,23
-9,-121,66,-28,-29,-17
28,-132,96,-32,-10,-17
10,-128,74,-20,23,52
11,-130,47,1,4,-27
-20,-99,38,-4,-54,-40
-12,-92,37,31,12,-29
13,-144,65,-15,-16,22
-4,-135,40,-32,55,-7
33,-160,29,-25,74,108
5,-147,70,15,40,-39
24,-132,58,-14,-42,-19
6,-129,73,29,-22,-46
25,-153,57,2,75,-27
6,-135,14,-10,10,-19
11,-160,66,32,5,6
22,-155,49,15,-15,16
13,-171,43,-6,50,-54
15,-176,43,23,-27,-18
26,-129,56,14,35,25
-20,-183,8,54,27,-89
-20,-166,37,25,-73,35
-22,-204,42,-15,-26,-49
-14,-201,58,-15,42,-4
8,-243,60,12,-90,54
17,-192,34,-27,-44,17
38,-249,49,-58,27,17
23,-180,0,33,-28,31
11,-181,46,-31,-81,29
-23,-183,11,11,19,2
-8,-239,31,-17,2,12
2,-212,10,-26,-30,10
5,-227,33,-15,-89,18
5,-258,17,2,41,-11
41,-251,30,22,-26,33
-35,-246,20,30,43,16
2,-241,23,-91,-29,-32
23,-292,-3,44,50,-17
-27,-262,-6,-34,94,29
12,-297,15,100,-79,43
11,-306,-29,13,-4,4
9,-303,-14,1,61,-13
11,-285,-12,-39,-40,21
37,-269,-8,-20,-22,26
-10,-303,-2,-1,40,-59
-28,-318,-25,12,-33,-88
9,-309,-6,-40,-65,-17
-16,-317,2,7,38,-28
8,-288,-22,37,7,50
-12,-315,-41,-63,-3,35
11,-324,-18,9,-0,-49
-8,-309,-57,7,21,-16
25,-353,-23,-13,58,20
4,-330,-22,4,64,-22
-17,-340,-58,-17,-59,-14
7,-360,-41,18,61,-33
-21,-361,-38,-50,68,-9
-4,-362,-44,7,-11,72
16,-362,-2,12,-15,50
-1,-352,-18,-20,-16,22
-14,-363,-40,-33,57,3
7,-368,-7,22,-22,-27
26,-350,-61,-42,-51,24
-16,-357,-28,-54,67,-16
3,-358,-84,-8,-10,-12
-5,-380,-66,41,-21,38
-9,-365,-50,-19,20,-30
18,-391,-42,39,1,27
-1,-385,-79,7,10,5
-3,-385,-65,26,4,11
0,-401,-17,-29,-85,-3
-16,-383,-54,4,-7,-35
41,-399,-87,-50,-59,-14
7,-368,-37,18,8,42
-15,-426,-96,66,49,16
-7,-356,-65,-34,-48,29
28,-402,-70,-15,-5,-24
19,-415,-61,-21,9,20
-37,-388,-47,-44,-6,3
28,-422,-75,-6,-28,-14
-5,-401,-84,29,38,7
-7,-398,-83,-33,32,-26
6,-427,-79,36,-1,67
25,-404,-73,-89,-92,-67
26,-415,-93,20,15,-6
1,-383,-53,-30,41,-17
-40,-413,-67,-49,14,19
-36,-386,-80,-76,-36,-33
-19,-374,-61,69,47,26
8,-425,-91,-47,83,36
-5,-429,-62,28,98,-28
-6,-409,-63,9,-6,-18
27,-414,-42,35,28,-36
-15,-399,-86,-21,23,-8
3,-405,-20,53,-31,3
33,-414,-34,-0,60,-55
15,-371,-84,-27,89,57
9,-405,-81,23,44,29
-40,-431,-57,23,-34,-69
11,-402,-120,-12,15,15
-3,-396,-71,2,-36,20
-17,-408,-97,-10,-54,45
-9,-375,-53,12,52,-23
14,-360,-82,17,-42,21
8,-372,-88,-6,-141,23
-15,-353,-63,-27,-19,-4
8,-373,-78,88,-29,4
-12,-373,-57,32,-36,-1
-2,-365,-70,17,6,45
2,-374,-67,-25,35,-2
-8,-330,-52,32,-3,70
-11,-359,-50,-29,48,-94
-14,-337,-55,-2,0,29
4,-364,-51,49,52,-57
1,-368,-59,10,5,-43
30,-339,-51,46,-10,-38
8,-338,-14,38,-8,-6
4,-336,1,-24,-110,32
17,-352,-27,-51,-32,-24
22,-285,-16,95,-10,16
-13,-344,-21,-26,39,53
2,-312,-43,-19,-1,3
-4,-327,-32,40,10,39
-44,-320,-44,52,-3,28
20,-308,-29,27,-60,40
9,-323,-5,-11,6,-7
-10,-264,-82,-19,-70,88
-20,-301,5,67,-63,53
9,-292,-26,2,5,44
5,-269,20,16,16,26
16,-295,-11,-4,-33,-38
17,-275,-8,5,-51,43
-29,-294,-15,16,-27,-46
7,-246,44,-43,-42,10
35,-242,14,-5,-17,34
0,-237,2,35,27,33
-2,-253,-26,-26,-40,-18
-35,-243,-6,100,12,57
4,-266,9,34,-50,13
1,-273,36,9,13,47
3,-240,-8,40,-41,-10
19,-242,14,-15,12,16
-22,-218,10,3,10,20
19,-216,35,23,86,-99
-5,-203,9,-16,-75,-7
1,-227,6,1,1,33
9,-232,2,-36,-62,1
9,-177,49,-13,18,11
15,-219,39,52,-40,52
-11,-213,23,-39,18,-18
-7,-182,-24,33,48,-33
6,-195,13,33,-21,-55
2,-189,-28,20,15,30
-17,-162,40,-38,24,-30
-9,-139,43,-15,51,37
3,-220,65,39,-36,-74
-1,-159,45,-7,53,7
-35,-162,88,98,5,-27
-20,-195,37,8,-6,-14
9,-170,63,4,-8,24
8,-129,70,-1,40,17
11,-179,43,15,-62,-3
8,-151,71,8,-106,-47
-15,-144,65,-35,-36,35
-18,-143,58,-16,-42,-79
18,-117,47,-24,49,58
4,-133,67,-87,-65,-18
27,-144,105,-13,24,19
47,-156,28,35,59,-24
-31,-127,82,-47,1,49
-23,-173,83,-14,-30,24
-18,-86,43,-2,-5,9
10,-95,87,-141,30,-33
-10,-127,98,22,-37,30
-15,-128,41,-29,-71,3
-5,-127,96,-8,-12,-12
-13,-134,107,53,84,-34
16,-106,72,16,30,2
4,-112,35,18,65,11
-24,-81,65,68,-11,9
-23,-111,64,62,-13,-15
3,-132,72,24,17,-40
18,-146,45,-53,-52,-8
-9,-139,70,-27,55,37
4,-143,125,-124,64,23
-9,-105,65,80,-4,-30
-4,-105,87,66,9,41
-5,-86,109,27,-25,-36
-2,-75,107,-3,29,11
5,-98,83,-71,6,2
-18,-136,62,69,41,-25
29,-98,63,-21,-50,40
25,-96,76,24,-38,50
21,-111,63,-18,9,29
32,-128,70,-8,18,29
-21,-112,62,-21,-1,20
-19,-117,67,-37,-46,-14
-26,-140,63,-79,-5,17
19,-103,74,20,31,3
-10,-124,66,9,-88,-20
10,-85,90,-58,-29,26
20,-80,57,60,13,21
-36,-109,73,34,13,47
15,-170,64,-11,2,-14
22,-144,64,-36,-6,-4
-45,-128,63,100,-36,-17
3,-157,39,34,18,-56
27,-144,69,19,-28,-6
4,-140,70,3,8,27
-2,-147,35,3,-24,21
-23,-163,41,18,-34,42
35,-184,45,34,-16,68
11,-141,28,22,28,28
-29,-173,18,-30,-27,-16
-8,-158,53,8,-72,-8
4,-208,35,54,-9,28
-16,-167,55,-45,21,43
-20,-193,39,-34,20,-42
37,-143,46,63,-10,-10
-6,-168,48,14,-19,29
49,-182,26,84,16,-7
-12,-181,29,-51,15,14
-12,-191,44,-29,57,-13
-20,-192,35,-29,-26,-14
41,-175,26,17,-4,-36
8,-188,5,-24,36,-12
-11,-188,5,19,21,20
15,-221,33,30,57,23
3,-255,81,2,-36,10
-59,-270,32,39,-101,75
-1,-254,15,-10,29,-14
36,-281,16,11,2,-1
31,-225,21,-52,2,-45
3,-238,-25,-34,-15,-21
-15,-253,-2,-90,-67,5
-3,-255,-14,32,-7,11
-35,-276,-20,-34,28,14
31,-250,-6,-19,51,63
1,-278,4,-42,50,84
-23,-269,16,-53,-39,-40
-5,-278,-35,9,-8,5
2,-301,-22,-4,23,-26
-39,-281,-30,14,64,-5
9,-265,-66,-6,23,28
-20,-296,15,-84,-28,26
18,-327,-1,51,-10,52
44,-290,-40,-19,44,1
-33,-309,-25,-2,-2,-19
-24,-287,-13,12,10,37
-6,-305,-11,1,-87,19
-1,-345,-23,5,71,-30
6,-355,-10,92,-38,-33
24,-365,-44,-4,-37,-73
-22,-339,-45,-8,-49,-125
5,-322,-49,-20,7,7
-20,-346,-36,-13,4,46
19,-330,-41,-22,-15,21
-15,-360,-7,42,90,-5
-17,-335,-54,0,1,44
-9,-375,-47,-19,-52,-15
-36,-389,-38,64,-15,54
-2,-353,-58,-71,-54,-57
-23,-350,-51,-28,47,-19
16,-330,-34,35,-28,-45
-24,-373,-58,-14,-39,-12
-3,-388,-55,-14,-64,-5
-9,-375,-73,34,-26,-9
31,-380,-45,11,-39,30
2,-403,-61,12,23,-67
-26,-395,-89,8,-12,3
13,-383,-51,5,51,-34
10,-424,-57,-22,35,94
-1,-388,-86,72,31,-50
-13,-418,-83,-42,-74,18
4,-400,-55,37,-42,27
5,-396,-94,23,-48,84
8,-419,-76,33,-35,-9
-19,-393,-89,-40,34,-22
0,-394,-79,-2,5,24
2,-389,-63,26,-81,-25
-4,-417,-98,-41,5,-74
17,-411,-88,-52,4,-69
18,-384,-57,-61,43,4
-26,-395,-94,-59,53,-6
50,-425,-74,-101,0,26
-11,-382,-71,97,64,65
8,-401,-75,-15,-76,-32
9,-391,-81,-41,59,-30
-35,-377,-74,48,94,17
28,-387,-56,-56,-34,-33
5,-398,-73,-21,-18,25
7,-390,-81,-60,-53,-10
6,-436,-60,65,-22,-14
7,-417,-61,59,-1,2
-19,-415,-59,14,53,40
35,-373,-91,-37,-20,2
-9,-406,-63,37,-44,-45
39,-368,-52,41,48,13
14,-379,-22,-12,50,-44
-23,-380,-62,-55,8,48
-11,-369,-55,-47,-34,-46
-13,-390,-27,90,-19,22
-23,-376,-69,-17,-45,35
26,-371,-27,-86,20,26
-16,-376,-72,0,-32,62
-7,-389,-64,7,-29,-79
2,-359,-67,-8,-58,-10
-35,-351,-61,-93,31,-82
54,-359,-40,-85,75,8
9,-336,-91,-73,46,20
41,-385,-57,56,30,-27
33,-382,-79,28,25,21
9,-341,-42,-7,-51,-16
-14,-336,-86,36,-94,-19
-18,-390,-57,55,-12,70
10,-364,-42,33,-13,-56
-26,-344,-27,-10,-4,-43
15,-344,-33,-15,108,-16
21,-313,-23,-31,37,39
43,-356,-69,-14,36,28
-25,-331,-45,-6,-33,6
11,-313,-70,-5,7,55
-4,-303,-6,-2,-41,88
26,-280,-63,10,-48,24
-9,-303,-46,-47,9,-0
38,-286,-28,-9,7,16
-21,-306,8,51,-14,43
8,-268,-42,45,-35,32
-4,-269,-11,-28,-26,29
11,-326,-22,-82,34,-23
-10,-249,-36,-20,24,-15
21,-226,-44,-44,30,7
-7,-265,-32,20,27,-14
8,-275,3,-68,32,21
-9,-261,-1,-55,-9,-73
13,-251,-10,5,43,11
8,-262,23,-44,35,-9
-30,-228,8,-4,-74,6
5,-257,24,-10,-15,68
10,-231,44,-22,-36,-20
9,-271,9,58,18,12
22,-249,62,20,-31,-25
20,-204,31,59,4,-9
-7,-216,6,13,14,46
0,-225,7,-10,54,-20
-3,-196,44,60,18,34
-23,-227,20,-1,-41,50
7,-210,31,25,28,63
29,-196,40,51,67,-45
0,-184,36,-9,-21,30
40,-166,53,40,-31,39
13,-181,11,-8,1,16
2,-191,6,42,6,-2
-4,-185,20,-57,20,58
4,-185,44,35,27,-45
-8,-135,54,-7,-75,20
22,-165,63,-42,22,8
-22,-151,26,-45,9,13
-15,-172,60,-6,-5,-39
22,-137,80,69,26,5
21,-149,65,51,15,24
-5,-144,118,68,24,66
20,-167,57,-82,44,6
9,-120,26,2,-11,-48
-63,-141,55,6,-51,-22
5,-177,49,-11,-65,-13
-12,-120,65,-48,-8,46
14,-145,40,49,25,29
19,-130,30,36,-18,-1
-29,-119,54,18,2,-50
4,-138,74,-21,-40,24
-17,-117,63,-28,40,49
-23,-134,52,38,69,89
21,-124,89,-76,23,-7
-13,-136,85,-80,24,-20
20,-114,76,33,-14,-28
11,-142,59,57,-20,7
-0,-88,85,-35,12,-22
-1,-97,52,2,-52,-4
-1,-125,67,13,40,-63
35,-93,93,12,-34,-10
12,-126,62,22,32,18
8,-94,79,11,-34,-39
-11,-110,92,-30,-17,47
23,-113,95,-5,46,-12
1,-104,101,29,-39,-5
-5,-114,116,-1,39,10
-9,-73,82,-27,-43,-5
33,-65,74,-3,-12,11
0,-100,52,-33,3,-67
-45,-92,73,41,52,11
4,-125,83,-100,8,29
-6,-135,74,-25,-2,4
8,-117,38,8,5,7
18,-111,51,-2,-23,-8
-11,-107,80,-38,-1,65
2,-116,81,-63,-11,-59
-37,-103,54,-56,-72,-33
-10,-109,33,-45,17,-12
3,-114,67,-63,-2,-45
-16,-131,67,23,-104,-70
-28,-118,72,-23,-52,-40
44,-136,72,-103,-77,-60
-29,-130,36,21,46,-22
3,-107,81,9,5,48
5,-120,109,18,-73,3
5,-108,61,-55,2,31
-1,-175,88,-17,3,-28
23,-157,59,0,51,-18
-6,-150,58,1,41,30
-7,-183,60,53,68,17
3,-150,48,-61,-48,-36
-9,-142,108,12,-13,-6
-2,-176,20,7,-26,3
-38,-124,45,-46,5,-9
-7,-198,70,28,29,-1
-20,-165,37,11,-1,37
-26,-183,36,92,28,30
-21,-197,57,9,-22,-9
-21,-200,48,65,2,-37
-35,-191,44,21,91,-130
8,-198,31,-46,-43,9
-6,-230,50,-31,-74,48
17,-158,57,-49,-2,55
2,-199,33,21,2,-46
6,-196,24,-47,33,19
-23,-193,32,16,20,-6
-27,-244,49,-10,-73,-34
-10,-212,10,8,-65,-44
-18,-210,15,19,76,46
-26,-222,13,-45,15,66
-31,-258,-29,49,-67,44
13,-244,18,-18,-35,41
17,-214,35,-3,-19,-30
4,-225,9,-43,30,42
8,-262,44,-9,13,-11
7,-244,-27,-21,22,-44
-2,-254,-5,16,-30,50
-22,-291,8,46,-81,64
-7,-294,-21,19,-46,65
35,-286,-6,6,-22,44
-18,-260,-26,5,29,-24
1,-310,-24,38,81,-41
-28,-277,-25,-4,64,7
-1,-290,-32,28,78,20
-29,-301,-10,-24,-7,46
22,-333,-33,-16,10,67
25,-304,4,65,-15,6
-1,-334,-9,28,-66,15
7,-338,-56,49,7,20
-8,-320,-9,-68,1,-29
-37,-337,2,-1,7,-12
11,-316,-60,40,7,-10
17,-373,-22,49,-43,-52
6,-332,13,-74,-41,19
-14,-328,-61,-21,10,25
-4,-362,-32,-20,-7,-0
-7,-331,-11,-8,37,-52
6,-347,-68,-52,13,9
52,-360,-55,2,-9,22
-13,-346,-27,38,-17,-31
18,-340,-54,15,-21,27
-19,-362,-71,-10,57,82
-1,-410,-58,-27,7,11
-0,-369,-27,-11,15,-3
19,-379,-104,-17,30,10
27,-380,-70,-9,50,-51
16,-383,-50,-28,77,14
-8,-371,-56,-44,-78,16
3,-384,-86,102,15,-24
12,-352,-63,-27,-33,-55
-8,-371,-85,4,21,1
25,-396,-73,-68,-15,-42
11,-428,-60,2,29,-34
29,-379,-72,30,-4,42
38,-387,-93,44,-13,8
11,-396,-94,16,-26,-39
6,-378,-98,-19,-52,2
19,-385,-70,60,-45,-34
16,-403,-101,-23,-7,10
5,-420,-91,-34,11,-19
-24,-407,-66,52,-25,-2
-0,-408,-90,-35,-90,-25
34,-411,-81,-19,8,-1
13,-410,-90,-48,31,10
-39,-405,-98,37,66,27
11,-416,-86,68,23,-15
-21,-415,-66,-36,-14,56
-4,-446,-64,34,-11,-45
-13,-437,-81,-7,-36,-22
-31,-424,-59,53,-25,-40
14,-395,-42,-73,26,35
13,-416,-50,49,-46,-12
26,-413,-104,4,4,-30
-3,-366,-96,-40,-71,-53
19,-365,-79,46,-45,145
29,-382,-117,41,6,-24
-34,-370,-44,7,-42,44
-17,-369,-87,18,37,-30
-9,-404,-62,-17,-29,-7
-2,-392,-95,-34,59,-54
-11,-410,-61,33,4,-51
-11,-377,-50,-26,63,5
5,-399,-32,-14,-61,-8
-2,-372,-89,65,-45,-27
16,-424,-49,0,43,12
-1,-379,-51,24,11,-7
-7,-365,-63,31,-26,-41
-14,-338,-74,43,57,-51
20,-359,-72,-62,6,-23
19,-382,-71,2,12,11
-27,-362,-40,38,9,1
-34,-374,-65,-23,78,61
21,-312,-38,13,19,-55
-14,-367,-77,-26,-12,14
-1,-330,-39,-42,-50,-47
-35,-342,-21,22,-12,14
3,-349,-44,-7,-11,49
-8,-339,-14,-37,46,0
-19,-321,-44,-3,-10,-70
17,-332,-56,1,45,77
16,-333,-94,-10,-49,25
0,-308,-49,-12,-46,40
-14,-353,-16,-55,-7,-15
15,-322,-25,-15,53,-7
-18,-331,-16,-25,15,5
7,-284,-22,30,17,-27
19,-274,-26,-31,-38,51
-12,-280,4,2,-4,-39
18,-294,-33,-2,-31,-19
-22,-278,-11,21,65,44
10,-299,-1,-55,-13,-26
4,-262,-26,-23,-59,-21
-33,-229,21,39,-11,73
10,-297,-24,15,4,-48
3,-262,3,-68,-83,-18
-26,-227,-13,3,10,31
27,-237,16,-17,14,4
-3,-241,15,17,8,-26
2,-233,34,3,-43,-23
-8,-230,-13,-21,26,-61
40,-219,-16,15,-10,-3
11,-236,-1,16,62,-154
11,-241,-4,32,-33,-18
42,-197,34,-50,-49,-13
-45,-220,13,53,-29,5
-6,-216,-13,-77,30,32
31,-222,57,2,34,-18
32,-229,44,-41,6,-35
-41,-202,52,-42,72,20
-4,-187,16,10,-21,26
26,-199,66,-15,-30,-23
-11,-182,51,-32,23,-33
-2,-160,29,3,-0,65
-14,-140,33,12,-44,33
18,-194,31,-18,21,38
-13,-173,10,5,56,-12
4,-162,25,11,-52,-3
13,-127,43,-18,44,-22
5,-152,23,-41,42,-43
-12,-150,46,-63,7,68
-19,-144,17,12,136,73
6,-171,46,33,-40,73
-11,-162,54,12,9,14
34,-148,54,-24,-14,14
-0,-125,86,57,-39,111
18,-133,64,-53,44,-16
17,-115,68,-69,-36,-90
-18,-99,44,11,-79,-74
-30,-99,72,-39,-8,63
22,-161,64,26,-6,32
-15,-134,66,18,44,-74
45,-154,45,25,-29,-43
-0,-107,55,-13,-23,11
-20,-98,77,38,-22,63
13,-125,70,-25,28,22
18,-103,61,23,104,-17
-25,-111,59,-86,38,55
16,-143,97,21,4,-46
1,-134,60,-16,45,-40
13,-100,65,12,-77,-93
-4,-137,72,0,17,-24
-4,-115,110,-3,25,18
16,-132,64,10,-2,-17
4,-132,66,92,-96,-44
-14,-103,56,0,5,-20
38,-130,56,17,-46,-22
27,-106,54,-21,22,18
9,-114,99,-103,65,-39
-9,-115,59,-51,16,15
11,-125,68,-12,-79,25
8,-129,101,-21,19,-25
21,-119,70,-19,-99,-39
-31,-140,61,-61,-4,63
22,-115,54,58,57,28
-29,-122,68,16,-23,-57
3,-77,118,-22,-36,-20
6,-179,81,30,-20,18
9,-103,58,61,-36,5
-14,-99,64,-64,-14,40
-24,-160,60,-29,-23,-12
-12,-87,87,82,22,-43
9,-104,36,37,-33,-50
0,-117,68,-32,6,46
-21,-114,61,-59,8,62
-14,-139,94,10,-2,30
1,-108,43,5,21,-3
-33,-111,96,22,41,64
-7,-142,62,25,-25,84
-11,-135,52,15,-46,5
1,-132,55,45,6,48
28,-131,57,-79,108,16
-8,-198,40,-26,5,16
-5,-159,35,43,32,40
-10,-169,13,50,-18,-7
23,-178,5,-14,-43,38
-7,-175,61,5,12,49
15,-222,43,5,-28,-35
-1,-143,44,-12,47,16
39,-200,52,-51,29,4
11,-205,45,-55,28,26
-29,-176,54,-10,-48,-9
-12,-191,42,4,40,55
-44,-209,49,-1,15,-5
-32,-206,37,6,63,-7
-29,-236,67,-20,9,-17
29,-204,23,51,-27,-30
6,-206,9,-35,72,28
21,-239,11,58,-74,-10
-5,-225,55,-21,45,-50
22,-219,9,-17,9,39
15,-235,1,64,21,11
-9,-232,18,35,-18,26
26,-225,17,24,-49,-25
19,-263,-16,38,-58,12
28,-268,7,-33,-48,-29
15,-251,-6,8,15,-12
32,-226,-42,53,4,-26
0,-259,27,-18,-32,-28
2,-256,2,32,-58,67
21,-266,-23,33,28,-5
-22,-294,6,41,6,51
-25,-290,-18,13,-1,55
-25,-309,-22,37,14,-60
10,-325,-65,-16,-15,-50
-0,-280,-14,-16,6,9
13,-285,-20,-51,-46,47
-11,-331,-37,-45,55,-17
32,-324,-36,-52,-23,36
19,-315,-37,41,-36,47
38,-333,-60,-44,19,43
39,-291,-24,-15,-10,52
-7,-286,-44,26,-24,41
20,-351,-25,-15,22,23
19,-333,-20,13,-25,84
10,-339,-71,-44,47,33
15,-351,-34,0,31,44
1,-345,-41,43,-68,40
-17,-327,-103,45,-2,-33
7,-326,-40,13,9,-53
21,-344,-54,-88,-40,-3
51,-338,-49,32,-39,57
-15,-329,-84,-11,35,72
4,-395,-53,16,-40,-23
2,-379,-28,19,39,-20
8,-377,-106,31,-41,-32
-26,-375,-68,-20,40,3
12,-368,-72,-34,-35,7
-5,-378,-58,-39,20,-51
-18,-389,-95,-7,26,-32
39,-436,-74,17,-17,-32
-14,-384,-84,-37,74,-53
19,-412,-72,7,-40,-34
1,-382,-67,-25,39,10
-15,-377,-71,40,-16,6
-16,-435,-92,-26,39,-27
-40,-409,-45,-7,16,-45
21,-401,-80,16,12,-52
35,-393,-84,22,23,42
23,-423,-77,35,24,44
-32,-415,-94,44,74,-25
32,-415,-83,14,26,-17
14,-405,-82,47,-43,21
11,-442,-100,50,-17,-68
8,-417,-98,3,-94,-57
-1,-384,-59,6,-4,13
-13,-410,-72,95,-11,-5
19,-364,-93,-24,-43,38
10,-387,-73,68,9,45
31,-420,-32,25,32,89
-24,-408,-63,-27,-20,57
-8,-417,-59,-28,57,32
18,-384,-86,-12,9,-10
-21,-399,-32,-75,12,-36
24,-429,-84,34,-25,38
-1,-414,-80,0,-54,19
-19,-376,-90,-18,-44,69
-10,-358,-71,22,36,39
-19,-398,-62,-8,-43,30
-21,-388,-95,18,-81,9
-37,-385,-56,14,42,10
1,-389,-72,-16,5,24
-41,-378,-52,-117,-50,3
-35,-405,-67,-12,3,33
9,-397,-60,-20,-11,-28
-22,-379,-59,-30,23,-16
-27,-374,-83,-55,30,6
-27,-356,-64,55,22,-1
-15,-390,-41,-32,-4,-39
-13,-374,-53,-22,-49,-7
-29,-345,-56,-14,7,-45
27,-356,-61,40,-3,1
22,-363,-35,-19,53,25
-13,-323,-34,20,27,32
36,-355,-19,-31,-8,-65
-18,-353,-58,48,8,-4
-3,-330,-40,1,-76,14
13,-347,-29,-24,26,-34
8,-312,-54,-50,-27,28
-52,-362,-42,-11,-70,2
25,-283,-62,-33,5,34
3,-323,-64,-4,-52,-20
-21,-297,-80,43,-9,-40
15,-286,-55,-41,-41,-51
25,-302,-54,-43,-9,18
6,-283,-11,42,-24,24
-16,-275,-24,34,30,67
-18,-305,-17,-97,-42,42
-11,-337,-66,41,2,26
-33,-278,-14,-10,-6,-16
4,-288,2,4,5,57
-12,-283,-2,-0,-6,22
12,-282,-1,-7,-21,21
23,-256,-10,-9,-34,-43
1,-250,26,-0,12,-44
1,-232,36,14,-28,-52
-1,-245,-11,5,-12,47
-12,-267,-1,-16,-38,-24
-8,-244,4,8,-27,18
32,-238,-21,-9,4,72
8,-233,4,23,-34,-64
14,-209,-7,8,16,34
1,-245,-10,-59,67,93
33,-247,-10,-23,-28,-2
-28,-216,16,48,-10,40
-28,-205,-1,48,-9,7
-19,-185,34,-40,-109,-40
-13,-172,42,24,-37,2
-0,-175,38,-64,26,-39
23,-221,23,18,-12,18
17,-184,27,-34,-32,60
-4,-172,38,-18,-25,31
24,-176,38,74,-60,-12
30,-184,52,-9,24,-7
-36,-184,24,73,3,20
-8,-179,61,26,27,11
8,-168,38,80,-38,-60
5,-180,44,17,-3,-20
28,-116,84,71,78,-20
-19,-198,24,81,39,-3
0,-128,61,-20,42,68
-31,-137,62,-64,-29,41
-36,-161,56,-44,-7,19
16,-127,59,-59,20,35
40,-158,75,5,17,-41
-3,-106,32,73,-49,32
-7,-174,71,-19,16,-76
6,-126,71,-24,24,19
-11,-144,79,-24,-11,-14
-2,-133,52,30,-8,18
-25,-106,47,12,23,29
-17,-76,62,29,62,-37
15,-123,63,3,-44,28
4,-129,59,25,53,65
-20,-118,66,32,-48,46
-23,-124,81,8,97,-12
-7,-100,90,-2,22,-46
-8,-83,79,-30,59,95
7,-106,79,31,29,-70
-15,-119,70,-20,-17,22
11,-112,115,-5,-16,-26
1,-74,63,-68,14,-62
-33,-110,82,-2,10,-2
-9,-129,73,62,-32,12
-19,-103,56,11,-0,-17
-3,-138,31,-7,-4,4
17,-126,36,-64,33,45
5,-119,67,-53,-27,10
24,-85,55,12,-52,82
38,-81,84,-35,7,37
-18,-117,39,-11,61,-35
5,-130,58,41,-17,-0
29,-110,106,24,-23,4
-54,-130,99,-91,17,-14
25,-113,76,-9,-36,-28
-25,-118,31,66,26,-29
-18,-116,44,-5,8,33
-9,-120,91,58,5,-74
-9,-136,53,-28,-2,-69
5,-146,108,25,50,89
8,-114,90,-6,8,64
-12,-143,78,-19,-42,-10
-7,-141,54,-56,-43,59
-39,-144,47,-2,-50,88
18,-122,40,39,85,11
4,-134,24,30,-71,-23
11,-141,60,-40,-6,-8
-25,-147,57,-28,7,6
7,-133,35,86,-10,5
-17,-154,56,69,56,49
17,-172,60,1,-51,7
-12,-136,59,7,-71,-35
-2,-138,84,-0,40,-8
15,-162,81,40,-18,13
36,-197,79,41,-54,-62
30,-196,43,49,64,26
-7,-164,54,91,61,-13
16,-175,61,-6,97,55
-7,-166,43,9,-40,65
13,-169,56,-25,-48,8
-12,-191,30,19,-41,-53
-16,-198,-7,3,-0,-48
-10,-210,27,-47,31,37
22,-183,104,-21,-17,-100
26,-236,14,-45,-18,8
-15,-195,26,-58,40,-27
-5,-209,20,46,-15,-42
21,-230,-4,29,72,-5
-11,-264,2,25,-36,-40
19,-266,60,-18,-82,24
20,-214,5,-18,53,12
30,-250,31,-30,-8,-22
19,-223,8,5,-37,41
4,-215,-9,40,97,-16
-7,-279,-14,-10,-83,29
9,-267,46,-7,-23,-2
33,-279,-2,38,-8,-48
-51,-255,24,-31,60,57
25,-240,-20,70,-86,63
7,-253,-17,16,-51,13
13,-252,16,19,63,-51
21,-296,-10,-2,-17,69
-9,-289,-54,-8,-16,15
15,-282,-18,16,-54,-18
16,-232,-42,-7,-35,-41
-46,-289,-26,-8,-47,6
-24,-279,-30,3,-7,-63
6,-293,-19,3,-57,-8
-25,-299,-31,83,35,37
11,-331,-16,-63,13,34
-9,-306,-72,-10,19,-66
10,-336,-24,3,-37,-82
15,-311,-21,-45,13,-13
1,-323,-29,2,-17,-9
-16,-330,-45,5,18,-6
10,-319,-5,1,-38,-76
10,-368,-61,42,-19,-0
9,-335,-28,7,-15,33
-18,-370,-23,-4,23,27
1,-362,-66,-23,43,101
-21,-372,-41,32,-34,11
22,-375,-74,-51,-30,-31
-3,-343,-37,39,-40,-67
32,-408,-63,63,-25,-48
-21,-427,-59,39,50,44
-30,-396,-50,-66,-45,-15
17,-356,-44,21,46,19
-2,-360,-57,10,-18,-65
-7,-357,-79,-4,-83,40
-34,-401,-80,48,35,-47
-24,-409,-134,-65,-7,25
41,-379,-72,-32,-23,45
29,-403,-84,43,20,-10
-27,-374,-74,12,-2,-12
-10,-397,-62,2,-26,6
22,-410,-58,14,-47,-78
3,-385,-64,11,-55,6
-9,-381,-38,15,14,9
12,-390,-71,-9,8,47
6,-392,-60,59,-2,9
-65,-429,-87,-80,39,-32
-14,-410,-88,-55,31,109
-18,-411,-88,-47,35,-30
-2,-421,-54,-1,-6,-45
-2,-418,-74,45,-20,-3
-8,-417,-95,-24,-26,65
-7,-387,-77,-58,-101,84
-7,-423,-58,32,-39,129
-25,-390,-87,-58,21,-47
-11,-443,-50,-37,-26,-63
-28,-362,-62,31,-4,-20
55,-412,-88,17,31,-21
12,-389,-72,16,-30,76
-8,-377,-67,-40,-7,15
8,-432,-67,17,-39,-39
10,-390,-59,-61,-4,-34
5,-421,-59,-16,-15,-44
18,-383,-91,-3,50,2
-6,-403,-38,-34,-26,14
16,-369,-66,-23,-46,48
47,-353,-48,-53,-21,43
-55,-411,-74,22,33,23
15,-362,-44,22,-15,18
-24,-356,-65,-1,2,29
6,-371,-54,-23,-1,16
13,-364,-51,-44,0,54
-13,-368,-68,-24,54,-83
24,-391,-78,-11,-18,3
-12,-407,-83,-17,21,-72
18,-380,-87,-71,31,31
33,-351,-57,40,13,48
26,-368,-42,50,-13,-10
8,-393,-36,44,-3,-6
19,-391,-47,-3,35,-9
-6,-322,-53,72,10,-21
16,-331,-17,12,38,-23
-21,-329,-45,8,-12,-29
9,-333,-42,-13,5,-20
-4,-329,-67,64,-31,25
-17,-326,-44,-1,-12,-64
2,-354,18,38,-37,7
-10,-308,-21,-1,2,17
16,-272,-28,6,-33,27
-21,-321,-44,3,-32,-47
6,-317,0,-35,-2,14
-1,-328,-2,29,-42,-0
-12,-323,15,44,39,-33
-4,-332,-11,51,-35,13
31,-294,-31,-92,-44,31
-3,-307,-3,-21,-0,-4
-25,-267,-19,-10,56,-21
-5,-282,20,-83,-34,-78
-11,-285,-43,6,-75,-34
-4,-269,-23,6,-18,31
-9,-271,-25,25,27,-42
1,-247,6,-3,-26,-21
-7,-290,21,-15,-12,-17
16,-210,11,-2,39,5
1,-274,21,43,-47,98
-16,-255,14,-13,-16,46
-19,-198,45,18,32,38
-2,-203,5,44,6,-40
5,-235,17,74,59,-16
23,-203,41,-18,47,-19
17,-199,36,47,-78,15
-21,-160,34,65,26,-53
-1,-219,12,-3,19,13
-16,-207,7,18,-2,-59
0,-244,48,-15,41,-38
2,-176,5,-11,-29,-26
22,-146,-3,3,-19,12
8,-191,44,-25,-35,-11
-21,-172,43,19,-41,-19
-1,-157,81,-47,23,-51
-22,-185,29,67,15,-7
-4,-161,33,-61,3,30
25,-175,59,-37,31,10
-11,-151,37,-44,7,26
7,-162,27,33,16,-4
11,-149,63,-52,-35,-2
-0,-142,65,19,-3,-41
43,-151,48,-36,-24,12
13,-156,48,-3,46,-32
-11,-135,37,134,-12,-31
-5,-161,74,15,-20,54
-11,-102,76,19,-55,34
29,-175,65,-12,40,31
-52,-148,71,-8,26,11
14,-116,93,49,-60,-61
-10,-133,78,69,63,-9
21,-114,53,-8,-61,-5
-16,-124,86,-30,-65,-25
5,-107,83,-21,-1,34
-11,-126,105,19,14,-53
1,-96,55,-14,-33,-26
17,-125,79,27,-16,33
25,-75,75,-59,-46,38
-9,-96,71,-20,63,7
-22,-139,79,48,-42,-17
-7,-113,66,-12,15,79
32,-97,34,-33,-29,-1
30,-102,55,12,16,-100
-24,-133,77,14,-105,47
11,-99,74,94,19,-11
-5,-87,89,44,-35,26
-5,-68,76,-30,-8,-11
-41,-99,104,-31,-10,-4
4,-116,72,-4,-22,-14
10,-112,78,-3,28,57
-23,-116,104,81,-19,-22
34,-102,116,21,56,60
1,-76,61,-4,-14,-7
-1,-93,99,34,28,5
30,-73,79,1,-39,60
-56,-64,92,-34,-24,22
7,-116,87,-49,13,-88
-7,-118,49,38,-53,13
12,-115,54,-66,-37,-16
11,-89,99,89,32,59
9,-109,74,6,-62,106
22,-74,51,-1,-46,86
-8,-138,63,19,3,-59
1,-145,52,33,29,-26
19,-122,67,-1,21,18
6,-157,45,21,44,38
-35,-121,71,-33,-24,25
21,-143,69,19,39,-99
7,-181,58,-44,-28,29
1,-131,67,4,70,-2
-7,-130,59,8,16,-112
18,-145,43,-8,44,-36
23,-173,41,8,69,25
-2,-153,62,-25,-28,-24
2,-142,75,45,63,58
-31,-163,42,2,33,-75
-20,-147,55,-69,50,33
-42,-168,75,-88,34,5
32,-141,55,-32,-2,-19
0,-201,49,0,8,74
8,-170,34,42,-5,12
-4,-194,26,-67,20,-90
-33,-184,48,20,-3,-6
-31,-172,-1,-57,-10,-60
30,-194,42,-30,20,-4
-10,-198,22,82,-57,-3
-3,-235,37,10,-29,-19
2,-230,-1,40,-22,59
-7,-209,12,-73,-10,-33
-23,-212,1,37,34,28
27,-243,9,-66,-38,3
19,-237,15,-25,8,17
-21,-214,-16,-5,-13,-11
36,-247,-15,95,52,-52
22,-273,30,1,34,65
-23,-241,0,-26,2,-44
14,-249,-24,-21,-27,9
-3,-245,-32,14,104,-64
-33,-277,23,-12,32,-58
9,-273,2,-32,-21,-10
-10,-228,-5,-59,21,33
10,-290,-20,-17,34,-87
42,-323,-11,37,83,1
-29,-307,-24,3,50,56
-3,-352,-11,-22,-48,-4
1,-304,-37,-10,58,25
8,-249,2,-16,-40,-69
-7,-276,-29,-76,62,29
-19,-327,-31,-72,5,49
8,-342,-53,56,-67,-13
1,-299,-12,2,-21,0
14,-354,13,51,-4,-15
7,-344,-24,24,44,-51
17,-307,-55,-45,49,-48
-37,-339,-27,6,49,8
-17,-358,-60,-48,27,59
-2,-349,-49,2,50,-8
-2,-344,-24,-52,-33,-17
-19,-364,-45,-26,-46,-11
-13,-347,-43,-3,27,-65
52,-351,-9,-43,-42,4
36,-344,-58,11,-7,18
-8,-383,-51,18,-51,-2
25,-375,-48,45,42,-49
-3,-348,-54,29,-63,44
-23,-383,-89,31,-29,38
21,-363,-79,20,34,-8
16,-393,-72,-20,-42,-21
9,-375,-61,13,-41,-8
-49,-398,-12,-27,51,54
-11,-408,-33,30,-45,5
0,-400,-64,-17,53,-17
19,-407,-103,4,28,-16
-13,-375,-43,37,-19,-0
16,-369,-76,-68,3,49
26,-361,-95,-14,-39,-54
-2,-375,-70,40,29,-75
-13,-421,-61,-48,28,-46
-52,-425,-70,-97,11,-10
-45,-401,-60,1,94,2
4,-381,-67,-44,-40,-58
-8,-441,-47,-37,-15,39
8,-409,-37,-18,-59,9
-9,-441,-25,34,42,33
-23,-450,-73,-66,-27,-0
2,-412,-87,-25,3,-0
-22,-416,-94,20,-76,-28
2,-405,-100,-39,-12,32
-14,-429,-94,-0,5,83
29,-404,-71,45,56,22
56,-379,-92,9,-9,39
23,-409,-65,46,33,-17
-14,-426,-93,-30,-45,-10
4,-386,-57,44,38,0
-14,-401,-55,43,8,35
23,-437,-80,21,-157,-41
-9,-406,-86,50,20,30
1,-407,-42,5,64,-32
53,-413,-62,32,-39,26
-5,-370,-90,-18,-33,18
-11,-396,-61,-5,47,-29
-24,-414,-90,22,31,-31
-13,-380,-63,-54,29,-72
38,-404,-49,-9,16,14
-16,-364,-67,-4,-21,46
10,-384,-53,-7,78,-93
0,-386,-71,-8,51,49
-37,-384,-72,-30,1,29
-15,-404,-31,65,46,-38
-1,-341,-31,5,2,42
0,-392,-64,23,-11,35
-1,-359,-39,-78,2,72
13,-348,-55,-21,45,-46
-18,-366,-31,51,-0,63
19,-326,-54,-28,-17,-113
15,-360,-37,-3,-11,42
0,-343,-37,59,-64,-69
25,-376,-80,10,-35,-61
30,-346,-45,-34,-12,31
3,-322,-80,13,-36,-18
-3,-320,-86,-13,4,-21
-3,-352,-16,7,-75,60
-9,-328,-48,-51,-51,7
32,-348,-35,52,-24,-65
15,-347,-45,36,59,-9
36,-291,-31,16,-28,-67
15,-315,-4,28,-20,-11
-9,-323,-11,-37,-10,-35
2,-298,-32,21,19,24
-18,-293,13,-5,-10,-18
2,-291,4,16,-32,10
-12,-259,-30,-7,-5,57
-21,-264,14,-20,67,13
-1,-230,-37,-5,55,29
2,-274,-27,-15,-58,-29
-20,-242,-1,-14,-43,-19
17,-268,-6,73,-20,22
-9,-219,-1,15,-36,-76
-0,-255,-4,32,2,27
-11,-230,13,10,49,23
-4,-246,4,-54,-26,22
14,-236,38,1,57,14
3,-260,7,36,22,26
-22,-210,5,-22,9,94
0,-236,24,-33,4,5
1,-210,30,-30,88,-29
-2,-212,5,-23,-9,-70
4,-188,58,-33,-6,-30
-20,-205,-18,-18,-60,2
-20,-202,24,70,-45,56
6,-223,10,-20,-11,-5
-34,-176,-12,-39,-46,14
-7,-188,33,-32,19,-43
10,-212,43,52,-34,-44
-26,-142,73,-36,-52,-34
2,-216,45,26,-17,5
3,-149,27,-41,-47,116
-8,-150,37,20,1,-12
6,-174,45,64,29,4
3,-140,42,-30,-21,40
-12,-186,-6,4,46,-32
-1,-155,63,-47,11,-3
16,-165,48,69,-4,6
0,-152,62,18,33,-54
-18,-138,77,-38,30,-33
-23,-123,43,31,12,-9
-15,-162,50,15,-46,-14
-19,-80,83,-30,30,-52
-10,-141,38,-42,18,44
-22,-131,72,-25,-59,-21
36,-111,69,-32,-16,-49
5,-159,75,19,53,18
-6,-94,75,-27,56,30
21,-101,58,-47,-31,22
-4,-120,66,-20,-12,20
-24,-128,77,17,-11,27
24,-134,48,35,52,1
-5,-130,95,-37,49,-19
1,-82,63,43,2,26
-9,-129,82,-48,15,2
-4,-140,93,-5,92,-29
6,-115,59,86,-51,-43
-20,-109,66,1,35,-9
-20,-127,43,73,-28,43
31,-117,41,5,13,36
-13,-62,82,65,18,91
-26,-123,62,36,18,8
2,-75,87,58,65,6
-3,-104,71,-54,-8,44
-18,-122,102,-23,37,-19
33,-90,71,-68,10,59
-30,-118,66,36,-15,-65
-12,-112,76,31,-45,-14
-7,-128,95,-26,-35,-21
-13,-128,39,10,83,47
-10,-98,92,29,1,26
-25,-102,31,-53,-48,3
-16,-140,47,53,27,5
-4,-139,53,30,30,7
11,-102,25,2,-24,46
17,-103,49,11,61,6
-28,-130,52,5,2,-39
38,-96,80,-2,33,-22
6,-95,36,43,-23,31
28,-118,67,20,-84,12
-30,-96,58,-30,-120,12
7,-125,95,-21,-25,-57
15,-150,83,-25,-26,21
-28,-106,65,-4,17,30
32,-149,65,-54,69,26
3,-147,50,9,50,-1
-15,-132,43,-62,-2,-13
13,-181,24,55,67,-2
18,-129,4,32,-32,24
10,-148,44,4,112,-14
0,-160,42,-74,48,-11
27,-193,47,-40,-14,-3
22,-181,46,-44,-40,7
27,-209,16,44,-20,3
-7,-187,23,10,-15,21
-2,-190,36,-63,10,-8
29,-173,86,-27,-53,0
1,-247,40,29,-30,-30
6,-206,21,44,19,-16
13,-210,26,-36,-82,-14
31,-218,41,3,83,51
21,-238,82,25,-33,-22
37,-243,7,-34,-86,-25
9,-234,15,-36,26,12
8,-222,-14,25,25,67
-3,-235,-4,19,36,-18
38,-219,16,-9,67,-3
-2,-224,16,-37,61,-28
39,-242,-3,25,-5,67
-0,-232,-3,50,-25,7
5,-255,-15,-13,-4,-41
5,-214,25,-25,-4,65
-31,-232,-11,62,9,49
-26,-240,25,-52,39,22
-33,-254,-3,-47,40,7
7,-277,-54,-46,-7,47
-37,-270,9,-31,23,28
-9,-249,-5,-11,36,-27
-24,-310,2,-21,88,-7
-13,-251,4,-32,-16,-66
-21,-297,-55,23,23,-40
19,-307,-3,-49,-45,-109
14,-323,-8,9,59,32
2,-310,-3,-1,73,-45
-2,-325,-12,23,-33,59
-18,-322,-31,-53,-2,3
15,-321,19,10,14,-17
-11,-337,-51,-13,-23,12
-1,-320,-41,-39,-37,-13
23,-344,-18,-29,49,-11
-19,-350,-49,28,-17,-47
-34,-322,-45,-29,18,-110
-7,-353,-70,1,50,34
1,-335,-78,-53,30,-55
-30,-371,-43,82,24,24
8,-365,-69,19,59,-24
-44,-362,-24,-114,11,-8
16,-357,-35,39,-30,-84
-12,-388,-74,-21,-38,-29
-12,-359,-89,82,-34,-1
32,-386,-44,-15,-18,4
-10,-386,-35,34,39,36
-25,-400,-55,-21,16,14
24,-383,-65,-13,21,-8
5,-363,-74,-20,-31,-91
-1,-404,-35,7,13,8
-2,-369,-78,29,15,-41
-2,-397,-88,-85,-57,-10
-7,-386,-85,66,60,14
12,-382,-43,1,-18,-62
-4,-396,-43,-88,-16,-20
-1,-414,-94,66,13,-31
21,-425,-81,51,-69,-37
22,-395,-57,27,11,-54
-16,-427,-47,6,37,10
-18,-404,-61,37,-16,-56
-30,-405,-52,73,-8,58
-6,-390,-94,8,-48,70
39,-364,-98,50,52,18
10,-398,-82,-21,23,-9
4,-409,-47,-13,69,62
-12,-407,-142,7,-47,18
3,-394,-43,-73,14,57
-6,-393,-111,-13,36,-38
27,-384,-52,30,5,18
-14,-387,-77,17,53,-1
18,-437,-94,44,-90,-29
-19,-354,-61,-13,32,-21
31,-401,-106,-73,56,-25
3,-391,-67,-41,-24,108
-4,-386,-72,-16,29,-62
-7,-395,-78,-11,-61,-19
50,-390,-70,-44,-11,-2
43,-396,-98,-25,-41,22
3,-371,-79,-34,-38,-24
-37,-401,-54,-83,-32,45
6,-330,-73,74,24,43
3,-379,-64,69,4,-23
8,-408,-91,11,-3,-11
4,-358,-87,-9,52,63
6,-373,-45,41,-21,-52
-4,-339,-58,13,83,79
-4,-390,-52,-0,22,21
-14,-324,-25,-68,-30,17
31,-377,-74,-53,17,34
-0,-370,-73,0,0,-32
-4,-330,-40,12,-11,75
-43,-335,-86,36,-61,48
-23,-354,-68,-6,45,6
15,-330,-50,-35,-2,-31
25,-362,-44,-18,-14,-39
23,-368,-60,13,-11,32
12,-344,-61,-1,-11,-25
-24,-335,-19,-38,-6,36
15,-357,11,-38,-33,-44
13,-330,-67,57,-12,40
8,-324,-36,-29,-8,62
-27,-319,-12,-9,-57,-4
-15,-315,-22,-24,-23,88
-32,-335,-44,-36,-34,24
9,-302,-22,14,44,-4
1,-309,1,36,4,-39
45,-330,7,43,-63,-55
-31,-249,-52,-12,-1,15
-19,-269,-34,71,62,49
-20,-281,-24,-12,-65,-59
-28,-254,-23,-16,27,34
-9,-270,-10,-49,-35,-34
-25,-273,10,-27,18,61
-15,-279,-39,55,96,36
-16,-282,-17,54,71,56
30,-261,-30,-2,38,-34
-11,-241,-47,-16,-62,6
-0,-296,50,-9,1,-25
6,-250,36,20,29,-9
-20,-249,5,-38,-46,-19
35,-251,41,-26,10,7
3,-178,36,5,-45,55
12,-207,25,-19,-18,-35
-45,-213,-7,20,-14,-42
6,-197,38,-23,-42,-2
-12,-200,-8,31,9,47
5,-204,35,19,53,53
20,-230,7,-35,27,-13
22,-195,37,49,-10,2
-21,-223,41,81,14,30
-3,-198,41,24,11,-11
6,-166,18,-1,-4,15
-9,-174,33,1,-38,55
27,-172,57,92,-36,16
1,-157,44,-28,80,-58
-22,-177,41,-6,10,18
1,-172,56,-30,35,35
-6,-198,30,75,17,41
-11,-146,33,-16,12,10
-18,-131,19,-88,61,-12
-30,-169,50,61,-5,4
-13,-168,54,-50,-12,5
-17,-172,53,13,9,51
23,-129,51,15,-40,17
32,-126,6,30,-82,24
-16,-126,88,5,-9,-37
15,-139,56,34,-31,-20
11,-150,47,-15,24,3
-17,-74,48,-3,-5,0
-14,-101,48,-26,58,66
-21,-115,62,29,40,-32
-20,-116,19,17,-56,-55
-7,-151,50,-3,-19,-52
-20,-116,93,-43,12,66
7,-115,62,12,-15,25
17,-103,65,-8,13,-8
-21,-95,31,77,20,26
-6,-131,101,-91,-59,-5
-9,-118,61,-31,-17,14
26,-102,79,-7,86,-45
2,-111,92,13,-18,41
-12,-124,112,4,46,-35
1,-88,100,8,-14,9
-12,-127,66,24,-10,-39
22,-121,69,57,4,-6
-5,-119,62,7,11,-25
-10,-119,88,-1,32,-107
24,-109,29,25,-16,-10
-23,-110,50,-6,34,56
-16,-98,74,-19,-15,22
-31,-92,93,-14,-50,9
17,-112,95,26,-10,-10
34,-141,56,-67,16,9
-52,-130,71,8,57,-4
24,-101,93,-1,-57,15
29,-114,61,43,-3,-32
-16,-149,80,30,-24,26
-28,-125,81,-31,9,103
-29,-130,71,91,-65,59
28,-109,95,3,35,-50
5,-120,115,3,10,-50
4,-130,67,69,-54,46
7,-169,80,-26,17,24
20,-144,40,9,3,-31
8,-117,45,-12,-3,52
5,-103,32,-29,40,-58
-4,-138,54,-12,47,27
-15,-166,71,22,-6,31
1,-131,93,9,50,-55
-4,-178,56,-67,-47,12
12,-136,71,-84,-12,-44
-15,-131,72,16,-8,-26
-18,-160,69,-17,-16,-80
26,-167,46,-10,-55,23
-5,-147,38,-105,-67,-9
1,-195,48,-27,3,22
-1,-193,49,5,-51,-15
13,-199,32,82,-54,38
-9,-170,29,55,-38,105
4,-143,58,-27,39,51
6,-181,33,-58,14,55
24,-201,41,-16,1,26
3,-198,31,-15,27,-11
-1,-195,34,4,42,-16
-20,-179,8,-8,68,19
-10,-179,50,-67,-71,-36
-38,-191,21,38,-27,-75
-1,-202,9,-28,8,31
-16,-218,68,-65,39,17
30,-253,35,17,40,32
2,-270,56,62,33,-17
31,-209,-4,-18,33,-57
3,-238,-5,-6,-8,47
-10,-224,-10,2,-49,11
-33,-243,-54,-13,-36,92
35,-263,7,-50,20,11
23,-274,0,-42,-7,-29
33,-243,-20,-63,-9,-26
-12,-269,13,-23,-64,13
16,-322,-59,5,-51,4
11,-282,-27,65,28,-58
-6,-316,10,3,14,-2
-33,-280,6,13,68,-5
-37,-304,8,-30,26,-11
11,-279,-53,25,28,-61
-22,-276,-39,-3,9,-8
13,-338,-47,120,57,-37
32,-296,-58,3,14,38
7,-291,-4,-64,-15,6
-19,-316,-21,-14,-22,-82
-8,-331,-66,-26,-39,15
19,-350,-8,-50,21,-11
-9,-366,-38,-26,-22,24
-32,-306,-45,-24,-42,32
7,-316,-20,-12,31,23
-21,-348,-5,24,92,9
6,-347,-86,-51,26,89
-35,-315,-81,-13,39,-3
-27,-374,-59,-9,-48,-27
-22,-358,-69,110,54,15
-7,-387,-64,18,-47,-21
13,-373,-87,3,4,-23
25,-385,-44,-16,-83,27
-30,-363,-40,-21,3,28
3,-371,-46,-55,82,44
-25,-360,-67,25,7,-7
24,-379,-84,-51,-6,-12
-19,-347,-52,68,13,-38
-16,-379,-75,34,26,3
29,-383,-57,15,-27,22
-4,-379,-99,25,31,8
-22,-370,-76,-6,-107,10
24,-381,-54,-28,-17,65
26,-381,-61,-58,57,43
-18,-401,-59,44,93,-20
41,-380,-67,35,-95,-1
10,-406,-97,-76,-5,30
-18,-407,-97,-62,27,-41
-30,-396,-60,77,81,-18
-24,-395,-74,23,-9,-1
27,-383,-52,22,23,32
34,-418,-59,62,1,38
-24,-401,-80,-86,34,-1
-3,-395,-77,29,2,42
12,-411,-49,13,16,42
3,-434,-89,-15,25,-17
13,-393,-105,-1,36,56
-1,-361,-72,53,20,35
4,-394,-48,-7,-7,-10
-52,-449,-73,-8,6,-41
12,-407,-58,-20,-39,30
-4,-403,-88,-12,-22,-31
5,-401,-56,20,-22,19
22,-399,-61,-22,40,18
-8,-385,-70,24,-40,-31
-21,-410,-74,-109,72,-59
11,-372,-61,9,-82,35
-12,-373,-92,54,109,24
-20,-447,-57,28,33,43
-2,-418,-56,-35,47,49
-7,-411,-64,45,15,-37
13,-369,-69,17,49,44
14,-368,-57,-35,3,-61
-2,-395,-67,-54,-22,64
35,-382,-89,-32,41,36
-12,-366,-30,26,4,28
-31,-362,-75,-15,-53,55
-4,-367,-72,21,-63,63
21,-397,-75,-20,-127,-26
46,-364,-44,67,52,58
5,-355,-67,-1,9,3
-19,-333,-50,-35,-55,-22
0,-359,-46,-67,-32,-9
-29,-363,-15,31,-16,-62
-5,-348,-32,29,-32,-21
30,-355,-42,40,44,2
26,-298,-14,-10,9,-41
-47,-338,-52,9,49,36
-7,-343,-59,-26,78,-47
-27,-343,-44,20,47,36
23,-309,-32,47,32,22
-1,-316,2,-45,67,-32
0,-294,-26,84,19,38
25,-304,-44,66,70,-37
32,-317,-29,-48,27,-10
17,-342,-16,9,-45,-67
11,-335,17,-41,20,-8
-1,-311,-19,12,57,1
35,-297,-32,21,2,16
-1,-251,-34,16,37,30
18,-282,-11,-23,56,75
-13,-251,-19,-41,2,11
22,-271,-54,-2,-94,28
-10,-246,-51,-69,5,14
-1,-275,4,-36,-31,-6
3,-262,8,-26,3,-66
7,-241,14,36,23,-30
-47,-280,17,35,-20,-31
8,-254,23,64,10,-38
-4,-243,44,41,-46,-5
-16,-231,8,-20,35,-36
-1,-230,14,9,65,-54
-2,-230,28,25,-51,-10
7,-223,-10,29,-19,63
-14,-174,26,19,89,31
-14,-188,32,-21,-35,2
24,-192,38,-1,-9,-60
-27,-191,25,21,-5,-20
17,-179,16,-14,-5,97
12,-168,-1,4,-15,13
21,-188,45,-44,7,42
27,-162,35,-4,44,-22
11,-172,28,-35,98,-30
16,-162,29,3,4,20
-4,-155,12,-71,49,-29
-26,-155,75,46,47,-73
22,-165,53,-21,-15,59
-28,-183,51,67,-8,26
28,-151,9,-20,26,46
9,-140,35,-1,8,-24
2,-148,49,38,29,25
-3,-123,52,-7,19,-3
24,-178,50,19,-48,5
-12,-102,27,-1,14,-9
22,-111,48,33,-25,-8
-8,-136,63,-3,-77,-10
8,-145,46,42,3,105
6,-105,45,97,27,-17
-29,-163,75,-7,2,83
12,-133,58,58,-76,-7
-11,-130,76,26,65,-17
-14,-106,58,6,-52,49
-10,-113,89,-88,-37,52
0,-114,71,-28,-39,71
-4,-139,54,26,28,91
-16,-128,85,-39,57,23
-14,-106,57,38,-41,-11
15,-102,44,-69,-9,-78
-10,-108,39,-16,-102,17
7,-102,97,19,-10,54
5,-100,114,51,-54,94
-14,-90,37,60,67,-17
-22,-141,96,22,-8,-45
-12,-99,68,-72,20,-82
-1,-71,49,14,48,21
0,-136,49,27,-1,33
-5,-112,59,-30,21,-30
5,-105,70,56,-30,-66
-3,-110,74,32,-45,70
21,-133,128,41,-54,87
-20,-113,51,45,-46,3
43,-83,83,-42,-68,-67
-14,-127,62,-70,7,-16
17,-95,88,36,7,-0
19,-115,82,21,-8,-38
22,-102,88,61,-48,-27
-35,-105,70,44,22,16
4,-82,66,-20,-41,49
-24,-92,56,5,-8,-16
-0,-124,59,36,-77,-86
23,-124,100,15,-20,-20
-10,-145,58,-23,24,55
3,-133,77,-54,21,-6
0,-115,73,29,9,20
28,-150,61,-17,1,33
-13,-108,79,56,-10,-22
13,-157,47,4,-12,37
-17,-81,54,-18,31,-25
13,-171,108,-48,-22,-52
-5,-145,28,-3,72,3
7,-179,38,-23,-65,33
-16,-147,73,-14,-35,-40
20,-135,30,33,18,40
37,-190,44,-10,-64,-22
3,-170,65,43,17,16
-18,-167,58,-16,-29,-22
41,-170,89,-7,-14,-38
-44,-180,28,-7,64,17
41,-186,49,9,-31,-4
-16,-200,41,-21,17,-16
32,-216,19,-74,34,-76
32,-169,15,-41,-0,-7
16,-160,3,-46,5,5
-12,-215,41,4,-9,-123
-3,-224,10,36,35,-69
-10,-206,33,-56,6,-1
4,-217,32,-15,-33,11
-34,-227,-3,-75,-12,6
16,-192,-6,-65,-6,-54
4,-232,-7,48,-26,37
5,-257,11,12,-86,75
19,-216,26,-9,-20,-32
7,-234,-10,54,-30,49
33,-237,13,15,-38,-24
-21,-229,4,12,29,-82
-13,-268,-10,-33,1,1
12,-248,-59,-8,-34,1
29,-300,-24,-43,-83,28
1,-308,6,19,-64,32
-14,-258,-21,84,-31,-36
2,-250,-3,-66,-30,-1
-21,-300,-18,-37,-13,33
17,-268,-47,30,-2,-14
-9,-308,-6,27,-25,19
14,-294,-20,-17,30,-4
16,-300,-29,17,34,-31
-37,-316,9,-16,39,36
2,-322,-40,30,11,58
5,-328,-45,-37,33,-40
-4,-303,-55,-43,-4,-13
18,-345,9,-50,24,-1
-11,-341,-24,-2,-10,-16
-2,-321,-38,17,77,56
11,-335,-52,-8,33,-10
-30,-370,-50,99,9,-96
-16,-340,-33,-27,25,-35
-2,-376,-19,-38,64,-23
31,-330,-58,-9,-51,-9
-5,-334,-26,-43,-43,3
-8,-384,-65,-63,-21,-20
12,-381,-43,-3,-15,10
9,-360,-44,-56,16,24
-12,-388,-88,16,30,-26
20,-380,-87,-31,54,8
31,-375,-44,26,22,17
20,-389,-95,27,9,-60
27,-398,-22,-45,35,3
16,-409,-48,-7,-16,36
-9,-381,-63,-12,79,-34
-1,-425,-46,-68,-52,1
36,-417,-56,18,60,-48
-9,-410,-79,33,-28,-25
3,-420,-38,-3,-65,29
19,-408,-84,42,-61,-51
-42,-404,-93,-41,10,-29
-10,-395,-63,-37,2,-53
15,-426,-82,-37,16,-28
-37,-387,-107,-6,33,-32
-25,-404,-86,42,12,-18
22,-402,-103,48,11,23
6,-424,-59,65,16,-80
27,-413,-79,-21,32,-40
-13,-397,-69,-68,44,-8
-11,-409,-42,-32,41,26
13,-398,-62,40,13,-63
10,-378,-59,1,-33,16
-33,-374,-50,-120,-26,-47
5,-396,-43,-49,11,-47
-2,-417,-83,47,-56,-31
-15,-399,-68,37,-11,108
12,-383,-74,-27,-59,1
10,-399,-79,13,42,-4
32,-372,-52,-33,6,93
22,-389,-81,-24,-89,49
-13,-375,-105,-6,53,-58
16,-370,-89,23,34,-45
7,-366,-78,23,-77,18
-16,-377,-74,15,-47,-13
19,-430,-68,-74,-66,-22
0,-405,-54,-46,-43,-68
12,-384,-80,-20,-34,120
-1,-373,-56,30,14,5
6,-313,-60,58,40,-5
13,-422,-89,-0,-24,58
-8,-375,-73,-19,-5,31
31,-383,-50,-14,-66,-32
-8,-363,-69,-22,-11,-16
7,-396,-19,35,-4,-19
-18,-410,-63,-39,-18,26
-15,-363,-41,41,-56,-24
0,-357,-51,2,-35,7
9,-366,-40,18,36,-12
32,-368,-54,75,13,-39
-28,-345,-77,-32,-15,-1
-4,-321,-71,-33,-12,2
26,-316,-98,18,-10,-58
24,-368,-51,17,-2,25
26,-320,-67,-11,14,17
-3,-346,-47,-10,-7,29
-29,-349,-21,-13,40,-7
30,-306,-33,-17,-90,16
4,-340,-27,-13,27,12
14,-325,-32,32,-59,27
6,-308,-25,-34,1,32
-36,-288,5,-33,81,5
-14,-290,-31,30,-85,-13
-10,-300,-50,27,47,70
29,-317,-42,6,42,-35
9,-292,-58,3,-7,-4
13,-278,0,69,-9,-2
0,-280,-24,-5,17,11
16,-272,-24,32,8,-92
-17,-257,15,-50,75,-9
-28,-288,-29,11,-13,-38
-9,-239,-12,-8,-11,5
13,-240,-9,9,-27,6
-18,-264,34,-8,-32,-57
3,-259,3,-75,11,25
21,-241,22,44,26,1
-3,-239,-4,-9,66,-19
-18,-247,-14,-11,-39,-49
45,-224,36,-9,7,-66
2,-243,56,-34,71,27
-40,-226,22,-4,4,-76
-44,-227,-13,67,-39,-6
-8,-192,26,152,45,-44
6,-210,23,-17,-6,-6
-9,-236,49,15,43,39
-8,-174,67,-6,-18,41
-19,-170,40,35,41,22
-36,-192,20,-1,-3,-36
-10,-159,42,-45,28,-23
6,-158,27,8,24,52
-5,-168,26,-25,-25,21
0,-189,46,43,30,-6
-32,-137,39,-40,80,12
11,-146,50,27,-34,-33
-26,-163,31,11,22,-18
32,-143,65,-28,-12,65
-15,-186,31,-2,-81,19
-20,-126,50,18,-112,-94
18,-119,59,41,-31,4
3,-139,77,-24,-55,38
4,-136,63,4,-24,101
-6,-133,65,97,61,69
31,-134,21,15,-12,-0
1,-139,47,-8,34,-34
1,-142,51,62,-39,-32
4,-142,32,-23,54,48
-34,-128,80,7,-38,88
11,-126,71,45,28,-21
-66,-110,77,-25,16,28
26,-127,83,-22,27,6
45,-123,64,-8,17,59
-8,-150,38,-107,-26,20
46,-87,76,68,-4,-8
-8,-114,66,1,46,-30
29,-108,50,-33,28,31
-5,-121,104,38,-49,-14
20,-91,63,-56,-75,-70
16,-122,50,94,-63,-7
-4,-104,110,4,27,-23
-24,-111,64,-75,0,27
-3,-86,102,-31,-12,2
-16,-130,102,-26,-10,-4
-4,-116,96,11,5,114
5,-128,73,44,-32,-50
-20,-100,79,41,-8,-24
0,-111,79,-20,44,35
16,-116,65,6,-15,6
-33,-123,68,10,-30,80
29,-120,76,20,74,36
13,-87,75,10,47,-38
-20,-99,71,-52,-58,43
0,-66,70,-34,-20,41
-5,-127,52,-56,0,20
-16,-103,49,-2,-76,39
-1,-150,80,27,7,-1
-18,-96,51,-3,39,19
11,-121,53,-55,23,-11
-35,-105,80,-9,109,-14
-1,-108,71,60,-36,34
14,-113,51,-74,-55,-16
-5,-114,53,-26,3,-41
4,-140,91,19,-25,-16
-14,-169,79,-32,49,14
-26,-121,59,-53,45,43
-32,-114,57,26,-6,14
-10,-160,85,26,96,17
38,-155,68,-85,14,4
8,-123,49,-1,-12,-8
2,-131,54,13,57,-35
-27,-152,34,12,-31,-13
1,-176,40,-7,17,-6
1,-185,39,-22,-1,-21
-34,-124,46,-41,-16,18
-2,-168,40,-4,-9,-63
4,-193,30,53,55,-64
-3,-182,38,15,21,-1
21,-178,15,3,-27,27
-27,-172,47,-46,100,-1
10,-186,37,43,3,-12
25,-190,19,22,74,-3
-1,-223,40,40,1,-24
0,-205,34,-40,31,28
34,-200,24,11,-63,12
26,-208,32,-40,53,-44
-26,-226,-5,0,3,-9
10,-265,21,14,77,-52
-8,-205,8,48,-4,-37
-22,-223,40,17,50,-3
7,-249,9,29,24,-0
26,-242,2,-7,23,-12
-6,-221,7,-24,-24,51
-25,-284,20,7,-3,28
-14,-259,36,21,-2,-14
-18,-230,17,-33,-37,-12
-15,-262,-13,25,6,-10
12,-283,-55,-39,26,14
-7,-284,-23,-10,-53,-25
-25,-268,1,26,-14,-67
17,-253,7,27,-91,2
3,-286,-23,35,-21,35
5,-255,-44,15,52,-36
25,-294,-39,-94,-122,-44
16,-325,-5,-7,58,-37
-1,-316,-29,3,-11,-4
-20,-299,-15,70,5,103
16,-332,2,-30,30,7
11,-322,0,85,-16,53
-5,-340,-62,-2,56,-17
3,-313,-54,11,23,-59
-4,-323,-4,-30,29,9
23,-327,-42,-34,-60,-29
-18,-355,-53,-5,45,69
-24,-342,-27,46,-16,-94
14,-341,-67,35,-28,28
24,-394,-45,14,27,22
18,-324,-36,-27,-26,-8
20,-382,-78,-45,-17,29
22,-340,-55,-16,35,18
2,-361,-40,-40,63,-51
-5,-357,-19,3,45,89
-20,-350,-69,11,-10,-9
4,-339,-68,-35,23,-45
-1,-374,-63,35,-33,34
-14,-365,-99,36,-45,25
-16,-417,-69,13,-13,-73
-15,-398,-73,-16,33,19
8,-386,-81,30,19,27
-6,-376,-99,-8,-16,18
-4,-383,-108,-50,-84,-6
-41,-375,-69,11,-1,-56
2,-401,-65,-7,-71,-2
18,-382,-48,-43,-58,-30
-24,-393,-59,72,5,-22
-5,-423,-86,61,20,-14
-52,-373,-77,26,-23,-20
-21,-408,-81,-33,-25,22
-2,-388,-54,-38,-64,-44
-25,-416,-119,-20,42,-2
25,-379,-96,-5,20,-37
10,-418,-107,25,-32,10
27,-417,-81,-6,16,-5
9,-400,-79,61,-19,-22
3,-372,-75,22,-21,-71
17,-421,-73,72,8,-15
-20,-379,-44,18,-8,-41
-18,-407,-43,45,27,8
-16,-430,-71,38,27,10
24,-416,-86,15,-22,-30
-22,-394,-74,8,-6,-3
5,-368,-95,-11,-14,-17
7,-416,-48,-22,10,-48
-11,-372,-106,25,26,31
19,-395,-71,44,18,-59
13,-405,-78,-3,55,49
12,-409,-47,54,-1,23
-26,-371,-60,-59,-11,19
-16,-388,-80,25,6,-17
-10,-393,-78,46,-21,29
18,-429,-71,25,88,-42
-9,-438,-31,35,-39,28
-28,-370,-69,-77,-30,5
-13,-385,-36,29,45,-2
1,-396,-68,1,44,19
7,-381,-31,10,4,-2
-21,-403,-42,-11,-6,4
13,-365,-24,18,21,-69
-3,-390,-36,1,-22,63
-2,-363,-35,-54,36,-14
1,-350,-58,37,-44,-9
50,-345,-73,-4,2,-7
9,-377,-45,-91,-23,-51
-22,-359,-55,-1,-45,-7
22,-370,-68,75,47,-10
-1,-343,-63,15,-54,5
-40,-372,-54,45,-103,-81
-20,-370,-24,11,-9,33
27,-331,-22,59,-83,-53
19,-324,13,25,31,-52
3,-332,-8,37,-31,5
14,-310,-21,-68,-53,-7
-10,-300,-34,-25,37,-25
10,-333,-56,22,-11,4
-19,-312,-6,24,-111,55
-31,-320,6,6,-33,-22
-11,-292,-39,26,-9,-28
14,-282,-60,-19,37,36
-28,-306,-52,26,35,-56
15,-303,-20,-12,-41,-84
-25,-218,26,52,31,34
31,-305,-7,-123,12,-4
-5,-257,-17,47,-131,53
16,-286,4,-21,66,-11
-14,-266,24,-6,3,-51
-16,-267,-3,-16,123,56
-1,-239,6,84,-59,-29
7,-272,32,30,-21,-26
7,-248,-8,57,-96,3
-12,-265,-15,2,1,32
-1,-252,24,-5,41,-50
40,-223,-10,-16,81,-6
27,-239,61,6,-48,-32
24,-229,18,-30,17,35
-10,-220,12,34,-38,5
-27,-221,20,-7,48,12
-3,-220,7,10,-4,-31
16,-220,18,-63,49,34
-2,-217,3,28,-58,-56
-16,-197,44,-1,16,-20
-8,-181,56,30,-3,-11
-13,-182,25,-62,-49,-18
-14,-184,43,-41,66,26
2,-144,21,-23,68,-62
-3,-183,8,-40,-5,-0
-38,-176,90,28,-28,12
2,-168,76,8,30,13
14,-162,56,42,36,-41
7,-154,32,-43,-45,14
-17,-172,55,35,15,-82
7,-108,63,101,11,44
-20,-141,56,-54,-17,-9
10,-133,56,-0,27,-5
-45,-129,91,-14,53,10
34,-132,68,-8,3,16
-29,-127,64,36,68,-41
10,-95,46,-2,-51,-4
-8,-99,39,-26,11,-4
16,-137,57,86,-9,105
4,-127,108,17,4,12
13,-116,83,17,-90,-17
-5,-132,91,-34,-36,-4
19,-102,65,-13,29,39
-8,-107,61,-13,3,31
-1,-109,48,60,44,-37
-25,-133,79,-48,15,-18
-13,-157,59,1,47,-34
8,-130,73,28,-53,10
-19,-94,72,11,39,63
33,-98,48,25,-42,-6
16,-86,83,53,-8,-56
-22,-115,62,-24,-49,11
31,-126,80,-45,41,18
-13,-114,70,58,15,-32
-26,-88,102,-11,4,-4
-3,-113,84,36,58,-27
4,-79,109,-5,-61,27
22,-143,43,-32,5,-19
-11,-130,88,47,-70,-30
-7,-97,92,-10,47,-16
36,-128,61,54,-44,-48
-19,-86,100,32,-27,-1
4,-114,62,-1,-14,15
-2,-111,71,-64,35,34
-21,-108,42,11,-32,11
16,-125,90,9,71,33
-36,-121,93,-115,6,16
-5,-122,57,21,-13,-9
-2,-122,51,-51,-15,46
31,-152,56,-33,19,2
13,-119,63,-29,47,28
22,-150,74,36,-16,9
-9,-154,51,27,38,-37
7,-132,55,-8,34,-19
-28,-108,72,1,-23,-55
-18,-199,50,13,11,-20
-12,-113,46,-7,11,-70
-18,-164,121,38,-8,-54
17,-147,64,10,-5,-58
13,-150,53,-13,-50,-51
9,-148,101,-6,38,-26
4,-193,29,57,65,-123
5,-183,73,-52,-32,43
-23,-176,57,124,3,111
-12,-179,58,35,21,11
44,-149,45,13,-18,11
2,-180,35,17,-2,51
4,-158,55,16,41,-41
-34,-190,49,-33,56,-77
-23,-193,60,53,-9,-104
8,-166,-12,82,-10,-16
-4,-194,37,43,9,28
32,-175,13,-34,-66,60
-2,-206,22,32,-27,-24
9,-253,3,67,-67,-18
-2,-239,1,59,2,12
-9,-228,7,-27,-7,-22
18,-239,42,-13,27,34
13,-249,-12,-38,-60,78
39,-213,-18,-72,29,23
24,-241,8,-11,30,-69
1,-221,25,-22,55,18
10,-234,5,64,-12,58
-1,-236,20,11,27,10
-16,-241,-18,13,-71,-16
-22,-246,13,20,-36,24
16,-239,-5,45,4,2
-4,-268,-16,-42,-81,-35
10,-291,-29,-93,-50,-1
6,-300,7,37,68,-11
22,-285,-11,-33,25,58
-6,-321,-8,-38,-7,-30
-17,-301,-28,28,-3,-62
-2,-324,4,-8,-26,43
2,-2,0,1,4,5
-0,-0,4,-11,-8,0
-5,-2,-1,2,-6,1
-3,2,2,5,-9,-5
-1,2,1,3,6,5
0,0,-3,-6,-1,-0
-2,3,4,8,-0,2
2,1,3,3,-4,6
-0,-3,-0,-3,-5,0
1,-1,0,-1,7,-5
1,-2,-1,-3,-9,-4
1,-2,2,-10,-6,3
-0,-0,-1,6,9,5
1,-4,-1,7,5,1
2,3,-0,-0,4,0
-1,1,0,-9,-0,-5
-1,0,4,3,5,-7
1,-3,3,-4,4,-10
-3,-0,1,5,-1,-0
-2,-0,2,-4,1,-1
1,283,-193,2176,-990,1571
-1038,44,-472,2469,1074,806
177,-33,617,3332,-4020,-1170
100,-145,-97,4727,-995,-1954
363,235,690,6588,-3136,101
-284,735,-151,8827,4881,3292
1007,191,753,11341,1662,-325
580,1321,-182,14010,1160,-1498
723,2036,762,16712,-4000,881
1578,2129,855,19319,-675,2362
1176,1712,712,21709,1851,-629
1306,1475,456,23771,936,125
1352,2922,586,25409,2559,-830
1059,2659,1443,26545,1207,-316
862,2359,576,27126,-26,-1825
774,2827,965,27126,-289,-586
1611,3555,1120,26545,1086,1206
987,1664,728,25409,-2058,-318
572,2189,1821,23771,200,3274
1406,1321,1322,21709,997,-1279
1264,2127,1180,19319,-4145,265
1,2220,527,16712,-1279,995
773,2122,79,14010,-199,-328
1445,579,891,11341,247,-1120
792,21,372,8827,151,3372
717,891,-718,6588,2046,1140
375,-588,-295,4727,-3954,-3904
279,-241,227,3332,715,-3904
505,-154,-565,2469,702,1581
-192,-552,-713,2176,-689,1691
3,2,253,-0,2,1
11,-1,251,3,-4,2
-5,-0,253,-0,-2,0
2,-2,264,-3,-2,3
9,3,261,-2,1,-5
1,6,255,-4,-1,-1
-2,-8,255,4,2,0
3,2,258,-2,2,-4
-3,2,254,0,-0,1
8,-7,247,2,-3,-1
-0,-4,257,-1,1,-0
8,5,262,-3,-2,0
-4,5,252,-1,0,-0
-9,-1,254,3,-2,2
6,7,260,-0,-1,0
0,3,248,-5,0,-1
-2,1,259,-0,-0,-1
8,-0,253,-1,2,-2
-1,-2,263,1,1,0
0,4,261,-1,0,2
-4,2,254,-1,0,3
-3,-15,264,3,-5,1
-0,2,256,0,1,-2
-8,3,256,-2,-1,-1
4,7,247,-1,2,2
-0,-3,273,2,0,0
-1,-3,254,-3,5,-3
-3,8,254,1,-0,2
-1,5,255,-0,2,1
1,2,257,-0,2,1
11,2,253,3,-1,3
9,2,254,-0,2,-4
-9,12,259,-4,-1,2
-3,9,260,0,1,0
-2,12,249,-1,-1,4
3,-5,256,-3,0,-0
-2,0,256,3,0,1
4,1,253,-1,-7,2
6,-8,251,-2,2,2
-5,9,259,-2,-2,-4
7,-10,260,-4,2,4
-9,3,251,-2,-1,5
-1,1,255,2,-5,1
1,-7,265,1,1,-1
-8,7,253,1,2,0
-7,0,263,2,1,1
4,-4,254,-1,-1,3
8,-5,255,-2,1,1
-2,-8,258,4,-3,-2
-7,6,254,-1,2,2
-3,4,245,0,-2,-1
-1,-12,259,1,1,1
7,2,265,-1,-1,0
1,-5,264,1,0,0
-4,-9,260,-3,1,-0
4,4,260,0,-1,-1
-6,9,261,-1,0,3
-1,-1,251,2,0,3
8,-6,252,-2,-1,-0
2,-4,256,1,-3,-0
-9,7,252,0,0,-2
-6,-2,254,-1,0,2
-8,1,256,-3,3,3
-5,7,261,1,2,1
2,9,254,-2,1,-0
0,-2,252,-4,-1,1
9,5,250,3,2,4
4,4,255,0,2,-2
-13,-4,253,3,-2,-2
6,-3,255,1,-2,-0
7,-3,257,2,-3,-3
-2,3,255,2,-0,-2
3,3,250,4,0,-1
5,3,260,2,0,-4
-6,-5,253,1,-0,-0
7,1,256,-1,7,1
-7,0,247,0,-1,-3
-1,-1,259,-1,1,-5
-1,9,261,0,1,-2
9,-1,256,-1,-3,-0
8,7,257,1,-0,1
1,-7,256,1,-4,2
-1,-1,258,-2,-3,1
-3,6,253,-0,-0,-1
-3,-3,254,4,2,-0
-1,1,259,-0,-1,2
-2,-9,257,-2,-1,-2
-1,-0,254,-1,0,-0
-0,-2,251,0,0,-0
1,-5,258,-1,1,2
4,-7,258,-1,3,-2
1,-3,252,-0,1,0
1,2,242,-1,3,0
3,-6,260,-4,-1,-0
-0,2,253,1,4,2
-6,5,258,-1,2,-1
6,2,269,1,-0,4
-9,-8,263,2,1,3
-3,1,250,-3,4,1
-8,2,258,3,-1,2
-0,-4,258,3,0,3
4,4,260,-3,-2,-3
2,2,257,-2,-4,-2
2,-4,254,0,1,-1
-0,-2,247,0,0,0
-4,3,256,-5,2,-1
5,-2,240,1,-1,2
6,-1,244,-2,-2,1
-3,-0,248,-0,-3,-0
9,-1,255,-1,2,2
-3,-1,260,0,-5,-1
6,-6,258,-2,-2,1
6,-2,251,-2,-1,-1
4,-2,254,-4,-2,-2
-4,8,253,0,-2,1
-3,4,255,-0,-1,4
-0,4,259,-0,0,-1
-7,-1,257,-5,3,0
4,-5,261,-1,-1,1
0,-2,260,1,-2,-0
-4,-8,262,-0,-2,-1
1,4,250,2,1,1
-3,-1,264,2,1,1
4,1,255,-5,1,2
8,-0,250,1,0,1
9,-3,266,-1,-2,-1
-4,3,257,2,2,-1
-2,8,266,1,1,2
4,3,257,1,-1,-3
4,6,259,-3,-1,3
2,-2,257,-1,-3,0
-1,-6,253,1,-0,-2
-5,-5,253,0,3,-4
-5,-1,262,1,4,-3
-3,6,255,-1,-4,-3
3,1,259,2,-0,-1
-9,5,259,1,2,1
-6,4,267,2,-5,-3
-2,-4,257,-2,0,0
-5,6,259,-1,-2,3
-6,-1,253,1,-3,2
6,-7,254,-0,3,-6
-1,-1,260,1,3,-0
1,-5,258,-1,1,-1
4,0,259,2,2,2
-3,-4,254,2,1,1
-2,-4,253,1,4,4
-9,2,259,2,-1,2
-3,-5,263,-2,3,-1
-5,-3,252,0,2,2
-4,-2,248,-1,-3,3
2,2,266,-1,1,-1
7,1,262,-1,-1,1
6,4,257,-3,3,1
3,6,263,2,2,-1
0,2,257,-1,-2,-2
-1,-2,261,-3,3,-0
-1,9,242,1,-1,3
-5,1,259,-1,-1,1
12,-7,260,-0,-2,-0
5,-6,253,4,1,1
4,-1,260,-1,1,-4
4,11,263,3,-2,-0
1,3,258,-3,-2,6
-6,2,251,3,0,-4
-0,-2,259,-1,1,4
7,-4,255,0,-1,-2
-1,-3,261,-0,-1,1
-9,5,260,1,3,2
-1,4,248,2,4,2
-2,1,245,-1,-0,2
-6,9,261,-5,2,2
-0,-5,252,3,-5,2
3,-0,248,1,-2,1
3,-4,256,1,-1,-0
-4,1,260,1,4,5
3,-1,253,-2,-0,2
-0,-5,251,-1,-2,-1
-5,-4,256,-2,3,-1
-3,2,252,0,5,1
-5,-1,260,1,1,-0
-4,-0,260,2,2,2
3,8,254,1,-3,0
-1,2,250,1,1,0
-10,-4,259,0,2,-3
-1,-3,258,1,0,-1
3,-9,257,-0,2,1
6,1,259,1,-0,2
-10,3,251,1,2,1
0,-4,254,2,1,1
-6,0,259,1,-1,3
-9,12,254,0,-2,1
1,5,256,0,1,1
9,6,264,3,0,-2
0,7,256,-1,-2,1
-1,-10,254,3,-0,-1
-10,-2,263,-5,-3,2
-2,-3,272,2,-1,-3
-0,-2,255,-1,3,-6
-3,-4,257,-1,-0,2
-15,1,254,0,-1,-1
-5,1,255,-0,2,-2
2,-1,265,-2,-5,2
1,0,255,2,-1,-0
-4,-6,262,2,-2,-1
-5,1,246,1,-3,-1
5,-4,254,-0,-2,2
12,-2,252,2,-4,-2
-5,6,257,2,1,1
3,-5,254,2,2,-1
9,3,260,-1,0,-2
-2,-3,261,2,-1,-1
-7,-0,249,1,-3,-0
-0,-1,246,-0,2,-1
-9,-5,259,2,0,2
-0,-6,263,-2,4,-4
-7,-4,257,1,-3,-0
-3,-11,261,-3,1,-1
-10,6,264,-1,3,1
1,-7,255,-4,2,-2
3,-3,258,-3,3,5
7,3,262,-1,1,-2
7,2,261,-3,2,-4
1,3,255,-1,-4,2
-4,2,255,-0,-2,-1
1,5,255,2,4,2
-3,-0,244,1,-1,-0
1,1,262,1,1,-0
7,-1,247,3,3,1
9,-6,253,-2,-1,0
-0,-2,256,1,-0,-2
3,-7,247,-0,-0,-2
-9,4,262,4,-1,-0
-10,-7,251,3,5,-2
-1,3,249,-2,-3,-1
-2,7,247,4,1,3
1,2,265,0,-0,-1
5,0,254,2,2,-4
-5,2,252,-0,-2,-2
-3,5,252,3,-1,-1
-1,-3,261,-3,3,-2
-5,8,248,1,-0,3
-3,-6,255,2,-4,-3
3,7,246,-2,-2,-1
-7,7,268,-0,3,2
4,0,255,1,-1,3
3,-3,258,-2,1,-0
3,-5,252,1,-2,2
8,-5,256,-1,-1,2
2,0,258,-1,0,3
-2,3,249,-1,-1,4
0,-3,258,-1,-0,-1
1,-6,260,4,-2,-0
-7,2,249,-2,-1,-2
-3,-3,262,-3,1,-0
12,1,263,1,-1,-3
-3,2,258,1,2,0
0,-2,260,-1,0,-1
-8,-7,251,-1,-1,-2
8,0,256,-0,2,1
-6,4,256,3,-3,2
-0,-6,254,-0,-1,2
7,-3,255,-1,-1,2
5,-10,260,1,-3,-1
5,1,254,-0,2,1
-4,4,254,1,2,-1
-10,1,263,1,-0,0
-2,10,257,-1,-1,-1
4,-8,258,2,3,-3
-6,-1,254,-1,1,2
4,-3,251,2,-2,0
1,4,255,-2,-1,-2
-0,-2,254,2,2,-5
-11,12,252,2,6,0
-4,-9,251,3,2,-2
-3,7,259,1,3,2
-3,-7,260,-1,-2,1
-1,0,256,-1,-2,-0
-10,-5,254,1,4,2
0,8,267,-0,0,-1
-3,-0,257,0,-0,-1
0,11,266,1,-1,-2
4,0,262,1,5,2
-2,7,247,-2,-2,1
-1,-4,246,-0,-2,-2
-2,-5,252,1,-3,-4
-2,7,257,3,1,0
-4,-4,250,3,3,2
-4,3,254,-2,0,-5
3,5,252,-2,1,-0
-2,-10,250,-1,0,-0
5,-9,261,-0,-1,-3
4,-9,249,2,-1,4
1,-1,261,2,-3,1
0,-1,251,1,1,1
3,0,265,-2,-3,1
-5,-3,255,-0,1,1
-0,1,256,2,-1,-3
-1,3,254,-2,2,-3
-7,3,243,-1,2,-2
1,-2,249,-5,1,-1
5,5,262,-2,2,0
3,2,252,0,-1,2
2,-4,263,2,-1,-0
3,-0,252,-1,-0,1
8,6,263,-0,-1,4
7,-2,263,-1,0,-1
-6,2,256,1,1,0
-4,7,261,-2,-3,-3
3,3,250,3,2,1
-3,7,257,-2,-0,3
1,-7,256,-5,1,1
2,-5,252,-1,-1,-1
2,4,263,-1,1,-3
0,-2,254,-1,-2,-4
2,-9,258,0,0,-2
3,5,255,-1,0,-1
-5,-2,255,-4,3,1
3,3,257,6,-1,-0
2,2,250,-1,-2,3
-4,0,261,1,-1,2
-3,3,254,1,-1,1
-0,-2,255,1,-1,-0
-1,4,264,-0,2,2
3,1,257,-1,1,-1
6,4,255,2,3,2
-4,-3,253,-1,-0,-2
5,-13,255,-0,1,1
-4,-4,250,1,1,1
6,-1,255,1,2,-2
-3,5,247,-0,2,-0
-2,-0,264,-1,2,2
1,-12,261,-1,2,-2
4,0,255,-1,0,-1
7,2,249,2,-2,2
5,-18,263,1,4,-0
6,3,248,-1,-1,2
8,-7,247,0,-3,0
-2,-5,261,-2,-0,1
-6,2,261,1,-2,1
-6,-9,254,-1,0,1
-1,-7,256,-1,5,-2
-3,-3,254,-0,0,1
9,-6,264,3,1,0
-2,-6,258,4,4,1
-2,-2,258,-3,4,2
-1,-7,255,-2,-1,-4
-1,-5,258,3,-2,-1
3,-0,254,0,1,2
-2,-3,257,-0,-0,1
8,3,260,-0,2,1
3,-6,263,-2,3,-2
2,7,253,1,1,2
-3,2,255,-0,-1,4
-5,-4,255,1,1,-3
-6,-9,255,2,0,-1
5,8,259,-4,-2,2
-4,-7,254,-0,1,-3
-5,-8,254,-0,-1,2
-2,3,258,-1,1,-0
8,2,262,-2,0,2
3,-1,246,-1,1,0
3,7,253,1,-2,-3
-6,8,251,0,1,1
-5,-8,249,-1,-3,-1
-0,-1,253,3,-0,-0
2,-2,256,-1,-0,-0
0,0,261,-3,-5,-4
3,-5,259,1,1,1
2,8,261,-1,1,-1
1,-8,250,1,-2,-1
8,0,257,2,2,0
0,2,260,0,2,1
-9,-5,258,1,-0,-1
3,-11,252,1,-2,-3
6,-3,257,2,0,1
-3,2,260,-0,2,-1
3,-4,254,-1,0,-0
2,-3,267,-0,1,-4
2,-1,254,-0,-5,3
4,4,253,-1,1,-0
-0,5,261,-1,-4,1
0,-0,247,-2,3,-0
-1,-1,251,-5,2,1
-0,5,248,-0,-1,1
-0,6,252,-1,1,-2
3,5,260,1,1,1
-2,-11,260,0,-0,-0
4,-3,253,0,-3,-2
2,-4,249,-4,-2,-3
-1,-3,255,1,0,2
-12,-1,263,-3,1,-1
5,-2,249,0,1,1
1,5,256,1,-2,-2
-10,-5,247,-3,2,0
-3,9,261,-1,-5,1
-1,1,252,0,-1,-1
-5,2,263,-1,2,-0
12,-11,256,1,-3,-3
7,-6,250,0,-0,1
4,1,257,-0,-1,-0
4,-1,259,-1,2,-6
3,-2,241,2,-1,1
-5,-20,259,-1,-1,-2
9,10,259,2,-0,1
-6,3,260,4,3,2
7,1,256,2,-4,-1
3,9,249,3,2,3
-1,3,263,-2,-3,1
-5,0,260,-0,1,-1
4,-1,257,4,1,1
-2,-0,253,0,1,-2
-3,6,264,0,1,-0
-16,-4,251,1,-2,-2
-1,-4,258,-1,-4,-0
-0,-6,257,3,2,-0
-1,-3,255,-5,1,-0
1,-2,257,-0,-1,-2
-1,3,250,1,3,5
-0,3,265,3,-3,0
5,-0,259,3,-1,2
-4,-1,253,-1,-1,1
1,1,258,1,0,-1
-4,4,260,2,4,-3
-1,-1,261,-2,-4,3
-1,5,268,-3,1,-0
-5,-3,259,-0,-3,-2
-5,4,252,2,-1,3
-3,2,255,1,-2,-1
-1,-4,250,-2,1,1
7,4,257,2,2,1
-7,-8,253,-1,1,-0
9,-6,259,-1,-2,3
5,6,253,1,3,-0
2,-4,254,-1,3,-2
2,6,250,-3,3,2
-2,-4,253,1,-1,1
-0,-1,250,-1,0,-4
-6,-2,251,-0,1,-4
3,7,255,-2,-1,-1
14,4,252,2,-1,3
3,9,250,-4,3,0
-2,2,260,-3,1,2
-1,0,260,-1,1,-1
-5,-1,259,2,2,-1
0,2,255,-1,1,3
2,7,257,-0,0,-0
2,0,264,-1,-2,3
-4,4,258,0,2,-2
9,1,254,-3,1,-3
0,5,257,-0,4,4
3,7,258,2,0,-1
-0,-2,251,-2,-0,0
16,4,262,2,2,-5
8,5,263,1,-5,-0
-3,-5,246,-3,3,-0
0,-7,256,2,3,2
3,7,257,1,1,1
7,-2,260,-1,-2,-2
-1,7,255,3,-3,-0
-2,3,247,1,-1,-1
-9,-4,254,-4,-4,0
1,-6,261,-1,-1,-0
-5,1,261,2,0,-3
-8,-6,254,-1,-1,-1
5,-12,251,-1,2,2
-6,-4,254,1,-0,-1
0,8,249,-1,-2,4
-2,3,259,-1,2,1
2,12,250,0,-2,0
5,6,260,1,1,0
5,-1,256,-1,5,5
-1,3,255,1,-1,5
5,2,242,1,-0,1
-8,3,253,-1,4,2
9,-4,260,-2,1,-3
3,-3,258,-4,0,-1
1,-6,259,5,1,-1
7,4,250,-3,3,0
5,-0,256,3,1,2
-0,-6,255,1,2,-3
3,7,256,5,0,1
-7,5,261,-1,-0,-1
-8,-7,267,0,-2,-1
-0,7,264,0,2,2
-6,7,257,0,-3,4
-1,-4,252,1,1,-0
-9,-8,249,-2,1,0
-13,-4,251,-2,-3,0
1,4,252,1,-3,-0
-1,3,256,-1,-2,-2
-1,4,252,-2,-1,-2
2,-5,253,-1,1,0
8,-9,257,-1,3,-1
-6,3,260,-5,-2,-3
1,-2,257,-3,-1,-1
-2,-4,259,1,3,1
4,5,258,3,2,-1
-3,-11,256,0,1,0
-1,2,259,-3,-2,1
-3,2,253,-1,2,-0
-5,-2,260,1,-0,-4
1,2,256,-5,-1,-2
9,6,255,-2,-0,1
2,3,260,2,-4,4
1,4,259,0,2,2
-6,4,250,-3,2,-0
-3,-11,261,2,1,-0
5,1,258,-1,0,2
-3,11,256,1,-1,-2
-4,3,253,-2,3,-0
-7,-0,254,3,3,-2
-7,-0,257,-0,1,2
5,0,259,-0,-1,-1
-5,3,255,3,-1,-1
-1,8,249,2,1,-0
-6,-6,256,-2,2,-0
2,1,254,2,-0,1
4,-4,259,4,1,-4
5,-1,256,3,1,1
0,-1,257,3,-1,0
1,-5,261,2,2,-1
8,3,259,4,1,1
-8,0,253,-0,-1,2
0,-4,251,2,-0,2
3,-10,254,1,1,-1
-6,-1,260,1,-3,5
-4,-7,255,-4,-4,0
-1,1,249,-2,2,0
-5,11,251,0,-2,3
-0,-2,261,4,1,-4
-2,-4,262,4,0,-3
-9,-3,266,1,-3,1
-4,-0,262,3,-0,-1
-3,14,254,2,-1,-1
1,-5,255,2,3,-1
-2,8,255,-2,1,2
-2,-1,251,2,-0,-1
-1,2,256,1,-2,-1
-5,-1,250,4,0,4
-0,0,260,-0,1,-2
1,2,265,2,-1,0
-1,4,259,-1,-2,-1
-9,2,259,-0,-2,0
-3,0,250,-1,-1,-1
-1,2,260,5,-2,2
-3,4,255,-0,-1,3
0,3,254,2,-1,0
1,3,260,2,-3,1
-7,5,258,-1,-3,0
-6,3,263,1,1,3
1,2,250,-3,-1,-0
-0,1,256,-2,0,-3
5,-6,249,1,-2,-2
3,-1,249,-1,0,2
-4,-6,247,1,1,1
4,-2,259,-2,-0,0
1,-2,255,1,2,-3
1,-1,258,5,-0,3
4,-1,261,1,1,-4
4,-9,254,-2,2,1
5,2,267,1,-4,-1
-1,4,259,2,-1,-3
3,1,255,0,-1,2
9,1,255,-3,1,0
-4,0,260,-1,2,-4
2,4,254,1,-1,1
3,-7,255,-2,3,-1
-1,-12,248,-1,1,-2
-1,-1,247,-2,0,-2
-4,3,260,3,-2,-1
7,5,253,-1,3,1
4,9,252,-2,3,0
9,-1,258,-1,-2,-1
-9,-4,260,1,0,-1
-4,6,250,0,1,3
1,6,253,-1,5,1
8,-7,258,-0,2,0
-2,9,270,2,-1,-3
-4,-4,250,-2,-1,-3
-3,1,260,-1,-2,-4
4,13,261,-0,-3,-1
-10,0,262,-1,-0,-2
1,-2,258,3,0,3
8,1,254,2,-5,0
11,9,253,1,-1,0
-7,-3,257,-1,-1,-2
-6,-3,253,0,-2,2
2,0,258,0,-0,-1
-2,2,258,-3,1,1
3,-0,261,2,-0,4
-9,5,264,-1,0,3
-5,4,254,-4,3,0
2,7,254,1,1,1
-3,6,248,-2,-2,2
9,7,250,1,-2,-1
-3,1,255,1,-3,1
5,-6,257,-2,2,1
10,1,254,4,-2,2
4,-6,247,-1,1,-2
-7,1,260,2,2,0
-13,-10,246,2,2,-4
11,5,258,8,3,0
-6,0,253,-1,2,2
7,-5,248,1,-2,1
2,-6,256,1,-1,2
3,1,262,-0,1,1
2,5,266,-2,-1,-1
1,4,254,0,-1,1
-2,6,253,1,-4,1
-2,1,248,-2,-1,-2
6,2,257,-0,-1,0
-1,-2,258,0,1,-2
-2,-0,254,2,-2,-1
3,-6,258,-3,-0,-2
9,5,255,-0,0,1
-7,-5,262,-0,-1,2
14,-1,246,1,-2,2
-5,-3,257,-3,3,2
-0,-8,260,4,1,2
-5,-5,255,1,3,0
3,0,257,1,0,-0
4,-0,259,-0,-1,-0
-3,4,255,0,-2,3
-1,2,262,-2,0,-1
-2,-2,255,-2,0,-2
-3,-0,257,3,-3,3
3,-3,257,3,-0,3
-6,-0,251,3,-2,1
3,-4,254,-2,-0,2
1,4,264,1,2,-4
-4,-4,253,-2,2,1
3,-1,256,-1,0,1
-11,2,261,-0,-1,2
-4,-3,259,3,2,-1
3,-4,259,2,2,-1
4,-9,249,-4,-1,1
2,-2,263,1,2,-2
-3,4,256,3,-0,-1
-5,-2,257,1,3,2
-6,2,260,2,-1,-4
