3,-275,-20,56,-56,25
30,-247,-9,30,7,-5
10,-272,32,-8,16,33
27,-245,-11,-21,-32,-20
-23,-211,33,23,9,-13
22,-207,-23,-49,-29,27
28,-204,-4,-9,7,-19
8,-260,31,-63,-94,16
-17,-210,12,-74,14,-45
-12,-225,-12,-5,2,-34
-1,-230,-14,-22,18,8
24,-260,15,9,-19,-54
41,-228,61,-30,87,-32
-19,-177,46,-24,-63,-70
33,-194,27,62,4,-78
21,-171,16,-15,2,-71
-4,-195,26,-14,23,14
3,-198,10,-23,3,-31
28,-203,16,-23,60,33
-0,-216,67,-42,-41,-22
-32,-208,35,-69,-40,-66
-43,-203,25,-16,44,-39
-11,-194,36,-10,-61,-64
-13,-168,16,-19,-7,18
41,-124,32,-30,-33,-18
4,-157,87,-58,-25,11
-0,-170,75,10,61,6
-5,-176,73,-44,1,39
16,-174,48,11,49,3
-32,-128,94,-1,62,-6
-15,-127,46,48,58,18
-36,-128,54,-13,88,-33
-12,-130,70,-55,-27,-49
-15,-175,124,58,57,44
-12,-120,72,53,32,27
19,-106,42,-5,-7,-59
18,-121,54,-21,-32,37
16,-116,85,-15,-39,-7
22,-108,66,-38,19,-6
-7,-135,71,-36,-27,13
-1,-119,60,-40,52,-51
6,-106,75,6,-37,56
6,-105,39,13,105,29
13,-90,71,-50,-13,8
5,-90,76,63,-4,25
25,-57,69,22,-73,-24
42,-128,97,42,-6,14
-22,-103,59,18,-11,-13
-24,-136,78,-36,7,-76
21,-134,77,23,46,7
9,-111,59,-33,-27,-90
22,-125,79,5,51,1
-19,-135,93,-64,-3,-14
1,-114,101,-56,-26,97
-15,-101,52,31,13,33
-40,-126,100,-33,59,-10
-20,-120,71,-24,77,59
-4,-96,101,-30,-27,39
1,-105,82,-48,6,12
-26,-100,69,1,11,20
8,-136,88,-32,26,23
-19,-123,48,35,-23,-17
21,-126,52,6,81,-93
-23,-124,71,-10,18,-20
5,-148,76,-72,28,61
-2,-128,86,74,-42,56
-6,-133,38,6,2,33
23,-103,35,-55,-34,-29
-31,-155,39,-1,12,51
-35,-150,110,-43,20,50
-20,-149,90,-54,-5,-5
4,-148,58,22,-31,-27
21,-122,103,72,-37,28
-8,-150,64,-119,59,-6
-22,-97,20,46,9,48
38,-139,50,-69,34,34
33,-175,81,-25,-36,-68
34,-163,81,-46,23,9
25,-149,41,-86,-43,-57
-43,-159,51,26,35,3
-1,-180,48,8,8,-15
32,-190,41,66,58,5
3,-226,39,30,-13,-36
-32,-155,22,17,29,43
-29,-192,22,-22,29,18
-5,-215,22,-3,24,-26
9,-194,-8,79,-3,85
19,-149,38,54,-57,-40
42,-205,49,-8,93,16
10,-228,-9,1,-39,-26
8,-208,28,35,15,41
2,-217,4,-48,23,-9
7,-230,27,-20,5,-39
-14,-229,10,-15,20,50
-36,-226,51,-14,-30,10
-15,-265,17,-25,52,16
-6,-233,4,-1,-14,10
2,-232,24,-1,-41,30
14,-251,-17,90,23,23
-15,-228,35,-44,-21,-50
6,-256,-4,-5,-13,38
9,-234,-22,-6,97,18
-2,-228,26,41,18,-63
-11,-278,-62,30,-12,-42
4,-281,-29,-70,8,40
-22,-262,-3,5,4,37
8,-268,10,-27,27,-27
17,-311,14,-36,-18,-31
27,-301,7,8,-16,-46
36,-300,1,-34,-47,-16
-17,-300,-85,-10,26,-69
7,-305,-50,47,25,-78
6,-336,-8,56,59,-36
-3,-316,-30,19,45,70
36,-326,-30,-4,21,49
17,-319,-17,66,-2,30
-3,-328,-35,18,13,-37
36,-342,-61,-50,22,-15
25,-342,-39,-62,-42,55
13,-330,-12,-7,54,8
0,-321,-42,-34,7,5
-11,-345,-39,-26,-29,13
-49,-363,-55,-7,-21,53
-5,-356,-55,51,-28,27
14,-337,-18,40,-21,-28
6,-369,-64,-37,-8,-61
-5,-365,-51,-21,-42,23
27,-357,-47,-41,44,-9
7,-378,-49,16,26,31
-2,-386,-59,1,-4,31
-18,-356,-56,-5,5,75
-21,-375,-57,86,26,-9
-16,-396,-45,38,-9,-0
19,-374,-53,-34,-37,11
-27,-411,-85,78,-37,-46
-1,-385,-60,8,16,-11
40,-370,-84,34,-80,-22
1,-400,-63,-16,-22,-30
-36,-381,-114,5,3,25
-30,-412,-79,-5,-3,10
37,-405,-77,-56,-78,-42
25,-408,-39,-7,7,30
-13,-400,-60,-51,-38,-40
-16,-398,-98,13,-52,7
24,-389,-48,29,14,-69
-22,-384,-81,10,41,6
-13,-398,-62,51,-46,-20
-20,-422,-98,12,5,24
-13,-394,-103,-51,-21,6
4,-422,-84,-4,-65,68
9,-385,-81,-23,48,31
-35,-357,-38,-6,20,26
6,-411,-89,-20,31,-12
19,-407,-52,22,61,-101
-28,-372,-107,2,-96,5
-0,-414,-61,76,34,8
-36,-430,-62,12,43,41
0,-401,-45,-67,-3,57
4,-395,-86,-56,8,54
-11,-431,-92,-16,-31,-10
-6,-408,-84,12,20,-3
21,-400,-43,37,109,91
18,-376,-83,-17,1,28
-1,-404,-95,-7,-3,11
-40,-384,-52,-19,63,-16
13,-361,-66,-30,63,-0
-17,-381,-24,32,17,48
-10,-360,-58,-30,-40,14
-40,-380,-75,41,64,-31
-24,-378,-79,-43,36,-8
27,-376,-45,-74,29,-8
8,-365,-91,12,19,-24
-9,-355,-45,11,12,-49
-9,-386,-52,45,-2,-63
-14,-389,-43,8,3,-16
-4,-367,-50,68,10,-26
56,-384,-38,-38,-3,-0
4,-331,-89,-46,55,-18
1,-299,-44,50,-13,11
19,-345,-29,74,14,-12
4,-322,-81,-18,-41,3
-22,-321,-13,-20,56,43
7,-335,-9,-39,35,15
-11,-353,-24,-28,8,51
-31,-363,-55,48,-37,17
6,-333,-58,-24,-8,-5
1,-310,-23,-17,14,-12
18,-323,-32,-35,41,0
12,-296,12,-41,-15,52
-31,-304,-29,31,-35,26
35,-278,-77,-64,61,1
5,-313,-16,22,0,-36
-7,-266,-37,-26,13,-4
1,-269,-45,-97,31,16
25,-271,-2,-4,47,-81
8,-309,-18,44,-25,-73
7,-245,8,-0,1,-20
26,-235,16,-1,-2,7
-45,-287,-18,-49,86,-40
-0,-226,43,13,33,5
-22,-251,17,-36,-8,4
49,-261,-6,3,-9,1
-19,-229,37,20,-41,-67
-1,-238,-4,53,-41,-45
37,-222,20,-35,-52,-31
25,-210,38,-2,-86,-16
12,-230,42,28,-44,-7
5,-189,28,-6,23,-0
5,-225,29,-1,71,1
-20,-196,11,55,-13,54
15,-239,-16,-91,44,-6
-3,-208,32,-87,26,19
17,-234,6,12,20,-64
26,-204,34,25,-1,-40
-24,-191,47,17,-13,-38
-13,-182,55,64,7,20
4,-168,61,-28,-12,31
6,-192,56,32,-36,3
3,-173,61,-109,-9,11
-36,-153,75,-16,30,103
7,-156,6,30,-71,-3
16,-160,37,-26,-27,9
8,-162,41,36,-31,27
44,-166,63,38,-50,-16
10,-146,60,10,5,6
27,-141,105,-40,-90,70
8,-172,73,-3,-38,29
6,-119,35,19,39,80
-4,-149,63,17,-36,12
24,-153,61,-4,-26,31
18,-60,82,-16,-30,20
-1,-94,52,46,3,-50
5,-145,47,50,0,63
53,-151,90,93,-19,-45
5,-143,62,-4,4,33
30,-156,61,4,-14,7
-5,-133,101,3,-1,-16
-2,-122,64,-96,40,62
-31,-106,89,36,12,23
12,-135,66,-29,2,-37
-0,-143,49,-42,8,-53
37,-113,80,-23,-31,29
41,-97,71,-60,-1,17
-1,-122,89,12,33,50
1,-75,83,22,-81,-30
3,-109,90,23,-31,-66
-44,-94,69,40,6,-45
-9,-82,89,10,-23,-71
-26,-118,41,43,5,11
22,-115,72,-11,39,75
-16,-134,86,3,118,-4
1,-112,80,18,47,-37
3,-117,52,-45,59,-41
25,-110,79,-39,-9,16
-13,-90,67,-46,-16,-57
17,-98,117,17,12,-6
15,-92,81,-53,27,18
-6,-93,98,-23,-27,-35
7,-121,72,9,-8,-34
12,-138,70,-23,54,25
8,-113,93,-8,-63,-29
15,-119,77,-57,3,25
-13,-139,81,1,4,-4
-17,-155,104,-18,31,-8
-29,-107,61,-21,-108,-51
-14,-138,94,64,27,34
0,-109,46,43,20,-24
-14,-141,90,-7,-10,36
1,-113,91,16,18,20
3,-127,61,18,13,6
15,-139,66,-57,57,24
-19,-111,31,6,-96,-78
-15,-148,71,13,4,-1
16,-140,56,9,-12,38
33,-146,31,21,11,-4
-33,-162,53,-71,43,17
37,-148,80,-102,-62,30
-4,-156,35,-26,41,58
1,-141,57,70,3,-59
-1,-138,40,-11,40,29
-30,-184,61,76,-41,-44
13,-155,84,-13,3,-15
-44,-187,51,-27,21,70
-32,-171,89,24,15,-12
-20,-164,32,0,-35,-31
18,-170,30,-17,1,-7
-23,-192,32,-29,-38,40
-19,-169,38,0,9,-81
-2,-209,-2,-13,-50,20
49,-226,1,24,91,-74
-15,-211,15,-57,59,1
-8,-166,-5,-85,-7,33
21,-204,37,-23,-28,12
14,-229,-0,37,12,-34
-19,-199,15,-50,27,-36
10,-241,45,-54,-14,25
7,-242,29,38,48,-5
36,-231,-16,23,71,-34
5,-267,33,-16,34,-7
25,-252,34,-65,-23,57
2,-240,6,32,-6,38
-20,-258,-1,10,7,2
-4,-260,-23,35,40,-15
-21,-285,35,54,-53,-28
3,-290,-7,7,-24,25
-3,-258,-29,-38,-26,37
10,-307,-24,39,-22,-23
7,-337,-16,-26,15,68
6,-315,-25,13,-65,58
-4,-300,-32,-17,-49,-78
-15,-344,-38,-75,-3,39
26,-298,-22,-25,109,7
-3,-310,-28,-18,-5,-18
4,-313,15,-7,-9,-39
3,-332,-54,-2,7,-27
23,-339,-36,30,4,12
32,-327,-38,-103,7,-38
-21,-315,-47,16,1,-5
-1,-364,-54,-19,85,-37
15,-309,-24,77,49,17
3,-349,-24,42,-44,12
45,-329,-43,24,-22,73
20,-304,-33,-33,-3,-30
-13,-385,-55,1,17,64
20,-381,-63,67,23,-36
-25,-360,-105,-45,20,14
20,-386,-48,1,-14,-35
16,-369,-63,-63,22,54
6,-344,-70,8,6,-6
-22,-348,-50,21,66,16
-44,-370,4,-64,41,-9
35,-375,-53,6,-10,105
0,-409,-62,1,7,17
2,-411,-78,-43,73,-26
-7,-352,-65,-45,-12,24
4,-391,-44,-40,-1,-5
-19,-437,-80,25,-5,-35
29,-357,-89,11,46,47
-13,-378,-86,15,-7,25
-53,-397,-70,26,-55,27
13,-410,-99,-9,14,48
7,-377,-98,69,1,1
-28,-403,-82,0,4,-14
-33,-372,-44,22,-19,-44
-16,-441,-91,19,0,59
23,-409,-49,32,-9,-60
-17,-407,-95,7,-64,29
-18,-380,-72,5,-22,72
0,-378,-60,27,-15,38
-22,-416,-101,75,7,-29
-26,-412,-76,-8,-5,73
-5,-412,-79,-37,46,27
-34,-409,-53,-68,18,57
-11,-405,-78,-21,51,-38
17,-399,-99,79,-17,-1
4,-437,-88,9,27,-6
17,-405,-70,-19,3,39
-48,-392,-71,-52,46,40
-2,-417,-66,29,-36,-5
-9,-379,-58,-13,-60,16
-20,-428,-83,-33,-27,11
-1,-430,-67,-25,15,-3
-10,-390,-73,-57,-30,21
5,-394,-84,-52,-23,-7
-4,-389,-89,89,27,-56
38,-402,-49,2,-11,26
-12,-408,-30,5,-52,8
-27,-379,-69,14,-34,-17
-11,-429,-24,14,53,-65
-11,-380,-84,-74,-75,6
39,-379,-64,-57,29,86
-31,-377,-98,1,-1,23
6,-364,-75,-14,-9,6
-2,-364,-68,-24,-18,11
23,-374,-18,5,52,-0
0,-345,-59,1,-7,-6
-21,-326,-36,-53,33,-15
37,-346,-14,20,57,17
-16,-355,-46,-36,3,-36
-1,-326,-68,18,-70,3
10,-316,-77,-10,-13,16
13,-349,-65,69,7,-11
3,-315,-43,25,-81,-82
-8,-308,-20,-9,81,-40
-2,-387,6,24,-10,-69
25,-343,-35,-16,47,30
7,-330,-39,31,-42,-24
-1,-290,-63,55,46,-19
-12,-287,-17,-50,22,87
9,-329,-51,-53,-8,-33
-2,-285,-1,20,-56,49
-7,-320,-19,-9,-12,44
-48,-277,3,88,-33,2
-20,-254,-22,49,-4,26
56,-292,-25,-55,17,-21
-1,-315,3,-17,-8,42
30,-248,8,-34,8,10
-0,-254,-9,44,-1,-14
-6,-276,20,1,49,-42
-13,-231,-12,-1,-6,-12
-11,-215,16,-17,12,12
33,-250,4,67,-99,18
10,-247,11,57,-39,12
-17,-220,1,90,-33,44
-29,-239,31,-11,4,-28
-4,-213,3,-36,7,36
14,-270,3,14,-91,-12
-17,-212,0,2,14,-53
-13,-265,-0,-3,9,-8
-16,-204,23,36,32,-32
11,-208,55,-12,17,34
-14,-206,59,-2,9,-39
-16,-171,20,48,-48,3
4,-188,23,-63,-48,-61
-33,-201,54,51,25,31
-0,-204,49,38,-32,-84
-19,-153,16,-21,-34,-27
2,-176,47,3,-34,48
19,-168,34,10,-25,-13
10,-155,30,-14,-36,-54
5,-176,20,41,1,-32
24,-130,20,50,43,-18
-28,-155,49,7,-49,-68
-25,-135,43,56,-16,6
15,-132,22,12,-36,-29
-13,-145,43,58,48,15
-1,-112,76,3,30,-53
17,-152,89,-48,-34,75
-3,-139,88,-9,-41,67
-16,-112,78,-4,-2,16
16,-150,62,-23,64,-10
13,-120,63,45,-35,-31
10,-125,79,-47,-39,2
6,-160,54,16,-11,66
-24,-126,35,-7,-45,-16
11,-156,75,59,13,-25
6,-125,90,26,-43,13
15,-105,23,7,-24,32
12,-110,85,-10,8,17
13,-101,62,-12,27,57
12,-79,32,2,-7,-46
-1,-117,100,34,84,-56
4,-119,116,108,21,-40
24,-120,68,-37,82,78
14,-92,79,3,25,15
3,-137,49,7,-73,22
-22,-98,64,12,62,-35
4,-110,102,-33,36,-43
-33,-101,116,-36,42,-26
-23,-99,69,-10,-37,-41
18,-100,43,7,49,-19
33,-76,87,39,-56,-42
-0,-74,82,-23,42,-63
-6,-116,64,-69,58,-61
-11,-100,81,22,-16,35
-18,-84,35,23,65,-6
-44,-140,95,59,60,77
-31,-124,28,55,2,65
27,-78,75,-63,46,42
9,-131,72,43,7,66
17,-106,75,-3,36,31
-15,-99,57,10,15,-37
29,-116,58,13,-17,59
-28,-144,74,7,36,74
-8,-153,76,21,-40,32
-14,-84,69,-0,57,9
-6,-90,79,51,-22,-3
-39,-120,66,-5,3,-30
8,-137,85,-12,12,27
-31,-107,88,-72,-6,17
-4,-115,63,42,-20,-28
11,-159,62,-19,-43,-83
-9,-167,66,40,53,75
16,-137,42,-82,-33,43
10,-159,41,-23,26,1
1,-132,54,-52,3,-25
21,-160,56,23,-19,-6
-23,-158,55,-70,-22,-20
-20,-169,33,71,-44,-37
-10,-184,34,20,-17,51
-0,-172,38,-41,31,37
26,-168,28,-41,15,3
-0,-193,35,44,5,1
-6,-174,19,-21,15,-30
-22,-163,43,45,-54,-37
29,-203,12,28,7,26
4,-221,56,41,-72,-13
-17,-190,17,35,-26,-48
-13,-216,13,48,-3,-23
-33,-199,15,50,-8,-10
-5,-213,-1,27,-23,-74
31,-246,-23,39,14,39
-25,-205,26,18,79,-16
-17,-200,24,17,14,-70
2,-222,2,-7,-24,-57
-16,-239,47,50,20,-13
4,-259,7,-19,-80,-30
34,-266,-3,14,-43,14
-11,-245,-16,76,33,-17
-10,-237,17,-37,6,85
5,-211,0,53,20,47
17,-255,24,-12,32,-19
7,-298,-18,28,-37,34
-1,-273,26,-21,12,-5
35,-310,13,41,-52,34
54,-325,13,43,64,-31
8,-283,17,-43,-27,26
-25,-293,-24,-1,6,-38
-41,-312,-41,-11,32,30
-38,-313,3,-80,33,-29
-15,-301,21,13,-6,44
4,-281,-42,1,80,-53
-14,-322,-62,87,-5,-32
23,-307,-8,12,-116,-16
12,-327,-25,-94,-17,60
-17,-330,-45,6,6,-51
-3,-334,-43,-13,47,-11
-2,-345,-39,22,-13,-20
-21,-356,-34,-92,15,-54
-24,-345,-41,16,46,54
49,-349,4,8,13,9
16,-345,-36,21,2,-54
17,-367,-70,12,-81,-38
35,-344,-41,55,-57,-62
-3,-354,-61,-11,-16,55
-2,-364,-49,-32,-11,-7
19,-382,-48,-39,-68,43
-25,-324,-62,27,13,-72
33,-388,-54,-9,-60,39
14,-345,-76,9,51,17
-24,-405,-51,-13,32,-119
-17,-405,-71,-20,13,-32
-37,-332,-81,50,2,2
22,-403,-60,131,-18,-55
12,-381,-91,-32,-49,4
13,-415,-81,-41,-33,16
19,-419,-65,46,-45,-23
-31,-414,-53,-25,2,42
9,-370,-80,-21,52,26
-5,-366,-69,-28,10,-9
-22,-445,-60,-26,27,60
-23,-398,-57,28,23,-33
9,-379,-66,43,-76,-1
29,-418,-61,49,51,-20
-26,-421,-31,-60,44,20
32,-439,-108,-15,1,-7
11,-405,-52,7,-33,-33
6,-371,-72,27,11,1
-21,-383,-66,27,91,3
9,-375,-122,-60,60,38
2,-428,-72,-4,-39,-54
32,-390,-97,-98,3,-7
-36,-380,-103,-54,-22,9
27,-370,-96,13,12,-2
5,-402,-96,-36,33,-7
30,-407,-81,-74,-21,-17
16,-396,-86,86,93,-33
-36,-421,-73,-35,-22,-40
-9,-452,-58,21,60,-22
-7,-415,-100,16,46,-18
-7,-387,-64,12,63,75
5,-406,-67,21,40,33
5,-364,-71,-27,31,-42
30,-416,-60,8,-26,-17
-5,-385,-108,-80,-1,40
-8,-397,-50,42,-40,-20
-10,-384,-101,-40,-56,-57
1,-402,-35,49,-44,27
16,-367,-40,-32,-26,-88
-4,-395,-31,6,-23,-26
-25,-416,-44,-10,-17,-22
1,-350,-65,-49,-7,-21
7,-368,-92,-39,-15,-27
-3,-396,-52,17,-56,23
0,-363,-51,-47,18,-5
-11,-376,-54,-79,14,-15
6,-316,-78,-22,-38,-32
-21,-378,-58,94,19,-44
8,-339,-72,33,-6,44
17,-350,-62,1,-19,-27
-8,-337,-48,10,44,-17
19,-356,-69,53,-23,6
-2,-357,-14,43,5,7
19,-329,-39,61,-33,-30
-15,-331,-48,2,30,45
7,-320,-31,-37,59,17
-7,-342,-25,-5,19,56
6,-302,-3,-24,-26,-75
16,-287,-40,11,7,-58
39,-321,-49,1,-59,10
9,-310,-6,-25,-18,59
29,-307,-7,43,9,17
-33,-277,-18,5,40,35
-38,-272,-39,-28,22,16
33,-336,-27,53,-85,18
-16,-259,-12,18,15,48
-1,-263,24,12,19,51
-24,-271,6,73,-24,14
29,-251,-2,-53,49,-24
3,-272,17,-62,-41,30
21,-268,5,9,-56,-22
-11,-258,2,-117,0,7
3,-263,-7,11,-14,45
-16,-226,46,29,68,-1
-17,-241,20,9,-15,38
-6,-225,27,62,22,41
8,-238,3,84,8,26
-48,-220,-9,71,33,18
-1,-212,11,-14,5,-21
-10,-208,27,14,-10,-7
-18,-159,3,-75,-12,36
11,-208,22,24,-8,39
-8,-176,35,-27,-12,-44
-21,-201,3,11,29,34
12,-191,27,-8,46,47
23,-189,13,-29,37,-7
-47,-189,52,-20,6,-11
6,-187,26,-2,-20,-14
39,-150,87,-22,-7,9
-3,-169,6,-59,10,-5
-6,-206,25,5,34,-7
-10,-190,48,-14,43,-67
12,-160,34,-23,-26,-15
1,-142,58,-16,-2,-50
-32,-139,37,8,-6,1
1,-131,18,-40,6,-33
-6,-131,1,-14,-84,8
-15,-135,48,76,28,56
-7,-89,37,39,13,32
-6,-158,52,2,78,96
48,-153,54,-40,17,-28
0,-119,61,-29,-87,-14
7,-102,60,54,9,-24
4,-147,57,70,-86,11
39,-104,33,-1,60,4
12,-101,65,33,27,13
23,-137,99,-25,-27,-0
-23,-124,55,68,43,-7
7,-115,101,33,-78,44
3,-136,49,75,-47,-43
21,-129,74,-36,51,-9
1,-125,69,-57,-8,153
1,-163,62,21,70,-24
1,-129,44,-14,37,56
-4,-66,87,-71,-8,7
-1,-109,45,70,151,-67
47,-119,57,28,46,-1
42,-125,90,-19,34,-28
-14,-84,105,-37,-31,-8
-17,-138,117,-13,6,18
36,-107,87,-33,32,-21
15,-141,41,8,11,-67
-10,-117,117,83,-61,58
16,-134,52,28,-25,19
4,-92,55,-67,-2,12
-9,-140,56,-26,30,-24
3,-80,70,-67,6,-33
20,-101,50,-26,-12,-14
5,-125,52,30,12,-24
-6,-106,72,24,-21,-36
9,-93,65,-54,-25,-37
-35,-92,86,-60,12,-1
13,-102,43,31,94,-10
21,-91,86,15,-26,-6
-0,-115,97,-5,88,-59
10,-140,57,12,53,-47
-14,-123,74,-63,8,77
10,-120,26,37,35,93
-12,-124,73,1,26,57
-3,-94,83,42,-35,-51
43,-111,88,-7,-30,43
21,-151,59,25,-24,-26
14,-144,55,32,37,90
26,-165,46,23,12,-66
2,-120,86,-18,1,36
-35,-187,11,69,35,40
20,-151,42,12,-3,4
18,-146,43,8,8,-87
22,-148,35,-37,45,8
-16,-156,16,-31,2,-70
4,-161,74,-22,-28,-22
22,-183,27,9,-23,60
-5,-161,32,27,-54,-18
-14,-177,38,68,37,-18
19,-166,36,43,-25,2
-6,-195,49,45,-76,-47
27,-157,39,-8,-64,2
-16,-235,19,55,8,37
-27,-177,9,12,-55,16
-20,-171,-9,-38,16,25
23,-174,49,-1,-29,31
-11,-227,5,21,-9,-13
11,-245,2,-75,61,95
36,-236,-9,29,49,9
13,-273,66,-27,11,-50
6,-238,-0,-34,-69,9
-24,-235,13,29,-24,-25
-12,-241,-11,-10,-39,-63
-10,-238,0,-22,60,42
28,-256,3,50,-55,-96
-4,-266,-22,-39,29,2
-7,-265,1,43,48,20
-26,-269,5,7,12,12
-24,-239,10,-6,-23,-71
26,-283,-11,37,17,-39
7,-270,-8,-35,-34,60
69,-297,-7,-20,55,2
-6,-278,-26,41,-37,28
-6,-296,-2,-57,-11,34
2,-293,15,-57,-48,26
46,-291,-14,61,-36,87
-43,-335,-32,78,-60,-4
22,-307,-21,-61,24,-33
-1,-308,-19,9,47,46
-14,-277,-9,-22,-25,8
17,-356,-33,59,-20,-27
11,-306,-47,-52,-26,-7
2,-328,-39,-73,3,-25
0,-373,-59,-30,53,62
17,-343,-14,21,-55,-22
-16,-359,-11,-38,55,-59
-26,-328,-49,-15,39,15
-49,-360,-67,57,42,10
-19,-339,-77,-37,17,62
17,-348,-21,12,20,23
-7,-393,-67,-9,27,8
-25,-380,-23,31,42,2
10,-384,-92,11,-48,9
11,-362,-45,-3,72,-42
6,-358,-53,-25,-8,32
-5,-330,-102,62,24,16
-10,-415,-39,-12,-62,-66
3,-370,-84,20,-56,-15
14,-401,-59,2,26,30
-10,-413,-65,-27,-21,-23
32,-374,-63,51,2,-50
67,-403,-64,-22,25,-56
0,-403,-52,-29,22,2
18,-387,-17,43,-28,-40
4,-415,-53,22,-9,-6
19,-406,-70,10,-4,-12
14,-371,-27,-55,-29,22
13,-397,-82,-87,40,4
-15,-437,-101,-1,-22,1
-43,-379,-88,-94,-23,33
-9,-418,-48,-57,52,-1
7,-388,-55,19,29,89
-38,-383,-62,16,-13,16
1,-409,-58,-11,4,21
33,-395,-93,44,26,60
-27,-373,-85,-0,-21,44
8,-420,-75,63,55,57
21,-447,-51,2,54,-43
-15,-424,-78,12,66,-10
18,-418,-75,9,75,60
-29,-414,-60,-39,77,-20
21,-384,-70,36,-8,29
16,-409,-75,-12,-112,49
-19,-392,-69,-35,0,123
-26,-398,-92,-16,-23,-15
32,-396,-64,-5,16,-61
34,-414,-96,35,-9,-10
15,-420,-89,38,-52,-4
17,-398,-77,-10,13,21
-26,-389,-61,18,-17,-65
-6,-408,-67,-5,-51,-14
4,-368,-105,-72,34,-28
17,-417,-50,-5,44,-17
-7,-393,-76,46,-34,-57
1,-337,-41,60,19,-46
-22,-386,-75,-58,83,10
8,-371,-36,36,31,-8
-18,-363,-61,-13,-25,6
35,-360,-43,37,-28,102
-42,-361,-78,-46,-41,-21
0,-380,-85,-44,5,-4
4,-397,-57,61,-52,-13
-3,-376,-48,-49,34,0
21,-361,-22,-66,29,25
-36,-327,-45,-108,45,37
-12,-340,-34,12,-30,-2
13,-324,-9,-35,21,10
22,-349,-10,-54,-5,-26
-16,-373,-62,-4,20,12
-22,-348,-31,-25,20,88
-0,-351,4,30,44,-58
-45,-299,-19,-23,34,-36
31,-301,-17,5,-6,-25
14,-291,1,2,8,6
-16,-318,3,-76,9,14
44,-314,-23,2,-13,-49
7,-316,-8,48,-11,3
-14,-276,-14,-43,-55,22
1,-310,-6,8,-9,16
11,-261,-15,-15,51,-39
-10,-262,-23,86,4,-9
-41,-254,23,-1,27,-52
8,-274,9,-18,9,-12
46,-246,-18,-25,-1,9
21,-295,-14,-47,55,-36
22,-312,45,-60,-74,-16
17,-226,-38,-37,30,33
-5,-258,25,-31,-51,-28
46,-240,-23,-34,-34,50
8,-241,14,-22,-7,23
-9,-202,9,35,61,-49
19,-203,7,-31,-129,-37
-41,-210,8,7,88,-37
-8,-219,51,4,-8,3
-1,-210,21,-90,49,-15
30,-195,34,-47,40,-81
6,-212,31,9,-46,82
-14,-189,24,-16,85,19
4,-149,49,29,-36,-56
-9,-193,58,48,-30,36
-2,-207,37,51,15,23
18,-171,53,-14,0,102
7,-199,32,26,39,-9
-12,-157,26,-6,95,-50
9,-165,49,-0,17,15
16,-182,44,-49,24,17
-30,-160,41,5,-40,39
-5,-173,27,-34,-34,-8
33,-141,35,6,17,-23
24,-148,24,11,-11,62
-12,-162,87,-3,-36,-1
28,-128,42,-7,16,28
-30,-143,67,-91,25,-70
-14,-126,53,-24,-38,89
1,-148,97,-20,-32,6
7,-162,28,-12,63,-32
-53,-101,56,16,1,62
-11,-138,80,57,-16,31
2,-114,56,10,40,55
6,-144,21,-29,0,14
10,-106,122,-9,29,36
-6,-115,64,-12,25,18
1,-104,99,65,-53,-36
40,-124,80,38,-2,41
-4,-118,74,-42,-53,30
-4,-120,95,41,85,53
14,-98,48,-42,4,-59
-36,-126,53,17,-29,24
-11,-120,56,-49,25,-9
18,-139,120,33,71,-68
-8,-152,56,7,24,40
-2,-74,72,-10,-2,60
14,-84,90,17,7,-25
1,-124,35,-13,-12,-23
22,-121,58,-62,-26,39
3,-107,41,16,-36,-12
-15,-92,27,29,22,74
-1,-110,93,-25,31,-83
18,-97,74,-12,-73,-56
7,-98,64,30,93,-12
2,-103,59,-56,24,-40
15,-110,47,-20,28,40
21,-113,71,86,-31,-54
-7,-142,93,-52,-11,19
17,-108,82,-22,-11,-7
53,-123,90,-92,-67,62
18,-127,86,-21,-92,32
11,-104,68,70,13,-48
3,-137,72,20,-16,-10
13,-104,108,-15,162,66
24,-144,72,48,38,83
-1,-92,40,0,-42,-64
-4,-128,107,-23,-39,-29
-10,-157,61,-64,-8,-11
35,-113,73,-26,0,38
-30,-157,20,-56,64,1
-6,-140,58,37,26,23
31,-121,45,32,41,14
2,-145,79,21,-7,44
-0,-167,72,-1,-36,-63
18,-145,51,-11,-2,-14
7,-187,46,-2,-21,-25
-16,-138,47,23,-59,-29
7,-173,86,-25,-20,0
-4,-147,39,61,-10,-8
-10,-147,54,-31,17,-46
-26,-183,-13,62,-19,20
15,-186,53,-43,-9,-4
14,-182,94,53,-12,-28
-22,-185,36,48,-13,16
-38,-206,54,-13,34,-2
-2,-199,-8,6,-7,-33
-1,-173,-5,39,-25,14
11,-204,43,-34,-62,-47
19,-232,67,22,97,-37
-31,-225,-11,28,-67,-7
-25,-209,38,-38,-144,-44
6,-223,38,-3,-24,-57
5,-189,13,-61,8,7
-15,-211,60,-34,-3,-38
28,-229,28,-8,-57,-48
-18,-252,8,2,-13,-74
-28,-205,-20,-0,-33,-20
5,-248,-27,14,64,-38
-45,-250,-16,-40,65,-25
-19,-232,-17,35,-34,64
32,-280,27,27,25,8
22,-278,-16,26,-24,-72
3,-257,-12,-11,34,17
-29,-267,-47,35,7,17
-9,-275,-4,-23,13,-10
-37,-336,-18,94,-109,3
-11,-303,-15,-2,-11,-26
-6,-282,-13,20,-17,43
4,-345,-31,18,-2,33
-32,-285,-29,20,-82,50
-6,-322,-33,-7,1,-69
30,-291,-34,15,58,13
25,-324,-18,48,4,21
-11,-309,-37,-3,-56,18
-11,-349,-54,-53,-33,-49
-25,-325,-67,13,98,36
21,-336,-46,-36,-63,29
-19,-349,-24,-22,-12,-29
9,-298,-26,-8,9,21
1,-328,-47,61,-9,-82
-28,-369,-56,14,-22,-61
1,-353,-26,-33,-46,-16
-42,-384,-20,-30,30,-15
12,-376,-37,-1,-68,-34
4,-377,-49,-48,-40,-23
-20,-373,-63,16,-57,-19
-12,-379,-88,27,-49,38
34,-392,-48,-57,43,21
-16,-391,-54,21,-29,34
6,-409,-69,8,-36,-19
5,-385,-29,16,33,15
28,-406,-68,36,-44,5
-12,-382,-70,16,3,-14
-14,-374,-76,-86,47,16
3,-412,-27,-55,-55,28
23,-375,-50,37,-21,19
9,-411,-65,-41,-56,9
-25,-379,-60,14,-37,-40
-25,-408,-86,27,-29,36
-17,-385,-84,-21,40,26
-15,-398,-122,-17,-5,11
7,-413,-78,-9,27,18
14,-376,-100,16,34,27
-6,-405,-69,-33,-41,-29
19,-412,-56,47,-10,12
13,-385,-63,12,42,9
-16,-392,-90,30,-50,9
31,-408,-83,14,-5,10
42,-421,-83,3,61,-40
-26,-418,-114,-15,-29,58
23,-415,-73,12,2,-21
-43,-402,-93,-13,22,-4
3,-458,-49,45,-50,61
16,-411,-39,-16,-98,35
-15,-437,-89,48,3,11
8,-405,-66,-38,65,15
-23,-415,-81,-19,21,23
21,-391,-60,62,20,35
-33,-363,-72,-20,-71,-8
2,-427,-68,32,37,4
-28,-388,-84,-24,-84,-54
4,-421,-52,-66,53,84
-21,-392,-68,24,-24,15
-50,-408,-41,2,3,28
-27,-409,-58,4,-5,-1
31,-364,-46,-66,-29,-31
5,-396,-61,31,-121,58
3,-362,-51,33,-54,-33
11,-369,-59,83,-17,29
-14,-327,-55,-1,-5,86
-14,-396,-64,31,-14,4
-22,-397,-14,-39,4,-72
36,-371,-54,8,-43,40
3,-328,-66,69,23,17
-3,-336,-50,-54,-12,63
4,-339,-17,33,14,64
-43,-378,-47,-17,-3,-7
9,-399,-18,-9,-21,94
8,-361,-26,47,21,-51
28,-370,-36,61,-42,1
-2,-346,-12,49,-67,-12
-22,-360,-41,14,21,94
-25,-321,-31,-60,-25,43
13,-339,-9,25,64,6
2,-333,-13,-23,39,-15
3,-314,-56,-7,-21,-38
-35,-305,-46,55,2,-73
33,-307,-20,-64,-31,26
-33,-339,-40,-43,62,-18
-6,-282,-43,9,48,102
-6,-330,-11,22,-11,-54
18,-281,-9,12,41,-11
8,-269,-43,44,7,2
-17,-272,-40,-23,-59,73
20,-260,2,-93,45,-23
10,-263,-54,19,80,-23
9,-247,-7,8,-30,-9
-1,-273,24,61,24,-17
31,-238,53,-3,64,24
10,-225,15,-20,55,67
-1,-249,-0,16,37,33
-8,-262,26,-66,33,-45
11,-252,38,30,-3,-20
9,-170,5,99,-33,3
-4,-237,14,30,26,37
-40,-244,24,-9,-21,-18
-0,-226,-10,-13,63,16
-11,-184,45,-8,37,-49
9,-250,0,-45,68,-88
-29,-212,23,-31,-35,-37
-14,-160,19,35,73,-30
-52,-213,30,37,13,44
-11,-183,31,16,-50,-11
14,-199,28,-29,-45,35
-26,-137,15,10,4,-9
-9,-175,68,-24,-10,13
1,-169,43,13,-2,58
10,-212,67,-12,37,59
-15,-180,56,8,46,11
12,-191,16,-46,-8,28
-15,-126,59,-24,-5,27
-2,-179,41,11,-66,3
4,-142,34,21,74,-23
-11,-155,53,-21,-11,9
-1,-167,92,38,37,-40
-4,-113,57,-29,-8,36
10,-121,56,-28,-3,-78
2,-146,33,16,61,-10
3,-139,43,53,58,-42
23,-159,26,-43,-39,-29
30,-149,77,17,15,-10
-1,-140,56,-72,-139,-51
-10,-110,64,-51,-90,-26
-18,-117,82,4,29,24
-16,-120,60,11,45,18
-4,-121,90,-92,7,36
-6,-143,68,-1,-36,36
-45,-134,62,-29,12,7
4,-129,47,-6,-9,-1
-15,-121,105,-5,-109,-2
-10,-105,69,-32,1,4
-28,-97,13,-41,37,-6
-10,-122,90,2,-17,43
-1,-134,51,-29,88,-13
2,-118,84,-3,16,1
-17,-129,67,-11,128,37
-27,-109,86,-7,34,40
-21,-120,105,-89,-33,20
-1,-108,32,-15,25,-69
-38,-109,73,5,28,-39
-9,-136,80,21,-58,30
-40,-61,72,-36,-43,5
7,-108,65,-15,26,-11
-15,-136,101,-39,-19,28
-8,-107,65,54,26,-49
13,-128,55,2,-39,45
27,-122,58,13,56,5
9,-113,63,-7,-3,-7
1,-118,41,5,10,-67
19,-82,95,7,28,12
-12,-114,79,-12,63,39
-11,-133,31,56,47,-28
5,-108,68,25,10,40
-1,-105,72,20,-43,-40
13,-103,84,53,-42,35
25,-86,64,-12,57,13
23,-128,52,5,38,-39
30,-159,79,10,13,2
39,-123,45,4,-88,48
7,-118,51,31,-9,-40
8,-123,28,13,-45,18
-12,-179,52,14,46,-16
7,-133,43,21,-26,14
59,-154,23,36,20,-14
8,-138,80,-51,23,-78
-4,-151,28,-2,-45,-42
-5,-129,77,16,-35,-11
-1,-162,81,59,-41,-53
-2,-178,42,27,63,41
10,-199,72,62,44,6
12,-193,45,-23,48,-10
14,-137,35,-72,-13,-1
13,-170,29,17,-20,2
-14,-172,21,-25,-23,2
-17,-214,88,-75,38,44
20,-177,49,67,-52,6
-7,-176,10,-70,35,-2
-28,-209,39,9,22,11
11,-199,-0,-46,3,-56
1,-226,41,-4,-34,78
-4,-188,6,36,-10,18
36,-244,40,-17,-6,-5
-8,-232,41,21,40,-72
25,-216,-5,49,-94,7
-5,-244,-2,27,0,6
10,-243,-11,-45,-1,11
43,-225,-42,-10,42,28
-6,-249,-8,-8,63,85
-36,-213,-10,-41,-30,-57
-35,-256,-15,2,31,-50
13,-241,-11,-17,8,-9
-17,-297,-6,9,55,-17
-33,-266,-5,-49,72,12
-35,-297,-41,-30,24,-38
34,-295,-44,-31,42,15
12,-251,21,-91,22,18
8,-327,-17,2,-78,87
11,-288,6,24,81,-10
-3,-299,-26,-10,-9,16
-25,-344,-36,-33,-50,-33
9,-335,-12,-10,-6,4
6,-317,-26,19,5,27
23,-300,-13,-7,-67,2
-16,-297,-3,-84,-86,7
-20,-338,-71,0,-8,-48
-2,-318,-43,-8,53,-61
-24,-319,-60,-62,-6,28
-4,-321,-29,12,29,33
-11,-352,-56,-37,-20,-1
15,-371,-71,-24,-67,26
-18,-346,-20,-29,61,-44
32,-313,-17,-10,-21,-63
-16,-338,-64,9,1,66
25,-350,-60,28,-43,13
18,-346,-38,13,83,2
-23,-369,-74,-32,-96,66
19,-382,-53,49,16,-38
-12,-387,-35,101,-55,65
-25,-377,-54,21,37,21
-27,-326,-65,-80,30,21
13,-360,-76,-52,12,-34
-36,-416,-70,19,19,32
-4,-399,-60,-7,-64,24
-25,-369,-52,-22,-28,-16
-6,-378,-49,-76,28,10
-50,-376,-86,-27,-53,-14
1,-403,-77,-30,14,-5
-18,-448,-77,42,67,-16
25,-413,-76,3,-7,13
-10,-386,-64,49,-19,-81
9,-349,-58,4,46,-5
-4,-409,-40,-31,21,-23
9,-445,-64,40,-6,40
-15,-382,-51,27,47,8
22,-389,-67,58,26,-26
-0,-401,-84,38,-10,-37
35,-399,-23,43,88,-31
9,-417,-76,-76,-7,62
-39,-422,-107,-4,-46,8
-17,-418,-106,-24,36,-51
41,-410,-96,35,-87,7
-11,-433,-86,44,51,-27
16,-331,-72,2,-64,21
-17,-397,-63,15,14,122
-28,-422,-68,40,-1,7
4,-405,-90,21,-49,57
3,-419,-51,-27,-61,13
1,-393,-54,41,66,26
-24,-398,-75,60,-35,-64
4,-450,-22,36,17,5
-15,-390,-43,1,16,-65
22,-436,-100,55,-49,43
-53,-394,-79,32,-39,16
-7,-373,-76,-11,-79,-5
-18,-390,-37,27,65,56
1,-395,-18,-46,-25,4
32,-360,-68,-30,30,61
10,-344,-82,-10,2,-31
34,-356,-64,-3,20,-23
-65,-369,-52,20,-99,-30
17,-396,-46,-84,-35,78
-4,-367,-54,21,-27,79
40,-371,-22,48,-52,-51
-5,-383,-47,54,-34,-9
-17,-287,-53,-57,-0,-12
1,-336,-41,-73,34,-54
33,-367,-13,20,50,-83
3,-361,-66,33,37,18
-24,-342,-30,-12,51,-41
19,-346,-7,-19,-6,-2
-1,-377,-17,-35,-36,0
-8,-335,-41,36,-38,80
-1,-328,-41,32,-3,-15
-4,-307,-24,-87,-1,-31
-11,-319,-47,42,-7,-8
7,-323,-50,64,-24,-23
-17,-309,-27,47,24,-3
-45,-289,-11,-115,-38,-5
43,-289,-11,-55,-33,13
2,-271,-1,-5,-31,73
16,-310,-28,36,4,-31
18,-328,10,-59,100,43
23,-276,-16,-44,-19,56
25,-295,7,-54,72,53
-34,-283,-10,14,16,48
7,-289,-37,-4,40,-43
-5,-283,-5,-61,-63,-38
-17,-278,-9,43,11,12
-12,-274,7,-10,-38,11
15,-211,18,99,34,-15
-17,-235,28,-16,20,-44
24,-239,10,37,37,-41
-2,-256,6,-8,91,17
-16,-226,-2,-19,-58,19
-16,-221,46,-5,43,-98
-11,-221,29,-10,-52,5
-32,-215,15,63,39,12
3,-189,36,25,17,-43
-15,-198,84,87,0,-41
26,-187,-4,6,32,43
13,-203,22,-26,-11,-8
16,-221,48,-44,35,58
20,-198,10,-12,34,-57
-19,-217,52,-39,-51,-8
-18,-167,55,68,15,-59
1,-201,78,22,-33,-3
-4,-151,25,-16,42,53
-20,-170,23,-23,46,1
-6,-156,34,-6,-41,38
-1,-192,13,15,-29,61
-18,-162,39,37,-41,16
8,-149,70,-4,-10,19
32,-215,47,39,-51,33
-9,-114,74,-24,-50,-86
12,-127,52,-37,21,52
-22,-140,44,-3,53,22
-27,-137,96,26,-8,-17
10,-154,59,-65,-15,-36
19,-117,70,-29,87,-33
-17,-172,74,41,23,-32
24,-160,78,-32,66,-65
-48,-104,37,-39,-20,-61
1,-91,35,-4,-16,-82
5,-121,97,-18,16,-4
-6,-123,49,42,55,39
-22,-121,41,30,40,69
-32,-136,83,32,114,-51
38,-119,66,42,-42,-72
-20,-109,38,45,52,-42
18,-82,61,-23,-2,-21
-8,-106,64,31,-35,-11
-15,-106,35,-35,30,16
-13,-140,52,86,13,35
-6,-82,73,-46,-122,-70
1,-117,57,14,-8,8
-21,-110,67,3,-55,-43
15,-118,65,-5,-60,-5
-4,-136,88,-41,24,26
7,-104,65,13,-12,-50
17,-109,84,57,60,19
-20,-88,76,-20,-46,-29
4,-108,57,-19,48,-20
-3,-88,71,-11,8,-58
-44,-89,107,22,-33,-57
16,-120,76,-27,22,17
18,-90,57,-21,-118,-13
4,-105,69,-44,39,11
23,-94,68,-58,-48,31
1,-104,81,14,25,-8
20,-113,71,-9,16,-77
-7,-99,26,56,-26,-28
-28,-119,75,74,-0,4
-3,-87,111,-12,-30,14
1,-101,61,-64,57,-47
-9,-102,61,-61,-46,38
5,-124,75,-34,-37,24
18,-116,41,56,26,-17
-2,-125,63,67,-45,63
12,-122,54,64,-107,-56
25,-128,77,48,13,2
8,-164,94,-86,20,4
-11,-167,35,25,8,53
-1,-174,94,21,-48,25
-1,-181,44,48,-17,-41
33,-144,14,-16,48,-49
-2,-144,70,-3,42,66
-10,-175,67,24,11,-60
-34,-134,57,20,-26,-28
3,-162,26,10,-20,-24
-13,-156,57,-60,-5,25
14,-171,-0,-8,53,34
13,-175,11,26,27,-39
-6,-175,73,-16,-73,30
-24,-203,66,-15,-37,80
-29,-175,9,39,11,-6
4,-191,70,63,-62,-30
-4,-211,51,8,10,43
-35,-191,44,0,-76,28
14,-200,14,-33,2,31
-50,-219,24,90,30,-32
24,-207,8,19,59,-94
13,-218,-4,35,2,27
-7,-226,14,-10,-59,19
-0,-240,-1,10,-86,-9
-19,-264,55,34,-16,9
23,-223,40,-0,-27,61
-1,-236,-2,-20,12,-62
6,-269,-22,78,-9,-7
-23,-268,53,43,10,9
19,-249,0,-12,63,-33
-15,-256,-18,41,24,12
14,-256,-8,-16,-25,-7
7,-308,34,-51,74,-33
4,-296,-10,-26,-2,31
6,-277,-17,-14,-28,36
-47,-316,-13,15,-4,-23
-6,-311,-20,15,66,4
-14,-273,-8,-79,-54,15
-43,-297,-55,25,-35,-4
-15,-282,-38,-23,14,-5
6,-297,-15,36,-22,-1
-23,-298,-25,62,26,-53
20,-333,-32,73,24,3
31,-339,-51,-43,30,29
-11,-305,-42,5,-0,-40
-32,-327,-28,-17,23,13
-28,-316,11,-11,-35,-63
-10,-365,-74,-23,52,11
30,-344,-49,44,-12,27
-7,-342,-42,-15,-4,40
8,-322,-46,-20,-58,-26
58,-351,-71,-49,13,14
60,-376,-34,-15,-13,-20
-5,-325,-52,-59,-19,21
-3,-369,-21,5,19,-49
14,-356,-57,75,25,38
6,-350,-37,-17,31,0
39,-401,-45,36,-72,79
3,-451,-63,-96,3,6
-29,-381,-43,-62,33,81
-22,-373,-35,-41,19,-16
17,-390,-53,-76,-18,58
2,-384,-93,30,-17,20
24,-381,-61,4,46,-63
27,-412,-44,46,101,-78
7,-390,-74,20,42,36
-20,-426,-66,35,90,-8
-7,-399,-107,28,41,-0
-13,-440,-71,100,38,24
-14,-363,-48,50,-63,-95
7,-392,-101,-30,-68,-51
15,-406,-82,-112,7,-8
68,-440,-99,20,18,-7
13,-401,-68,70,-34,-60
-1,-365,-82,46,69,-29
10,-417,-51,45,42,60
8,-411,-70,-13,-59,20
36,-405,-42,87,-42,60
7,-420,-98,1,-19,-12
-12,-417,-92,-52,61,17
-33,-432,-78,-35,-55,52
37,-414,-53,26,14,-10
4,-388,-75,17,-34,-12
-31,-390,-48,-56,-34,-99
9,-409,-72,-22,-72,-102
13,-397,-68,47,-63,-4
4,-362,-58,-19,-27,17
-20,-383,-72,40,-15,-63
-21,-364,-82,70,4,0
-22,-381,-81,-102,6,39
16,-386,-99,29,27,-17
-29,-422,-73,-7,10,50
-20,-376,-91,-16,-32,55
35,-390,-81,29,9,43
-12,-420,-90,-108,34,10
-18,-396,-33,-8,7,-14
-35,-376,-82,-6,21,-33
-16,-381,-36,-59,34,129
-1,-359,-44,5,-33,30
-7,-392,-75,-30,5,33
9,-385,-56,32,45,-6
4,-324,-33,-13,-28,6
2,-375,-52,-17,-17,36
9,-345,-47,29,-22,-10
25,-366,-76,-6,-13,68
-12,-353,-31,-51,68,-61
8,-339,-46,14,-10,2
-16,-341,-62,17,-26,5
-16,-336,-52,2,-4,-5
-3,-353,-32,-51,7,10
3,-338,-58,10,15,60
9,-333,-45,5,69,30
15,-328,-46,-43,-17,-64
-4,-329,4,9,-12,17
-24,-329,-20,100,44,-15
-8,-322,-45,-100,-4,-28
-2,-327,-11,-88,0,-10
-2,-328,-56,23,-59,3
6,-300,-17,14,-25,-7
34,-314,-1,70,38,-33
11,-285,-53,70,-37,17
40,-287,-15,34,-25,-30
-8,-283,4,51,26,-3
-29,-298,-11,60,33,-65
-14,-273,-8,-18,-23,7
-11,-257,-31,25,-31,30
-32,-245,-8,17,-39,-42
5,-260,25,36,24,23
7,-250,24,8,-5,38
15,-244,-47,25,-5,31
28,-250,7,2,-28,4
-23,-267,-16,-26,-45,-14
3,-255,12,30,3,-108
23,-227,15,-35,-59,-65
46,-261,-3,-84,10,-7
-18,-233,29,43,18,-15
-27,-199,9,-9,-51,-4
17,-216,40,-17,-15,-27
-45,-191,8,-8,42,83
7,-203,12,-88,-22,31
-24,-217,-31,-2,-6,95
-12,-191,10,-53,-3,30
41,-183,9,17,-57,27
-23,-185,25,50,-19,23
-18,-196,33,32,-22,37
33,-146,40,-79,53,25
-4,-157,32,6,16,42
15,-193,44,29,-35,-11
-19,-144,52,8,9,12
-18,-153,42,-48,-50,11
47,-155,40,-8,-14,21
11,-133,52,27,46,-30
11,-161,70,35,13,21
0,-168,59,-40,-18,-45
26,-179,57,-13,-28,34
25,-167,64,-40,-27,-9
-33,-148,39,37,92,23
17,-151,64,14,-16,-35
-24,-128,28,31,24,12
10,-114,71,6,33,-53
-27,-129,68,47,51,46
-0,-159,42,48,43,13
36,-101,61,-12,-54,-42
5,-91,74,8,87,25
-14,-128,41,-8,-31,-8
-0,-132,50,-19,26,20
26,-105,62,-46,76,-17
39,-122,109,-9,-14,-9
35,-138,95,60,-98,-8
8,-142,41,-20,-61,13
4,-119,45,74,-113,-2
-3,-111,102,4,-47,20
-7,-130,74,-14,0,-56
-3,-119,58,72,42,43
-43,-119,99,-67,-28,90
30,-104,57,-33,5,-19
29,-113,108,28,-27,0
13,-127,53,-14,11,68
11,-89,55,-19,-19,52
6,-102,92,0,17,23
24,-139,86,-14,-25,46
-35,-76,106,67,-26,30
-15,-87,92,-2,-46,46
-12,-171,103,24,-26,30
3,-106,71,3,-70,2
-19,-108,31,23,-100,-59
-20,-95,70,37,32,-9
24,-102,93,-65,-10,-18
-24,-117,64,29,-35,62
36,-121,76,-18,-13,8
-23,-139,82,-33,-18,-52
23,-114,53,51,-44,-7
14,-127,77,-67,51,-51
6,-115,73,-85,-17,-29
-17,-85,89,15,-43,8
-0,-143,71,-3,5,37
-8,-118,33,65,-17,18
28,-125,59,33,3,-19
-21,-96,45,-58,-82,-2
13,-157,68,45,51,9
1,-140,58,33,31,14
-9,-118,97,-5,13,-9
-26,-180,101,-42,35,40
-4,-113,74,29,-10,50
-10,-118,30,-24,45,-112
-31,-147,38,28,-3,-32
15,-188,35,-0,26,33
4,-157,50,-34,-9,48
24,-131,42,-14,-35,-20
23,-158,35,32,45,-70
2,-174,19,68,-69,7
-32,-187,53,-42,-5,-11
-18,-210,14,58,-9,23
3,-177,53,55,-1,-116
8,-182,29,18,6,-35
7,-161,35,64,19,-35
-36,-171,29,51,-48,-60
-17,-203,24,-0,61,14
30,-193,27,44,-9,9
-5,-242,39,-1,-6,3
-5,-239,44,-1,-16,27
-16,-215,33,17,-73,89
-39,-245,26,41,-82,26
8,-190,11,26,-8,-2
15,-251,23,-26,47,-3
17,-264,2,-11,16,-19
-23,-255,4,-26,35,54
-1,-255,-21,42,1,2
14,-225,-2,-11,23,6
-20,-275,-29,18,13,58
-7,-280,-12,-3,30,-1
-7,-289,3,4,-15,-30
-1,-250,-41,23,-44,-7
-12,-262,7,3,-29,53
0,-289,-23,-50,35,-75
18,-303,-55,59,-9,51
-11,-281,-12,-27,67,-101
-2,-340,-7,-12,22,-31
44,-311,-18,57,-30,-93
-16,-322,-66,29,45,-40
-16,-285,-47,-4,-70,16
-4,-316,-22,29,-14,20
16,-344,-40,68,-72,4
-27,-332,-50,-9,15,46
2,-284,-23,29,-5,-40
-17,-321,-32,6,10,12
20,-309,-48,-40,-29,83
-1,-328,-31,15,24,21
17,-351,-54,5,13,48
31,-354,-26,53,34,41
-27,-315,-57,-29,-1,31
14,-378,-47,-34,37,-18
4,-348,-57,42,21,36
30,-357,-73,-20,28,53
-32,-365,-51,29,67,-80
-7,-377,-30,-55,-4,52
-3,-364,-95,23,-17,-37
0,-376,-73,-7,-83,44
3,-415,-60,53,18,29
-17,-366,-53,-30,38,12
-30,-381,-105,-28,-37,11
4,-370,-58,26,28,41
2,-410,-61,4,-27,7
-30,-420,-65,-44,56,44
10,-368,-55,48,39,-13
20,-362,-53,-7,35,40
22,-395,-83,-36,-3,-24
-9,-403,-25,10,1,42
15,-406,-86,-27,14,-14
4,-420,-68,13,-27,-11
14,-414,-70,-17,-22,-48
-13,-417,-86,-15,-34,35
21,-399,-108,-28,26,-34
-11,-451,-43,49,-10,32
-12,-406,-78,-19,-3,-34
-38,-403,-75,-29,-52,27
1,-442,-105,27,9,-54
-22,-373,-69,-49,-17,-10
8,-393,-79,-22,8,21
-28,-407,-69,-19,-12,47
5,-383,-92,-29,-53,-57
-20,-378,-91,-19,44,52
21,-416,-56,17,80,10
-12,-404,-95,30,23,6
-1,-442,-68,69,4,11
12,-403,-111,-87,-11,-7
24,-365,-91,25,40,-60
-1,-365,-56,61,52,31
26,-403,-79,-41,-35,22
-3,-393,-90,-3,5,16
-15,-334,-70,-40,6,-50
6,-411,-56,-103,5,-38
-3,-426,-64,-15,10,-6
15,-416,-62,-54,18,-31
-28,-408,-92,26,32,3
5,-348,-98,-94,13,4
11,-423,-26,34,16,35
-9,-364,-81,-25,-60,-40
9,-361,-93,-25,-37,-6
-10,-309,-61,-43,16,-13
-34,-378,-72,-31,-0,-107
-10,-356,-88,-26,-3,-11
1,-331,-80,-88,52,16
59,-354,-80,-69,74,81
18,-375,-63,-86,2,-15
-14,-329,-58,-38,-23,-16
2,-337,-24,-15,-52,-8
1,-364,-13,63,-14,-66
27,-336,-36,71,-22,-4
-19,-353,-22,31,-19,-17
-4,-321,-50,12,-11,30
-22,-349,-64,-11,57,-21
1,-337,0,21,3,11
17,-366,-26,17,-40,12
6,-317,-26,-29,27,-29
13,-322,-56,-16,-8,-29
-25,-340,-31,8,55,-83
19,-286,-65,74,61,-24
19,-292,-0,18,-8,-36
-2,-284,-20,5,-58,-37
-11,-315,-41,80,39,-25
14,-292,4,-38,-4,32
-17,-294,-28,-28,-57,-7
19,-280,-25,-8,7,8
-6,-259,13,-82,-28,76
29,-272,6,-8,56,-24
1,-302,-10,-1,53,36
-12,-250,-8,-16,-11,-21
-32,-283,11,36,24,20
7,-270,-32,0,66,90
-10,-256,1,12,-33,17
-17,-249,3,-3,29,37
-9,-236,-1,-12,34,-39
35,-252,-6,30,-30,-2
43,-209,89,-2,-22,-38
-14,-225,19,97,26,-51
-5,-209,35,-32,-27,-26
7,-164,10,-2,35,35
-6,-206,29,5,-23,-34
14,-225,23,56,-53,-28
31,-194,42,-31,-8,-35
30,-195,27,6,-17,8
19,-198,18,-11,18,26
-7,-169,45,-31,-1,78
-4,-221,50,5,34,19
35,-172,51,35,-5,44
4,-163,17,-15,-101,54
-31,-132,59,51,-41,3
21,-155,65,20,18,16
9,-161,33,-9,-55,-102
-3,-159,38,-5,-49,22
-26,-183,43,-3,7,-19
-39,-170,26,19,-52,52
-30,-139,62,3,-27,8
-32,-140,39,-19,37,17
-23,-175,45,3,-23,58
-10,-182,62,-7,-22,-24
-35,-139,82,-13,25,-0
-35,-135,126,53,17,61
-6,-128,47,-14,-19,-23
15,-146,63,4,18,-18
20,-102,72,37,4,-17
10,-143,92,-23,15,53
18,-134,78,-23,24,-29
-23,-163,82,57,53,-9
-17,-110,60,5,-45,11
-15,-110,77,17,0,-22
-0,-120,39,55,-13,31
3,-103,72,-7,-35,39
-2,-138,62,89,58,10
-20,-107,44,19,50,30
16,-115,84,9,26,-61
21,-93,71,20,7,-15
5,-119,65,-22,-9,-2
-28,-99,48,-9,-13,20
5,-61,65,1,27,40
1,-119,101,4,6,1
-28,-147,55,-10,-54,70
-15,-128,64,-20,-42,21
-6,-118,44,19,-47,-14
11,-110,42,-51,59,-17
-7,-90,58,4,-10,-13
-28,-94,58,30,-26,90
-21,-88,57,-41,4,4
18,-78,97,12,-14,-83
1,-138,109,-3,53,-45
3,-133,92,42,53,43
5,-93,48,-13,1,18
36,-121,100,68,-85,-14
17,-108,92,3,8,56
10,-134,74,-59,2,29
-9,-147,81,17,-7,-42
20,-89,88,21,1,14
-12,-113,51,27,30,-86
-27,-133,80,14,43,-27
-18,-153,90,-5,68,19
-37,-105,52,47,45,92
3,-144,65,-47,-18,-37
-8,-161,36,-44,20,-13
-21,-92,88,-9,-3,11
-3,-124,48,-9,-55,-60
16,-134,74,-26,64,-13
13,-127,63,-9,-32,1
32,-178,87,19,26,-7
18,-165,79,23,35,49
27,-139,23,25,-3,52
11,-190,67,29,-1,-34
-16,-148,9,-22,-17,33
2,-159,45,49,87,-33
-0,-171,71,-22,-45,-3
-19,-138,2,-18,-18,14
18,-180,30,46,8,41
5,-182,10,28,-9,-25
-4,-182,69,-13,11,-1
-7,-184,12,-8,3,30
-17,-190,36,-24,81,25
-2,-219,38,-16,-50,-68
-2,-228,16,-43,-8,-41
3,-190,64,-18,2,-77
11,-213,40,-36,39,-112
-18,-227,0,-24,35,21
-23,-234,28,-73,29,77
-6,-206,34,47,-15,-5
-13,-199,27,25,-24,21
15,-241,-1,-60,-54,40
8,-248,-10,-17,-24,-49
-18,-250,-10,-36,65,13
-3,-282,-31,-11,35,12
-19,-273,8,9,68,20
36,-242,28,16,41,-35
-20,-259,-19,-3,26,-48
-0,-246,16,-106,27,-12
9,-276,-8,-6,-48,-1
-25,-255,-10,38,-112,60
-23,-278,-16,37,50,42
-17,-285,20,-28,35,47
24,-254,-5,8,20,-59
-21,-294,-18,-50,41,72
49,-285,-1,13,100,-34
1,-303,-12,39,3,40
-8,-302,-23,36,-50,-92
-19,-269,-33,-50,-34,-5
-0,-322,-35,26,45,-20
-1,-362,-45,-69,-8,93
-4,-327,-30,17,44,-42
-21,-332,-18,-9,22,18
30,-370,-72,5,-27,10
0,-329,-34,4,113,-13
26,-355,-28,56,8,35
-27,-323,-59,-12,0,-14
10,-358,-71,-24,-46,-78
-3,-330,-43,-3,103,-28
8,-350,-38,-13,74,18
8,-358,-56,27,10,-41
-34,-348,-63,16,-3,36
-15,-347,-62,-71,22,8
8,-361,-71,-22,-30,-39
32,-366,-32,39,17,-30
-20,-380,-64,5,69,-53
4,-389,-48,-53,-5,22
4,-378,-52,-34,-31,-58
36,-343,-68,53,15,-31
-8,-378,-72,49,-47,-27
4,-367,-83,15,18,-15
8,-382,-69,-29,-37,-55
-13,-426,-71,-2,53,-81
38,-362,-55,9,19,-48
13,-397,-57,26,12,86
-13,-425,-96,-26,56,-39
34,-395,-78,-51,32,-98
10,-366,-67,10,-66,-85
-16,-359,-56,11,-5,-104
-8,-372,-41,-6,-74,-18
12,-447,-85,101,-1,-77
-17,-425,-59,12,-45,-36
-5,-420,-92,55,-41,16
4,-375,-77,-22,-90,-0
2,-412,-43,37,29,14
-15,-421,-73,-31,82,-9
2,-398,-55,-44,50,56
-19,-407,-71,32,34,21
6,-411,-34,-59,16,-3
-6,-395,-69,19,-18,-57
-25,-364,-81,48,34,62
38,-421,-87,-54,14,-33
17,-397,-90,-62,5,-58
-12,-403,-98,-11,69,-19
5,-378,-65,30,27,-6
-40,-377,-29,-26,13,-24
13,-443,-93,3,38,-81
11,-392,-103,-60,57,-40
-17,-381,-56,10,-20,-16
4,-370,-61,-105,-58,29
25,-385,-87,-58,12,-53
10,-396,-28,48,-19,19
-19,-376,-61,-20,13,34
10,-384,-62,7,-2,5
-9,-344,-49,-39,12,34
-4,-347,-15,22,13,13
29,-357,-73,-35,17,-6
4,-355,-78,24,67,1
11,-372,-64,58,0,26
3,-352,-53,39,9,-15
9,-355,-60,35,49,-16
30,-394,-40,-50,6,-69
-6,-403,-26,2,-15,-5
4,-372,-98,-6,6,38
19,-346,-24,-67,4,15
4,-350,-50,-9,-117,-73
6,-323,-64,-14,-12,86
4,-359,-58,37,-36,78
12,-346,-34,-47,5,-17
45,-345,-64,83,-7,44
8,-294,-50,27,7,23
-2,-331,-29,-77,62,-0
-23,-316,-38,-66,-51,3
0,-351,-44,-45,45,-36
-1,-325,-22,-13,-2,17
22,-319,-17,-24,-96,7
3,-332,-32,-4,28,-76
20,-261,1,-70,61,-6
19,-304,-4,-15,31,-14
-23,-286,1,17,55,-9
5,-275,-3,0,-116,68
27,-296,3,-14,-40,5
6,-244,-32,-8,-28,35
26,-263,-11,-55,15,-87
17,-264,-3,-2,-14,-21
23,-302,35,-34,-16,-29
-3,-246,5,5,10,-3
-6,-211,10,21,42,-43
-19,-272,-11,-18,25,-33
24,-246,-3,46,-66,34
22,-264,29,119,8,16
8,-238,-12,-19,72,-12
1,-194,29,-13,24,-19
-8,-216,-8,-16,1,11
7,-203,-1,49,-22,-131
17,-196,22,8,5,-19
29,-198,21,2,39,16
9,-212,29,-18,-7,-8
27,-228,47,-41,100,-104
33,-206,64,-36,-18,48
2,-183,11,43,14,36
8,-185,36,-66,-15,-6
19,-157,16,41,-54,-78
0,-199,43,7,14,63
-6,-164,73,-34,49,89
9,-170,29,-87,-4,13
-15,-187,58,39,-85,-80
20,-170,53,-4,90,0
-11,-148,17,-3,-79,-30
-1,-152,47,71,-35,68
-22,-140,35,-38,30,-4
-21,-112,24,40,5,15
-74,-112,47,8,-19,-56
3,-128,63,7,6,0
-48,-169,95,58,38,-14
-4,-111,60,-1,79,52
-6,-95,33,4,9,55
6,-148,91,-11,-52,41
-12,-141,66,47,40,73
20,-117,67,-32,49,-78
32,-109,31,-35,-73,44
21,-150,102,6,-37,-31
14,-138,88,-25,-11,10
-22,-119,73,13,-3,22
-28,-96,60,-30,18,-16
-16,-115,57,-87,-66,69
-36,-125,76,5,85,35
-6,-78,74,-48,-56,2
10,-121,74,34,-26,6
-18,-118,85,-23,22,39
-21,-79,77,1,9,51
-15,-133,67,-32,43,-30
3,-114,62,-40,-44,-46
-23,-143,47,-26,6,6
12,-59,71,11,16,-9
5,-104,61,12,-18,84
-10,-125,91,-36,28,-2
-8,-132,81,62,-40,-43
13,-96,80,4,-12,102
5,-96,82,15,50,13
32,-100,81,-8,8,-71
22,-148,56,36,19,-14
-22,-89,73,-11,-26,-17
-33,-109,87,8,47,12
-14,-122,85,34,-13,-33
2,-91,36,-99,-30,-52
-24,-98,58,10,-24,47
-26,-108,53,33,18,-136
-2,-110,79,-85,-17,-66
7,-134,72,7,21,-84
-31,-135,74,-21,33,-25
-4,-159,52,-79,1,40
35,-120,41,-4,30,43
20,-115,49,-18,48,12
12,-115,83,-32,-28,55
-10,-129,77,-37,-68,-16
-33,-103,58,29,-50,44
-2,-148,73,31,-4,-9
-5,-124,65,103,-84,-22
-8,-150,75,13,33,14
21,-141,71,-72,-14,-68
-56,-142,66,-31,71,58
25,-108,87,-12,4,-35
22,-155,24,-58,-27,86
-5,-172,67,8,-28,13
-3,-176,53,-37,18,7
-27,-195,42,8,-34,-6
-11,-182,46,71,-37,10
-20,-173,46,55,-62,-50
-30,-188,3,-10,-75,59
-1,-194,47,50,17,36
11,-171,88,-7,-123,59
-29,-207,-3,-4,-23,26
12,-189,26,10,-21,-2
-11,-185,48,-34,-33,-9
7,-194,65,59,20,66
6,-203,26,41,49,-23
14,-210,60,-59,42,24
7,-220,55,-24,-19,27
-12,-216,24,15,19,1
-10,-210,30,-25,-39,67
-32,-211,21,20,-15,0
-22,-218,49,34,-45,18
-8,-204,-12,-17,9,-6
22,-218,0,-84,-24,35
33,-267,6,45,-30,-44
6,-297,14,16,-4,-83
17,-272,-11,22,-28,-51
27,-236,1,-44,-27,46
21,-284,-51,43,15,6
-40,-277,-20,-78,51,29
-3,-298,-12,10,-38,20
11,-283,-33,-45,33,-60
-17,-259,-17,-60,-82,41
25,-283,10,77,-43,9
-6,-319,-22,22,19,58
25,-318,-13,2,-39,-56
40,-307,-26,-15,48,4
-15,-327,-23,-68,70,16
8,-317,-30,-22,2,4
1,-281,-43,-31,82,-16
20,-367,-24,29,17,-8
-1,-329,-62,-36,-4,38
-16,-322,-18,-27,26,32
-5,-337,-46,-15,3,83
-48,-325,-59,-30,-25,-18
26,-351,-50,-33,-89,-33
5,-340,-68,5,-30,-12
-10,-341,-35,-27,-5,-61
-23,-335,-15,-31,37,19
13,-388,-37,92,-24,-17
4,-352,-60,24,-10,-7
-2,-385,-40,-47,-32,-91
-1,-378,-39,14,-8,43
9,-409,-48,-43,-53,-45
20,-370,-86,12,-1,-31
4,-387,-67,-6,-10,-11
16,-384,-78,-22,-7,-11
-24,-367,-87,27,-13,28
4,-407,-66,-30,11,-59
-4,-397,-95,92,-1,-1
9,-409,-66,-56,10,-82
-30,-372,-47,13,-3,-25
-26,-385,-57,-72,-3,-2
3,-397,-79,-33,28,77
-14,-374,-71,4,48,25
24,-409,-61,10,19,-4
10,-415,-87,-13,-53,29
-5,-416,-86,92,-19,-9
36,-401,-102,-56,-5,-18
-16,-426,-96,16,-6,45
5,-405,-59,-47,-58,-30
16,-422,-106,-34,14,3
-36,-427,-54,36,-69,-40
-33,-422,-72,13,-3,11
-4,-426,-65,-50,-82,-38
6,-418,-81,-31,45,-20
12,-393,-43,48,27,-68
27,-453,-86,4,15,16
-15,-389,-49,-42,-21,58
-4,-404,-80,-15,13,-32
-14,-391,-61,-22,18,29
12,-434,-105,-30,-7,-29
4,-404,-89,-64,-25,-15
26,-401,-59,4,-54,-15
0,-448,-82,41,-13,24
1,-398,-108,34,-33,42
13,-346,-37,2,14,-10
-4,-425,-98,-65,-24,110
-3,-377,-48,1,7,-9
13,-404,-51,17,4,50
-24,-370,-64,-58,-29,77
20,-407,-44,-44,-14,11
4,-378,-97,-35,54,35
22,-388,-40,-9,8,-20
-12,-362,-38,31,16,30
-4,-403,-57,-23,-39,16
25,-367,-49,-4,56,-72
-33,-318,-75,-10,-1,1
12,-331,-45,23,15,3
-12,-350,-54,-7,26,20
-20,-391,-28,-40,4,-55
3,-378,-56,15,30,-29
-3,-298,-61,2,-5,10
-8,-387,-35,-54,-18,48
38,-314,-23,28,-46,21
-21,-322,-61,116,4,33
-54,-320,-54,-11,-65,-47
11,-340,-44,14,-43,83
-20,-318,-32,42,65,20
-2,-276,-70,-24,25,-81
-26,-289,-28,-75,9,-39
-10,-294,13,-2,-9,-9
-27,-350,-24,47,-6,28
22,-303,-8,11,-48,24
4,-287,-43,14,21,-32
-11,-280,-40,-11,41,63
21,-320,5,12,2,34
1,-288,-16,41,-64,-2
14,-274,-37,19,-9,67
21,-269,-10,12,46,-1
26,-288,24,-43,28,7
-31,-289,-22,-37,25,46
6,-284,-7,-38,46,-26
4,-263,33,59,-63,24
24,-254,-9,-3,-8,-80
-2,-252,-8,13,-14,25
-9,-217,-31,-11,42,18
-35,-243,36,-32,-9,-40
11,-217,-23,-41,77,4
16,-240,2,-78,93,-44
-10,-248,-10,-54,28,34
45,-217,4,32,-28,11
11,-243,31,-1,-74,22
10,-233,-5,-41,5,-2
-38,-182,6,-27,-46,-37
5,-230,6,-8,41,6
-10,-191,16,-17,3,37
10,-211,1,-56,-12,-12
41,-238,28,-75,-3,-10
18,-220,52,0,45,-36
-17,-210,35,23,-49,-57
2,-189,68,54,0,-1
-27,-181,45,34,-11,41
-8,-179,44,-28,-24,9
-10,-179,69,17,25,-2
2,-138,35,-46,31,-30
27,-177,48,58,-52,20
-41,-155,72,-6,15,-10
15,-157,63,-18,-62,-24
7,-132,45,-82,10,-53
27,-171,42,34,-18,15
-24,-137,35,10,27,-13
-24,-164,20,-30,83,7
5,-131,81,-64,-27,-53
-6,-130,60,-20,50,-2
23,-161,84,-3,-15,19
-6,-129,67,-46,37,7
-7,-113,87,7,-2,-28
7,-87,54,82,31,-57
15,-104,53,44,4,8
-37,-144,24,-14,-2,14
-5,-131,57,34,9,13
20,-95,69,25,20,-35
-27,-95,98,15,35,-33
23,-103,81,-59,43,-1
-10,-91,73,-33,18,25
-16,-89,77,-17,-13,-14
6,-69,44,-40,82,3
-21,-105,84,2,9,-29
4,-73,57,-25,11,-1
-13,-117,93,-50,-1,-1
16,-74,66,-3,-6,27
6,-93,52,28,-26,1
-48,-64,118,42,31,37
22,-108,92,-13,48,-20
7,-122,79,-48,58,-11
-35,-122,69,-21,34,-51
2,-110,89,-58,-28,-6
8,-131,47,3,6,9
14,-111,102,-46,-73,-83
18,-126,53,-17,-30,-70
-37,-96,63,-56,35,24
20,-91,79,23,-6,-56
31,-107,65,-20,3,32
-17,-105,74,32,-47,-45
-16,-138,33,46,15,6
44,-96,81,-33,-56,35
30,-142,38,-39,17,21
-28,-148,90,-11,4,-36
-19,-118,70,-79,-69,-54
-32,-108,53,20,10,53
-9,-103,54,-16,2,35
1,-123,44,-12,-2,-0
-16,-136,48,56,31,-7
-17,-163,34,-32,-24,-24
6,-143,74,-14,6,36
-2,-129,126,-21,-45,96
-7,-179,60,34,22,-36
11,-175,25,13,5,-22
-7,-171,92,-66,-60,63
1,-135,68,-14,91,-7
19,-175,37,-3,19,5
7,-169,56,52,18,23
5,-169,20,46,-55,-45
-38,-162,47,-21,-39,7
-6,-161,69,-26,-34,-40
3,-151,3,67,23,14
-39,-208,38,14,56,-40
3,-211,8,-30,-19,50
6,-214,38,-32,18,-33
5,-192,29,64,-21,-2
-9,-186,23,-79,23,15
8,-222,35,-28,19,-5
14,-237,14,32,89,44
-9,-232,9,32,3,-28
-21,-224,0,90,17,47
3,-209,-1,28,-6,52
19,-212,17,9,43,15
-3,-183,-10,29,45,27
8,-238,21,-1,-30,-47
-26,-215,-11,43,-29,-7
-4,-252,18,-3,16,-24
3,-231,-5,-12,-4,-23
-6,-243,-5,55,55,-43
-9,-295,-24,13,17,1
-3,-301,-9,2,-25,-5
6,-274,-41,-54,15,-5
21,-251,-24,-37,11,29
4,-252,-26,17,-1,47
-3,-307,-10,-61,35,20
-27,-288,-37,12,3,2
6,-298,-19,-26,-46,-60
13,-285,19,34,-83,76
-10,-282,-54,33,-15,-13
6,-284,-27,23,-6,-9
-2,-327,-33,23,-20,-40
6,-312,-14,-27,15,96
-0,-335,-53,14,86,10
4,-323,-36,43,60,33
-16,-323,-37,23,-83,24
-33,-313,-20,-1,20,56
19,-341,-112,-109,13,14
-1,-335,-50,-88,50,-40
11,-298,-36,26,21,7
-14,-381,-33,-43,22,7
33,-348,-58,81,13,13
7,-339,-22,-9,-81,36
11,-341,-25,-58,27,-11
-31,-402,-62,-3,46,58
-16,-366,-31,36,-29,30
-10,-373,-26,-31,30,-33
-28,-370,-56,43,-54,5
-2,-377,-49,-40,18,58
24,-369,-73,-33,-3,-27
-11,-358,-37,11,3,32
-14,-394,-84,-17,-23,-26
-21,-359,-49,-61,32,-1
35,-399,-74,24,63,-52
-49,-404,-69,-13,-9,-63
9,-410,-89,-12,9,-145
-19,-381,-108,-34,43,-23
14,-386,-61,-6,43,-47
3,-376,-41,50,-2,-56
-17,-375,-68,40,7,-0
9,-397,-58,-45,57,-55
29,-398,-57,-21,-61,-16
-18,-404,-80,32,10,68
7,-391,-58,-26,-7,43
-21,-388,-89,-22,9,-19
9,-422,-74,48,30,-59
-4,-429,-75,-63,53,56
1,-395,-71,-18,-17,-17
-23,-390,-96,34,134,-41
-5,-397,-51,2,-8,28
-7,-424,-102,-29,22,-64
-9,-413,-82,13,17,33
40,-420,-94,77,73,-34
3,-398,-66,-89,34,-28
-26,-390,-84,-15,-22,-33
13,-435,-60,-8,-23,96
-3,-402,-93,1,40,-9
-36,-387,-55,41,-27,70
22,-404,-101,-21,-72,33
-26,-419,-108,-8,-58,55
-25,-388,-100,14,-6,10
-1,-374,-89,67,6,-37
-33,-385,-92,-38,93,7
-9,-388,-35,-26,-56,35
12,-372,-70,1,-24,30
8,-370,-75,-42,2,53
-13,-398,-88,11,-13,-3
-12,-389,-36,20,-18,14
-1,-348,-31,-40,-45,-20
7,-380,-64,25,-47,18
-35,-389,-78,-21,13,-58
26,-357,-42,-42,-2,24
30,-348,-50,-27,-30,-31
-21,-378,-53,7,-29,-2
-2,-390,-60,-82,-24,20
-7,-384,-50,19,4,-3
-16,-350,-66,-84,13,-1
29,-328,-29,28,41,-33
-27,-363,-11,6,34,-52
-8,-377,-53,14,-28,0
-42,-328,-7,-0,-4,-57
-26,-380,-80,-62,-37,2
2,-360,-7,-30,12,-45
-12,-377,-24,12,-64,64
-9,-356,-32,27,-16,55
15,-320,-26,-8,89,33
34,-354,-28,11,83,34
4,-328,-47,-19,-11,-7
-5,-280,-42,17,6,-15
-8,-314,-22,75,-26,-4
32,-295,-32,14,-19,-13
-31,-276,10,32,11,-26
-31,-280,-55,-1,-18,47
-5,-275,-33,-7,1,-18
4,-250,6,23,1,-16
-1,-241,-28,-124,-11,-76
-16,-267,-8,36,2,70
-27,-244,-5,78,-47,3
-18,-273,-4,44,-43,14
28,-242,-20,-54,54,26
22,-215,-10,8,-20,50
-18,-240,3,-8,7,-44
-21,-275,-1,27,-79,63
37,-222,9,-20,-94,24
11,-243,-13,75,35,-42
1,-252,34,-44,49,26
-4,-190,-30,16,13,-61
-17,-220,24,-3,-33,-18
-32,-193,23,64,54,-10
-9,-203,-17,-46,-2,15
-27,-209,13,-183,-1,-30
1,-188,46,-44,-43,-13
29,-221,42,38,32,40
8,-189,4,-55,-12,-27
19,-179,30,9,-6,-44
-26,-152,70,115,-7,-6
-5,-170,14,-19,44,45
-23,-195,50,9,38,1
-12,-200,42,25,-41,34
-7,-176,28,43,-2,57
12,-166,53,90,-15,17
13,-189,15,-89,11,-9
-11,-188,81,33,54,70
-18,-160,118,-13,6,4
-6,-145,59,25,4,-63
-4,-160,26,-51,-60,16
-16,-150,60,-20,-50,-35
-15,-132,62,52,22,-45
-11,-123,73,3,-24,2
-26,-161,47,-20,-91,-38
-26,-115,90,-75,-0,26
24,-145,60,-92,5,6
7,-125,48,33,-44,-4
-7,-137,56,-5,67,59
24,-155,102,-4,-80,7
-9,-118,42,11,38,-50
-32,-131,69,-47,34,-9
34,-89,76,67,-4,-25
8,-104,66,-45,-18,-17
-27,-126,88,-34,-8,31
2,-92,82,-30,22,-16
39,-96,63,-24,64,-39
-31,-96,52,-28,44,-27
26,-99,66,27,52,23
-33,-107,97,-37,-58,-50
-9,-103,72,37,-39,46
-28,-107,41,37,-44,-24
25,-92,56,50,-35,3
-8,-94,76,42,27,45
17,-79,85,8,50,-43
-40,-119,40,-3,-40,51
15,-145,94,-13,-24,8
30,-113,55,-32,5,-11
32,-85,85,-79,-72,30
1,-119,75,60,-31,13
11,-90,78,40,16,-22
-0,-91,51,26,-2,3
-60,-103,69,-50,13,47
14,-108,87,-74,23,-13
-26,-131,73,-22,23,73
11,-110,55,-13,8,-14
-16,-129,67,4,-59,-38
44,-132,85,-26,25,7
-19,-139,91,-62,-38,51
27,-153,87,18,-9,-42
-18,-134,39,-33,30,22
39,-131,72,-27,-18,8
18,-109,102,44,14,-20
43,-154,82,-54,37,-44
-10,-123,3,9,36,-56
-2,-115,63,-25,-25,53
10,-144,50,-5,18,10
-12,-109,71,-131,-2,3
2,-112,85,-59,50,-61
-28,-131,80,-36,-43,-12
38,-155,44,4,-30,-19
39,-130,38,-18,-25,2
2,-118,89,-6,-25,-31
6,-157,56,108,0,-28
30,-167,33,41,38,-15
-10,-116,63,28,18,-27
-4,-194,69,48,-37,86
-19,-182,67,14,34,77
15,-190,-11,60,-8,40
12,-213,41,-33,-0,13
27,-238,35,62,0,14
19,-179,49,-5,-16,-54
4,-231,31,71,6,115
7,-242,22,-24,-73,-51
-21,-178,6,-21,-22,37
-16,-220,22,89,34,-57
26,-214,49,2,-1,-12
19,-210,47,-51,78,2
27,-230,-9,29,14,-47
4,-212,33,20,31,-74
-1,-218,6,61,36,-27
-46,-213,14,-25,44,-18
5,-243,5,14,37,10
-6,-253,49,45,-53,-56
1,-240,-15,-8,-27,13
21,-253,18,-6,75,63
11,-246,-16,-2,73,10
39,-236,-43,26,23,-55
-5,-253,16,12,-18,50
-13,-283,4,49,-42,8
45,-268,-28,76,-36,56
-14,-277,-36,8,-69,22
-40,-261,34,-83,-39,32
-44,-309,-3,-35,56,-35
-19,-294,-46,10,19,40
11,-276,-36,-40,-35,34
-3,-323,-71,-16,-66,18
13,-314,-23,28,51,35
0,-304,-17,-79,-22,40
4,-318,-45,2,41,39
26,-293,-54,-52,114,-24
18,-335,-24,61,51,77
-53,-306,-61,-52,62,14
12,-299,-38,69,-47,23
5,-364,-58,-50,45,-27
-2,-350,-62,8,-5,-72
9,-374,-63,54,-35,-67
4,-335,-15,-43,25,40
-11,-329,-55,-24,-25,4
-4,-369,-74,-2,-22,36
15,-340,-66,-41,-7,4
-26,-404,-98,82,34,29
7,-372,-66,-26,46,-33
3,-371,-43,73,-34,60
-2,-395,-47,14,-34,4
8,-388,-29,-25,-4,-15
44,-362,-37,16,88,-2
14,-355,-42,-79,15,54
9,-367,-75,-20,-37,-37
-0,-375,-58,-100,23,-40
-6,-395,-33,-4,7,-34
22,-374,-49,15,53,-10
6,-383,-135,-23,19,-7
8,-389,-69,24,28,-60
-35,-400,-66,-30,-48,25
1,-397,-97,-33,21,3
9,-374,-81,73,-51,-84
14,-441,-67,24,-25,76
18,-410,-90,-12,40,17
9,-425,-48,-11,7,8
-28,-417,-77,57,-26,14
-6,-382,-47,69,12,-9
-18,-387,-61,-26,31,-39
9,-411,-44,-96,-16,13
12,-381,-132,-39,53,120
-20,-394,-106,16,-23,25
12,-372,-43,29,-3,-13
15,-447,-97,14,32,25
9,-437,-71,1,-51,1
28,-440,-88,11,-0,-79
16,-395,-100,-45,31,7
7,-432,-95,40,-34,-9
-6,-402,-54,-21,50,44
6,-401,-76,83,25,-24
-14,-388,-61,5,-2,41
-9,-412,-75,-39,-32,6
5,-421,-76,-1,-16,-28
-21,-391,-42,-3,-50,-30
-19,-379,-90,66,11,-46
20,-405,-53,47,16,-18
20,-391,-61,21,38,-10
6,-368,-47,-45,-22,-2
-5,-348,-86,-64,-81,-2
5,-387,-81,-36,28,26
-15,-380,-68,-38,-20,44
11,-360,-56,57,17,9
-37,-368,-59,-35,-17,-20
2,-378,-78,-125,3,20
-25,-391,-97,-11,57,50
-1,-355,-76,-9,-12,-47
11,-356,-60,-43,6,30
4,-317,-20,22,27,-65
-32,-337,-24,35,60,-18
-27,-355,-76,48,2,60
-40,-346,-45,-87,33,43
20,-324,-50,-61,26,-15
-27,-317,-35,25,28,-70
12,-331,-9,0,35,26
-0,-296,-54,-19,29,-41
37,-371,-67,-2,-22,25
2,-309,-10,-11,118,-16
0,-303,-40,16,92,-44
-18,-357,-66,-71,58,51
-25,-350,-38,-31,39,-32
-13,-302,-29,-1,54,7
-11,-276,-25,-32,-26,3
14,-315,-3,34,12,24
-46,-271,-4,-18,4,21
2,-318,-25,-1,61,18
58,-334,45,5,59,-30
7,-276,-6,48,-15,32
13,-274,18,-34,-12,-4
-32,-297,8,28,-9,-37
2,-258,-2,-76,54,-52
-8,-266,-2,-31,20,21
-14,-233,-33,-4,-19,-53
10,-230,57,39,9,55
15,-247,32,21,-52,27
7,-247,13,28,23,4
-23,-248,18,10,40,26
-34,-221,26,-25,-19,-13
-1,-208,5,41,-10,1
-17,-223,6,4,-75,-37
0,-224,-5,59,-67,39
7,-211,11,-70,7,-18
-20,-241,35,2,-74,20
26,-230,27,65,-23,56
-12,-240,28,56,-10,-10
33,-199,38,31,60,-21
21,-200,47,-3,33,8
-15,-186,37,31,-77,19
2,-193,2,-42,-74,82
-56,-183,-12,6,42,-19
4,-175,52,-22,-7,-3
-41,-183,44,-71,-53,-26
9,-171,35,-72,-33,-60
-44,-153,57,33,-58,-39
36,-160,39,34,-3,42
2,-139,44,-6,-5,40
26,-140,51,-18,11,-45
13,-157,15,2,5,-56
17,-157,48,-32,-29,-18
6,-139,65,55,24,32
12,-123,59,-30,14,-78
-2,-130,88,-14,42,-67
1,-185,72,-92,49,33
-11,-109,80,57,-6,-30
2,-141,54,-20,-38,-94
17,-112,100,-1,-27,40
-20,-96,79,-13,16,-79
4,-125,75,-7,-47,9
-39,-119,60,-56,-36,9
-15,-90,62,5,39,-26
6,-100,65,6,-46,-55
-32,-133,85,-42,-20,-5
-13,-91,70,45,-6,-66
-10,-104,58,-9,-27,-37
-36,-75,56,17,-20,-36
-25,-90,69,19,24,-16
-7,-92,90,-35,2,-60
-20,-101,89,-38,17,-36
-14,-89,104,-34,2,-32
-11,-112,83,-48,-64,5
15,-132,69,29,3,73
15,-93,113,10,68,13
4,-68,55,-31,-16,20
-12,-111,41,-18,7,-63
-41,-113,69,85,-15,-5
42,-106,44,-13,-43,-15
-16,-93,63,20,47,-19
30,-79,67,32,52,28
-9,-93,94,0,19,47
-8,-100,61,55,-10,-31
26,-104,59,13,34,-19
-17,-107,62,55,-44,6
1,-94,62,72,-88,-33
-0,-109,34,38,20,-25
16,-93,79,1,-26,8
15,-108,78,-3,39,-22
6,-107,78,12,22,3
-17,-123,58,69,-61,66
-8,-96,72,-64,65,-3
8,-93,76,-76,3,50
26,-114,42,76,-17,60
30,-144,42,27,0,-9
4,-150,51,-39,38,16
-4,-134,64,5,-13,-27
-10,-148,87,24,-15,-34
-0,-124,31,19,46,-16
-17,-201,48,68,37,-55
-7,-154,77,44,-4,-59
-25,-164,36,-13,-25,62
16,-158,65,14,-12,-6
1,-178,52,37,7,53
3,-194,48,31,9,-8
2,-176,76,16,14,18
-17,-142,43,-69,53,28
-13,-194,29,-24,-6,-9
8,-154,57,-25,-11,33
5,-168,40,-11,-23,-5
-18,-162,15,-18,10,-38
16,-177,37,31,43,-9
20,-204,17,-44,44,32
-1,-218,18,-28,10,22
42,-226,96,-56,-58,34
51,-223,60,-2,-31,19
-40,-218,43,-34,20,-32
3,-222,41,-74,24,-12
-4,-234,8,64,-33,-16
-34,-212,60,9,95,-27
10,-238,25,-1,-36,-18
-13,-274,-7,-18,37,65
6,-213,24,-48,-31,-67
-39,-246,11,26,-2,13
0,-238,-32,32,-18,23
-23,-240,20,-50,-69,37
38,-266,-36,-1,1,10
16,-253,-61,17,17,-45
19,-316,-2,-16,-59,53
5,-271,-4,-50,37,9
-7,-236,3,34,-4,-6
-15,-246,-24,18,39,33
-17,-276,-31,55,-23,-53
3,-315,-71,-51,69,37
-24,-309,-39,-6,-18,35
10,-296,-61,10,7,-25
-1,-345,-31,-81,-5,-61
12,-327,-39,-36,-15,5
21,-350,-26,-12,52,-52
35,-322,-13,-35,-1,-25
3,-278,-70,15,11,30
-6,-325,-73,-39,39,22
34,-352,-58,71,50,-0
10,-337,-21,-20,20,-7
27,-352,-57,3,20,55
-10,-316,-0,44,-123,-49
-13,-364,-16,-12,25,-59
24,-319,-34,-67,-22,35
18,-393,-34,-12,-37,-57
0,-355,-55,-29,-16,-21
-6,-347,-83,-40,43,102
-22,-388,-66,-28,-46,-20
9,-384,-47,70,-17,-24
-5,-390,-47,-43,-34,-8
-5,-405,-74,-3,1,83
-18,-380,-46,47,23,-9
19,-375,-48,6,-32,16
-10,-385,-100,5,62,41
6,-395,-37,10,-40,30
-14,-405,-36,-49,7,41
-12,-391,-82,-8,-43,-25
40,-398,-79,35,-13,-97
6,-402,-77,-19,32,-9
23,-371,-66,49,-35,64
13,-426,-96,-65,-37,-26
-0,-409,-72,-23,-5,-18
1,-401,-66,7,17,-3
-14,-383,-64,20,-28,56
-1,-403,-28,-13,32,14
-23,-380,-82,108,-36,7
18,-449,-94,31,-31,28
-30,-397,-77,51,-22,-43
-13,-388,-61,47,12,31
-32,-410,-70,5,66,-12
4,-380,-73,-39,57,12
-3,-394,-57,24,-8,-16
-11,-408,-85,30,-52,49
-14,-362,-84,25,-0,50
-8,-421,-80,-27,-26,-28
25,-406,-72,25,61,-12
9,-418,-66,-4,-9,-51
6,-426,-57,-7,-9,-10
34,-396,-67,-11,-16,18
11,-404,-101,-24,19,74
55,-424,-49,21,21,10
-37,-377,-98,-8,50,41
-16,-389,-60,-34,42,-16
3,-411,-56,-86,16,-57
-14,-416,-27,34,23,-44
-19,-367,-64,-19,-17,-15
4,-372,-69,-64,-17,-31
24,-410,-99,63,-30,11
-4,-376,-54,-24,-43,-28
-11,-389,-51,36,88,-31
1,-380,-53,-24,15,-12
-2,-357,-66,68,-34,68
31,-341,-73,27,25,12
-7,-388,-13,-36,-6,25
7,-368,-40,-16,-61,59
-21,-362,-74,33,-86,57
8,-359,-88,18,21,58
41,-362,-89,58,16,-52
-4,-352,-46,45,-81,-106
28,-375,-37,19,84,-32
-30,-321,-35,-28,-38,-6
-9,-365,10,31,50,-32
-15,-344,-33,-30,36,118
17,-368,-48,44,75,-96
2,-335,-72,-11,-15,-4
6,-326,-40,-27,-50,11
27,-309,-30,-30,52,-41
32,-312,-37,54,-36,-6
-9,-323,-39,-88,-41,12
17,-291,-11,-60,37,7
-18,-298,-43,-21,55,39
-42,-290,-27,47,37,-51
-21,-297,-32,23,1,31
-8,-296,17,14,-74,47
-8,-330,-17,-0,32,7
-8,-298,-7,4,-5,20
-1,-295,-9,45,-36,30
4,-290,-19,-5,-19,63
-12,-264,-57,-9,-27,14
-14,-281,-1,7,36,44
19,-244,7,-32,22,15
10,-275,-1,-32,-113,-22
-2,-261,-17,-71,54,66
18,-261,18,-14,3,22
1,-225,-11,-21,40,-7
-0,-237,43,80,-27,-6
9,-237,24,31,11,-26
-32,-184,29,-29,30,37
-10,-227,-1,-3,46,26
12,-200,6,-39,6,-7
27,-223,-8,36,81,-31
27,-196,-7,-35,-62,6
1,-217,20,50,35,-63
4,-189,28,-21,29,-17
-10,-171,39,-52,-81,23
23,-187,16,59,-8,3
-7,-189,9,54,57,60
-17,-174,21,-80,-36,30
17,-206,81,41,75,13
-6,-173,75,82,1,-15
-14,-144,76,-23,26,-62
-16,-173,35,32,-33,26
15,-184,71,-15,87,-54
7,-156,57,24,-114,-15
-16,-178,42,-62,-16,6
-9,-167,31,2,-15,-31
29,-150,44,44,21,-41
-18,-131,63,-12,51,-80
-26,-173,98,41,-14,-31
9,-131,71,32,-22,45
11,-139,62,-11,4,-46
-25,-114,13,-15,29,-10
-12,-123,77,-9,-6,56
15,-156,63,-8,40,32
9,-127,73,13,-6,53
-39,-142,59,30,-18,53
26,-141,63,12,-20,10
18,-142,66,29,6,-17
-6,-113,80,45,-48,-33
11,-94,49,-22,-37,20
-5,-115,39,-32,-33,-27
-2,-85,84,-10,92,-5
33,-87,51,-23,35,-21
13,-139,74,33,72,-5
-21,-92,78,9,4,-29
10,-97,107,44,-30,-0
15,-103,83,55,-26,73
16,-118,86,-20,-26,-16
11,-103,69,1,-59,46
6,-78,86,3,-2,-22
-13,-149,80,-2,17,-72
33,-88,95,47,28,37
5,-93,111,-13,-46,18
12,-96,93,-45,-29,65
2,-102,97,71,54,18
11,-132,70,-5,51,1
6,-83,87,-31,-25,-90
-15,-91,90,-31,-8,-23
-10,-72,63,16,-3,-45
-24,-85,46,-26,-31,-52
5,-110,49,60,-29,35
-6,-113,77,56,44,-81
21,-114,79,35,-64,11
19,-72,57,17,14,38
5,-136,70,-5,-54,63
-7,-150,68,27,13,-31
-1,-130,78,-24,-12,41
7,-145,52,17,-75,45
-23,-117,87,9,-3,57
10,-135,39,-4,45,67
13,-155,64,30,-34,-30
2,-160,68,29,45,-50
-12,-149,54,-43,22,-16
11,-108,61,-92,71,19
10,-121,77,47,-16,5
10,-163,63,5,68,-54
30,-145,43,-22,-9,10
13,-127,59,-24,-9,6
-20,-160,48,-6,-7,8
2,-169,71,-51,1,35
5,-161,42,-12,-5,-99
-14,-139,34,-26,-28,-1
-9,-169,57,-90,81,-70
7,-164,14,-50,28,28
13,-172,33,16,44,45
-15,-197,52,5,-41,-13
-0,-176,51,1,-7,15
-16,-171,5,-75,-87,-44
-12,-163,64,-45,71,30
-38,-189,-7,-65,7,39
-19,-189,-27,-104,5,27
-0,-201,-6,-53,-23,72
-22,-217,47,-11,-1,17
25,-230,-20,70,38,-1
9,-231,25,-40,-9,-62
-13,-209,29,-47,-14,-1
12,-212,9,-34,9,20
14,-252,-10,37,-12,-56
8,-219,28,-36,46,-78
-24,-251,-10,-28,30,-18
-18,-219,12,-64,-56,24
-35,-232,-4,34,-31,8
-4,-237,-12,-8,35,48
-6,-279,22,27,37,9
39,-246,22,-37,44,8
13,-248,-38,30,-10,-21
-24,-235,-10,69,2,29
10,-273,16,-1,-7,18
4,-308,6,41,-75,11
-6,-298,-24,-19,-34,84
-17,-358,1,47,-30,34
15,-302,-12,107,-45,-20
25,-301,-11,-45,57,0
-12,-297,-31,28,74,-7
27,-328,-45,25,19,-15
37,-307,-31,-40,-21,22
-25,-330,-46,-52,52,47
27,-319,-25,-22,22,-76
-9,-353,-37,-30,-34,88
-12,-334,-63,25,21,-53
6,-360,-60,-39,-14,55
-31,-344,-37,-79,-7,-45
-7,-382,-89,24,-13,33
7,-347,-49,-4,21,-32
-11,-329,-67,-10,-66,-16
-5,-379,-22,-35,19,-61
4,-351,-31,5,77,13
-5,-376,-38,-23,105,-47
29,-354,-92,19,84,-5
16,-349,-37,-57,-33,-40
-3,-360,-14,-54,-45,12
-18,-388,-62,-27,13,11
-12,-389,-35,18,20,36
50,-391,-37,-43,-29,33
-1,-398,-57,113,73,-21
33,-416,-64,21,2,35
5,-392,-71,31,9,-21
19,-417,-69,3,-1,-28
27,-392,-86,10,-17,19
-12,-387,-19,28,22,-77
27,-384,-55,-68,62,-64
34,-396,-50,2,-37,7
-26,-410,-55,13,28,62
-36,-376,-76,24,-2,-8
11,-403,-86,39,-61,-2
61,-385,-51,-36,83,16
-2,-391,-89,-33,-46,1
4,-388,-84,64,-38,-54
41,-409,-87,-33,-2,-7
4,-389,-50,-20,-8,-79
12,-385,-81,-48,7,-55
20,-436,-87,-39,67,-22
8,-371,-83,26,-3,29
7,-399,-113,32,-19,23
-4,-413,-89,4,3,-20
-10,-417,-119,-22,-20,28
-16,-401,-74,-43,-15,-17
-19,-379,-91,-12,-62,42
-31,-389,-55,53,-8,20
-9,-371,-97,-28,28,-22
-11,-424,-73,-78,-19,-12
47,-388,-72,-10,-27,38
19,-411,-78,-20,-15,18
29,-411,-40,-34,57,25
-28,-410,-70,-45,31,-49
11,-383,-84,-35,-81,-29
23,-386,-61,-9,19,-12
-14,-391,-47,53,47,-43
-7,-398,-102,-2,2,29
35,-380,-75,-4,22,18
-9,-376,-52,-31,53,-12
-18,-389,-59,-94,-119,-13
-12,-396,-74,80,19,-29
15,-374,-58,2,40,-18
-30,-345,-91,-59,-15,-31
13,-358,-98,50,37,19
22,-390,-51,49,27,-36
-29,-377,-63,-43,-62,31
-8,-374,-50,17,-60,-54
1,-359,-78,-1,-58,-0
18,-338,-55,20,20,75
-41,-323,-20,-4,-52,56
27,-363,-13,-16,-47,41
17,-313,-30,16,26,-75
4,-316,-34,53,25,-23
-5,-351,4,-37,-52,76
16,-366,-66,17,-4,39
-13,-309,-36,75,43,43
2,-292,-52,-19,30,31
-10,-296,-72,35,-1,4
27,-329,-11,-45,36,28
-1,-295,-27,71,-8,86
-30,-285,-8,21,1,-56
-18,-289,-12,-16,-14,3
19,-274,-33,-22,45,-3
27,-282,-14,-15,19,-17
12,-254,-35,78,-7,-32
-23,-251,-20,-7,-45,-15
-2,-274,-9,-36,-20,-2
-18,-288,1,17,12,-12
-6,-255,-14,-35,43,-35
14,-256,34,-18,-3,26
4,-222,5,43,59,56
-13,-253,33,-18,-44,27
16,-270,16,-21,25,23
20,-265,14,1,33,21
25,-216,-21,4,8,28
21,-243,33,-2,-14,-13
-12,-246,40,10,45,-15
9,-219,-8,4,-6,34
48,-200,-5,56,-37,-33
31,-222,36,18,-19,-1
-4,-185,26,-28,-65,-15
6,-198,69,10,28,-51
25,-183,37,-108,64,-40
33,-189,17,50,-24,-20
-21,-201,14,116,-111,-26
8,-211,48,15,46,-97
13,-213,58,-7,-1,-21
-35,-145,63,-31,-31,-66
3,-164,29,-44,65,14
3,-163,51,-14,1,66
33,-142,16,-52,2,33
9,-156,43,18,-14,-10
-2,-141,74,82,12,-35
-16,-121,86,-4,30,2
4,-159,62,44,-88,15
7,-141,76,-25,20,16
-36,-122,47,-56,-52,-7
-2,-131,65,-72,-28,-64
-14,-142,90,-47,30,-110
-23,-126,102,21,35,-4
-6,-145,36,-17,9,13
5,-152,55,33,76,79
-13,-99,38,-35,-32,71
20,-139,80,-26,45,22
-20,-88,95,19,-89,-17
-5,-128,60,12,5,76
-22,-109,36,10,-2,-39
5,-87,28,57,-1,66
-26,-82,71,-23,-62,-16
18,-81,69,-29,74,33
-1,-114,70,34,-3,43
19,-74,57,-34,-22,-67
0,-105,62,-37,113,25
9,-115,107,1,46,66
-29,-154,78,84,-50,62
17,-100,78,8,-6,8
19,-92,73,-22,-4,7
6,-110,45,-59,-28,36
-20,-115,77,-0,30,-69
2,-112,87,-31,-43,-10
-11,-117,48,3,-51,-69
9,-120,76,20,-3,13
16,-96,78,77,-75,4
-14,-103,125,10,-6,-39
-16,-93,59,-3,38,-9
-35,-96,86,-74,40,-26
47,-119,98,3,24,11
-8,-85,18,-29,-46,22
-1,-125,89,-14,-37,-19
15,-93,78,-30,5,-11
16,-110,62,-14,2,43
-20,-109,90,-15,52,-20
4,-115,92,-85,39,11
-5,-121,62,-1,-55,-75
11,-148,39,-19,-5,-35
19,-134,42,9,-53,-0
4,-94,71,-12,-58,-56
34,-126,70,58,-11,47
-5,-133,72,2,-79,-2
20,-122,61,90,36,-24
-15,-125,68,-55,-70,-59
3,-159,49,26,10,49
7,-135,84,-30,-3,66
-15,-178,-2,-33,18,51
-1,-169,60,4,11,-15
-44,-150,69,27,8,9
9,-175,46,31,23,24
14,-163,42,29,91,-53
6,-172,37,-47,-38,-28
10,-165,56,-30,13,-12
35,-151,27,-37,15,-43
43,-181,62,-66,7,-34
-4,-168,10,-22,-12,-54
2,-172,68,21,-27,19
-12,-177,22,14,-0,-11
34,-189,71,25,40,37
-15,-192,21,90,-48,36
-53,-197,40,-64,-12,23
12,-246,69,37,10,51
-26,-189,10,23,-28,27
-3,-209,36,-38,13,22
-20,-209,7,31,37,18
15,-193,3,114,36,-28
7,-220,-10,77,-61,36
1,-222,15,-30,-70,50
22,-249,29,58,39,-65
-12,-248,-7,-20,20,-10
24,-217,23,-1,-29,-26
2,-246,7,20,-40,-60
29,-222,14,-24,-46,76
13,-284,5,-11,1,-24
10,-254,-7,-82,-18,-29
24,-295,-4,-18,1,-20
26,-277,-20,9,-55,-48
30,-272,-10,38,-64,-25
-10,-273,-29,-4,10,-52
-18,-291,-11,14,55,-46
15,-273,-9,98,-36,-49
12,-285,3,-25,73,-7
-10,-309,-55,-15,28,3
28,-299,-40,-7,-34,-18
12,-304,-28,-85,-9,-32
-7,-315,-39,-116,-5,67
20,-311,-26,-47,71,43
19,-307,-19,-27,-1,7
37,-332,-30,-50,-19,70
17,-338,-14,-25,20,7
11,-333,-45,-17,-38,18
-12,-337,-57,-9,66,-1
-14,-317,-90,-100,37,5
-25,-308,-32,59,5,21
2,-346,-35,11,-13,-25
1,-368,-40,-20,-29,-63
9,-396,-20,19,-24,-82
-3,-369,-41,8,57,53
12,-394,-69,-15,-46,-52
-21,-328,-44,42,-27,9
30,-362,-81,-10,-48,35
-17,-358,-59,-45,5,10
-13,-341,-64,-26,15,47
27,-385,-81,53,55,-2
1,-394,-69,33,5,-4
-16,-379,-42,-55,-32,-39
25,-407,-86,36,27,68
-18,-397,-91,-16,44,-15
-74,-389,-93,-5,45,-66
1,-435,-76,49,-34,-39
3,-406,-75,34,-16,-20
-28,-409,-45,-0,57,-14
8,-409,-61,59,-13,-41
-17,-426,-78,30,-44,19
-20,-400,-60,9,-48,-30
-17,-383,-59,-37,-29,-40
-20,-389,-29,-73,3,-28
17,-393,-97,-21,-14,16
-40,-393,-95,-33,-71,-27
-3,-419,-80,22,3,1
21,-384,-68,-37,-115,-59
-10,-421,-69,-31,-107,-26
-29,-395,-95,-55,-82,19
-14,-401,-55,16,51,-6
-6,-422,-94,-36,-6,-80
42,-400,-48,53,16,-16
-8,-417,-85,-31,-57,9
6,-382,-79,-22,-27,11
1,-425,-77,70,35,-11
-2,-382,-89,55,-23,38
-11,-399,-75,9,101,28
14,-415,-94,-22,-35,-32
18,-406,-49,-42,-34,7
-16,-390,-54,-46,-43,39
-38,-425,-65,-35,-57,-39
-28,-402,-49,-25,2,-47
-20,-387,-53,2,76,-6
7,-393,-82,8,-73,22
-5,-378,-75,73,-100,3
-35,-368,-96,-16,54,-22
17,-394,-61,-28,-2,41
-2,-401,-85,-64,69,-46
39,-393,-67,-73,-49,-39
7,-405,-46,21,-2,-23
6,-343,-51,53,24,-33
-6,-377,-98,91,44,-35
-17,-365,-41,-78,-33,-38
-23,-378,-43,-8,-9,23
7,-369,-43,-14,15,29
-23,-348,-38,16,-102,-68
9,-350,-57,-36,55,-31
-13,-352,-74,-24,102,-18
4,-332,-30,14,-40,-27
-0,-296,-62,36,-17,47
5,-354,-68,12,-26,-21
30,-318,-39,6,-8,-52
8,-342,-54,-28,21,22
-8,-332,-51,52,23,69
1,-313,-24,13,57,-43
-20,-312,-43,-73,24,-31
-4,-300,-28,-22,34,-22
-1,-324,-26,88,4,6
-4,-302,-30,-8,-45,-33
-12,-314,-31,-35,-18,-51
18,-321,-15,-9,12,40
21,-291,-4,12,-45,-7
27,-268,-24,29,-30,-19
-6,-256,-0,-17,-50,-20
-14,-301,-16,-22,-60,6
-2,-250,-7,-30,-81,11
-8,-266,-9,-30,54,25
-2,-268,-25,61,-22,47
25,-292,-4,-83,9,0
33,-244,9,-59,21,21
22,-283,2,29,7,21
-6,-228,-12,-111,-58,-30
-31,-220,24,18,10,-24
-10,-249,50,-20,-11,29
-20,-235,1,6,-28,-4
8,-228,-6,10,-74,-11
10,-217,32,1,36,-2
-18,-206,21,32,-26,-38
-8,-178,1,-7,50,93
0,-244,16,-16,69,-41
-10,-200,58,-9,26,-6
-22,-211,30,106,19,49
-3,-203,50,-48,46,-20
-14,-181,78,16,-43,-58
-22,-184,70,-17,75,-41
-37,-194,23,-20,39,-81
1,-163,54,25,16,12
-6,-176,55,62,-91,29
-28,-144,47,-12,-2,18
-5,-151,26,44,-42,25
9,-164,42,10,-37,-26
11,-169,81,-31,63,-15
-2,-147,50,79,79,-5
-35,-162,46,49,10,-65
-11,-147,45,7,-83,-54
-28,-136,49,-23,-30,0
14,-149,95,18,39,-30
-7,-122,26,29,-35,-84
30,-148,31,92,65,28
-7,-125,97,17,-44,8
-19,-136,50,9,-42,30
5,-127,71,-58,11,69
1,-141,65,48,63,-67
34,-124,82,36,-65,14
28,-147,70,-66,41,5
-38,-104,54,22,20,-15
-1,-156,85,7,-35,66
5,-135,48,42,-1,-49
-36,-133,95,-19,-6,-32
8,-159,98,33,-44,52
-1,-118,116,34,11,4
-22,-81,41,-68,-28,2
8,-117,35,4,-36,-45
28,-123,78,-21,-26,11
36,-129,66,38,69,-11
6,-84,87,-36,6,85
-15,-126,84,-6,33,26
1,-132,72,10,39,37
6,-135,63,-10,-7,79
-7,-94,76,-52,31,-16
-2,-94,56,-10,-17,21
13,-119,99,-60,29,37
14,-121,39,-9,53,-77
33,-84,102,-3,50,-54
17,-110,66,35,13,-109
7,-137,67,18,21,5
0,-110,61,6,21,-83
-27,-134,71,-31,-49,-37
-11,-78,45,-26,5,-40
1,-119,93,-5,-35,-16
34,-141,96,-17,50,30
-27,-154,110,-4,28,-4
5,-124,75,25,26,-18
-30,-100,57,16,68,11
-16,-139,81,36,-37,-0
16,-114,32,3,-1,-51
11,-104,60,27,-84,31
32,-168,90,-30,2,-20
6,-139,67,-98,-4,26
-15,-123,60,20,-36,-11
7,-118,23,-23,26,-16
-4,-157,42,46,32,-12
-46,-122,46,-7,-66,7
-24,-164,55,20,-31,-59
-30,-138,64,-16,-42,-1
-21,-164,43,29,-46,4
-1,-192,65,-45,58,-47
-38,-165,67,-53,-48,-19
-13,-137,-17,-8,16,-0
13,-163,38,54,11,-53
18,-164,27,-32,2,19
6,-174,35,46,41,136
27,-180,67,9,5,2
-11,-178,27,97,-74,26
19,-188,3,-12,-10,19
14,-188,30,36,-44,19
10,-195,64,13,-83,-10
11,-225,15,-13,-3,17
17,-223,45,36,2,79
-5,-223,20,-14,1,-52
-25,-234,13,13,-19,66
18,-214,34,2,21,14
20,-239,-24,-52,44,15
17,-250,36,29,45,4
-9,-223,-41,-97,83,-17
0,-233,16,31,-58,-3
22,-190,-17,61,88,24
-13,-277,26,-8,-40,-15
19,-227,11,11,-98,-103
12,-244,16,10,-18,-13
-18,-248,-11,-19,31,-43
-16,-251,-45,75,56,-9
-13,-261,5,-30,-13,-24
-9,-261,-24,9,28,35
-16,-292,-66,30,-7,-37
10,-278,-42,26,22,42
20,-323,-25,-92,68,-10
29,-320,-33,2,67,1
-4,-323,-3,34,21,-52
31,-296,-62,-13,-16,5
3,-290,-43,49,-41,-36
24,-330,-48,-8,72,-15
47,-299,-20,-7,63,8
13,-358,-15,-17,-22,-48
-36,-348,-39,32,-30,24
11,-334,-42,-15,-15,43
6,-327,-11,70,14,24
21,-324,-61,-47,58,43
-3,-313,-39,-22,-50,-55
-20,-388,-58,5,4,-43
7,-363,-47,1,14,-94
-6,-367,-49,-6,-22,-47
0,-350,-40,11,60,43
3,-364,-50,25,15,3
58,-356,-78,-10,33,67
-9,-363,-70,-15,-56,17
-42,-351,-53,-23,72,-65
-1,-424,-61,43,-2,54
-19,-365,-56,48,4,35
24,-397,-23,-28,42,-12
4,-362,-88,-48,16,-25
10,-398,-81,32,41,-63
-24,-379,-104,62,-21,-32
-5,-345,-49,30,44,-56
-14,-389,-63,16,-1,-45
-18,-411,-119,21,25,3
-19,-384,-52,-7,18,46
-9,-401,-82,13,-3,46
-24,-380,-60,26,-29,-45
18,-361,-83,8,-61,-36
-4,-398,-75,20,-37,24
-7,-415,-70,-52,-41,-38
-11,-399,-95,-16,14,-42
9,-415,-63,18,-52,25
-12,-429,-65,8,-12,8
-18,-375,-88,17,-92,-57
22,-434,-109,-30,18,25
-5,-403,-66,-57,37,-12
7,-423,-80,30,12,34
25,-403,-51,-21,-0,-34
34,-408,-61,-34,-39,7
-9,-360,-80,-13,-25,-0
-16,-415,-65,40,14,122
16,-374,-82,57,14,-15
32,-405,-72,-23,5,17
17,-385,-84,55,-27,-8
-12,-393,-80,54,52,-52
4,-375,-70,-19,-4,13
4,-420,-59,43,-132,62
22,-380,-58,45,10,10
1,-414,-68,-19,41,-2
21,-413,-26,-45,-1,87
-4,-352,-72,10,85,-30
14,-400,-78,-71,11,-9
-21,-413,-96,58,-17,83
-5,-380,-52,-29,-10,28
12,-371,-101,20,6,0
29,-375,-80,-69,8,-37
-35,-355,-81,22,-11,-50
31,-372,-47,-12,42,-59
-25,-374,-48,42,10,-37
-18,-370,-55,50,-9,12
8,-338,-45,-5,28,52
-7,-382,-53,-11,-47,52
5,-366,-73,-43,19,-4
-30,-377,-35,21,-108,54
-24,-388,-15,-0,66,-41
2,-335,-49,1,14,23
-7,-353,-52,97,-47,-35
-13,-341,-19,-59,-22,9
41,-326,-38,6,19,-51
-27,-310,-39,7,-33,68
30,-345,-52,25,-71,-41
7,-333,-27,-1,28,-97
14,-321,-50,-16,69,-50
17,-349,-15,12,-38,-40
44,-283,-54,32,-14,26
33,-312,3,16,46,-8
14,-348,5,25,-1,33
16,-314,-45,-13,46,8
-10,-308,-29,-7,-28,22
5,-295,-8,-24,-83,23
7,-296,-13,61,-18,71
-14,-272,12,43,-40,-16
-22,-307,-25,5,-36,105
21,-315,-26,-28,-35,-60
-18,-237,-25,9,-16,67
-42,-251,-19,-57,-20,1
19,-280,-30,24,-51,34
-5,-257,-1,45,62,58
-0,-284,19,-54,31,4
0,-257,6,-42,-7,-2
32,-247,62,55,8,59
-19,-205,8,-26,-28,7
-33,-215,34,-16,-20,-22
22,-243,18,27,14,-21
-9,-220,-1,-31,-8,-41
23,-211,-3,-46,-25,-10
-15,-220,12,29,16,14
-0,-159,35,17,66,69
-23,-204,34,91,-20,3
-5,-198,49,41,6,65
-3,-209,45,11,-14,-3
14,-178,24,3,13,-9
-4,-183,31,-48,-41,3
-1,-156,42,20,-31,-11
24,-172,56,-47,-29,88
-7,-163,41,-23,24,37
-12,-170,53,-36,23,1
-17,-143,29,-98,15,-0
-7,-124,22,2,-80,24
7,-156,51,-39,33,38
3,-158,49,8,13,-20
-48,-147,84,-28,-68,-2
-18,-157,44,-12,1,19
-0,-186,77,22,-58,17
-0,-149,53,46,-8,-25
-4,-122,37,69,3,10
10,-168,62,-41,-10,-70
-15,-146,46,14,-16,107
-15,-145,69,-33,43,-54
-8,-137,67,52,16,-21
28,-107,37,94,-26,-5
-42,-104,18,36,-24,8
-9,-111,74,17,-22,-27
1,-105,65,22,34,-1
-24,-113,53,20,8,-28
-23,-105,97,-50,-18,-55
-6,-113,115,8,-14,21
-26,-139,80,-2,21,19
12,-162,84,50,4,-62
-7,-110,103,-13,-66,46
22,-129,55,-41,51,-73
-28,-87,72,-19,73,-87
4,-85,87,-11,16,56
52,-113,81,22,-28,32
-2,-122,88,-3,29,-24
-31,-95,61,44,-16,8
6,-109,82,-55,27,46
10,-110,98,-29,45,42
-17,-107,100,15,-14,81
38,-140,100,74,1,81
10,-127,41,-35,-35,-25
12,-113,68,53,18,-4
2,-137,76,51,-28,40
10,-118,102,-2,-5,14
21,-97,78,44,-17,25
13,-145,108,34,84,-55
-15,-142,82,-28,-31,-12
-28,-97,68,25,10,33
-12,-120,42,9,8,-18
14,-96,63,-3,31,-54
11,-134,41,25,-50,52
-1,-1,1,-1,-3,-2
3,-1,-2,-0,-4,1
1,1,3,-3,-0,-2
-3,0,-3,2,-1,5
-2,0,1,-2,0,3
-2,4,4,3,6,1
-0,-1,0,-5,-4,10
1,2,1,7,-1,3
3,1,-1,1,-2,-10
2,-1,1,3,-0,-2
-0,-2,-4,-2,-0,-3
1,-0,-1,11,3,11
-2,5,-1,-3,3,-6
2,-2,3,-0,1,-3
-0,-1,1,0,-5,-7
2,-0,5,-2,-5,7
-0,1,-1,-2,12,3
-2,1,-0,1,-11,-2
-1,-2,1,4,-4,2
2,-1,-1,-6,3,-2
91,-386,725,2433,4320,-1738
321,239,-128,2760,-3106,29
8,67,23,3726,658,-799
395,75,-38,5286,30,-841
499,-191,191,7366,2739,2672
595,242,400,9870,999,-830
853,1190,650,12680,1859,906
1801,1304,799,15665,-2024,-175
1239,1970,284,18686,3300,74
991,3003,1571,21600,1360,-1543
1191,2926,189,24273,857,-1951
1087,2226,194,26579,-4555,-488
1551,2517,2169,28409,3137,1935
1317,3199,1234,29680,4142,3258
2193,3224,1204,30330,909,-1371
901,4250,1351,30330,-569,537
1196,3060,1856,29680,1801,173
911,4262,438,28409,-5300,-4310
1079,3485,476,26579,-3048,-550
1818,2682,914,24273,-509,-2334
1169,2394,976,21600,1622,-513
1563,2880,753,18686,2037,-1540
-371,1229,1260,15665,1510,2383
1009,1276,423,12680,-400,37
792,896,850,9870,2001,-1215
-317,1376,344,7366,3350,63
627,846,-664,5286,-2004,3210
-1048,633,-1140,3726,-2716,367
299,201,318,2760,1643,-688
139,-309,321,2433,1046,-1119
-5,4,246,-0,2,-2
-3,1,258,3,-0,2
0,0,249,0,-1,1
-0,-7,260,1,0,-1
-1,1,262,-1,1,-1
9,-5,249,0,1,2
-1,1,259,-0,-3,0
2,-5,252,-1,-1,-0
-4,-7,253,-1,-3,0
1,1,256,-3,-1,2
-4,-7,255,-1,4,-0
2,4,256,1,-2,-5
-11,2,249,1,-0,3
-5,-2,254,2,-0,-3
2,1,255,-3,2,2
5,-1,255,0,0,4
-4,-5,241,2,-1,1
-3,12,253,2,-1,1
9,-0,261,2,3,-1
-6,4,250,-1,0,-1
-1,5,266,-3,-1,-1
1,-0,262,4,-0,-1
-11,-1,252,-1,-1,-0
-1,-7,262,-2,3,3
5,2,253,-2,-1,1
-3,-1,259,-1,1,-1
6,4,262,1,1,-0
6,2,256,4,-4,-0
-1,1,261,-0,-0,-1
-2,7,258,0,2,3
-5,1,257,1,1,-5
4,9,256,-0,-3,-2
-3,4,262,-5,-2,-0
3,7,258,1,-1,1
3,2,260,1,3,2
10,-6,258,-1,0,-2
1,6,269,2,-3,-0
1,-4,253,0,1,2
3,0,256,2,-2,1
3,1,257,1,1,-0
5,-1,258,1,-1,2
-4,12,257,-1,-2,4
-2,-7,252,-1,-2,-2
-7,-1,251,-0,-1,2
-6,-5,251,-0,0,-4
-3,2,255,-1,0,-2
-7,0,249,3,-1,-0
-3,-6,251,2,0,-2
-4,3,256,-4,-3,-1
0,3,255,-1,1,1
-3,0,256,1,0,1
7,3,257,0,-3,4
-3,7,252,-1,1,-1
-1,10,256,-2,-2,-0
2,-4,253,-1,-1,0
1,-5,268,3,0,3
-4,-5,251,1,-0,2
-0,-2,255,2,-0,-3
-3,-11,257,-0,2,-1
4,1,255,-2,-4,-3
3,4,257,-5,-2,1
4,-0,255,1,-1,4
-2,-2,259,-3,1,-2
5,-4,260,1,-1,0
3,2,247,1,4,1
-0,-4,256,-1,-0,-2
-2,-6,254,3,1,-1
3,-4,260,-0,-1,-2
2,-7,249,3,-2,3
-5,0,250,-3,-3,2
2,7,255,-1,-4,1
4,4,261,2,-2,-3
-2,6,259,1,-2,-5
8,-2,259,-1,0,0
5,6,262,-2,-2,-1
-14,8,258,3,1,-3
-3,-1,248,-0,-3,2
-3,-2,254,2,2,-2
5,4,251,1,2,-2
8,5,259,0,-0,-3
-1,5,258,-1,-1,1
5,4,255,3,-1,-3
4,-14,250,-0,3,-0
-1,2,256,-1,3,-2
4,4,243,-2,0,1
-11,3,253,3,-3,1
4,-5,258,0,2,-1
-8,-3,263,-0,0,-2
1,2,263,2,-2,-1
4,8,261,3,1,0
1,3,254,-1,-1,2
5,9,259,-3,-2,1
-3,-7,256,1,-2,1
4,-5,260,-3,-2,-4
6,7,257,2,2,-2
8,-4,249,-2,1,2
-1,3,258,0,-2,2
1,-1,264,0,-1,3
2,-4,250,1,2,1
-7,7,258,-4,-2,1
2,-1,254,2,-0,2
-6,-4,251,3,0,1
2,-0,258,-3,-0,1
3,-5,260,1,-1,1
-6,-2,257,-2,1,4
-1,-3,258,3,-3,2
-1,3,251,-2,3,-1
7,1,253,-3,1,0
8,9,255,0,0,-1
-3,-2,255,0,-2,1
0,-1,252,2,2,-1
10,5,257,-4,-2,2
8,-5,260,1,-1,-2
0,-6,261,0,-1,-0
-2,-4,250,0,-1,-2
-3,-12,261,0,4,-2
-9,8,257,1,1,2
-6,6,253,1,1,-2
-4,-4,257,0,1,2
7,-5,258,3,1,2
9,5,258,1,2,-4
2,-0,266,-1,0,-1
-3,-8,261,-0,-1,3
-2,4,262,0,-2,1
-5,3,258,-3,-1,-2
-6,-1,259,-1,-1,-0
-3,3,254,-1,-1,-0
-2,6,262,0,-2,2
-1,2,249,-3,-1,1
-8,-5,249,-1,-2,-1
2,1,263,1,-5,-0
0,0,260,3,-3,0
-1,4,251,-0,-0,-3
8,-5,258,4,1,-1
-2,2,257,-5,2,3
-3,-8,250,-2,-1,1
-10,-0,260,-1,-0,-5
-2,9,260,1,2,1
7,-2,253,-2,-3,1
-1,-0,256,-1,1,4
8,7,256,1,3,-0
-2,7,253,1,1,2
-7,-6,254,1,1,1
-1,10,250,4,-0,-1
2,-0,252,1,-2,4
-3,1,259,3,1,-0
4,3,252,-1,1,-2
1,1,250,0,-2,-4
-4,6,255,-1,-1,-2
13,1,252,-0,1,1
4,3,253,-3,1,1
1,5,257,4,2,-2
-2,-10,261,-2,-3,3
-3,-6,263,1,-3,-3
-4,-1,259,-1,0,1
-0,12,259,-1,1,-1
-4,4,254,1,-1,-5
-0,1,260,-0,1,1
0,-5,262,-3,0,1
-5,2,254,2,2,-1
2,-0,258,1,1,3
-4,-8,246,-2,-3,-3
6,-2,253,-1,3,-3
7,8,260,1,3,0
4,-0,256,1,-3,-0
-4,-2,264,-2,-1,1
2,-9,260,-1,-2,2
-5,-10,252,-1,-3,-2
1,2,265,-1,-0,1
5,1,256,-3,-4,-1
5,0,257,-3,-1,3
-6,5,252,1,3,-4
-3,-11,259,1,3,-1
2,2,257,0,-0,-0
11,8,257,0,0,2
-4,-3,250,4,1,1
-4,0,256,1,-1,-0
-4,-1,251,-2,-1,-1
-3,-5,258,2,-0,0
1,3,265,-1,2,3
-0,-2,253,2,-0,-1
3,-0,255,1,0,2
5,2,259,1,1,-0
1,2,249,-1,-1,-1
-0,-6,267,1,-3,-1
2,-3,255,4,1,2
-10,10,263,4,-2,-2
-4,-4,260,-0,-2,3
10,0,249,-1,1,0
3,10,257,4,1,-1
10,-0,258,-3,-4,3
0,2,251,-1,1,-2
-7,-5,258,-3,2,1
1,0,246,-3,-0,-2
4,-0,255,2,5,0
10,5,262,1,1,1
-1,-5,255,-3,-1,0
-7,-1,263,-1,-4,1
-2,-0,251,2,1,3
11,4,265,-2,-1,0
-2,-5,258,-6,2,2
-6,-4,260,-0,-3,0
7,-0,249,0,3,-1
3,0,256,-1,-3,-6
-4,2,259,-1,2,1
-2,5,250,-0,-2,3
3,-4,256,-6,-1,-0
-8,11,259,-0,-0,-3
0,5,251,-2,1,1
-2,-1,255,-2,2,-3
-0,1,256,2,-2,-3
-11,3,260,3,1,1
6,-3,252,0,1,1
-9,3,252,-1,-1,1
4,-5,259,-1,1,1
-1,-6,252,-1,1,0
-12,-3,261,-4,-1,1
-0,2,256,-2,1,1
0,-4,263,-2,2,-1
-9,4,254,-1,-0,-0
2,10,251,-3,2,-3
1,-2,255,-1,3,-4
16,-6,259,3,-2,1
2,2,266,-2,4,0
-12,6,264,-5,0,4
-3,-3,257,1,-0,-2
3,1,254,-2,-1,-3
-6,1,260,3,2,2
-6,2,254,1,1,4
-7,-2,251,-1,0,0
-2,1,257,1,-3,2
3,3,255,-4,-1,-3
-6,-2,256,1,-1,2
2,-8,257,-1,0,-0
3,3,255,1,-3,-0
4,9,254,-4,-2,1
3,4,260,0,4,3
5,5,259,-0,3,0
0,-8,265,2,2,-1
-8,1,253,-3,2,-2
1,-4,251,-3,-1,2
-7,3,262,-1,1,-1
1,-2,251,-4,-2,-3
-4,-1,261,1,-2,0
-0,-2,259,1,-1,0
-3,-7,254,-1,-2,-3
3,-9,255,-2,0,2
-11,6,254,0,0,1
5,-1,251,-1,-1,1
-4,5,264,-1,-3,4
3,-2,253,3,-3,-3
6,4,256,-0,-1,-1
8,6,258,1,-0,-0
7,-1,264,2,1,-3
8,5,258,2,2,1
-4,-2,259,-0,-1,-1
-4,2,251,-1,-2,0
-3,-0,249,2,1,-0
-12,3,258,0,1,-3
-5,-4,258,-1,-3,-2
-3,2,250,-0,2,-4
4,4,258,-1,2,2
2,4,254,-1,2,1
6,-9,250,0,4,-1
2,1,260,0,-4,0
3,4,250,-1,3,-0
-8,5,262,-1,1,-0
1,-9,259,2,-1,1
-2,11,250,0,1,1
2,-5,256,-3,0,2
5,1,257,-3,0,2
3,7,255,1,-1,1
-3,5,255,2,1,-1
-9,-3,267,3,0,0
-0,-4,257,-2,-0,0
-4,-1,259,1,-3,0
-6,6,256,-2,1,-2
-1,-3,252,-3,1,-2
-0,-0,254,-3,-1,-2
-3,7,247,3,-2,1
-1,-8,265,-3,-0,-3
-1,4,263,-3,1,-1
-9,-0,250,-3,0,-1
2,-5,265,-0,-1,-0
-7,0,267,1,-2,-0
-4,2,252,-1,-1,-3
1,2,253,2,-1,-1
-2,2,251,1,-4,-4
1,-2,252,2,-1,3
5,-2,257,-4,-0,0
4,-2,254,2,-3,-2
4,-2,257,4,-0,1
-2,5,263,-1,0,3
2,-1,256,-5,1,-1
2,5,251,-0,1,0
3,-4,262,0,-1,-3
-4,-6,262,2,-1,2
2,-3,259,1,-3,1
-1,-4,257,-2,1,0
1,9,257,2,-0,-2
-4,4,253,-0,1,1
1,0,255,4,2,1
7,-2,249,-1,-0,3
5,-5,264,-1,-3,4
-14,6,248,-0,-0,1
-7,2,255,-1,1,-0
4,-2,259,2,0,-0
4,-3,261,2,-2,-2
2,-2,249,5,-2,0
1,-1,252,-1,-1,1
-2,-6,256,-2,-0,4
-8,4,262,-0,-2,-0
-4,-6,256,0,1,1
-2,0,263,-4,1,-1
6,-7,257,-3,5,-1
-4,7,254,1,0,0
2,15,251,1,-2,1
-1,-7,255,1,1,-2
2,4,259,-1,-0,-3
1,2,258,-2,0,1
7,-2,253,-0,3,0
-2,4,249,-3,2,-4
1,2,244,-4,1,-0
-3,-1,257,-1,-4,2
1,3,262,-3,-2,1
-4,1,259,1,-0,2
1,3,252,3,3,1
-3,10,258,1,-0,1
6,2,252,3,-1,-1
-2,5,263,-3,-3,2
-1,4,259,1,1,-2
2,7,254,-1,2,-1
-1,-7,252,-1,-1,-2
-4,5,253,1,2,-4
-2,1,247,-1,5,-1
5,-0,263,-0,1,2
1,-5,255,2,2,1
-6,1,248,1,2,-1
-5,-1,265,2,-2,-1
-7,4,259,2,-1,-2
3,-4,257,-0,0,0
-3,11,256,-2,0,-0
7,-5,248,-2,-1,1
4,2,247,-0,-2,0
-7,5,257,-1,-1,-1
-0,-8,264,-0,1,1
-3,-4,260,-1,1,-0
-2,-1,253,-1,-1,-1
-1,1,259,1,0,-1
-11,-4,264,0,0,-0
1,-6,255,-1,-3,-2
12,2,255,-1,3,-2
3,4,255,0,1,0
-6,-1,253,-1,-2,0
-2,2,261,1,0,-1
0,-5,250,1,-1,-2
3,-3,249,-1,-1,3
0,-4,263,-1,0,-1
3,-3,266,3,-3,-3
1,-4,257,1,-0,-3
2,-18,249,1,1,1
8,1,263,1,3,0
-2,4,245,2,-2,-2
12,3,254,2,2,-5
7,4,254,-3,-4,4
3,-0,253,-2,-3,-0
8,-5,261,1,1,-1
-6,-4,252,1,1,-1
0,-0,260,-0,-5,1
9,-9,260,-1,3,-2
-1,9,259,0,-4,1
6,8,250,-1,-2,-3
-6,-2,259,-2,4,0
17,-1,264,1,0,2
-3,-7,254,-1,2,-1
-1,3,254,1,-1,-2
-7,1,245,1,-1,-0
3,5,270,1,-1,2
4,2,248,2,-1,-1
-2,-3,243,-2,1,5
-6,-2,251,-3,1,2
-3,8,258,2,0,-1
-0,-1,254,0,1,-0
-2,-3,259,-2,-1,-2
-7,1,266,-2,-0,3
9,3,258,3,-0,3
4,-10,253,-3,4,-1
1,7,247,-4,-1,1
-9,-5,267,-2,4,1
-6,4,253,2,1,-0
5,0,260,2,1,-1
-5,-7,253,-0,3,-2
8,4,255,-4,0,-3
-4,1,262,-1,2,1
-4,-0,262,4,-1,-3
13,1,250,-0,2,-3
-3,-2,261,1,2,-3
9,-7,243,-3,3,0
10,-1,263,1,-3,-2
7,-2,259,-1,2,-1
1,-4,257,-1,0,-3
9,-12,255,-0,-1,1
-1,-1,261,2,-1,-3
-12,-4,254,-2,2,-2
-3,0,255,1,-1,-3
1,-4,256,-3,-2,-2
-3,1,258,3,-1,-1
4,3,257,1,-1,1
-6,-6,255,-1,0,-5
10,1,259,1,2,1
4,2,254,4,2,0
4,-2,256,0,0,-2
1,-6,259,2,-2,1
-1,7,246,-0,0,5
1,7,264,-1,-0,1
-4,4,251,-1,-3,1
1,-2,255,1,-0,3
7,4,256,1,2,-1
-2,3,252,0,-1,-2
-1,3,264,-1,0,2
4,1,252,2,-3,1
4,1,256,-1,2,1
5,11,259,0,0,0
5,3,250,1,1,-3
2,-0,251,-1,1,-2
5,-1,252,1,-1,3
-6,0,252,-2,3,-4
4,-2,248,2,1,1
-7,4,258,-1,-0,-1
-10,2,254,-0,-0,1
6,3,252,2,-2,-1
-3,-4,261,2,-1,1
-2,-4,248,0,0,-0
6,-6,261,-0,-1,2
-5,1,255,-2,-2,2
0,4,257,-1,2,1
-4,-9,251,3,-1,-2
3,-1,255,0,1,-4
-5,3,259,-2,1,-3
4,-11,262,1,-1,3
-0,-8,261,-2,-0,-2
-3,3,260,-0,3,-1
6,3,257,-1,1,1
0,-10,262,0,2,-0
6,-6,254,0,4,-1
-2,-3,255,-1,-1,1
-7,-4,251,-5,-1,4
5,4,249,-2,0,2
2,13,260,1,2,1
-3,2,246,-0,3,-0
6,0,257,-2,-2,3
7,0,256,-1,-2,0
-10,0,251,-0,-1,3
7,-4,254,1,2,-3
-3,-4,255,1,-1,1
2,-3,254,2,-0,2
1,-3,257,-4,0,1
1,-9,251,0,-2,2
1,5,262,-0,-0,1
4,-4,260,-3,2,0
-3,2,258,-0,2,-3
-1,-1,253,1,-0,2
9,6,256,1,1,-1
-8,-6,267,-1,2,1
-1,-1,240,-0,1,-1
1,3,261,-1,-1,0
-0,6,253,0,1,-1
-3,7,259,0,-2,-2
-7,1,257,-0,-3,-2
8,2,248,-1,-3,-2
-0,7,251,-1,5,1
-2,2,248,3,5,-0
-7,3,264,0,0,-2
-9,11,251,-0,6,-0
-1,8,251,3,0,-1
-8,4,259,-1,-4,3
1,-9,249,2,1,-3
8,7,254,-1,1,1
-4,-3,256,1,-1,0
-1,-12,255,-0,0,-0
-1,1,253,0,-2,4
3,0,254,0,2,2
-14,-7,256,-4,-1,1
-1,-3,264,0,-5,-4
-14,-1,258,-1,-1,-0
2,-5,257,-5,-1,3
-5,-5,244,2,-1,-2
4,-4,251,1,-1,-3
12,-4,254,-0,-0,-0
2,-5,266,2,-2,2
10,-8,262,0,-2,-1
11,2,263,-1,-1,0
5,8,249,-2,-2,-5
0,11,248,1,-3,-1
-1,-1,262,1,3,-2
0,-7,248,-1,-1,3
-2,-3,265,1,-1,0
3,-1,266,1,1,0
0,-6,260,2,-1,6
-3,-2,256,1,1,-1
-4,6,259,0,2,-0
-2,-1,259,1,-4,-3
2,-3,258,-2,-0,-5
0,5,257,-5,-1,-2
-0,-0,247,-2,1,2
-1,3,259,-1,1,-2
-1,3,263,4,-0,1
1,-1,262,-1,2,2
-1,10,263,-4,0,2
-0,-4,252,-2,0,2
-5,4,263,4,-1,-1
6,-0,261,-2,3,3
7,-6,255,-2,1,-4
-4,-2,261,3,-1,0
0,3,256,-0,-0,-0
12,-3,249,0,1,0
-8,7,262,4,-0,-2
-0,2,250,0,2,0
4,-6,256,0,-2,-1
5,4,257,-2,1,-2
-2,3,261,-0,-3,-0
11,8,250,2,4,0
-7,4,260,1,1,3
1,-4,253,1,-2,2
1,-0,254,2,1,-0
-2,1,253,1,0,-2
-5,-1,253,4,-2,-0
-10,-0,254,0,2,-0
2,2,251,0,-2,-1
7,5,253,-2,2,3
6,7,253,-2,2,2
-11,2,253,-2,0,-1
0,2,256,-2,5,-0
-4,1,271,-2,-1,-2
4,0,258,3,1,3
-2,7,254,2,-1,-1
5,-3,258,2,0,1
-1,4,247,-2,3,1
3,5,252,2,1,-1
-5,4,257,-2,-1,-1
4,-11,253,-1,3,1
-2,5,258,2,-0,0
-3,-5,255,-1,-3,1
9,-1,266,-1,-1,1
-4,-1,263,0,1,3
-1,-5,258,0,-5,2
-6,11,249,-3,-2,1
8,8,258,-2,-2,-1
-4,-5,252,2,5,5
-5,6,255,4,-0,-2
0,1,262,-1,-1,2
-9,-6,251,-1,-2,2
3,0,261,1,-2,-0
-1,5,267,1,2,-0
-0,6,267,-0,1,-0
3,2,254,2,-8,4
0,8,261,1,-2,0
16,2,260,1,0,-1
-1,-3,264,1,-2,-1
1,0,257,-2,-0,-5
-5,-9,259,2,-1,0
-2,-2,266,3,3,2
-1,-1,263,1,0,3
4,5,256,-3,2,-2
3,7,257,-0,-2,0
-3,-1,250,-2,1,-0
-7,1,250,-1,-1,-3
5,4,250,-1,-2,-0
7,-4,259,-1,2,-1
2,-3,257,0,-1,-1
2,3,256,1,4,1
4,1,260,-4,2,3
6,-2,257,2,2,-1
6,-11,251,4,-4,-2
-1,2,252,1,-5,1
0,-2,257,-1,-1,-2
-3,-2,253,0,-1,-1
4,5,264,-0,1,3
-7,2,257,2,2,2
-11,-0,263,3,3,3
7,-6,245,-4,-2,-1
-3,-2,260,0,-2,-0
6,-3,254,-0,1,0
5,5,257,2,2,-2
-4,-6,253,-1,-2,0
-1,-3,253,-3,-1,-3
4,2,250,1,2,-1
2,-0,263,1,5,-0
-6,1,251,3,-0,-0
3,2,257,3,3,1
-0,-8,251,0,-2,0
4,1,252,-0,-2,-2
9,-2,259,-2,-1,-2
-4,-4,259,-3,-1,-5
-5,6,254,1,3,2
8,4,258,-1,2,3
-5,-1,259,1,-1,2
-4,-5,260,-1,-2,0
-5,3,262,0,-0,0
-4,-2,260,-0,1,1
-9,-3,264,0,2,5
-6,-4,256,2,-3,-3
-4,3,258,-1,-4,1
-3,0,262,1,-2,0
-1,-5,258,-2,-1,0
-4,-8,257,-1,0,0
3,-9,251,-2,-0,-2
-1,-6,245,0,2,4
2,-8,257,3,-1,4
9,-4,259,2,2,-3
-4,7,252,-3,0,6
1,-1,272,3,-1,-2
-5,-1,251,-1,1,-0
-2,6,255,0,-0,-1
3,5,255,-1,-2,-2
-2,-5,262,-2,-1,-2
4,1,263,-3,1,-1
1,1,253,1,1,-2
6,3,254,-1,-4,-6
-10,-5,260,-0,-1,-2
-1,7,247,2,2,3
3,-3,253,-1,3,-2
0,1,256,-2,-1,-0
2,7,252,-2,0,1
3,2,257,1,2,-2
0,-2,253,-3,2,-1
-8,8,256,-3,-0,-2
6,-3,254,-1,3,0
-1,1,251,1,2,-1
-3,3,252,-2,2,1
-2,-3,247,-2,0,-1
0,-1,254,1,-0,1
-2,-14,252,1,2,1
2,5,252,3,-0,2
-6,-1,257,-1,1,-2
-4,-1,258,-0,0,2
2,-1,255,4,2,-2
4,3,256,0,-1,1
-3,0,247,3,-2,1
4,-9,261,-1,-3,-0
0,5,260,2,-2,0
5,1,251,1,4,2
-13,-1,254,2,1,3
-2,-3,255,3,-1,4
11,4,258,-3,-1,-1
6,13,267,-1,-1,-3
4,-3,253,1,-1,-2
-0,2,268,3,-1,1
-5,3,262,-1,-2,-5
1,7,256,-1,-8,-1
2,6,245,-2,-5,2
-0,-5,253,2,-5,6
5,-2,262,2,-3,-2
1,12,253,2,-1,-2
9,-3,253,-1,-1,0
5,-1,255,-1,-0,1
5,5,256,-4,-4,0
-4,0,257,2,1,4
1,4,258,-1,1,-1
0,3,251,2,4,3
-9,-6,253,3,1,4
1,4,255,0,-1,2
-3,4,256,-2,1,-2
6,5,252,0,-0,1
9,5,256,-2,-3,-3
2,2,258,-0,1,-1
-1,-4,254,-2,4,-1
1,4,255,3,-3,1
2,-6,247,2,2,1
-10,5,261,-0,-2,-0
-8,-7,255,-1,-2,0
1,-10,259,-2,1,-1
-1,3,258,1,1,-3
7,-0,263,-2,1,-1
-2,6,263,1,0,-3
10,-1,246,-4,-2,2
10,-6,257,3,-0,0
-8,4,252,0,-3,3
-6,9,260,-5,1,-1
3,-9,259,1,-2,-0
0,-5,261,-3,2,2
1,2,261,0,4,-2
7,-5,259,-2,2,-0
-1,-3,248,0,0,2
-3,5,249,2,4,3
3,6,255,2,1,-0
