0,-255,0,0,0,0
0,-249,0,0,0,0
0,-252,0,0,0,0
0,-259,0,0,0,0
0,-264,0,0,0,0
0,-260,0,0,0,0
0,-255,0,0,0,0
0,-260,0,0,0,0
0,-260,0,0,0,0
0,-256,0,0,0,0
0,-245,0,0,0,0
0,-261,0,0,0,0
0,-255,0,0,0,0
0,-261,0,0,0,0
0,-259,0,0,0,0
0,-250,0,0,0,0
0,-256,0,0,0,0
0,-259,0,0,0,0
0,-252,0,0,0,0
0,-261,0,0,0,0
0,-248,0,0,0,0
0,-261,0,0,0,0
0,-253,0,0,0,0
0,-261,0,0,0,0
0,-257,0,0,0,0
0,-263,0,0,0,0
0,-260,0,0,0,0
0,-250,0,0,0,0
0,-259,0,0,0,0
0,-254,0,0,0,0
0,-257,0,0,0,0
0,-254,0,0,0,0
0,-260,0,0,0,0
0,-260,0,0,0,0
0,-258,0,0,0,0
0,-258,0,0,0,0
0,-251,0,0,0,0
0,-262,0,0,0,0
0,-255,0,0,0,0
0,-262,0,0,0,0
0,-258,0,0,0,0
0,-261,0,0,0,0
0,-254,0,0,0,0
0,-263,0,0,0,0
0,-252,0,0,0,0
0,-262,0,0,0,0
0,-254,0,0,0,0
0,-252,0,0,0,0
0,-253,0,0,0,0
0,-252,0,0,0,0
0,-257,0,0,0,0
0,-252,0,0,0,0
0,-255,0,0,0,0
0,-250,0,0,0,0
0,-254,0,0,0,0
0,-253,0,0,0,0
0,-252,0,0,0,0
0,-248,0,0,0,0
0,-255,0,0,0,0
0,-254,0,0,0,0
0,-252,0,0,0,0
0,-253,0,0,0,0
0,-265,0,0,0,0
0,-268,0,0,0,0
0,-252,0,0,0,0
0,-263,0,0,0,0
0,-256,0,0,0,0
0,-256,0,0,0,0
0,-251,0,0,0,0
0,-257,0,0,0,0
0,-253,0,0,0,0
0,-252,0,0,0,0
0,-264,0,0,0,0
0,-261,0,0,0,0
0,-256,0,0,0,0
0,-265,0,0,0,0
0,-256,0,0,0,0
0,-257,0,0,0,0
0,-252,0,0,0,0
0,-255,0,0,0,0
0,-254,0,0,0,0
0,-259,0,0,0,0
0,-250,0,0,0,0
0,-266,0,0,0,0
0,-248,0,0,0,0
0,-254,0,0,0,0
0,-254,0,0,0,0
0,-248,0,0,0,0
0,-255,0,0,0,0
0,-260,0,0,0,0
0,-256,0,0,0,0
0,-254,0,0,0,0
0,-256,0,0,0,0
0,-261,0,0,0,0
0,-262,0,0,0,0
0,-253,0,0,0,0
0,-255,0,0,0,0
0,-262,0,0,0,0
0,-262,0,0,0,0
0,-258,0,0,0,0
0,-258,0,0,0,0
0,-261,0,0,0,0
0,-261,0,0,0,0
0,-252,0,0,0,0
0,-255,0,0,0,0
0,-262,0,0,0,0
0,-259,0,0,0,0
0,-265,0,0,0,0
0,-258,0,0,0,0
0,-251,0,0,0,0
0,-253,0,0,0,0
0,-261,0,0,0,0
0,-258,0,0,0,0
0,-255,0,0,0,0
0,-253,0,0,0,0
0,-264,0,0,0,0
0,-243,0,0,0,0
0,-246,0,0,0,0
0,-254,0,0,0,0
0,-253,0,0,0,0
0,-260,0,0,0,0
0,-267,0,0,0,0
0,-260,0,0,0,0
0,-268,0,0,0,0
0,-254,0,0,0,0
0,-250,0,0,0,0
0,-259,0,0,0,0
0,-261,0,0,0,0
0,-265,0,0,0,0
0,-254,0,0,0,0
0,-256,0,0,0,0
0,-251,0,0,0,0
0,-254,0,0,0,0
0,-258,0,0,0,0
0,-259,0,0,0,0
0,-260,0,0,0,0
0,-257,0,0,0,0
0,-250,0,0,0,0
0,-256,0,0,0,0
0,-262,0,0,0,0
0,-253,0,0,0,0
0,-257,0,0,0,0
0,-251,0,0,0,0
0,-253,0,0,0,0
0,-258,0,0,0,0
0,-263,0,0,0,0
0,-262,0,0,0,0
0,-256,0,0,0,0
0,-253,0,0,0,0
0,-248,0,0,0,0
0,-260,0,0,0,0
0,-259,0,0,0,0
0,-249,0,0,0,0
0,-252,0,0,0,0
0,-253,0,0,0,0
0,-257,0,0,0,0
0,-249,0,0,0,0
0,-253,0,0,0,0
0,-250,0,0,0,0
0,-254,0,0,0,0
0,-265,0,0,0,0
0,-264,0,0,0,0
0,-260,0,0,0,0
0,-263,0,0,0,0
0,-258,0,0,0,0
0,-262,0,0,0,0
0,-258,0,0,0,0
0,-255,0,0,0,0
0,-257,0,0,0,0
0,-248,0,0,0,0
0,-248,0,0,0,0
0,-258,0,0,0,0
0,-253,0,0,0,0
0,-261,0,0,0,0
0,-265,0,0,0,0
0,-248,0,0,0,0
0,-259,0,0,0,0
0,-256,0,0,0,0
0,-264,0,0,0,0
0,-255,0,0,0,0
0,-263,0,0,0,0
0,-256,0,0,0,0
0,-258,0,0,0,0
0,-255,0,0,0,0
0,-258,0,0,0,0
0,-261,0,0,0,0
0,-260,0,0,0,0
0,-262,0,0,0,0
0,-264,0,0,0,0
0,-256,0,0,0,0
0,-252,0,0,0,0
0,-256,0,0,0,0
0,-256,0,0,0,0
0,-257,0,0,0,0
0,-255,0,0,0,0
0,-259,0,0,0,0
0,-257,0,0,0,0
0,-260,0,0,0,0
0,-266,0,0,0,0
0,-257,0,0,0,0
0,-259,0,0,0,0
0,-250,0,0,0,0
0,-256,0,0,0,0
0,-262,0,0,0,0
0,-261,0,0,0,0
0,-250,0,0,0,0
0,-255,0,0,0,0
0,-260,0,0,0,0
0,-260,0,0,0,0
0,-256,0,0,0,0
0,-259,0,0,0,0
0,-251,0,0,0,0
0,-261,0,0,0,0
0,-265,0,0,0,0
0,-265,0,0,0,0
0,-261,0,0,0,0
0,-258,0,0,0,0
0,-258,0,0,0,0
0,-256,0,0,0,0
0,-255,0,0,0,0
0,-252,0,0,0,0
0,-253,0,0,0,0
0,-255,0,0,0,0
0,-255,0,0,0,0
0,-248,0,0,0,0
0,-252,0,0,0,0
0,-256,0,0,0,0
0,-254,0,0,0,0
0,-257,0,0,0,0
0,-256,0,0,0,0
0,-253,0,0,0,0
0,-252,0,0,0,0
0,-260,0,0,0,0
0,-255,0,0,0,0
0,-246,0,0,0,0
0,-257,0,0,0,0
0,-247,0,0,0,0
0,-258,0,0,0,0
0,-249,0,0,0,0
0,-257,0,0,0,0
0,-267,0,0,0,0
0,-254,0,0,0,0
0,-252,0,0,0,0
0,-255,0,0,0,0
0,-258,0,0,0,0
0,-247,0,0,0,0
0,-262,0,0,0,0
0,-252,0,0,0,0
0,-255,0,0,0,0
0,-247,0,0,0,0
0,-265,0,0,0,0
0,-264,0,0,0,0
0,-252,0,0,0,0
0,-258,0,0,0,0
0,-254,0,0,0,0
0,-251,0,0,0,0
0,-268,0,0,0,0
0,-263,0,0,0,0
0,-265,0,0,0,0
0,-253,0,0,0,0
0,-254,0,0,0,0
0,-258,0,0,0,0
0,-254,0,0,0,0
0,-247,0,0,0,0
0,-263,0,0,0,0
0,-254,0,0,0,0
0,-252,0,0,0,0
0,-260,0,0,0,0
0,-256,0,0,0,0
0,-260,0,0,0,0
0,-252,0,0,0,0
0,-253,0,0,0,0
0,-255,0,0,0,0
0,-252,0,0,0,0
0,-250,0,0,0,0
0,-250,0,0,0,0
0,-252,0,0,0,0
0,-260,0,0,0,0
0,-258,0,0,0,0
0,-261,0,0,0,0
0,-261,0,0,0,0
0,-256,0,0,0,0
0,-258,0,0,0,0
0,-257,0,0,0,0
0,-253,0,0,0,0
0,-259,0,0,0,0
0,-254,0,0,0,0
0,-260,0,0,0,0
0,-250,0,0,0,0
0,-259,0,0,0,0
0,-253,0,0,0,0
0,-249,0,0,0,0
0,-256,0,0,0,0
0,-253,0,0,0,0
0,-257,0,0,0,0
0,-249,0,0,0,0
0,-254,0,0,0,0
0,-261,0,0,0,0
0,-261,0,0,0,0
0,-251,0,0,0,0
0,-254,0,0,0,0
0,-266,0,0,0,0
0,-251,0,0,0,0
0,-249,0,0,0,0
0,-263,0,0,0,0
0,-260,0,0,0,0
0,-260,0,0,0,0
0,-263,0,0,0,0
0,-262,0,0,0,0
0,-256,0,0,0,0
0,-260,0,0,0,0
0,-258,0,0,0,0
0,-252,0,0,0,0
0,-251,0,0,0,0
0,-256,0,0,0,0
0,-256,0,0,0,0
0,-263,0,0,0,0
0,-264,0,0,0,0
0,-261,0,0,0,0
0,-253,0,0,0,0
0,-261,0,0,0,0
0,-263,0,0,0,0
0,-255,0,0,0,0
0,-262,0,0,0,0
0,-245,0,0,0,0
0,-260,0,0,0,0
0,-250,0,0,0,0
0,-261,0,0,0,0
0,-262,0,0,0,0
0,-256,0,0,0,0
0,-254,0,0,0,0
0,-260,0,0,0,0
0,-251,0,0,0,0
0,-260,0,0,0,0
0,-252,0,0,0,0
0,-259,0,0,0,0
0,-249,0,0,0,0
0,-256,0,0,0,0
0,-254,0,0,0,0
0,-253,0,0,0,0
0,-251,0,0,0,0
0,-258,0,0,0,0
0,-256,0,0,0,0
0,-265,0,0,0,0
0,-252,0,0,0,0
0,-253,0,0,0,0
0,-251,0,0,0,0
0,-250,0,0,0,0
0,-254,0,0,0,0
0,-247,0,0,0,0
0,-264,0,0,0,0
0,-251,0,0,0,0
0,-255,0,0,0,0
0,-261,0,0,0,0
0,-258,0,0,0,0
0,-253,0,0,0,0
0,-254,0,0,0,0
0,-261,0,0,0,0
0,-258,0,0,0,0
0,-258,0,0,0,0
0,-253,0,0,0,0
0,-253,0,0,0,0
0,-260,0,0,0,0
0,-257,0,0,0,0
0,-254,0,0,0,0
0,-254,0,0,0,0
0,-261,0,0,0,0
0,-256,0,0,0,0
0,-249,0,0,0,0
0,-268,0,0,0,0
0,-247,0,0,0,0
0,-250,0,0,0,0
0,-256,0,0,0,0
0,-247,0,0,0,0
0,-255,0,0,0,0
0,-254,0,0,0,0
0,-250,0,0,0,0
0,-251,0,0,0,0
0,-256,0,0,0,0
0,-254,0,0,0,0
0,-261,0,0,0,0
0,-255,0,0,0,0
0,-258,0,0,0,0
0,-249,0,0,0,0
0,-249,0,0,0,0
0,-259,0,0,0,0
0,-257,0,0,0,0
0,-242,0,0,0,0
0,-252,0,0,0,0
0,-261,0,0,0,0
0,-251,0,0,0,0
0,-257,0,0,0,0
0,-255,0,0,0,0
0,-246,0,0,0,0
0,-255,0,0,0,0
0,-259,0,0,0,0
0,-259,0,0,0,0
0,-258,0,0,0,0
0,-253,0,0,0,0
0,-253,0,0,0,0
0,-245,0,0,0,0
0,-253,0,0,0,0
0,-252,0,0,0,0
0,-268,0,0,0,0
0,-258,0,0,0,0
0,-250,0,0,0,0
0,-263,0,0,0,0
0,-254,0,0,0,0
0,-255,0,0,0,0
0,-262,0,0,0,0
0,-267,0,0,0,0
0,-264,0,0,0,0
0,-260,0,0,0,0
0,-253,0,0,0,0
0,-258,0,0,0,0
0,-247,0,0,0,0
0,-259,0,0,0,0
0,-250,0,0,0,0
0,-257,0,0,0,0
0,-253,0,0,0,0
0,-259,0,0,0,0
0,-260,0,0,0,0
0,-263,0,0,0,0
0,-256,0,0,0,0
0,-259,0,0,0,0
0,-263,0,0,0,0
0,-269,0,0,0,0
0,-259,0,0,0,0
0,-262,0,0,0,0
0,-254,0,0,0,0
0,-268,0,0,0,0
0,-257,0,0,0,0
0,-255,0,0,0,0
0,-255,0,0,0,0
0,-258,0,0,0,0
0,-252,0,0,0,0
0,-261,0,0,0,0
0,-252,0,0,0,0
0,-258,0,0,0,0
0,-262,0,0,0,0
0,-265,0,0,0,0
0,-255,0,0,0,0
0,-249,0,0,0,0
0,-257,0,0,0,0
0,-256,0,0,0,0
0,-251,0,0,0,0
0,-253,0,0,0,0
0,-252,0,0,0,0
0,-262,0,0,0,0
0,-257,0,0,0,0
0,-254,0,0,0,0
0,-258,0,0,0,0
0,-264,0,0,0,0
0,-268,0,0,0,0
0,-253,0,0,0,0
0,-261,0,0,0,0
0,-256,0,0,0,0
0,-246,0,0,0,0
0,-252,0,0,0,0
0,-257,0,0,0,0
0,-251,0,0,0,0
0,-258,0,0,0,0
0,-255,0,0,0,0
0,-265,0,0,0,0
0,-256,0,0,0,0
0,-255,0,0,0,0
0,-254,0,0,0,0
0,-260,0,0,0,0
0,-263,0,0,0,0
0,-249,0,0,0,0
0,-252,0,0,0,0
0,-263,0,0,0,0
0,-267,0,0,0,0
0,-255,0,0,0,0
0,-263,0,0,0,0
0,-264,0,0,0,0
0,-253,0,0,0,0
0,-259,0,0,0,0
0,-262,0,0,0,0
0,-256,0,0,0,0
0,-254,0,0,0,0
0,-258,0,0,0,0
0,-245,0,0,0,0
0,-255,0,0,0,0
0,-259,0,0,0,0
0,-257,0,0,0,0
0,-259,0,0,0,0
0,-254,0,0,0,0
0,-256,0,0,0,0
0,-252,0,0,0,0
0,-251,0,0,0,0
0,-255,0,0,0,0
0,-265,0,0,0,0
0,-249,0,0,0,0
0,-247,0,0,0,0
0,-255,0,0,0,0
0,-255,0,0,0,0
0,-257,0,0,0,0
0,-249,0,0,0,0
0,-256,0,0,0,0
0,-250,0,0,0,0
0,-252,0,0,0,0
0,-259,0,0,0,0
0,-256,0,0,0,0
0,-265,0,0,0,0
0,-254,0,0,0,0
0,-255,0,0,0,0
0,-251,0,0,0,0
0,-251,0,0,0,0
0,-254,0,0,0,0
0,-258,0,0,0,0
0,-253,0,0,0,0
0,-260,0,0,0,0
0,-253,0,0,0,0
0,-250,0,0,0,0
0,-257,0,0,0,0
0,-254,0,0,0,0
0,-256,0,0,0,0
0,-254,0,0,0,0
0,-247,0,0,0,0
0,-256,0,0,0,0
0,-246,0,0,0,0
0,-264,0,0,0,0
0,-252,0,0,0,0
0,-253,0,0,0,0
0,-268,0,0,0,0
0,-258,0,0,0,0
0,-255,0,0,0,0
0,-252,0,0,0,0
0,-247,0,0,0,0
0,-251,0,0,0,0
0,-252,0,0,0,0
0,-261,0,0,0,0
0,-265,0,0,0,0
0,-263,0,0,0,0
0,-251,0,0,0,0
0,-247,0,0,0,0
0,-253,0,0,0,0
0,-257,0,0,0,0
0,-258,0,0,0,0
0,-258,0,0,0,0
0,-255,0,0,0,0
0,-252,0,0,0,0
0,-257,0,0,0,0
0,-261,0,0,0,0
0,-254,0,0,0,0
0,-256,0,0,0,0
0,-246,0,0,0,0
0,-255,0,0,0,0
0,-259,0,0,0,0
0,-254,0,0,0,0
0,-262,0,0,0,0
0,-259,0,0,0,0
0,-264,0,0,0,0
0,-259,0,0,0,0
0,-254,0,0,0,0
0,-259,0,0,0,0
0,-253,0,0,0,0
0,-253,0,0,0,0
0,-252,0,0,0,0
0,-252,0,0,0,0
0,-251,0,0,0,0
0,-259,0,0,0,0
0,-253,0,0,0,0
0,-260,0,0,0,0
0,-250,0,0,0,0
0,-256,0,0,0,0
0,-265,0,0,0,0
0,-249,0,0,0,0
0,-252,0,0,0,0
0,-261,0,0,0,0
0,-257,0,0,0,0
0,-259,0,0,0,0
0,-264,0,0,0,0
0,-250,0,0,0,0
0,-260,0,0,0,0
0,-258,0,0,0,0
0,-258,0,0,0,0
0,-256,0,0,0,0
0,-256,0,0,0,0
0,-263,0,0,0,0
0,-251,0,0,0,0
0,-264,0,0,0,0
0,-248,0,0,0,0
0,-252,0,0,0,0
0,-254,0,0,0,0
0,-249,0,0,0,0
0,-270,0,0,0,0
0,-264,0,0,0,0
0,-255,0,0,0,0
0,-253,0,0,0,0
0,-256,0,0,0,0
0,-259,0,0,0,0
0,-258,0,0,0,0
0,-263,0,0,0,0
0,-260,0,0,0,0
0,-256,0,0,0,0
0,-260,0,0,0,0
0,-254,0,0,0,0
0,-255,0,0,0,0
0,-255,0,0,0,0
0,-250,0,0,0,0
0,-255,0,0,0,0
0,-253,0,0,0,0
0,-260,0,0,0,0
0,-255,0,0,0,0
0,-255,0,0,0,0
0,-259,0,0,0,0
0,-256,0,0,0,0
0,-258,0,0,0,0
0,-245,0,0,0,0
0,-249,0,0,0,0
0,-255,0,0,0,0
0,-257,0,0,0,0
0,-256,0,0,0,0
0,-265,0,0,0,0
0,-255,0,0,0,0
0,-263,0,0,0,0
0,-257,0,0,0,0
0,-262,0,0,0,0
0,-254,0,0,0,0
0,-253,0,0,0,0
0,-253,0,0,0,0
0,-255,0,0,0,0
0,-256,0,0,0,0
0,-247,0,0,0,0
0,-252,0,0,0,0
0,-263,0,0,0,0
0,-259,0,0,0,0
0,-260,0,0,0,0
0,-251,0,0,0,0
0,-263,0,0,0,0
0,-261,0,0,0,0
0,-254,0,0,0,0
0,-258,0,0,0,0
0,-253,0,0,0,0
0,-255,0,0,0,0
0,-266,0,0,0,0
0,-257,0,0,0,0
0,-261,0,0,0,0
0,-260,0,0,0,0
0,-252,0,0,0,0
0,-258,0,0,0,0
0,-257,0,0,0,0
0,-261,0,0,0,0
0,-252,0,0,0,0
0,-245,0,0,0,0
0,-255,0,0,0,0
0,-256,0,0,0,0
0,-257,0,0,0,0
0,-246,0,0,0,0
0,-257,0,0,0,0
0,-260,0,0,0,0
0,-256,0,0,0,0
0,-263,0,0,0,0
0,-258,0,0,0,0
0,-252,0,0,0,0
0,-258,0,0,0,0
0,-248,0,0,0,0
0,-256,0,0,0,0
0,-260,0,0,0,0
0,-262,0,0,0,0
0,-255,0,0,0,0
0,-258,0,0,0,0
0,-268,0,0,0,0
0,-253,0,0,0,0
0,-253,0,0,0,0
0,-260,0,0,0,0
0,-264,0,0,0,0
0,-266,0,0,0,0
0,-256,0,0,0,0
0,-252,0,0,0,0
0,-250,0,0,0,0
0,-252,0,0,0,0
0,-254,0,0,0,0
0,-254,0,0,0,0
0,-257,0,0,0,0
0,-257,0,0,0,0
0,-251,0,0,0,0
0,-250,0,0,0,0
0,-253,0,0,0,0
0,-264,0,0,0,0
0,-254,0,0,0,0
0,-265,0,0,0,0
0,-259,0,0,0,0
0,-257,0,0,0,0
0,-264,0,0,0,0
0,-265,0,0,0,0
0,-269,0,0,0,0
0,-249,0,0,0,0
0,-261,0,0,0,0
0,-262,0,0,0,0
0,-256,0,0,0,0
0,-255,0,0,0,0
0,-257,0,0,0,0
0,-257,0,0,0,0
0,-255,0,0,0,0
0,-256,0,0,0,0
0,-258,0,0,0,0
0,-259,0,0,0,0
0,-259,0,0,0,0
0,-266,0,0,0,0
0,-257,0,0,0,0
0,-254,0,0,0,0
0,-253,0,0,0,0
0,-262,0,0,0,0
0,-251,0,0,0,0
0,-251,0,0,0,0
0,-252,0,0,0,0
0,-254,0,0,0,0
0,-258,0,0,0,0
0,-259,0,0,0,0
0,-257,0,0,0,0
0,-258,0,0,0,0
0,-261,0,0,0,0
0,-252,0,0,0,0
0,-257,0,0,0,0
0,-254,0,0,0,0
0,-264,0,0,0,0
0,-255,0,0,0,0
0,-254,0,0,0,0
0,-262,0,0,0,0
0,-250,0,0,0,0
0,-254,0,0,0,0
0,-262,0,0,0,0
0,-260,0,0,0,0
0,-259,0,0,0,0
0,-256,0,0,0,0
0,-246,0,0,0,0
0,-257,0,0,0,0
0,-254,0,0,0,0
0,-255,0,0,0,0
0,-259,0,0,0,0
0,-256,0,0,0,0
0,-259,0,0,0,0
0,-251,0,0,0,0
0,-264,0,0,0,0
0,-248,0,0,0,0
0,-251,0,0,0,0
0,-261,0,0,0,0
0,-261,0,0,0,0
0,-258,0,0,0,0
0,-256,0,0,0,0
0,-260,0,0,0,0
0,-258,0,0,0,0
0,-250,0,0,0,0
0,-245,0,0,0,0
0,-250,0,0,0,0
0,-257,0,0,0,0
0,-261,0,0,0,0
0,-252,0,0,0,0
0,-259,0,0,0,0
0,-247,0,0,0,0
0,-264,0,0,0,0
0,-264,0,0,0,0
0,-246,0,0,0,0
0,-251,0,0,0,0
0,-257,0,0,0,0
0,-251,0,0,0,0
0,-253,0,0,0,0
0,-251,0,0,0,0
0,-242,0,0,0,0
0,-267,0,0,0,0
0,-261,0,0,0,0
0,-250,0,0,0,0
0,-254,0,0,0,0
0,-252,0,0,0,0
0,-257,0,0,0,0
0,-254,0,0,0,0
0,-256,0,0,0,0
0,-264,0,0,0,0
0,-251,0,0,0,0
0,-255,0,0,0,0
0,-258,0,0,0,0
0,-246,0,0,0,0
0,-260,0,0,0,0
0,-251,0,0,0,0
0,-262,0,0,0,0
0,-252,0,0,0,0
0,-255,0,0,0,0
0,-255,0,0,0,0
0,-268,0,0,0,0
0,-261,0,0,0,0
0,-260,0,0,0,0
0,-253,0,0,0,0
0,-256,0,0,0,0
0,-257,0,0,0,0
0,-262,0,0,0,0
0,-252,0,0,0,0
0,-256,0,0,0,0
0,-253,0,0,0,0
0,-252,0,0,0,0
0,-252,0,0,0,0
0,-263,0,0,0,0
0,-255,0,0,0,0
0,-261,0,0,0,0
0,-256,0,0,0,0
0,-255,0,0,0,0
0,-254,0,0,0,0
0,-255,0,0,0,0
0,-259,0,0,0,0
0,-257,0,0,0,0
0,-255,0,0,0,0
0,-259,0,0,0,0
0,-264,0,0,0,0
0,-249,0,0,0,0
0,-253,0,0,0,0
0,-258,0,0,0,0
0,-261,0,0,0,0
0,-257,0,0,0,0
0,-263,0,0,0,0
0,-253,0,0,0,0
0,-257,0,0,0,0
0,-249,0,0,0,0
0,-257,0,0,0,0
0,-245,0,0,0,0
0,-247,0,0,0,0
0,-258,0,0,0,0
0,-258,0,0,0,0
0,-255,0,0,0,0
0,-261,0,0,0,0
0,-254,0,0,0,0
0,-255,0,0,0,0
0,-254,0,0,0,0
0,-249,0,0,0,0
0,-256,0,0,0,0
0,-245,0,0,0,0
0,-252,0,0,0,0
0,-249,0,0,0,0
0,-253,0,0,0,0
0,-251,0,0,0,0
0,-252,0,0,0,0
0,-259,0,0,0,0
0,-259,0,0,0,0
0,-251,0,0,0,0
0,-257,0,0,0,0
0,-253,0,0,0,0
0,-255,0,0,0,0
0,-262,0,0,0,0
0,-257,0,0,0,0
0,-259,0,0,0,0
0,-245,0,0,0,0
0,-261,0,0,0,0
0,-251,0,0,0,0
0,-256,0,0,0,0
0,-251,0,0,0,0
0,-263,0,0,0,0
0,-250,0,0,0,0
0,-250,0,0,0,0
0,-263,0,0,0,0
0,-255,0,0,0,0
0,-253,0,0,0,0
0,-260,0,0,0,0
0,-258,0,0,0,0
0,-264,0,0,0,0
0,-253,0,0,0,0
0,-244,0,0,0,0
0,-254,0,0,0,0
0,-249,0,0,0,0
0,-258,0,0,0,0
0,-248,0,0,0,0
0,-259,0,0,0,0
0,-258,0,0,0,0
0,-265,0,0,0,0
0,-253,0,0,0,0
0,-258,0,0,0,0
0,-259,0,0,0,0
0,-254,0,0,0,0
0,-257,0,0,0,0
0,-262,0,0,0,0
0,-265,0,0,0,0
0,-258,0,0,0,0
0,-260,0,0,0,0
0,-253,0,0,0,0
0,-262,0,0,0,0
0,-260,0,0,0,0
0,-249,0,0,0,0
0,-250,0,0,0,0
0,-245,0,0,0,0
0,-268,0,0,0,0
0,-255,0,0,0,0
0,-263,0,0,0,0
0,-249,0,0,0,0
0,-256,0,0,0,0
0,-250,0,0,0,0
0,-256,0,0,0,0
0,-254,0,0,0,0
0,-257,0,0,0,0
0,-258,0,0,0,0
0,-258,0,0,0,0
0,-254,0,0,0,0
0,-256,0,0,0,0
0,-253,0,0,0,0
0,-253,0,0,0,0
0,-256,0,0,0,0
0,-260,0,0,0,0
0,-254,0,0,0,0
0,-254,0,0,0,0
0,-265,0,0,0,0
0,-261,0,0,0,0
0,-265,0,0,0,0
0,-264,0,0,0,0
0,-250,0,0,0,0
0,-257,0,0,0,0
0,-257,0,0,0,0
0,-251,0,0,0,0
0,-264,0,0,0,0
0,-263,0,0,0,0
0,-253,0,0,0,0
0,-264,0,0,0,0
0,-259,0,0,0,0
0,-257,0,0,0,0
0,-257,0,0,0,0
0,-259,0,0,0,0
0,-263,0,0,0,0
0,-261,0,0,0,0
0,-249,0,0,0,0
0,-255,0,0,0,0
0,-247,0,0,0,0
0,-250,0,0,0,0
0,-255,0,0,0,0
0,-256,0,0,0,0
0,-258,0,0,0,0
0,-259,0,0,0,0
0,-258,0,0,0,0
0,-262,0,0,0,0
0,-258,0,0,0,0
0,-254,0,0,0,0
0,-252,0,0,0,0
0,-269,0,0,0,0
0,-255,0,0,0,0
0,-258,0,0,0,0
0,-249,0,0,0,0
0,-268,0,0,0,0
0,-258,0,0,0,0
0,-257,0,0,0,0
0,-258,0,0,0,0
0,-249,0,0,0,0
0,-250,0,134,-255,0
0,-249,0,-193,61,0
0,-229,0,113,-353,0
0,-226,0,112,177,0
0,-242,0,-274,-85,0
0,-242,0,119,-282,0
0,-221,0,-366,-295,0
0,-232,0,-150,361,0
0,-223,0,398,26,0
0,-232,0,99,-157,0
0,-220,0,-266,342,0
0,-231,0,-184,297,0
0,-209,0,179,-179,0
0,-206,0,76,-351,0
0,-211,0,-310,235,0
0,-192,0,279,-278,0
0,-202,0,-199,155,0
0,-203,0,173,233,0
0,-203,0,195,-83,0
0,-190,0,-48,88,0
0,-194,0,8,81,0
0,-190,0,-175,-125,0
0,-182,0,256,-27,0
0,-177,0,21,-327,0
0,-170,0,-164,-184,0
0,-164,0,381,112,0
0,-176,0,-390,-115,0
0,-170,0,43,204,0
0,-157,0,361,128,0
0,-148,0,75,-305,0
0,-161,0,-293,186,0
0,-156,0,59,145,0
0,-142,0,2,391,0
0,-137,0,-70,179,0
0,-159,0,231,-311,0
0,-142,0,330,-104,0
0,-134,0,187,-129,0
0,-139,0,261,343,0
0,-139,0,379,-86,0
0,-125,0,53,102,0
0,-127,0,400,-274,0
0,-118,0,-96,247,0
0,-126,0,106,-110,0
0,-117,0,-283,284,0
0,-107,0,319,187,0
0,-82,0,-263,-179,0
0,-125,0,311,-225,0
0,-110,0,14,88,0
0,-132,0,278,56,0
0,-76,0,391,-139,0
0,-66,0,-226,70,0
0,-86,0,231,239,0
0,-106,0,170,127,0
0,-88,0,-138,122,0
0,-89,0,-127,-361,0
0,-85,0,315,399,0
0,-65,0,353,-44,0
0,-69,0,176,-280,0
0,-69,0,60,-139,0
0,-74,0,357,173,0
0,-67,0,-212,72,0
0,-69,0,-351,19,0
0,-63,0,-216,163,0
0,-62,0,-172,-243,0
0,-47,0,75,-69,0
0,-33,0,225,-320,0
0,-59,0,327,-212,0
0,-37,0,356,-292,0
0,-19,0,79,-193,0
0,-23,0,306,-205,0
0,-32,0,-250,-179,0
0,-24,0,336,112,0
0,-24,0,-374,-174,0
0,-29,0,-200,-380,0
0,-28,0,-184,-104,0
0,-17,0,76,-111,0
0,-12,0,46,-32,0
0,3,0,-261,-149,0
0,-0,0,59,-299,0
0,0,0,-43,-256,0
0,240,192,-8079,-4325,-2281
0,272,218,-12607,2332,-2520
0,368,294,-4529,-2894,9274
0,521,417,-8180,-10726,-7905
0,727,581,4369,4149,3542
0,974,779,3728,5239,-6907
0,1251,1001,-1301,-4237,-2087
0,1545,1236,621,-1185,1062
0,1843,1475,-462,-6728,-4066
0,2131,1705,-552,8738,862
0,2394,1916,1599,-5168,-735
0,2622,2097,-946,3413,-2010
0,2802,2242,-3686,-5099,-4491
0,2928,2342,2364,-1497,24
0,2992,2394,1016,8411,6960
0,2992,2394,2928,2578,3971
0,2928,2342,13478,-9280,8287
0,2802,2242,2058,3905,2409
0,2622,2097,-6316,3687,5260
0,2394,1916,-4457,-1642,990
0,2131,1705,-6072,-4881,2683
0,1843,1475,6731,1691,-6894
0,1545,1236,-1872,288,4837
0,1251,1001,-3146,1543,-2951
0,974,779,-2323,4454,-2556
0,727,581,-3679,-801,-2722
0,521,417,-12804,-12449,-3249
0,368,294,1221,1068,-9227
0,272,218,-171,280,-8482
0,240,192,9696,-12773,2714
-1,4,255,0,0,0
-3,9,253,0,0,0
7,2,265,0,0,0
-4,3,249,0,0,0
-8,-1,265,0,0,0
-6,-4,262,0,0,0
7,-2,258,0,0,0
1,0,252,0,0,0
-1,-3,250,0,0,0
3,5,262,0,0,0
0,4,255,0,0,0
-2,-7,254,0,0,0
5,4,259,0,0,0
0,-5,253,0,0,0
-0,-1,256,0,0,0
9,-0,257,0,0,0
-2,1,252,0,0,0
2,-4,254,0,0,0
2,1,264,0,0,0
1,12,263,0,0,0
-1,-4,258,0,0,0
-3,-10,251,0,0,0
-0,1,257,0,0,0
-1,4,256,0,0,0
3,2,254,0,0,0
4,-0,255,0,0,0
-4,-9,261,0,0,0
-1,-5,247,0,0,0
1,-4,264,0,0,0
10,-1,256,0,0,0
-4,-9,269,0,0,0
-3,6,256,0,0,0
2,-2,255,0,0,0
-5,-10,258,0,0,0
-4,-2,257,0,0,0
2,-5,264,0,0,0
2,4,260,0,0,0
0,-6,261,0,0,0
3,2,260,0,0,0
-0,-6,253,0,0,0
-8,-4,258,0,0,0
2,-3,257,0,0,0
3,4,256,0,0,0
-5,6,252,0,0,0
1,2,255,0,0,0
7,-1,252,0,0,0
-8,-7,262,0,0,0
3,2,261,0,0,0
2,-4,259,0,0,0
5,2,250,0,0,0
4,-6,257,0,0,0
5,2,252,0,0,0
5,-4,256,0,0,0
3,-2,251,0,0,0
-1,-4,258,0,0,0
-2,1,255,0,0,0
1,-6,248,0,0,0
-14,8,259,0,0,0
3,6,262,0,0,0
-1,1,252,0,0,0
10,4,259,0,0,0
-1,-7,262,0,0,0
-1,-1,250,0,0,0
4,-5,259,0,0,0
-1,-0,255,0,0,0
-0,0,256,0,0,0
0,-3,248,0,0,0
2,5,255,0,0,0
7,4,259,0,0,0
-3,3,269,0,0,0
1,3,258,0,0,0
-4,-0,263,0,0,0
-8,-2,255,0,0,0
-9,-5,261,0,0,0
6,1,253,0,0,0
8,2,257,0,0,0
3,1,259,0,0,0
-0,8,258,0,0,0
-0,6,256,0,0,0
-1,-7,253,0,0,0
-8,1,256,0,0,0
-0,0,261,0,0,0
-6,3,252,0,0,0
-5,-6,245,0,0,0
-4,-10,262,0,0,0
-1,-3,251,0,0,0
7,-10,263,0,0,0
-0,-1,262,0,0,0
-2,-1,253,0,0,0
-5,-1,259,0,0,0
4,-5,255,0,0,0
6,-1,254,0,0,0
-4,-0,263,0,0,0
-5,5,247,0,0,0
5,5,251,0,0,0
-6,3,263,0,0,0
7,-6,254,0,0,0
-10,-2,264,0,0,0
3,-7,259,0,0,0
10,3,252,0,0,0
7,-5,264,0,0,0
-0,-3,264,0,0,0
-2,4,258,0,0,0
4,2,256,0,0,0
-5,-0,260,0,0,0
-3,-4,261,0,0,0
-0,-15,254,0,0,0
6,-4,260,0,0,0
4,-2,262,0,0,0
10,-10,252,0,0,0
-2,-5,254,0,0,0
-6,1,251,0,0,0
-1,4,253,0,0,0
-9,-4,252,0,0,0
9,3,249,0,0,0
-1,2,258,0,0,0
-6,5,260,0,0,0
0,7,261,0,0,0
1,-3,258,0,0,0
3,13,251,0,0,0
4,-4,258,0,0,0
-4,-6,257,0,0,0
5,-8,261,0,0,0
6,1,258,0,0,0
8,-4,257,0,0,0
1,10,253,0,0,0
-4,-6,256,0,0,0
7,10,259,0,0,0
-0,-4,261,0,0,0
-1,-1,258,0,0,0
-6,0,252,0,0,0
-1,2,254,0,0,0
-9,8,256,0,0,0
3,-2,261,0,0,0
-8,-1,253,0,0,0
-9,7,256,0,0,0
11,1,258,0,0,0
10,-4,246,0,0,0
2,-3,254,0,0,0
3,-4,260,0,0,0
-9,5,259,0,0,0
-9,1,265,0,0,0
2,5,251,0,0,0
-6,5,249,0,0,0
-2,-2,252,0,0,0
-2,3,257,0,0,0
-5,-5,253,0,0,0
10,1,253,0,0,0
-6,-12,263,0,0,0
-5,5,254,0,0,0
6,-1,254,0,0,0
9,8,260,0,0,0
1,9,253,0,0,0
-1,-8,250,0,0,0
-5,11,269,0,0,0
-1,15,255,0,0,0
0,-0,257,0,0,0
9,4,254,0,0,0
-1,1,253,0,0,0
-9,3,259,0,0,0
4,0,266,0,0,0
6,-6,252,0,0,0
2,-2,258,0,0,0
1,-0,248,0,0,0
6,3,256,0,0,0
-1,8,258,0,0,0
0,5,257,0,0,0
-3,5,259,0,0,0
-1,8,257,0,0,0
-6,-4,264,0,0,0
5,2,257,0,0,0
-8,2,243,0,0,0
-5,3,258,0,0,0
2,-7,261,0,0,0
-5,-5,255,0,0,0
-3,-9,255,0,0,0
-2,-9,256,0,0,0
5,-11,256,0,0,0
4,1,254,0,0,0
-6,2,260,0,0,0
-8,-2,254,0,0,0
4,1,257,0,0,0
2,-2,259,0,0,0
-5,-2,254,0,0,0
-5,6,257,0,0,0
-3,2,257,0,0,0
6,-4,251,0,0,0
6,1,245,0,0,0
2,5,257,0,0,0
-1,3,247,0,0,0
7,3,255,0,0,0
8,-1,255,0,0,0
7,-12,255,0,0,0
-1,-1,266,0,0,0
1,-3,253,0,0,0
1,-0,252,0,0,0
-6,0,257,0,0,0
3,-2,258,0,0,0
-5,-3,254,0,0,0
0,0,257,0,0,0
-6,3,260,0,0,0
-3,2,256,0,0,0
-9,4,258,0,0,0
1,-6,255,0,0,0
8,7,255,0,0,0
-1,3,250,0,0,0
-8,-6,260,0,0,0
-2,-0,262,0,0,0
8,9,259,0,0,0
-1,1,263,0,0,0
3,-5,257,0,0,0
-5,7,249,0,0,0
-1,6,257,0,0,0
-4,7,253,0,0,0
5,0,257,0,0,0
4,-2,257,0,0,0
4,4,254,0,0,0
11,-1,266,0,0,0
1,2,255,0,0,0
4,0,264,0,0,0
9,-10,254,0,0,0
-7,4,261,0,0,0
4,-4,267,0,0,0
-1,2,253,0,0,0
4,-1,256,0,0,0
5,4,250,0,0,0
-3,-4,260,0,0,0
-1,-2,259,0,0,0
1,7,258,0,0,0
-1,3,265,0,0,0
-1,2,252,0,0,0
-6,-3,254,0,0,0
0,1,255,0,0,0
3,4,254,0,0,0
-2,-7,251,0,0,0
2,-3,253,0,0,0
-4,3,251,0,0,0
1,6,248,0,0,0
-1,-6,262,0,0,0
2,8,259,0,0,0
0,-6,256,0,0,0
0,1,249,0,0,0
1,-3,252,0,0,0
6,6,249,0,0,0
-7,-5,248,0,0,0
-3,11,256,0,0,0
-4,3,257,0,0,0
6,-2,254,0,0,0
-5,1,255,0,0,0
1,4,245,0,0,0
-5,5,259,0,0,0
5,5,265,0,0,0
6,4,258,0,0,0
3,-1,257,0,0,0
-2,-8,260,0,0,0
3,-3,247,0,0,0
8,5,247,0,0,0
4,1,253,0,0,0
3,-7,265,0,0,0
-6,7,254,0,0,0
-2,0,260,0,0,0
5,1,256,0,0,0
2,7,252,0,0,0
-6,-3,256,0,0,0
5,1,261,0,0,0
3,1,258,0,0,0
4,1,254,0,0,0
3,-3,244,0,0,0
-6,1,262,0,0,0
3,10,258,0,0,0
2,-6,256,0,0,0
7,-1,255,0,0,0
-3,1,255,0,0,0
2,7,254,0,0,0
2,-2,252,0,0,0
7,3,254,0,0,0
2,-6,260,0,0,0
1,3,253,0,0,0
4,-6,259,0,0,0
5,-7,256,0,0,0
-7,-6,256,0,0,0
-1,-7,259,0,0,0
-2,2,242,0,0,0
-3,1,260,0,0,0
-3,-1,262,0,0,0
-6,-5,257,0,0,0
1,8,254,0,0,0
3,4,264,0,0,0
-8,-1,264,0,0,0
1,1,263,0,0,0
3,-0,258,0,0,0
-3,-9,255,0,0,0
-3,-4,253,0,0,0
-0,10,256,0,0,0
3,-6,255,0,0,0
-2,1,254,0,0,0
1,-1,251,0,0,0
0,3,257,0,0,0
4,3,256,0,0,0
-1,-3,260,0,0,0
1,3,251,0,0,0
-4,-6,256,0,0,0
-6,5,250,0,0,0
7,-1,257,0,0,0
-8,-0,253,0,0,0
-6,2,249,0,0,0
1,-2,258,0,0,0
-1,2,258,0,0,0
-5,-3,267,0,0,0
6,5,249,0,0,0
3,-4,258,0,0,0
2,7,251,0,0,0
2,2,253,0,0,0
-6,-6,261,0,0,0
-2,11,263,0,0,0
-8,3,250,0,0,0
-2,9,248,0,0,0
6,9,265,0,0,0
-0,-9,257,0,0,0
4,-1,261,0,0,0
-5,1,262,0,0,0
2,3,255,0,0,0
-5,-1,252,0,0,0
3,-1,250,0,0,0
-1,6,245,0,0,0
-4,-0,255,0,0,0
1,3,252,0,0,0
-0,-6,256,0,0,0
-2,0,255,0,0,0
7,0,254,0,0,0
4,5,256,0,0,0
1,-3,254,0,0,0
-0,-3,258,0,0,0
-13,-0,260,0,0,0
-0,8,255,0,0,0
-0,7,255,0,0,0
3,-1,259,0,0,0
7,-0,260,0,0,0
0,7,248,0,0,0
3,-4,252,0,0,0
6,-0,253,0,0,0
-4,2,258,0,0,0
-5,-2,252,0,0,0
-13,1,257,0,0,0
3,1,252,0,0,0
3,4,252,0,0,0
5,1,257,0,0,0
1,-0,265,0,0,0
4,7,259,0,0,0
2,-2,259,0,0,0
1,3,249,0,0,0
-2,6,256,0,0,0
-1,8,260,0,0,0
-3,-5,256,0,0,0
4,3,253,0,0,0
-7,0,257,0,0,0
-3,6,252,0,0,0
5,-6,263,0,0,0
1,-1,266,0,0,0
4,4,253,0,0,0
9,-2,261,0,0,0
-8,5,256,0,0,0
-1,11,255,0,0,0
2,5,271,0,0,0
5,3,264,0,0,0
-2,-2,258,0,0,0
-5,4,255,0,0,0
-5,-1,249,0,0,0
4,-7,257,0,0,0
-7,-3,254,0,0,0
-2,8,258,0,0,0
0,-1,252,0,0,0
-1,1,252,0,0,0
-1,0,256,0,0,0
-0,-2,260,0,0,0
-3,-7,255,0,0,0
10,-1,258,0,0,0
-2,-9,248,0,0,0
1,3,263,0,0,0
1,3,253,0,0,0
-2,3,248,0,0,0
-4,-6,258,0,0,0
1,2,255,0,0,0
2,2,251,0,0,0
-4,-0,247,0,0,0
8,-0,263,0,0,0
-3,5,254,0,0,0
-6,2,250,0,0,0
-1,6,257,0,0,0
7,-4,261,0,0,0
-3,-5,264,0,0,0
1,4,262,0,0,0
-6,-8,253,0,0,0
8,-7,258,0,0,0
-3,-11,256,0,0,0
-6,4,251,0,0,0
-4,-3,253,0,0,0
-3,2,245,0,0,0
3,8,253,0,0,0
2,-8,257,0,0,0
-3,-5,257,0,0,0
-1,9,261,0,0,0
-7,6,254,0,0,0
-1,2,257,0,0,0
-7,-4,251,0,0,0
2,-9,261,0,0,0
-1,3,253,0,0,0
-3,4,249,0,0,0
-12,2,254,0,0,0
-4,-4,261,0,0,0
5,5,249,0,0,0
-5,-3,261,0,0,0
6,-10,252,0,0,0
1,-3,258,0,0,0
-4,-8,259,0,0,0
-4,-4,246,0,0,0
-4,0,261,0,0,0
-7,-10,258,0,0,0
4,-6,259,0,0,0
0,2,259,0,0,0
1,4,259,0,0,0
-4,4,256,0,0,0
-0,2,247,0,0,0
1,-0,255,0,0,0
3,14,261,0,0,0
-6,0,263,0,0,0
5,5,260,0,0,0
-7,-6,259,0,0,0
-10,-8,257,0,0,0
0,3,247,0,0,0
-1,-1,259,0,0,0
0,-5,253,0,0,0
2,2,258,0,0,0
-5,2,262,0,0,0
2,1,257,0,0,0
10,-7,252,0,0,0
7,6,263,0,0,0
-8,9,253,0,0,0
2,0,257,0,0,0
3,-2,256,0,0,0
-2,9,248,0,0,0
1,-6,266,0,0,0
-2,-1,250,0,0,0
-2,1,258,0,0,0
-6,1,263,0,0,0
4,-6,252,0,0,0
4,4,255,0,0,0
6,6,254,0,0,0
1,1,249,0,0,0
7,7,262,0,0,0
-7,1,265,0,0,0
-3,0,254,0,0,0
-12,-1,257,0,0,0
4,2,261,0,0,0
3,9,249,0,0,0
-2,-1,257,0,0,0
4,-1,257,0,0,0
5,3,260,0,0,0
-3,-8,262,0,0,0
-1,2,263,0,0,0
0,-2,259,0,0,0
1,1,255,0,0,0
2,5,252,0,0,0
5,-1,255,0,0,0
13,1,257,0,0,0
-4,-1,251,0,0,0
-1,-2,256,0,0,0
-1,2,259,0,0,0
6,7,261,0,0,0
0,2,249,0,0,0
-4,7,258,0,0,0
3,2,252,0,0,0
1,-3,257,0,0,0
-1,-6,254,0,0,0
-7,9,264,0,0,0
-3,-3,254,0,0,0
-8,-4,259,0,0,0
2,0,258,0,0,0
-2,6,247,0,0,0
2,8,259,0,0,0
5,-10,260,0,0,0
4,1,259,0,0,0
4,1,257,0,0,0
4,3,256,0,0,0
1,3,248,0,0,0
1,3,256,0,0,0
0,5,247,0,0,0
-1,-4,267,0,0,0
-3,7,253,0,0,0
-5,7,251,0,0,0
-1,-0,261,0,0,0
6,1,258,0,0,0
4,-7,265,0,0,0
-1,1,254,0,0,0
-2,-6,271,0,0,0
0,6,263,0,0,0
-0,0,257,0,0,0
-0,-1,256,0,0,0
-3,-9,257,0,0,0
7,4,252,0,0,0
1,-14,255,0,0,0
11,2,258,0,0,0
6,-14,237,0,0,0
-4,11,252,0,0,0
11,3,260,0,0,0
10,-4,255,0,0,0
-8,-3,256,0,0,0
-5,1,261,0,0,0
-6,3,254,0,0,0
-5,-5,258,0,0,0
-3,-4,257,0,0,0
-5,2,260,0,0,0
5,3,258,0,0,0
-0,-2,255,0,0,0
1,-3,257,0,0,0
1,7,261,0,0,0
-7,5,261,0,0,0
5,0,251,0,0,0
-3,-5,255,0,0,0
-3,1,261,0,0,0
-4,3,244,0,0,0
3,1,255,0,0,0
2,-1,264,0,0,0
4,-1,258,0,0,0
9,-3,259,0,0,0
-3,-1,253,0,0,0
-2,-3,262,0,0,0
4,1,254,0,0,0
5,-1,256,0,0,0
-16,-8,249,0,0,0
0,-7,251,0,0,0
-2,-2,251,0,0,0
-4,3,252,0,0,0
-1,7,259,0,0,0
-0,-5,253,0,0,0
4,-6,258,0,0,0
-0,-7,267,0,0,0
1,-3,256,0,0,0
0,2,262,0,0,0
4,-3,261,0,0,0
4,9,259,0,0,0
-2,9,254,0,0,0
-11,2,261,0,0,0
-4,12,252,0,0,0
3,6,249,0,0,0
12,1,255,0,0,0
3,3,259,0,0,0
1,-2,255,0,0,0
1,-8,264,0,0,0
8,10,258,0,0,0
-6,1,262,0,0,0
-5,-4,253,0,0,0
-0,1,267,0,0,0
9,-2,246,0,0,0
-7,-4,257,0,0,0
2,3,256,0,0,0
-7,-3,259,0,0,0
3,0,256,0,0,0
2,-5,245,0,0,0
-0,8,254,0,0,0
8,4,256,0,0,0
2,0,258,0,0,0
1,6,253,0,0,0
0,-1,264,0,0,0
-7,-4,260,0,0,0
1,-1,265,0,0,0
-1,8,264,0,0,0
-1,-1,260,0,0,0
-3,-1,242,0,0,0
2,7,252,0,0,0
-0,5,259,0,0,0
6,2,260,0,0,0
-8,-1,261,0,0,0
2,8,254,0,0,0
4,-1,261,0,0,0
-2,-8,253,0,0,0
1,-4,263,0,0,0
-1,1,261,0,0,0
1,8,248,0,0,0
-4,-8,252,0,0,0
-0,10,257,0,0,0
-7,-1,260,0,0,0
-1,-1,256,0,0,0
-10,-1,249,0,0,0
-3,-9,252,0,0,0
7,-6,260,0,0,0
8,-8,248,0,0,0
-2,-4,248,0,0,0
-1,-2,254,0,0,0
5,1,250,0,0,0
6,3,254,0,0,0
-4,6,254,0,0,0
4,4,267,0,0,0
-5,-5,258,0,0,0
-3,6,252,0,0,0
4,-1,248,0,0,0
-1,6,253,0,0,0
2,-7,257,0,0,0
-3,9,265,0,0,0
3,-2,259,0,0,0
2,-4,255,0,0,0
-1,0,256,0,0,0
-11,-3,259,0,0,0
2,-1,254,0,0,0
-6,1,258,0,0,0
-0,-3,255,0,0,0
-12,0,252,0,0,0
7,15,249,0,0,0
-3,-2,259,0,0,0
-2,-7,250,0,0,0
1,-1,260,0,0,0
4,3,244,0,0,0
5,-3,256,0,0,0
-2,0,253,0,0,0
4,2,249,0,0,0
-3,-3,250,0,0,0
8,1,255,0,0,0
-2,6,257,0,0,0
-11,-7,260,0,0,0
3,1,252,0,0,0
2,-2,256,0,0,0
-4,9,259,0,0,0
2,0,261,0,0,0
3,4,263,0,0,0
-0,-3,256,0,0,0
9,-4,262,0,0,0
2,-3,265,0,0,0
5,-3,259,0,0,0
-0,-7,262,0,0,0
1,-1,262,0,0,0
1,-3,252,0,0,0
-1,5,253,0,0,0
-10,-3,249,0,0,0
-1,-1,249,0,0,0
4,-4,252,0,0,0
-3,-5,252,0,0,0
4,3,263,0,0,0
10,3,255,0,0,0
4,4,254,0,0,0
-4,-7,267,0,0,0
-6,4,260,0,0,0
2,-15,260,0,0,0
4,7,254,0,0,0
-4,-1,252,0,0,0
-1,-11,253,0,0,0
2,-3,260,0,0,0
4,1,257,0,0,0
7,-14,256,0,0,0
5,4,250,0,0,0
-4,2,268,0,0,0
0,2,252,0,0,0
4,6,259,0,0,0
-8,-1,248,0,0,0
2,-4,262,0,0,0
2,-5,247,0,0,0
-3,2,253,0,0,0
-0,4,257,0,0,0
-3,3,261,0,0,0
-3,-1,257,0,0,0
-1,0,253,0,0,0
2,-5,265,0,0,0
-0,-3,258,0,0,0
7,3,253,0,0,0
8,1,252,0,0,0
2,-5,262,0,0,0
-2,-3,254,0,0,0
-8,-7,257,0,0,0
8,4,249,0,0,0
2,3,257,0,0,0
1,8,256,0,0,0
-3,-4,250,0,0,0
3,6,258,0,0,0
-5,1,254,0,0,0
10,2,270,0,0,0
-1,-3,257,0,0,0
-12,-2,247,0,0,0
-3,-11,267,0,0,0
1,-2,248,0,0,0
-3,-2,247,0,0,0
-1,-1,255,0,0,0
5,2,254,0,0,0
4,-3,252,0,0,0
-4,-6,251,0,0,0
-1,1,255,0,0,0
7,-2,250,0,0,0
3,-2,255,0,0,0
1,9,262,0,0,0
3,-2,248,0,0,0
-0,8,257,0,0,0
6,4,245,0,0,0
-6,-10,253,0,0,0
-3,4,259,0,0,0
-11,2,263,0,0,0
7,-3,256,0,0,0
-6,8,257,0,0,0
-10,2,253,0,0,0
1,-3,259,0,0,0
-3,3,263,0,0,0
8,6,257,0,0,0
2,14,254,0,0,0
7,-4,264,0,0,0
3,5,248,0,0,0
-1,-4,261,0,0,0
6,3,259,0,0,0
6,2,257,0,0,0
-8,0,244,0,0,0
-7,-1,265,0,0,0
0,-2,259,0,0,0
2,-1,259,0,0,0
3,-3,252,0,0,0
-7,-0,267,0,0,0
-3,5,258,0,0,0
6,-5,256,0,0,0
-3,-6,253,0,0,0
4,0,255,0,0,0
4,-4,251,0,0,0
10,5,272,0,0,0
-2,5,261,0,0,0
3,-4,246,0,0,0
3,-1,261,0,0,0
3,-0,254,0,0,0
7,5,257,0,0,0
-5,4,244,0,0,0
-10,-2,265,0,0,0
4,2,259,0,0,0
-4,2,254,0,0,0
-7,-6,261,0,0,0
-7,4,258,0,0,0
4,1,254,0,0,0
2,0,255,0,0,0
1,-2,254,0,0,0
1,7,263,0,0,0
-5,1,257,0,0,0
5,4,251,0,0,0
10,-1,258,0,0,0
1,-3,253,0,0,0
-1,14,255,0,0,0
6,11,260,0,0,0
-4,5,255,0,0,0
8,4,248,0,0,0
3,-5,257,0,0,0
-5,-4,254,0,0,0
2,1,260,0,0,0
-2,0,249,0,0,0
1,-6,249,0,0,0
-4,6,260,0,0,0
-7,-6,259,0,0,0
-2,4,258,0,0,0
0,8,248,0,0,0
7,-6,259,0,0,0
3,-6,261,0,0,0
1,1,261,0,0,0
2,4,250,0,0,0
1,13,256,0,0,0
1,3,260,0,0,0
7,8,257,0,0,0
-9,7,264,0,0,0
-4,1,250,0,0,0
-11,2,259,0,0,0
-5,9,260,0,0,0
-9,1,250,0,0,0
4,1,250,0,0,0
5,8,263,0,0,0
-4,9,259,0,0,0
11,1,257,0,0,0
3,-3,240,0,0,0
-8,-4,256,0,0,0
8,1,254,0,0,0
-2,0,255,0,0,0
-8,-0,258,0,0,0
-10,-3,259,0,0,0
7,-1,255,0,0,0
-1,-9,266,0,0,0
1,3,252,0,0,0
0,-10,257,0,0,0
-6,1,260,0,0,0
-1,-8,260,0,0,0
2,-8,248,0,0,0
0,3,259,0,0,0
-2,4,253,0,0,0
-4,5,255,0,0,0
3,-11,260,0,0,0
-4,3,255,0,0,0
1,1,258,0,0,0
0,-6,255,0,0,0
0,9,258,0,0,0
2,3,254,0,0,0
1,0,253,0,0,0
3,6,262,0,0,0
6,2,256,0,0,0
-7,2,262,0,0,0
-6,-1,256,0,0,0
-4,4,251,0,0,0
3,5,259,0,0,0
-11,5,257,0,0,0
1,-3,247,0,0,0
-5,10,254,0,0,0
-1,-2,259,0,0,0
1,-0,260,0,0,0
-1,3,256,0,0,0
-1,-2,260,0,0,0
-0,0,253,0,0,0
0,-4,264,0,0,0
-0,-3,253,0,0,0
9,1,251,0,0,0
1,-4,259,0,0,0
-0,8,254,0,0,0
-5,5,255,0,0,0
-6,7,265,0,0,0
-1,-1,264,0,0,0
6,4,256,0,0,0
-3,-10,268,0,0,0
-8,3,250,0,0,0
1,2,257,0,0,0
-1,3,254,0,0,0
9,-8,260,0,0,0
-3,5,252,0,0,0
3,-2,257,0,0,0
-3,1,256,0,0,0
-6,15,258,0,0,0
-3,9,257,0,0,0
2,0,247,0,0,0
-6,-1,258,0,0,0
0,-3,250,0,0,0
5,-1,248,0,0,0
-2,0,260,0,0,0
2,-4,258,0,0,0
4,-4,257,0,0,0
6,-5,252,0,0,0
-3,9,253,0,0,0
-2,6,255,0,0,0
-1,-12,253,0,0,0
-2,-1,257,0,0,0
6,6,257,0,0,0
-2,-2,253,0,0,0
6,-7,268,0,0,0
3,1,256,0,0,0
10,-3,258,0,0,0
-11,4,251,0,0,0
-12,3,250,0,0,0
-0,-5,253,0,0,0
-1,2,259,0,0,0
-2,-9,257,0,0,0
-5,-6,260,0,0,0
-2,-0,259,0,0,0
6,-1,252,0,0,0
5,-1,261,0,0,0
5,-2,267,0,0,0
-3,-3,260,0,0,0
-1,8,261,0,0,0
2,4,256,0,0,0
-5,0,257,0,0,0
-0,-6,260,0,0,0
-6,-8,260,0,0,0
-3,-2,251,0,0,0
7,4,262,0,0,0
-0,3,251,0,0,0
-3,-3,258,0,0,0
0,3,257,0,0,0
2,-1,263,0,0,0
10,-5,259,0,0,0
-3,-2,259,0,0,0
0,-5,250,0,0,0
-1,-2,264,0,0,0
-0,-6,251,0,0,0
-2,-1,263,0,0,0
-8,3,244,0,0,0
-4,7,255,0,0,0
6,-4,259,0,0,0
1,2,259,0,0,0
-6,-5,263,0,0,0
-2,-5,262,0,0,0
4,-8,258,0,0,0
-7,-2,262,0,0,0
4,3,258,0,0,0
1,-2,260,0,0,0
3,-3,256,0,0,0
-2,3,251,0,0,0
6,-4,252,0,0,0
4,-13,249,0,0,0
10,8,261,0,0,0
5,-3,260,0,0,0
-3,2,245,0,0,0
5,-7,258,0,0,0
-4,6,253,0,0,0
10,4,258,0,0,0
2,5,254,0,0,0
-6,-3,262,0,0,0
-1,1,262,0,0,0
2,4,254,0,0,0
3,-6,259,0,0,0
-3,-1,254,0,0,0
-4,2,253,0,0,0
-5,-2,262,0,0,0
-1,-3,259,0,0,0
2,4,254,0,0,0
2,-2,255,0,0,0
-1,2,259,0,0,0
1,3,257,0,0,0
3,-1,262,0,0,0
-11,-2,257,0,0,0
3,5,261,0,0,0
-13,2,258,0,0,0
0,0,265,0,0,0
-1,-6,242,0,0,0
2,5,265,0,0,0
-2,-3,258,0,0,0
3,8,266,0,0,0
-1,-12,253,0,0,0
-7,12,258,0,0,0
-3,-1,255,0,0,0
5,3,251,0,0,0
5,9,249,0,0,0
-10,4,262,0,0,0
7,5,252,0,0,0
-7,-3,257,0,0,0
9,1,253,0,0,0
4,-1,257,0,0,0
9,-0,261,0,0,0
-1,1,260,0,0,0
-1,-2,255,0,0,0
-4,5,258,0,0,0
2,6,253,0,0,0
-5,-8,249,0,0,0
1,1,254,0,0,0
-5,-3,254,0,0,0
-3,1,254,0,0,0
8,-4,260,0,0,0
-7,-4,257,0,0,0
-3,10,249,0,0,0
2,-3,258,0,0,0
-7,-3,252,0,0,0
5,-11,246,0,0,0
0,9,261,0,0,0
-2,3,264,0,0,0
8,2,252,0,0,0
5,4,259,0,0,0
2,0,256,0,0,0
6,5,264,0,0,0
3,-2,253,0,0,0
8,-6,254,0,0,0
-1,-5,259,0,0,0
4,-0,255,0,0,0
6,-4,256,0,0,0
-7,-5,261,0,0,0
-3,4,251,0,0,0
3,-6,250,0,0,0
-3,8,257,0,0,0
2,3,258,0,0,0
2,1,258,0,0,0
1,2,258,0,0,0
-3,-4,262,0,0,0
-10,3,242,0,0,0
-8,-5,260,0,0,0
-1,7,262,0,0,0
2,-6,243,0,0,0
-2,-9,256,0,0,0
-3,15,263,0,0,0
7,-6,247,0,0,0
-5,8,250,0,0,0
2,6,252,0,0,0
-2,-1,261,0,0,0
-3,-3,258,0,0,0
-1,-3,255,0,0,0
-8,-16,262,0,0,0
2,0,258,0,0,0
0,-2,249,0,0,0
-4,8,252,0,0,0
6,6,252,0,0,0
7,-4,256,0,0,0
-10,-7,262,0,0,0
-0,0,263,0,0,0
1,9,255,0,0,0
4,2,256,0,0,0
-1,-0,265,0,0,0
-0,-2,258,0,0,0
1,-2,260,0,0,0
-6,2,251,0,0,0
-1,-5,249,0,0,0
-8,-7,256,0,0,0
-7,-1,255,0,0,0
-5,3,259,0,0,0
2,-8,246,0,0,0
-3,-7,253,0,0,0
-1,6,256,0,0,0
-3,10,260,0,0,0
2,-0,250,0,0,0
4,1,249,0,0,0
-4,-5,259,0,0,0
-3,2,257,0,0,0
-2,-4,246,0,0,0
-5,-2,256,0,0,0
-3,-6,251,0,0,0
3,-4,266,0,0,0
-4,1,247,0,0,0
1,-5,259,0,0,0
8,-0,258,0,0,0
-1,-8,259,0,0,0
0,1,261,0,0,0
1,3,257,0,0,0
0,-5,259,0,0,0
8,-2,260,0,0,0
0,2,258,0,0,0
4,5,255,0,0,0
-3,-9,252,0,0,0
1,-3,262,0,0,0
4,0,256,0,0,0
-3,9,257,0,0,0
-1,-6,258,0,0,0
-7,-9,247,0,0,0
-1,-4,251,0,0,0
-10,0,263,0,0,0
1,-2,250,0,0,0
-1,-3,262,0,0,0
-5,-7,253,0,0,0
-4,-7,254,0,0,0
1,2,256,0,0,0
3,-10,255,0,0,0
-4,-1,265,0,0,0
6,5,253,0,0,0
0,-6,254,0,0,0
2,5,260,0,0,0
3,-1,255,0,0,0
-1,-1,261,0,0,0
-5,2,253,0,0,0
7,-8,262,0,0,0
4,6,254,0,0,0
-2,1,269,0,0,0
-5,7,259,0,0,0
1,7,254,0,0,0
-2,1,256,0,0,0
2,-9,254,0,0,0
3,1,255,0,0,0
7,1,253,0,0,0
2,7,254,0,0,0
1,4,258,0,0,0
7,12,262,0,0,0
-3,6,254,0,0,0
0,2,251,0,0,0
-4,1,250,0,0,0
10,-1,254,0,0,0
-1,-4,259,0,0,0
-7,9,260,0,0,0
-0,2,259,0,0,0
1,7,250,0,0,0
-8,8,250,0,0,0
5,-11,262,0,0,0
-4,-2,251,0,0,0
-3,12,253,0,0,0
-4,-7,250,0,0,0
5,3,253,0,0,0
8,-7,252,0,0,0
-6,-1,245,0,0,0
5,6,255,0,0,0
-6,5,252,0,0,0
1,-4,262,0,0,0
-2,2,252,0,0,0
-1,8,256,0,0,0
-1,-2,252,0,0,0
-4,9,252,0,0,0
-8,10,255,0,0,0
-4,0,257,0,0,0
-5,-4,249,0,0,0
-2,-2,262,0,0,0
4,6,259,0,0,0
-2,3,262,0,0,0
5,4,253,0,0,0
-1,-1,246,0,0,0
-5,0,256,0,0,0
-4,5,259,0,0,0
-4,6,256,0,0,0
9,1,263,0,0,0
7,-2,256,0,0,0
7,-0,263,0,0,0
-4,-1,246,0,0,0
9,-3,262,0,0,0
-2,1,252,0,0,0
-1,-10,254,0,0,0
3,7,250,0,0,0
-9,-1,256,0,0,0
-4,0,254,0,0,0
3,4,255,0,0,0
-2,-3,259,0,0,0
-8,-2,251,0,0,0
1,4,253,0,0,0
4,-2,259,0,0,0
0,-2,257,0,0,0
-5,1,266,0,0,0
-8,2,251,0,0,0
-9,-5,255,0,0,0
-4,-7,250,0,0,0
4,-3,256,0,0,0
-1,-3,256,0,0,0
-11,3,251,0,0,0
11,-5,257,0,0,0
2,-1,254,0,0,0
2,-17,252,0,0,0
8,-8,267,0,0,0
-9,-5,256,0,0,0
-4,5,253,0,0,0
6,0,266,0,0,0
-1,5,247,0,0,0
2,1,255,0,0,0
-3,-9,259,0,0,0
-5,-3,261,0,0,0
-3,-4,258,0,0,0
5,1,264,0,0,0
-7,-1,257,0,0,0
2,2,253,0,0,0
1,-6,252,0,0,0
0,5,255,0,0,0
4,3,263,0,0,0
6,-8,253,0,0,0
-9,7,250,0,0,0
6,-5,253,0,0,0
5,-6,247,0,0,0
-1,6,257,0,0,0
-0,-0,255,0,0,0
-8,-6,257,0,0,0
3,-4,254,0,0,0
3,-1,260,0,0,0
-4,8,255,0,0,0
-5,5,252,0,0,0
-2,9,253,0,0,0
-2,-3,261,0,0,0
-5,11,258,0,0,0
12,-4,251,0,0,0
1,5,258,0,0,0
3,1,253,0,0,0
-0,-3,250,0,0,0
-12,4,255,0,0,0
-3,-4,260,0,0,0
5,-1,251,0,0,0
2,14,253,0,0,0
5,7,266,0,0,0
2,2,259,0,0,0
4,4,253,0,0,0
4,-6,258,0,0,0
-3,6,247,0,0,0
-5,5,260,0,0,0
4,-1,258,0,0,0
1,-1,259,0,0,0
1,-0,264,0,0,0
7,5,262,0,0,0
1,2,256,0,0,0
5,-0,255,0,0,0
0,-0,260,0,0,0
-2,-3,255,0,0,0
9,3,262,0,0,0
-11,-2,259,0,0,0
1,1,248,0,0,0
14,7,258,0,0,0
1,-3,260,0,0,0
-8,4,261,0,0,0
5,-5,244,0,0,0
4,1,256,0,0,0
-4,-11,248,0,0,0
5,-8,255,0,0,0
2,-3,263,0,0,0
1,4,259,0,0,0
5,-4,259,0,0,0
0,2,245,0,0,0
0,-2,247,0,0,0
1,-2,259,0,0,0
2,1,256,0,0,0
-8,-8,253,0,0,0
8,-0,257,0,0,0
-0,3,256,0,0,0
7,-4,259,0,0,0
-4,-7,261,0,0,0
7,-11,263,0,0,0
-3,-3,257,0,0,0
2,2,258,0,0,0
-4,4,264,0,0,0
-2,-2,258,0,0,0
-1,7,263,0,0,0
-1,5,260,0,0,0
1,-0,258,0,0,0
-6,-3,263,0,0,0
1,8,262,0,0,0
3,6,257,0,0,0
1,7,254,0,0,0
-1,-5,255,0,0,0
5,2,259,0,0,0
5,-2,244,0,0,0
1,1,253,0,0,0
0,-5,254,0,0,0
-1,0,256,0,0,0
-1,-0,257,0,0,0
1,-0,262,0,0,0
5,-3,251,0,0,0
6,10,258,0,0,0
-2,0,253,0,0,0
6,-3,263,0,0,0
3,-5,251,0,0,0
-1,3,255,0,0,0
7,4,260,0,0,0
-1,3,252,0,0,0
1,-0,255,0,0,0
-8,-4,250,0,0,0
-2,5,266,0,0,0
5,-4,251,0,0,0
-1,7,257,0,0,0
8,-1,261,0,0,0
0,6,260,0,0,0
-7,-6,255,0,0,0
-10,-1,261,0,0,0
-9,3,260,0,0,0
3,-1,259,0,0,0
3,6,257,0,0,0
-2,1,253,0,0,0
-1,-1,255,0,0,0
1,-2,253,0,0,0
-3,-2,253,0,0,0
-2,3,265,0,0,0
-2,5,252,0,0,0
6,4,251,0,0,0
3,-9,258,0,0,0
7,-5,256,0,0,0
7,-9,253,0,0,0
6,2,256,0,0,0
-8,-10,251,0,0,0
10,3,247,0,0,0
-1,-1,257,0,0,0
-2,-7,255,0,0,0
-0,1,260,0,0,0
-0,-1,254,0,0,0
-2,-3,253,0,0,0
-1,3,256,0,0,0
4,-3,258,0,0,0
-1,0,258,0,0,0
2,4,254,0,0,0
-1,-0,263,0,0,0
3,-3,251,0,0,0
-1,2,264,0,0,0
-0,5,249,0,0,0
3,2,263,0,0,0
-10,4,256,0,0,0
-5,-5,249,0,0,0
-2,-4,253,0,0,0
1,2,252,0,0,0
-0,-4,258,0,0,0
1,-6,249,0,0,0
7,-2,249,0,0,0
1,2,249,0,0,0
-0,-2,260,0,0,0
1,2,255,0,0,0
4,10,262,0,0,0
3,4,260,0,0,0
-5,0,250,0,0,0
1,-5,255,0,0,0
7,-1,247,0,0,0
6,0,255,0,0,0
2,-6,264,0,0,0
0,3,262,0,0,0
-8,3,255,0,0,0
2,1,256,0,0,0
2,-2,252,0,0,0
-1,0,263,0,0,0
-3,-4,256,0,0,0
2,-2,251,0,0,0
2,-6,245,0,0,0
1,1,263,0,0,0
4,2,258,0,0,0
-5,-2,246,0,0,0
1,-6,248,0,0,0
4,7,249,0,0,0
0,4,258,0,0,0
6,-4,255,0,0,0
1,-0,255,0,0,0
4,0,239,0,0,0
-3,17,245,0,0,0
10,-0,262,0,0,0
-3,-3,260,0,0,0
-2,-4,252,0,0,0
-0,1,257,0,0,0
-4,-7,249,0,0,0
3,7,255,0,0,0
-1,-3,248,0,0,0
-5,7,259,0,0,0
7,4,249,0,0,0
6,1,256,0,0,0
-7,-1,259,0,0,0
-6,7,250,0,0,0
-6,1,256,0,0,0
-6,1,262,0,0,0
1,-3,252,0,0,0
-9,-2,259,0,0,0
-3,-5,255,0,0,0
7,2,266,0,0,0
11,-3,250,0,0,0
-1,4,252,0,0,0
-3,3,253,0,0,0
0,6,242,0,0,0
9,4,251,0,0,0
-4,4,257,0,0,0
0,-8,262,0,0,0
-8,6,260,0,0,0
-7,6,258,0,0,0
2,2,254,0,0,0
3,2,254,0,0,0
-1,6,255,0,0,0
-2,-5,254,0,0,0
5,-6,257,0,0,0
2,6,251,0,0,0
2,-1,255,0,0,0
-4,2,260,0,0,0
-1,6,260,0,0,0
-3,-11,260,0,0,0
-2,3,258,0,0,0
-7,-4,255,0,0,0
2,1,257,0,0,0
0,3,252,0,0,0
0,-5,256,0,0,0
15,5,251,0,0,0
-4,-1,255,0,0,0
-6,4,260,0,0,0
10,-2,255,0,0,0
-9,10,258,0,0,0
1,-3,252,0,0,0
-4,-3,254,0,0,0
-1,-4,267,0,0,0
-2,-0,250,0,0,0
0,4,262,0,0,0
-2,6,254,0,0,0
4,-2,252,0,0,0
2,-6,250,0,0,0
-6,5,252,0,0,0
4,-3,263,0,0,0
1,-1,250,0,0,0
-6,-2,261,0,0,0
2,4,249,0,0,0
-4,1,255,0,0,0
3,-3,257,0,0,0
-2,-2,253,0,0,0
-1,-3,250,0,0,0
6,-4,260,0,0,0
16,0,260,0,0,0
-1,1,251,0,0,0
-2,2,250,0,0,0
0,4,260,0,0,0
-1,5,256,0,0,0
5,-2,252,0,0,0
6,0,248,0,0,0
1,-8,258,0,0,0
3,5,256,0,0,0
-3,-5,253,0,0,0
1,5,260,0,0,0
-3,-8,258,0,0,0
5,-7,257,0,0,0
-1,2,255,0,0,0
2,-3,257,0,0,0
4,-7,249,0,0,0
7,-1,252,0,0,0
4,3,258,0,0,0
1,5,248,0,0,0
-1,-0,255,0,0,0
1,7,260,0,0,0
-2,-4,261,0,0,0
-1,-0,249,0,0,0
-3,-4,252,0,0,0
6,7,254,0,0,0
-4,2,251,0,0,0
5,-1,254,0,0,0
1,1,258,0,0,0
0,-2,257,0,0,0
6,-2,259,0,0,0
4,-1,251,0,0,0
3,10,268,0,0,0
-2,-4,257,0,0,0
-4,-5,253,0,0,0
8,4,258,0,0,0
-1,1,258,0,0,0
-11,8,267,0,0,0
-3,2,251,0,0,0
-3,-3,265,0,0,0
-2,-3,255,0,0,0
-4,-3,252,0,0,0
1,2,254,0,0,0
-15,-1,257,0,0,0
9,3,250,0,0,0
2,5,258,0,0,0
-2,-2,259,0,0,0
5,-1,247,0,0,0
2,-1,263,0,0,0
13,1,262,0,0,0
-1,4,255,0,0,0
-1,2,253,0,0,0
4,-4,258,0,0,0
6,-5,250,0,0,0
-1,1,253,0,0,0
5,-0,254,0,0,0
-5,5,251,0,0,0
2,-1,261,0,0,0
5,6,241,0,0,0
-2,5,253,0,0,0
-8,8,249,0,0,0
-10,-1,257,0,0,0
-3,-3,256,0,0,0
-4,1,250,0,0,0
-2,0,265,0,0,0
10,6,251,0,0,0
7,-0,254,0,0,0
8,4,265,0,0,0
2,2,256,0,0,0
-4,-4,256,0,0,0
-11,5,253,0,0,0
-7,-2,258,0,0,0
3,4,259,0,0,0
-7,0,259,0,0,0
0,-2,259,0,0,0
-3,4,247,0,0,0
6,-2,252,0,0,0
1,1,258,0,0,0
3,4,259,0,0,0
-10,-3,248,0,0,0
0,7,255,0,0,0
5,-4,260,0,0,0
-0,-5,252,0,0,0
-5,3,258,0,0,0
4,-3,262,0,0,0
-2,-5,263,0,0,0
0,-0,259,0,0,0
5,-6,251,0,0,0
-2,5,253,0,0,0
-2,-2,255,0,0,0
1,0,252,0,0,0
1,-7,258,0,0,0
-5,7,259,0,0,0
6,2,260,0,0,0
-1,4,245,0,0,0
-6,-4,259,0,0,0
2,5,250,0,0,0
4,-1,253,0,0,0
-1,-4,257,0,0,0
-9,10,258,0,0,0
2,-2,256,0,0,0
1,9,248,0,0,0
5,1,255,0,0,0
6,-4,250,0,0,0
2,-5,255,0,0,0
4,8,259,0,0,0
-4,-1,249,0,0,0
1,3,255,0,0,0
5,-0,256,0,0,0
-3,-4,254,0,0,0
-5,-10,260,0,0,0
2,1,262,0,0,0
-0,3,261,0,0,0
9,2,256,0,0,0
-4,5,256,0,0,0
-5,-4,256,0,0,0
-11,6,248,0,0,0
-7,4,254,0,0,0
-1,-2,263,0,0,0
0,-5,252,0,0,0
-4,7,253,0,0,0
4,7,252,0,0,0
8,7,258,0,0,0
-3,7,249,0,0,0
-2,-5,265,0,0,0
-8,-1,261,0,0,0
7,6,260,0,0,0
3,2,254,0,0,0
3,3,257,0,0,0
4,-2,252,0,0,0
3,-3,253,0,0,0
-3,-2,262,0,0,0
-2,-0,258,0,0,0
-1,5,243,0,0,0
-8,-2,259,0,0,0
-3,3,251,0,0,0
-4,3,259,0,0,0
-7,-2,257,0,0,0
7,-3,252,0,0,0
5,-2,248,0,0,0
-4,2,258,0,0,0
-4,-11,262,0,0,0
2,3,257,0,0,0
-0,5,254,0,0,0
6,-4,255,0,0,0
8,0,251,0,0,0
7,-9,254,0,0,0
5,2,255,0,0,0
-7,-4,249,0,0,0
1,2,253,0,0,0
-1,1,247,0,0,0
9,-12,259,0,0,0
5,5,257,0,0,0
5,0,262,0,0,0
-0,7,257,0,0,0
5,-0,257,0,0,0
6,1,255,0,0,0
-8,1,257,0,0,0
-7,-6,256,0,0,0
-10,4,261,0,0,0
-3,0,261,0,0,0
-4,5,258,0,0,0
1,-4,257,0,0,0
1,-2,254,0,0,0
-0,1,256,0,0,0
3,3,260,0,0,0
9,9,263,0,0,0
-3,7,261,0,0,0
-2,-1,255,0,0,0
-6,-9,256,0,0,0
-6,9,251,0,0,0
-3,-10,253,0,0,0
7,2,247,0,0,0
0,4,253,0,0,0
-4,-3,259,0,0,0
-7,-2,262,0,0,0
5,-10,255,0,0,0
-8,-1,255,0,0,0
3,-12,262,0,0,0
-2,3,262,0,0,0
-2,3,260,0,0,0
-0,1,262,0,0,0
-5,2,257,0,0,0
-1,1,252,0,0,0
-5,-5,249,0,0,0
2,-9,262,0,0,0
4,-3,260,0,0,0
-6,1,258,0,0,0
-1,-10,253,0,0,0
-7,0,251,0,0,0
-5,-10,251,0,0,0
-3,-2,261,0,0,0
-5,14,252,0,0,0
6,-1,260,0,0,0
-10,-7,255,0,0,0
-12,1,252,0,0,0
1,-2,254,0,0,0
1,4,249,0,0,0
-2,-2,255,0,0,0
8,4,251,0,0,0
-0,-6,250,0,0,0
-8,-4,256,0,0,0
1,2,259,0,0,0
-4,1,263,0,0,0
2,4,256,0,0,0
-1,1,261,0,0,0
6,-12,259,0,0,0
-1,0,257,0,0,0
-7,-2,256,0,0,0
-2,2,259,0,0,0
2,7,256,0,0,0
10,-3,256,0,0,0
8,-3,260,0,0,0
-2,3,256,0,0,0
7,6,252,0,0,0
-4,-0,268,0,0,0
-1,0,261,0,0,0
2,0,265,0,0,0
-7,3,258,0,0,0
6,-0,266,0,0,0
7,3,249,0,0,0
-0,8,259,0,0,0
-4,-3,251,0,0,0
7,-9,254,0,0,0
-8,2,257,0,0,0
2,1,257,0,0,0
1,-1,251,0,0,0
2,-2,254,0,0,0
3,1,246,0,0,0
-4,-3,259,0,0,0
1,5,249,0,0,0
3,-3,252,0,0,0
-1,0,256,0,0,0
13,13,259,0,0,0
-2,-6,259,0,0,0
2,5,265,0,0,0
-2,-3,257,0,0,0
4,-4,247,0,0,0
-0,-5,249,0,0,0
-4,-4,250,0,0,0
1,6,244,0,0,0
1,6,257,0,0,0
-2,4,246,0,0,0
-1,-7,257,0,0,0
4,-8,255,0,0,0
-10,-5,260,0,0,0
7,1,258,0,0,0
-11,8,257,0,0,0
-0,-6,261,0,0,0
3,4,256,0,0,0
-4,4,257,0,0,0
-1,7,255,0,0,0
-9,-2,260,0,0,0
2,8,262,0,0,0
3,-4,258,0,0,0
0,-1,247,0,0,0
4,1,253,0,0,0
2,6,244,0,0,0
-1,-6,244,0,0,0
4,5,260,0,0,0
-4,-2,259,0,0,0
5,4,261,0,0,0
1,3,251,0,0,0
-3,-1,259,0,0,0
-2,-2,253,0,0,0
-2,-6,255,0,0,0
-4,1,253,0,0,0
-1,-5,263,0,0,0
6,3,254,0,0,0
-2,-1,259,0,0,0
4,-7,256,0,0,0
0,0,261,0,0,0
5,4,264,0,0,0
1,7,251,0,0,0
-2,-7,252,0,0,0
5,-0,250,0,0,0
-2,-4,248,0,0,0
1,6,255,0,0,0
-1,-2,252,0,0,0
12,-2,244,0,0,0
0,4,261,0,0,0
-2,-0,257,0,0,0
8,3,255,0,0,0
-3,1,253,0,0,0
5,-0,255,0,0,0
-0,-2,255,0,0,0
-6,0,260,0,0,0
0,-1,265,0,0,0
-7,6,258,0,0,0
-10,-8,255,0,0,0
-7,2,258,0,0,0
-0,11,251,0,0,0
-3,2,260,0,0,0
2,-3,259,0,0,0
1,4,248,0,0,0
-0,-0,259,0,0,0
0,-1,250,0,0,0
-2,2,262,0,0,0
3,-1,271,0,0,0
6,-7,259,0,0,0
0,-2,257,0,0,0
2,1,250,0,0,0
1,-2,260,0,0,0
2,-4,259,0,0,0
4,-2,260,0,0,0
-9,5,252,0,0,0
-1,11,262,0,0,0
-6,0,265,0,0,0
2,-0,258,0,0,0
9,8,260,0,0,0
-1,-8,259,0,0,0
1,8,256,0,0,0
-2,11,261,0,0,0
-5,-4,253,0,0,0
-1,-3,251,0,0,0
3,-6,259,0,0,0
-4,-2,259,0,0,0
6,1,265,0,0,0
-1,7,253,0,0,0
-7,7,260,0,0,0
1,-2,250,0,0,0
0,8,244,0,0,0
-5,4,256,0,0,0
5,-3,258,0,0,0
1,11,253,0,0,0
-6,-2,253,0,0,0
-4,-5,253,0,0,0
2,1,259,0,0,0
-5,-0,260,0,0,0
-6,-5,263,0,0,0
5,-5,256,0,0,0
-3,-2,256,0,0,0
-1,-9,260,0,0,0
-2,-5,263,0,0,0
1,8,261,0,0,0
-3,-6,259,0,0,0
-7,-4,254,0,0,0
-3,-0,251,0,0,0
1,-4,264,0,0,0
1,3,250,0,0,0
7,-5,259,0,0,0
-0,4,252,0,0,0
-7,1,262,0,0,0
-4,5,256,0,0,0
-7,6,266,0,0,0
4,6,254,0,0,0
4,8,257,0,0,0
-0,1,250,0,0,0
-4,3,250,0,0,0
-0,-2,259,0,0,0
1,-2,253,0,0,0
0,-2,248,0,0,0
5,7,252,0,0,0
7,5,255,0,0,0
-8,1,260,0,0,0
1,2,257,0,0,0
7,-4,252,0,0,0
-1,3,257,0,0,0
-5,9,256,0,0,0
1,3,255,0,0,0
6,5,255,0,0,0
-2,-6,257,0,0,0
4,-0,252,0,0,0
7,10,255,0,0,0
7,-11,259,0,0,0
-2,5,262,0,0,0
4,4,258,0,0,0
1,-8,248,0,0,0
-11,-2,248,0,0,0
-2,1,252,0,0,0
7,-2,251,0,0,0
-4,-2,258,0,0,0
0,3,250,0,0,0
-4,-6,248,0,0,0
2,8,250,0,0,0
-4,-8,255,0,0,0
-5,-0,260,0,0,0
2,4,257,0,0,0
-0,4,258,0,0,0
13,4,243,0,0,0
-2,1,260,0,0,0
7,-1,252,0,0,0
5,4,262,0,0,0
-1,3,254,0,0,0
3,5,257,0,0,0
0,-11,257,0,0,0
-3,-5,261,0,0,0
-9,4,254,0,0,0
12,-8,261,0,0,0
-5,1,258,0,0,0
5,-3,242,0,0,0
0,-4,258,0,0,0
-11,-5,259,0,0,0
-2,-14,257,0,0,0
7,-8,262,0,0,0
-1,7,261,0,0,0
-1,0,251,0,0,0
5,-0,256,0,0,0
5,-5,261,0,0,0
-1,6,254,0,0,0
-5,4,260,0,0,0
4,0,252,0,0,0
7,0,250,0,0,0
6,-1,255,0,0,0
15,-5,254,0,0,0
-2,-5,253,0,0,0
-7,2,257,0,0,0
4,-5,255,0,0,0
3,-1,252,0,0,0
-3,-0,254,0,0,0
3,1,255,0,0,0
-3,-2,255,0,0,0
3,-9,265,0,0,0
1,-8,260,0,0,0
-9,3,265,0,0,0
-5,-4,253,0,0,0
-0,-10,257,0,0,0
-3,-1,255,0,0,0
-1,-3,256,0,0,0
-0,0,260,0,0,0
-6,5,251,0,0,0
-4,-1,250,0,0,0
-0,1,252,0,0,0
-2,-8,258,0,0,0
-3,-1,257,0,0,0
-4,6,259,0,0,0
-2,8,256,0,0,0
2,-3,253,0,0,0
4,-3,263,0,0,0
7,5,251,0,0,0
-10,12,252,0,0,0
2,6,257,0,0,0
4,5,258,0,0,0
-3,-0,256,0,0,0
4,-0,254,0,0,0
-9,-1,253,0,0,0
9,1,259,0,0,0
3,7,261,0,0,0
1,-1,264,0,0,0
2,4,255,0,0,0
-9,3,263,0,0,0
-3,-2,263,0,0,0
1,-3,264,0,0,0
1,-5,253,0,0,0
3,3,256,0,0,0
-6,-5,261,0,0,0
1,-3,262,0,0,0
2,3,261,0,0,0
3,4,259,0,0,0
6,-6,256,0,0,0
-7,-10,253,0,0,0
-0,-4,258,0,0,0
-5,-1,262,0,0,0
2,-0,248,0,0,0
-8,-4,253,0,0,0
1,1,264,0,0,0
7,4,248,0,0,0
-1,-7,258,0,0,0
-10,4,261,0,0,0
7,12,254,0,0,0
-2,-3,253,0,0,0
-4,-2,254,0,0,0
6,-7,263,0,0,0
3,-1,263,0,0,0
-7,-3,257,0,0,0
-0,-0,255,0,0,0
-10,6,254,0,0,0
3,3,254,0,0,0
1,4,251,0,0,0
-2,3,254,0,0,0
5,0,252,0,0,0
2,1,263,0,0,0
-1,-4,246,0,0,0
-4,-6,261,0,0,0
-3,-4,258,0,0,0
-7,5,252,0,0,0
-2,-1,261,0,0,0
-4,5,259,0,0,0
-3,-11,252,0,0,0
0,-4,248,0,0,0
8,-9,257,0,0,0
-8,-0,253,0,0,0
-3,-0,255,0,0,0
-6,-2,261,0,0,0
6,0,258,0,0,0
0,-12,254,0,0,0
4,-5,247,0,0,0
-3,-1,262,0,0,0
-1,0,263,0,0,0
-5,-10,264,0,0,0
2,-4,251,0,0,0
7,5,253,0,0,0
-5,2,264,0,0,0
-3,4,247,0,0,0
-1,11,263,0,0,0
-7,2,253,0,0,0
-4,-7,255,0,0,0
-5,5,258,0,0,0
1,0,255,0,0,0
5,-3,260,0,0,0
5,-4,255,0,0,0
3,-13,258,0,0,0
6,14,267,0,0,0
-0,-2,257,0,0,0
-4,-9,242,0,0,0
9,9,252,0,0,0
13,-2,265,0,0,0
3,-2,249,0,0,0
7,4,259,0,0,0
-10,-4,251,0,0,0
-6,13,261,0,0,0
5,4,257,0,0,0
-5,-7,260,0,0,0
-5,-4,251,0,0,0
-1,-4,249,0,0,0
-3,-7,252,0,0,0
-1,-2,252,0,0,0
-1,4,254,0,0,0
-1,2,259,0,0,0
-0,2,256,0,0,0
-4,-3,263,0,0,0
-1,-3,255,0,0,0
2,12,254,0,0,0
3,-5,248,0,0,0
-3,-7,263,0,0,0
-5,0,262,0,0,0
-6,2,261,0,0,0
-3,3,260,0,0,0
-0,6,260,0,0,0
1,-2,251,0,0,0
-11,9,256,0,0,0
-6,9,254,0,0,0
-3,4,253,0,0,0
-4,-3,256,0,0,0
4,0,254,0,0,0
-6,3,253,0,0,0
2,6,255,0,0,0
-2,5,247,0,0,0
-0,-7,256,0,0,0
4,6,259,0,0,0
-1,10,252,0,0,0
-8,1,255,0,0,0
-1,3,255,0,0,0
-3,3,261,0,0,0
-3,-9,268,0,0,0
-6,-3,251,0,0,0
-2,2,252,0,0,0
-1,5,251,0,0,0
-13,-4,252,0,0,0
-0,-0,249,0,0,0
7,1,256,0,0,0
8,5,252,0,0,0
11,1,258,0,0,0
1,-10,260,0,0,0
-8,-3,259,0,0,0
1,-2,245,0,0,0
-2,-3,253,0,0,0
-4,-3,258,0,0,0
5,-6,264,0,0,0
-4,2,254,0,0,0
3,-4,258,0,0,0
-5,3,260,0,0,0
-2,-10,260,0,0,0
-1,0,254,0,0,0
-4,-5,259,0,0,0
-1,-2,254,0,0,0
-7,-5,256,0,0,0
4,3,256,0,0,0
-4,6,249,0,0,0
0,-7,260,0,0,0
3,-5,252,0,0,0
2,-5,267,0,0,0
-9,2,262,0,0,0
2,-1,260,0,0,0
1,-13,254,0,0,0
0,8,260,0,0,0
6,-5,250,0,0,0
-7,-3,251,0,0,0
8,-0,256,0,0,0
-4,1,251,0,0,0
-2,-3,254,0,0,0
2,-1,250,0,0,0
2,-11,266,0,0,0
2,7,255,0,0,0
-1,-4,256,0,0,0
-9,2,259,0,0,0
4,3,252,0,0,0
-5,4,261,0,0,0
-3,5,260,0,0,0
5,-11,263,0,0,0
5,6,254,0,0,0
2,1,259,0,0,0
-3,1,253,0,0,0
-3,10,262,0,0,0
-6,-2,256,0,0,0
7,1,261,0,0,0
-9,1,254,0,0,0
5,5,249,0,0,0
2,8,259,0,0,0
5,-1,260,0,0,0
6,-0,257,0,0,0
-4,-3,253,0,0,0
0,-7,261,0,0,0
6,-0,258,0,0,0
0,-0,247,0,0,0
3,4,263,0,0,0
3,10,252,0,0,0
1,2,259,0,0,0
2,3,257,0,0,0
-3,-4,263,0,0,0
-1,2,256,0,0,0
-3,-4,258,0,0,0
-5,-1,261,0,0,0
-0,-2,264,0,0,0
6,1,261,0,0,0
-0,-5,254,0,0,0
