-26,31,252,0,0,0
-3,-11,265,0,1,0
8,20,276,0,2,0
28,-6,254,0,4,0
-24,-6,287,0,5,0
29,-15,241,0,6,0
35,27,280,0,7,0
9,-9,292,0,8,0
29,-19,275,0,9,0
6,-35,211,0,11,0
-9,-9,275,0,12,0
17,-32,236,0,13,0
19,21,263,0,14,0
19,15,240,0,15,0
40,13,287,0,16,0
2,5,248,0,17,0
43,7,272,0,18,0
21,45,225,0,20,0
45,-8,297,0,21,0
30,2,288,0,22,0
45,-12,259,0,23,0
38,40,305,0,24,0
38,26,293,0,25,0
31,28,278,0,26,0
103,-5,301,0,27,0
44,11,280,0,28,0
95,36,291,0,29,0
59,31,275,0,30,0
55,-1,253,0,31,0
31,-36,294,0,32,0
61,-20,294,0,33,0
53,4,311,0,33,0
36,-18,266,0,34,0
69,-8,258,0,35,0
38,6,307,0,36,0
72,-13,303,0,37,0
124,12,297,0,38,0
81,32,305,0,38,0
50,-5,296,0,39,0
74,-11,299,0,40,0
84,-0,275,0,41,0
69,4,297,0,41,0
69,-10,314,0,42,0
36,8,292,0,43,0
101,-33,292,0,43,0
89,10,311,0,44,0
75,24,279,0,44,0
78,-16,325,0,45,0
109,33,300,0,45,0
107,-25,323,0,46,0
94,-41,324,0,46,0
105,30,275,0,47,0
102,-2,303,0,47,0
80,7,299,0,48,0
119,-12,290,0,48,0
99,4,329,0,48,0
102,7,310,0,48,0
53,-31,301,0,49,0
118,-18,304,0,49,0
70,-3,309,0,49,0
100,20,292,0,49,0
104,12,292,0,50,0
94,-2,302,0,50,0
71,-12,284,0,50,0
76,16,309,0,50,0
67,-1,294,0,50,0
66,-9,314,0,50,0
90,-4,268,0,50,0
127,15,323,0,50,0
99,14,317,0,50,0
123,8,292,0,50,0
81,-2,303,0,50,0
119,-24,287,0,50,0
81,-25,283,0,49,0
122,-16,299,0,49,0
111,21,268,0,49,0
104,-17,324,0,49,0
106,-15,284,0,48,0
115,5,318,0,48,0
114,3,278,0,48,0
95,-17,316,0,47,0
139,8,318,0,47,0
118,-3,300,0,47,0
80,-23,300,0,46,0
84,-2,321,0,46,0
69,-9,270,0,45,0
104,-30,321,0,45,0
81,6,277,0,44,0
81,3,293,0,44,0
62,-6,316,0,43,0
98,-10,304,0,42,0
75,-9,277,0,42,0
76,-21,308,0,41,0
90,-8,291,0,40,0
71,7,279,0,40,0
91,2,321,0,39,0
90,31,293,0,38,0
110,18,271,0,37,0
61,-20,282,0,37,0
73,-19,296,0,36,0
74,-19,328,0,35,0
72,29,259,0,34,0
75,15,282,0,33,0
40,-6,297,0,32,0
82,-20,301,0,31,0
86,19,271,0,31,0
72,13,261,0,30,0
64,-18,283,0,29,0
76,-6,265,0,28,0
58,16,319,0,27,0
53,11,295,0,26,0
88,-35,270,0,25,0
36,10,298,0,24,0
49,31,288,0,23,0
50,-26,242,0,21,0
47,3,261,0,20,0
23,-13,265,0,19,0
67,12,268,0,18,0
15,-23,294,0,17,0
16,22,276,0,16,0
29,8,284,0,15,0
17,-19,285,0,14,0
19,21,306,0,13,0
-18,11,246,0,11,0
-21,2,251,0,10,0
24,-12,249,0,9,0
32,-15,303,0,8,0
46,-55,276,0,7,0
-18,-5,282,0,6,0
4,-1,260,0,4,0
12,4,248,0,3,0
-35,7,271,0,2,0
30,26,245,0,1,0
-7,-11,256,0,-0,0
14,0,238,0,-1,0
-16,14,240,0,-3,0
-43,5,236,0,-4,0
-9,-40,223,0,-5,0
-25,3,251,0,-6,0
4,17,220,0,-7,0
12,18,280,0,-8,0
-48,2,280,0,-10,0
1,23,253,0,-11,0
0,-20,252,0,-12,0
-54,-28,222,0,-13,0
-70,-22,239,0,-14,0
17,-24,240,0,-15,0
-15,-13,229,0,-17,0
-25,9,247,0,-18,0
5,-4,226,0,-19,0
-34,-1,219,0,-20,0
-49,2,248,0,-21,0
-60,15,214,0,-22,0
-54,33,223,0,-23,0
-57,-24,218,0,-24,0
-31,-7,236,0,-25,0
-23,-10,239,0,-26,0
-60,8,233,0,-27,0
-33,7,218,0,-28,0
-32,26,207,0,-29,0
-57,-22,215,0,-30,0
-54,19,208,0,-31,0
-45,7,235,0,-32,0
-43,5,229,0,-33,0
-56,-5,242,0,-34,0
-56,-29,228,0,-35,0
-72,13,204,0,-35,0
-112,26,202,0,-36,0
-42,41,207,0,-37,0
-75,-35,217,0,-38,0
-99,-43,238,0,-39,0
-63,-10,223,0,-39,0
-77,5,220,0,-40,0
-76,41,245,0,-41,0
-83,-2,235,0,-41,0
-106,35,188,0,-42,0
-68,10,225,0,-43,0
-70,16,237,0,-43,0
-70,13,196,0,-44,0
-89,20,190,0,-44,0
-62,-7,226,0,-45,0
-93,-17,212,0,-45,0
-114,26,195,0,-46,0
-104,-11,215,0,-46,0
-115,15,206,0,-47,0
-114,1,208,0,-47,0
-94,-49,195,0,-48,0
-98,12,183,0,-48,0
-107,-4,222,0,-48,0
-75,-2,233,0,-49,0
-102,6,197,0,-49,0
-96,-12,206,0,-49,0
-84,-4,188,0,-49,0
-94,18,215,0,-49,0
-116,-19,194,0,-50,0
-77,-5,251,0,-50,0
-102,-3,250,0,-50,0
-96,1,227,0,-50,0
-92,-20,191,0,-50,0
-32,22,209,0,-50,0
-100,-9,200,0,-50,0
-101,-12,205,0,-50,0
-111,14,234,0,-50,0
-82,34,213,0,-50,0
-120,1,228,0,-50,0
-105,-17,224,0,-50,0
-104,-20,204,0,-49,0
-57,8,223,0,-49,0
-72,-4,200,0,-49,0
-69,-1,217,0,-49,0
-88,20,215,0,-48,0
-64,-5,173,0,-48,0
-47,10,183,0,-48,0
-85,-2,202,0,-47,0
-101,17,189,0,-47,0
-101,-35,228,0,-47,0
-89,-6,187,0,-46,0
-88,45,215,0,-46,0
-107,20,217,0,-45,0
-82,9,218,0,-45,0
-133,-18,223,0,-44,0
-82,-20,214,0,-43,0
-124,16,220,0,-43,0
-100,-19,192,0,-42,0
-94,18,200,0,-42,0
-82,20,198,0,-41,0
-71,62,212,0,-40,0
-98,-16,232,0,-40,0
-60,0,223,0,-39,0
-78,6,194,0,-38,0
-43,39,200,0,-37,0
-43,25,220,0,-36,0
-72,-23,270,0,-36,0
-84,10,220,0,-35,0
-87,-15,219,0,-34,0
-89,-9,217,0,-33,0
-90,-30,191,0,-32,0
-52,-12,238,0,-31,0
-63,-10,226,0,-30,0
-34,22,219,0,-29,0
-25,16,193,0,-28,0
-73,2,199,0,-27,0
-86,14,236,0,-26,0
-59,15,215,0,-25,0
-41,15,256,0,-24,0
-8,-30,245,0,-23,0
-30,5,233,0,-22,0
-61,-19,238,0,-21,0
-36,-10,259,0,-20,0
-18,-5,259,0,-19,0
-72,18,265,0,-18,0
-49,-14,254,0,-17,0
-37,26,234,0,-16,0
-34,33,242,0,-15,0
-22,26,212,0,-14,0
-9,8,253,0,-12,0
29,4,242,0,-11,0
3,-1,200,0,-10,0
-32,-3,243,0,-9,0
-8,-5,280,0,-8,0
16,10,264,0,-7,0
-32,25,245,0,-5,0
-40,-9,251,0,-4,0
-13,-19,236,0,-3,0
-21,-26,270,0,-2,0
-36,-8,234,0,-1,0
7,19,232,0,1,0
9,29,247,0,2,0
-32,-21,248,0,3,0
-14,13,236,0,4,0
8,25,293,0,5,0
39,-30,306,0,6,0
33,37,264,0,8,0
10,42,280,0,9,0
-3,5,261,0,10,0
21,-16,264,0,11,0
15,-42,289,0,12,0
-1,0,313,0,13,0
35,-18,256,0,15,0
35,6,263,0,16,0
23,7,278,0,17,0
26,-3,246,0,18,0
2,-4,279,0,19,0
12,-14,287,0,20,0
65,8,265,0,21,0
56,-17,305,0,22,0
79,6,286,0,23,0
25,22,296,0,24,0
41,10,268,0,25,0
45,32,233,0,26,0
12,-4,266,0,27,0
71,27,304,0,28,0
54,12,320,0,29,0
90,-28,283,0,30,0
59,2,264,0,31,0
41,32,292,0,32,0
83,-3,248,0,33,0
69,7,297,0,34,0
69,-5,296,0,35,0
52,-1,278,0,36,0
92,21,289,0,36,0
69,-29,303,0,37,0
83,-28,320,0,38,0
71,25,288,0,39,0
74,38,271,0,39,0
49,-0,294,0,40,0
105,-6,298,0,41,0
81,7,303,0,42,0
65,15,293,0,42,0
82,-21,315,0,43,0
88,-28,319,0,43,0
89,9,341,0,44,0
96,-15,321,0,45,0
72,-33,294,0,45,0
121,5,267,0,46,0
64,14,297,0,46,0
62,17,340,0,46,0
88,-19,292,0,47,0
54,-6,319,0,47,0
96,-10,330,0,48,0
101,-10,296,0,48,0
84,20,321,0,48,0
66,-18,302,0,49,0
99,13,300,0,49,0
98,-3,328,0,49,0
114,34,302,0,49,0
117,4,325,0,50,0
82,-30,292,0,50,0
91,12,329,0,50,0
83,-24,292,0,50,0
108,15,278,0,50,0
102,-12,339,0,50,0
88,5,317,0,50,0
79,31,310,0,50,0
90,28,278,0,50,0
79,4,272,0,50,0
109,11,302,0,50,0
116,14,325,0,50,0
94,47,270,0,49,0
105,5,230,0,49,0
107,-10,308,0,49,0
80,16,300,0,49,0
79,-16,311,0,49,0
103,-39,295,0,48,0
94,20,326,0,48,0
94,5,331,0,48,0
97,28,298,0,47,0
61,1,292,0,47,0
104,-8,291,0,46,0
93,7,327,0,46,0
38,5,309,0,46,0
152,21,304,0,45,0
75,-3,341,0,44,0
90,-2,334,0,44,0
110,-23,285,0,43,0
92,17,310,0,43,0
87,8,296,0,42,0
58,7,304,0,41,0
81,-7,283,0,41,0
110,17,312,0,40,0
59,20,267,0,39,0
97,-4,279,0,39,0
70,10,331,0,38,0
78,28,333,0,37,0
58,-4,287,0,36,0
101,-7,306,0,35,0
77,-3,282,0,35,0
79,-12,315,0,34,0
75,8,296,0,33,0
26,-25,281,0,32,0
58,-9,317,0,31,0
83,11,288,0,30,0
33,10,254,0,29,0
68,-4,254,0,28,0
37,-6,264,0,27,0
36,16,288,0,26,0
-7,29,286,0,25,0
71,14,297,0,24,0
14,2,328,0,23,0
79,4,277,0,22,0
2,-6,247,0,21,0
83,-4,274,0,20,0
-10,-1,293,0,19,0
32,-17,299,0,18,0
62,27,293,0,17,0
15,-29,300,0,16,0
38,-4,277,0,14,0
31,-14,271,0,13,0
15,3,274,0,12,0
-16,9,267,0,11,0
11,-9,303,0,10,0
36,1,279,0,9,0
8,12,246,0,7,0
-4,-20,297,0,6,0
48,8,297,0,5,0
-9,-31,244,0,4,0
-18,18,275,0,3,0
7,-10,268,0,2,0
-2,-3,259,0,0,0
9,-22,216,0,-1,0
-12,42,278,0,-2,0
-16,-12,252,0,-3,0
-3,40,299,0,-4,0
-20,-20,278,0,-5,0
-41,2,226,0,-7,0
-21,-31,226,0,-8,0
-38,8,235,0,-9,0
-17,-25,239,0,-10,0
-30,2,207,0,-11,0
-5,33,228,0,-12,0
-35,18,228,0,-14,0
-14,-13,232,0,-15,0
-51,21,275,0,-16,0
-24,37,259,0,-17,0
-28,31,224,0,-18,0
-86,-10,266,0,-19,0
-34,-13,229,0,-20,0
-4,-17,269,0,-21,0
-22,-4,229,0,-22,0
-23,-13,258,0,-23,0
-69,-51,241,0,-25,0
-71,-12,227,0,-26,0
-61,-13,237,0,-27,0
-74,5,212,0,-28,0
-68,24,197,0,-29,0
-71,17,262,0,-29,0
-93,-10,220,0,-30,0
-61,20,211,0,-31,0
-62,-19,219,0,-32,0
-50,-18,262,0,-33,0
-67,5,200,0,-34,0
-74,22,217,0,-35,0
-89,-26,240,0,-36,0
-97,-1,203,0,-37,0
-122,-9,211,0,-37,0
-73,-7,214,0,-38,0
-90,-1,227,0,-39,0
-78,18,216,0,-40,0
-85,5,188,0,-40,0
-88,-36,236,0,-41,0
-78,27,207,0,-42,0
-65,-1,253,0,-42,0
-85,-19,231,0,-43,0
-53,-4,170,0,-44,0
-83,-7,199,0,-44,0
-117,-5,238,0,-45,0
-80,2,223,0,-45,0
-122,5,234,0,-46,0
-94,-21,249,0,-46,0
-93,31,178,0,-47,0
-112,12,163,0,-47,0
-101,17,188,0,-47,0
-77,1,233,0,-48,0
-105,-19,203,0,-48,0
-96,3,200,0,-48,0
-77,24,183,0,-49,0
-48,14,162,0,-49,0
-107,7,226,0,-49,0
-97,7,226,0,-49,0
-118,23,225,0,-50,0
-138,-13,219,0,-50,0
-116,11,185,0,-50,0
-110,18,226,0,-50,0
-106,44,219,0,-50,0
-93,12,203,0,-50,0
-110,-24,226,0,-50,0
-107,-29,186,0,-50,0
-106,-52,219,0,-50,0
-118,22,158,0,-50,0
-108,2,221,0,-50,0
-75,22,203,0,-50,0
-119,-29,226,0,-49,0
-106,-29,204,0,-49,0
-95,20,199,0,-49,0
-97,26,234,0,-49,0
-112,9,166,0,-49,0
-77,2,204,0,-48,0
-83,8,183,0,-48,0
-87,-41,238,0,-48,0
-92,-26,218,0,-47,0
-91,11,213,0,-47,0
-83,10,219,0,-46,0
-96,21,216,0,-46,0
-80,47,204,0,-45,0
-76,6,224,0,-45,0
-87,10,229,0,-44,0
-96,28,234,0,-44,0
-99,-1,203,0,-43,0
-78,-4,212,0,-43,0
-58,-8,209,0,-42,0
-106,-11,227,0,-41,0
-99,-14,211,0,-41,0
-88,2,244,0,-40,0
-113,-5,229,0,-39,0
-102,-23,244,0,-38,0
-88,-18,206,0,-38,0
-91,21,222,0,-37,0
-77,12,205,0,-36,0
-89,-1,209,0,-35,0
-92,39,210,0,-34,0
-62,25,247,0,-34,0
-66,-30,234,0,-33,0
-89,-29,241,0,-32,0
-82,-24,207,0,-31,0
-60,-10,196,0,-30,0
-29,-9,254,0,-29,0
-69,9,181,0,-28,0
-33,19,229,0,-27,0
-64,-9,225,0,-26,0
-58,6,270,0,-25,0
-27,-18,285,0,-24,0
-48,41,227,0,-23,0
-61,-13,242,0,-22,0
-11,8,250,0,-21,0
-25,1,230,0,-20,0
-51,-9,234,0,-19,0
-40,-7,218,0,-18,0
-49,22,228,0,-16,0
-42,-15,235,0,-15,0
-42,0,275,0,-14,0
-16,9,285,0,-13,0
-48,8,272,0,-12,0
-20,3,238,0,-11,0
4,-2,256,0,-10,0
-31,24,225,0,-8,0
-8,19,257,0,-7,0
-16,14,265,0,-6,0
25,-0,228,0,-5,0
-59,-5,282,0,-4,0
25,6,271,0,-3,0
9,-35,233,0,-1,0
-38,-28,246,0,-0,0
10,-11,261,0,1,0
9,-11,303,0,2,0
-3,-20,257,0,3,0
38,-17,264,0,5,0
45,25,284,0,6,0
-10,-13,241,0,7,0
7,-0,265,0,8,0
5,19,287,0,9,0
30,53,260,0,10,0
46,-11,271,0,12,0
15,-21,268,0,13,0
12,-9,291,0,14,0
53,23,296,0,15,0
34,-40,266,0,16,0
-3,-14,286,0,17,0
3,16,298,0,18,0
22,-11,248,0,19,0
29,-13,287,0,21,0
25,-14,269,0,22,0
51,19,291,0,23,0
49,-14,303,0,24,0
78,6,283,0,25,0
49,5,299,0,26,0
39,-17,263,0,27,0
38,-3,286,0,28,0
69,-37,287,0,29,0
62,-9,259,0,30,0
82,-6,305,0,31,0
52,-19,300,0,32,0
75,-34,286,0,32,0
64,-22,300,0,33,0
110,25,302,0,34,0
59,11,303,0,35,0
104,-30,300,0,36,0
40,8,315,0,37,0
68,16,279,0,38,0
94,-45,261,0,38,0
78,25,294,0,39,0
79,-9,279,0,40,0
55,-12,313,0,40,0
84,-9,299,0,41,0
102,-19,296,0,42,0
70,15,315,0,42,0
92,2,289,0,43,0
106,15,275,0,44,0
90,15,274,0,44,0
88,21,315,0,45,0
106,18,291,0,45,0
83,32,280,0,46,0
101,-0,314,0,46,0
120,-3,313,0,47,0
80,18,311,0,47,0
73,-7,305,0,47,0
95,7,293,0,48,0
85,-20,280,0,48,0
99,-19,312,0,48,0
94,11,295,0,49,0
118,-3,288,0,49,0
81,0,345,0,49,0
67,-27,310,0,49,0
78,2,336,0,50,0
80,-0,315,0,50,0
83,-13,305,0,50,0
89,-16,311,0,50,0
94,2,302,0,50,0
112,8,301,0,50,0
96,14,296,0,50,0
77,-16,323,0,50,0
116,9,302,0,50,0
74,-1,296,0,50,0
74,-22,307,0,50,0
110,10,319,0,50,0
82,8,313,0,49,0
93,-25,333,0,49,0
65,-15,310,0,49,0
129,5,270,0,49,0
63,-8,309,0,48,0
84,6,292,0,48,0
76,13,335,0,48,0
45,13,307,0,47,0
94,-21,312,0,47,0
97,44,299,0,47,0
85,19,293,0,46,0
109,-6,289,0,46,0
109,8,269,0,45,0
112,-6,319,0,45,0
109,14,290,0,44,0
107,-10,298,0,44,0
88,-4,293,0,43,0
110,9,256,0,42,0
97,-15,291,0,42,0
94,-11,317,0,41,0
85,-6,295,0,41,0
75,-10,328,0,40,0
75,-12,297,0,39,0
74,-14,278,0,38,0
81,-53,286,0,38,0
48,-24,284,0,37,0
73,-14,256,0,36,0
70,-5,286,0,35,0
98,5,285,0,34,0
79,19,304,0,33,0
74,-42,320,0,33,0
56,-0,328,0,32,0
68,-4,283,0,31,0
24,22,312,0,30,0
89,2,290,0,29,0
31,0,270,0,28,0
57,7,283,0,27,0
79,-17,274,0,26,0
49,12,291,0,25,0
76,27,275,0,24,0
30,20,283,0,23,0
28,9,279,0,22,0
24,-16,253,0,21,0
59,26,238,0,19,0
61,-24,296,0,18,0
42,23,243,0,17,0
38,45,295,0,16,0
43,7,279,0,15,0
-2,13,288,0,14,0
4,10,295,0,13,0
34,33,240,0,12,0
20,9,296,0,10,0
29,6,260,0,9,0
-6,16,275,0,8,0
33,32,291,0,7,0
7,-1,260,0,6,0
4,-26,258,0,5,0
4,-14,269,0,3,0
2,-32,223,0,2,0
-31,7,257,0,1,0
-18,8,233,0,-0,0
14,-5,273,0,-1,0
-7,-12,268,0,-2,0
-15,-35,257,0,-4,0
-36,14,248,0,-5,0
-44,-3,245,0,-6,0
-20,-41,233,0,-7,0
-51,7,222,0,-8,0
-32,11,235,0,-10,0
2,7,247,0,-11,0
-40,-1,256,0,-12,0
-58,10,219,0,-13,0
-31,-61,233,0,-14,0
14,-2,256,0,-15,0
-42,-33,248,0,-16,0
-47,32,241,0,-17,0
-57,-16,246,0,-19,0
-52,-34,223,0,-20,0
2,23,258,0,-21,0
-29,11,240,0,-22,0
-58,-30,237,0,-23,0
-78,-42,234,0,-24,0
-64,-17,216,0,-25,0
-60,-44,243,0,-26,0
-55,-15,198,0,-27,0
-41,8,201,0,-28,0
-49,22,236,0,-29,0
-67,42,201,0,-30,0
-51,31,213,0,-31,0
-38,-14,239,0,-32,0
-47,9,233,0,-33,0
-27,17,208,0,-34,0
-61,-15,243,0,-34,0
-64,-15,221,0,-35,0
-57,35,211,0,-36,0
-84,8,208,0,-37,0
-85,19,213,0,-38,0
-91,27,206,0,-38,0
-115,5,197,0,-39,0
-118,15,214,0,-40,0
-86,3,224,0,-41,0
-60,3,228,0,-41,0
-96,-22,208,0,-42,0
-134,-24,214,0,-43,0
-109,12,224,0,-43,0
-60,-3,213,0,-44,0
-82,13,202,0,-44,0
-94,8,221,0,-45,0
-101,38,182,0,-45,0
-88,7,201,0,-46,0
-88,27,195,0,-46,0
-120,27,166,0,-47,0
-69,-48,230,0,-47,0
-106,-20,210,0,-48,0
-106,-4,218,0,-48,0
-95,-23,236,0,-48,0
-81,-37,178,0,-49,0
-128,24,238,0,-49,0
-102,30,213,0,-49,0
-99,26,216,0,-49,0
-113,-22,227,0,-49,0
-107,18,187,0,-50,0
-106,3,185,0,-50,0
-80,-24,182,0,-50,0
-120,2,159,0,-50,0
-113,-5,224,0,-50,0
-112,-5,200,0,-50,0
-103,6,184,0,-50,0
-117,-30,219,0,-50,0
-118,10,177,0,-50,0
-66,-9,238,0,-50,0
-104,8,177,0,-50,0
-72,-11,242,0,-50,0
-101,-15,188,0,-49,0
-73,23,209,0,-49,0
-111,-12,165,0,-49,0
-81,10,227,0,-49,0
-91,-8,195,0,-48,0
-74,14,171,0,-48,0
-136,-1,203,0,-48,0
-96,7,215,0,-47,0
-132,-16,217,0,-47,0
-102,-1,243,0,-47,0
-82,-64,183,0,-46,0
-100,20,245,0,-46,0
-80,13,250,0,-45,0
-120,40,219,0,-45,0
-125,25,185,0,-44,0
-124,32,208,0,-44,0
-131,23,218,0,-43,0
-110,-15,206,0,-42,0
-80,38,205,0,-42,0
-98,-7,202,0,-41,0
-93,5,214,0,-40,0
-89,1,218,0,-40,0
-96,20,236,0,-39,0
-95,-30,201,0,-38,0
-43,-33,228,0,-37,0
-64,-27,249,0,-37,0
-74,3,223,0,-36,0
-61,-4,225,0,-35,0
-51,-40,209,0,-34,0
-93,6,247,0,-33,0
-47,-12,261,0,-32,0
-37,30,222,0,-31,0
-69,5,264,0,-30,0
-53,20,222,0,-30,0
-95,28,198,0,-29,0
-54,-9,248,0,-28,0
-70,-14,198,0,-27,0
-53,9,232,0,-26,0
-27,6,245,0,-25,0
-46,-2,252,0,-24,0
-58,-8,226,0,-22,0
-55,46,265,0,-21,0
-64,-2,241,0,-20,0
-89,-11,274,0,-19,0
-21,0,229,0,-18,0
-55,3,238,0,-17,0
-41,-9,233,0,-16,0
-28,-2,248,0,-15,0
-39,27,245,0,-14,0
-26,-5,254,0,-13,0
-24,-3,245,0,-11,0
-41,-3,237,0,-10,0
-26,8,233,0,-9,0
8,1,234,0,-8,0
-16,-11,268,0,-7,0
-19,9,216,0,-6,0
-36,28,232,0,-4,0
-53,19,252,0,-3,0
-1,29,270,0,-2,0
-5,-27,241,0,-1,0
-43,-43,247,0,0,0
-17,4,244,0,2,0
-22,12,249,0,3,0
34,-4,264,0,4,0
22,-8,269,0,5,0
10,-20,268,0,6,0
16,8,297,0,7,0
19,12,313,0,9,0
18,12,258,0,10,0
3,-5,293,0,11,0
37,-6,266,0,12,0
18,-31,284,0,13,0
55,-4,237,0,14,0
11,14,291,0,15,0
26,25,266,0,17,0
45,-10,298,0,18,0
55,5,283,0,19,0
37,9,317,0,20,0
44,-8,245,0,21,0
16,13,279,0,22,0
48,-10,260,0,23,0
81,27,304,0,24,0
58,25,301,0,25,0
77,-2,300,0,26,0
38,-10,256,0,27,0
93,24,300,0,28,0
37,24,338,0,29,0
86,-1,280,0,30,0
51,17,311,0,31,0
85,8,304,0,32,0
66,44,295,0,33,0
54,22,275,0,34,0
46,20,287,0,35,0
81,-19,267,0,35,0
99,-7,315,0,36,0
59,12,291,0,37,0
42,-41,305,0,38,0
62,1,292,0,39,0
93,33,324,0,39,0
90,35,298,0,40,0
43,3,325,0,41,0
75,-29,282,0,41,0
82,16,294,0,42,0
97,24,274,0,43,0
65,-1,327,0,43,0
73,-32,283,0,44,0
95,12,331,0,44,0
77,-14,302,0,45,0
90,7,266,0,45,0
102,-1,273,0,46,0
85,-6,321,0,46,0
65,-21,297,0,47,0
61,-6,325,0,47,0
78,7,272,0,48,0
88,16,299,0,48,0
122,21,313,0,48,0
112,-3,283,0,49,0
126,34,332,0,49,0
122,-10,302,0,49,0
87,15,261,0,49,0
106,-1,325,0,49,0
111,-16,320,0,50,0
103,-6,306,0,50,0
99,-20,295,0,50,0
89,-10,319,0,50,0
93,14,333,0,50,0
78,-4,333,0,50,0
55,1,306,0,50,0
80,-26,322,0,50,0
93,-15,274,0,50,0
93,-9,327,0,50,0
121,-16,311,0,50,0
78,12,333,0,50,0
89,-13,268,0,49,0
95,5,319,0,49,0
96,15,352,0,49,0
61,-31,337,0,49,0
100,-5,312,0,48,0
116,0,292,0,48,0
96,11,296,0,48,0
65,-0,281,0,47,0
59,-12,299,0,47,0
95,13,315,0,46,0
96,-5,302,0,46,0
80,-30,312,0,46,0
100,20,320,0,45,0
109,5,282,0,45,0
85,11,320,0,44,0
78,36,321,0,43,0
82,17,320,0,43,0
65,15,287,0,42,0
48,-26,269,0,42,0
62,-16,344,0,41,0
55,40,275,0,40,0
47,16,268,0,39,0
54,16,324,0,39,0
63,-20,277,0,38,0
53,-16,327,0,37,0
60,6,282,0,36,0
102,30,314,0,36,0
99,-3,304,0,35,0
54,35,245,0,34,0
75,14,313,0,33,0
60,-25,281,0,32,0
111,8,317,0,31,0
71,-9,297,0,30,0
83,5,261,0,29,0
35,-26,278,0,28,0
37,-32,285,0,27,0
78,7,299,0,26,0
64,31,278,0,25,0
29,-24,312,0,24,0
35,25,256,0,23,0
15,23,274,0,22,0
75,-20,287,0,21,0
33,2,249,0,20,0
38,21,280,0,19,0
39,5,259,0,18,0
52,28,283,0,17,0
17,5,255,0,16,0
46,15,270,0,15,0
65,22,245,0,13,0
20,-17,242,0,12,0
13,-23,257,0,11,0
8,11,252,0,10,0
21,19,252,0,9,0
10,-36,258,0,8,0
9,-4,268,0,6,0
-23,-51,270,0,5,0
1,-29,264,0,4,0
10,11,258,0,3,0
19,-23,252,0,2,0
-15,2,244,0,1,0
-13,8,229,0,-1,0
13,-5,200,0,-2,0
3,8,260,0,-3,0
-20,28,215,0,-4,0
-34,-48,271,0,-5,0
-5,-9,226,0,-7,0
-2,-33,259,0,-8,0
-11,-34,257,0,-9,0
-60,2,251,0,-10,0
-17,4,241,0,-11,0
-17,-14,248,0,-12,0
-26,16,276,0,-13,0
-52,-19,241,0,-15,0
-49,-8,228,0,-16,0
-36,-20,270,0,-17,0
-65,-5,200,0,-18,0
-29,6,240,0,-19,0
-58,-30,227,0,-20,0
-10,15,267,0,-21,0
-37,21,247,0,-22,0
-31,14,219,0,-23,0
-74,0,239,0,-24,0
-17,8,240,0,-25,0
-23,33,208,0,-26,0
-61,6,267,0,-27,0
-35,3,246,0,-28,0
-35,3,188,0,-29,0
-32,-5,218,0,-30,0
-68,-2,218,0,-31,0
-85,38,212,0,-32,0
-83,-25,220,0,-33,0
-34,42,229,0,-34,0
-109,9,230,0,-35,0
-77,31,229,0,-36,0
-86,2,226,0,-36,0
-50,15,241,0,-37,0
-64,-37,275,0,-38,0
-86,-19,185,0,-39,0
-96,0,217,0,-40,0
-111,25,226,0,-40,0
-72,-31,200,0,-41,0
-96,21,237,0,-42,0
-76,21,195,0,-42,0
-116,-9,214,0,-43,0
-115,-21,219,0,-43,0
-100,-13,230,0,-44,0
-70,-19,234,0,-45,0
-104,5,223,0,-45,0
-52,1,200,0,-46,0
-70,-49,190,0,-46,0
-64,24,215,0,-47,0
-138,21,200,0,-47,0
-113,27,213,0,-47,0
-102,-5,195,0,-48,0
-130,26,269,0,-48,0
-99,-20,209,0,-48,0
-73,8,185,0,-49,0
-122,23,259,0,-49,0
-121,-7,195,0,-49,0
-63,-2,200,0,-49,0
-112,-2,219,0,-50,0
-93,7,224,0,-50,0
-132,36,235,0,-50,0
-105,-1,204,0,-50,0
-67,17,208,0,-50,0
-74,34,199,0,-50,0
-101,7,170,0,-50,0
-64,-41,189,0,-50,0
-111,7,225,0,-50,0
-106,14,213,0,-50,0
-74,16,214,0,-50,0
-116,-1,184,0,-50,0
-69,20,214,0,-49,0
-73,10,196,0,-49,0
-108,15,223,0,-49,0
-87,24,196,0,-49,0
-96,-14,223,0,-49,0
-67,-45,229,0,-48,0
-59,-5,186,0,-48,0
-124,0,215,0,-48,0
-62,-19,216,0,-47,0
-82,23,210,0,-47,0
-111,-5,205,0,-46,0
-90,6,212,0,-46,0
-96,-14,213,0,-45,0
-111,10,220,0,-45,0
-87,-27,234,0,-44,0
-57,-16,236,0,-44,0
-90,2,171,0,-43,0
-100,16,206,0,-43,0
-76,-13,258,0,-42,0
-99,1,224,0,-41,0
-71,7,227,0,-41,0
-87,26,215,0,-40,0
-81,20,207,0,-39,0
-84,-34,210,0,-39,0
-38,3,253,0,-38,0
-80,11,201,0,-37,0
-77,-21,248,0,-36,0
-70,-23,213,0,-35,0
-56,-15,214,0,-35,0
-43,15,218,0,-34,0
-69,-1,196,0,-33,0
-82,30,247,0,-32,0
-71,18,231,0,-31,0
-53,5,254,0,-30,0
-68,14,233,0,-29,0
-51,-12,219,0,-28,0
-49,-14,255,0,-27,0
-50,-2,248,0,-26,0
-58,22,215,0,-25,0
-12,16,237,0,-24,0
-52,-19,230,0,-23,0
-71,5,220,0,-22,0
-43,-3,239,0,-21,0
-21,24,191,0,-20,0
-83,15,214,0,-19,0
-9,5,203,0,-18,0
-52,29,234,0,-17,0
-34,-38,254,0,-15,0
-12,3,245,0,-14,0
-64,-16,241,0,-13,0
-32,20,257,0,-12,0
-38,-33,212,0,-11,0
-34,-8,222,0,-10,0
-23,-1,265,0,-9,0
32,-7,198,0,-7,0
-13,-0,251,0,-6,0
-16,-15,260,0,-5,0
12,-16,300,0,-4,0
30,-12,242,0,-3,0
-6,36,275,0,-1,0
17,29,274,0,-0,0
-1,-3,249,0,1,0
35,-3,259,0,2,0
-0,26,243,0,3,0
11,-17,247,0,4,0
7,-24,236,0,6,0
10,-8,287,0,7,0
-21,22,255,0,8,0
-0,9,218,0,9,0
28,-15,256,0,10,0
54,-9,267,0,11,0
-11,53,239,0,13,0
49,-6,303,0,14,0
22,-6,284,0,15,0
29,8,254,0,16,0
21,-24,254,0,17,0
46,-48,263,0,18,0
46,-8,305,0,19,0
42,11,278,0,20,0
74,26,309,0,21,0
51,17,303,0,23,0
45,-9,274,0,24,0
83,-4,274,0,25,0
30,-14,267,0,26,0
24,6,297,0,27,0
40,-12,266,0,28,0
6,-6,269,0,29,0
29,24,275,0,30,0
82,18,296,0,31,0
43,-24,289,0,31,0
47,15,303,0,32,0
73,4,328,0,33,0
51,1,284,0,34,0
69,8,295,0,35,0
85,-15,264,0,36,0
84,13,305,0,37,0
89,8,325,0,37,0
83,-0,284,0,38,0
92,8,286,0,39,0
83,26,341,0,40,0
65,30,288,0,40,0
84,14,279,0,41,0
75,-5,299,0,42,0
82,4,292,0,42,0
84,-13,283,0,43,0
57,7,278,0,44,0
47,26,271,0,44,0
62,15,271,0,45,0
137,37,309,0,45,0
103,1,275,0,46,0
90,18,268,0,46,0
98,-13,313,0,47,0
89,-6,273,0,47,0
69,-6,307,0,47,0
103,-2,260,0,48,0
106,-24,279,0,48,0
92,1,317,0,48,0
135,11,312,0,49,0
80,26,318,0,49,0
106,10,316,0,49,0
85,29,325,0,49,0
95,-5,326,0,50,0
80,-32,296,0,50,0
133,-8,297,0,50,0
45,-21,334,0,50,0
134,2,311,0,50,0
126,18,332,0,50,0
118,23,328,0,50,0
117,-33,298,0,50,0
67,-7,344,0,50,0
129,-16,331,0,50,0
96,-25,266,0,50,0
71,-3,269,0,50,0
115,8,279,0,49,0
111,4,319,0,49,0
110,3,335,0,49,0
100,9,302,0,49,0
88,-30,330,0,49,0
114,-24,305,0,48,0
125,-20,295,0,48,0
80,22,308,0,48,0
93,33,283,0,47,0
55,-22,311,0,47,0
94,-31,301,0,46,0
88,-32,292,0,46,0
89,-38,305,0,45,0
60,-4,323,0,45,0
69,-8,341,0,44,0
63,-15,297,0,44,0
87,-19,303,0,43,0
98,-3,281,0,43,0
87,13,301,0,42,0
51,23,268,0,41,0
80,7,277,0,41,0
75,-1,275,0,40,0
62,16,275,0,39,0
96,1,293,0,38,0
54,31,275,0,38,0
108,-18,304,0,37,0
67,41,273,0,36,0
62,-28,261,0,35,0
80,-17,259,0,34,0
76,-7,312,0,34,0
100,6,283,0,33,0
75,9,331,0,32,0
72,-11,263,0,31,0
34,33,302,0,30,0
72,-26,273,0,29,0
73,-0,314,0,28,0
66,-38,265,0,27,0
72,-33,283,0,26,0
25,-20,281,0,25,0
80,-21,224,0,24,0
81,-7,283,0,23,0
38,27,301,0,22,0
16,-25,260,0,21,0
46,-10,259,0,20,0
62,31,286,0,19,0
40,27,235,0,17,0
27,-18,276,0,16,0
88,-8,276,0,15,0
23,4,274,0,14,0
15,7,272,0,13,0
-5,-8,224,0,12,0
28,-19,273,0,11,0
12,-11,245,0,9,0
-18,-19,265,0,8,0
5,-1,256,0,7,0
20,2,230,0,6,0
2,9,282,0,5,0
6,8,272,0,4,0
-27,10,252,0,2,0
-46,25,274,0,1,0
26,-11,201,0,0,0
-5,-1,266,0,-1,0
-10,11,266,0,-2,0
15,-36,206,0,-4,0
24,-18,265,0,-5,0
10,19,247,0,-6,0
9,-16,270,0,-7,0
-57,-12,219,0,-8,0
-22,31,234,0,-9,0
-15,-33,243,0,-11,0
-33,33,277,0,-12,0
-10,2,241,0,-13,0
28,1,251,0,-14,0
-33,7,205,0,-15,0
-32,38,195,0,-16,0
-33,11,241,0,-17,0
-30,22,221,0,-18,0
-58,7,246,0,-20,0
-33,-1,229,0,-21,0
-79,22,246,0,-22,0
-45,-11,213,0,-23,0
-53,-1,246,0,-24,0
-18,-65,289,0,-25,0
-45,0,227,0,-26,0
-75,38,225,0,-27,0
-49,-1,220,0,-28,0
-45,8,215,0,-29,0
-60,-2,236,0,-30,0
-48,27,246,0,-31,0
-65,-33,214,0,-32,0
-90,26,187,0,-33,0
-73,-16,265,0,-33,0
-51,7,214,0,-34,0
-37,16,225,0,-35,0
-55,-2,202,0,-36,0
-82,14,223,0,-37,0
-77,30,238,0,-38,0
-78,-7,236,0,-38,0
-96,-11,247,0,-39,0
-111,34,216,0,-40,0
-89,1,192,0,-41,0
-89,1,201,0,-41,0
-87,10,200,0,-42,0
-71,7,230,0,-43,0
-97,-2,257,0,-43,0
-94,11,221,0,-44,0
-120,9,194,0,-44,0
-75,25,213,0,-45,0
-93,27,188,0,-45,0
-110,9,216,0,-46,0
-92,-23,204,0,-46,0
-60,-30,235,0,-47,0
-89,3,230,0,-47,0
-108,-11,234,0,-47,0
-77,-7,199,0,-48,0
-101,2,237,0,-48,0
-114,24,196,0,-48,0
-96,30,231,0,-49,0
-71,-14,202,0,-49,0
-109,36,230,0,-49,0
-115,-28,233,0,-49,0
-90,-15,226,0,-50,0
-95,-42,213,0,-50,0
-162,-8,204,0,-50,0
-89,42,214,0,-50,0
-92,4,211,0,-50,0
-104,8,224,0,-50,0
-119,-16,210,0,-50,0
-115,35,225,0,-50,0
-142,17,141,0,-50,0
-112,-1,209,0,-50,0
-98,-15,218,0,-50,0
-88,6,178,0,-50,0
-85,17,226,0,-49,0
-114,-9,202,0,-49,0
-94,10,188,0,-49,0
-98,-1,212,0,-49,0
-75,24,209,0,-48,0
-137,-26,203,0,-48,0
-93,-17,182,0,-48,0
-86,42,242,0,-47,0
-98,-8,192,0,-47,0
-92,36,204,0,-47,0
-56,29,206,0,-46,0
-96,12,210,0,-46,0
-83,10,197,0,-45,0
-111,7,215,0,-45,0
-108,15,217,0,-44,0
-87,9,224,0,-44,0
-86,-7,198,0,-43,0
-89,23,229,0,-42,0
-92,2,219,0,-42,0
-85,18,261,0,-41,0
-93,-35,215,0,-40,0
-41,-30,209,0,-40,0
-82,19,203,0,-39,0
-74,12,242,0,-38,0
-110,7,217,0,-37,0
-51,10,199,0,-37,0
-63,-8,210,0,-36,0
-46,-12,221,0,-35,0
-96,1,266,0,-34,0
-53,32,249,0,-33,0
-36,-22,256,0,-32,0
-67,-25,185,0,-32,0
-64,-2,238,0,-31,0
-62,-20,262,0,-30,0
-53,23,258,0,-29,0
-47,22,228,0,-28,0
-68,-5,226,0,-27,0
-72,9,212,0,-26,0
-61,-11,252,0,-25,0
-56,11,174,0,-24,0
-28,-43,241,0,-23,0
-36,-18,250,0,-22,0
-76,-20,258,0,-20,0
-46,-23,242,0,-19,0
-37,5,269,0,-18,0
-43,-27,250,0,-17,0
-42,-6,240,0,-16,0
-71,-22,270,0,-15,0
-37,-20,246,0,-14,0
-17,3,250,0,-13,0
-23,-18,237,0,-12,0
-24,-1,221,0,-10,0
-34,2,278,0,-9,0
-29,-21,228,0,-8,0
-10,3,250,0,-7,0
-49,-8,257,0,-6,0
-22,-6,254,0,-5,0
-22,21,262,0,-3,0
-13,1,269,0,-2,0
-24,2,265,0,-1,0
-26,31,264,0,0,0
-9,24,248,0,1,0
-3,17,245,0,3,0
19,-11,257,0,4,0
-14,18,254,0,5,0
2,-3,294,0,6,0
23,-38,284,0,7,0
24,15,282,0,8,0
48,-18,264,0,10,0
20,18,280,0,11,0
27,-10,332,0,12,0
35,11,278,0,13,0
5,-10,259,0,14,0
93,3,262,0,15,0
60,22,287,0,16,0
4,16,277,0,18,0
32,15,275,0,19,0
46,-8,244,0,20,0
52,15,284,0,21,0
3,-4,269,0,22,0
35,4,257,0,23,0
92,60,276,0,24,0
47,13,273,0,25,0
101,20,282,0,26,0
60,5,306,0,27,0
53,10,274,0,28,0
56,6,305,0,29,0
88,-14,291,0,30,0
61,8,285,0,31,0
86,46,257,0,32,0
40,-8,317,0,33,0
78,-2,243,0,34,0
62,-22,284,0,34,0
83,-11,272,0,35,0
82,6,266,0,36,0
99,-1,279,0,37,0
53,1,275,0,38,0
64,3,274,0,39,0
66,-4,285,0,39,0
48,-6,299,0,40,0
89,-9,295,0,41,0
83,-24,298,0,41,0
89,-13,263,0,42,0
130,14,308,0,43,0
87,-3,270,0,43,0
73,16,278,0,44,0
76,-9,311,0,44,0
115,-16,272,0,45,0
77,-15,330,0,45,0
79,0,313,0,46,0
103,-34,313,0,46,0
91,-24,282,0,47,0
66,6,324,0,47,0
101,-24,340,0,48,0
75,-10,286,0,48,0
106,20,284,0,48,0
78,19,319,0,49,0
95,-9,309,0,49,0
105,-20,275,0,49,0
91,-13,288,0,49,0
96,14,286,0,49,0
107,-14,289,0,50,0
67,1,271,0,50,0
100,17,300,0,50,0
143,-3,317,0,50,0
108,-16,321,0,50,0
109,6,318,0,50,0
113,3,309,0,50,0
125,8,294,0,50,0
91,4,339,0,50,0
91,-4,281,0,50,0
113,-29,306,0,50,0
83,22,295,0,50,0
100,-34,310,0,49,0
82,15,314,0,49,0
95,20,293,0,49,0
94,-13,301,0,49,0
85,8,305,0,48,0
68,25,343,0,48,0
76,16,266,0,48,0
129,-4,299,0,47,0
94,-20,333,0,47,0
84,-20,299,0,47,0
98,-23,294,0,46,0
52,-21,289,0,46,0
105,-18,281,0,45,0
91,-6,276,0,45,0
123,-28,321,0,44,0
109,-17,287,0,44,0
53,33,293,0,43,0
84,2,287,0,42,0
62,-2,261,0,42,0
69,-15,300,0,41,0
74,-20,284,0,40,0
94,2,273,0,40,0
95,30,289,0,39,0
17,29,291,0,38,0
49,-26,308,0,37,0
59,-26,322,0,37,0
69,1,259,0,36,0
94,1,281,0,35,0
59,35,305,0,34,0
56,31,323,0,33,0
71,-10,283,0,32,0
69,-6,278,0,31,0
54,1,299,0,30,0
46,-21,316,0,29,0
61,17,272,0,28,0
59,8,263,0,27,0
62,-5,280,0,26,0
32,-40,287,0,25,0
4,6,283,0,24,0
43,-35,293,0,23,0
24,11,257,0,22,0
21,-28,301,0,21,0
6,13,278,0,20,0
44,14,280,0,19,0
32,12,273,0,18,0
74,-38,270,0,17,0
36,-10,274,0,16,0
38,-7,268,0,15,0
42,-35,231,0,14,0
33,31,249,0,12,0
10,-5,289,0,11,0
31,-6,271,0,10,0
33,-36,297,0,9,0
12,41,230,0,8,0
-6,-29,254,0,7,0
-18,-17,241,0,5,0
28,-34,252,0,4,0
-2,-42,241,0,3,0
-3,-29,262,0,2,0
-24,-7,221,0,1,0
15,32,244,0,-0,0
3,32,227,0,-2,0
-31,12,228,0,-3,0
-51,40,253,0,-4,0
-23,-1,290,0,-5,0
-9,24,255,0,-6,0
-29,43,265,0,-8,0
-10,6,212,0,-9,0
-8,18,245,0,-10,0
4,-7,266,0,-11,0
-39,-21,263,0,-12,0
-6,-4,263,0,-13,0
-84,10,245,0,-14,0
-1,23,264,0,-16,0
-22,33,227,0,-17,0
-3,20,256,0,-18,0
-55,7,227,0,-19,0
-26,-2,253,0,-20,0
-28,-7,235,0,-21,0
19,-12,219,0,-22,0
-52,35,255,0,-23,0
-46,12,252,0,-24,0
-49,33,253,0,-25,0
-74,27,203,0,-26,0
-55,-9,234,0,-27,0
-31,-35,248,0,-28,0
-58,5,265,0,-29,0
-68,9,228,0,-30,0
-46,-1,241,0,-31,0
-78,23,219,0,-32,0
-50,7,229,0,-33,0
-95,15,242,0,-34,0
-54,-26,216,0,-35,0
-63,-31,219,0,-36,0
-72,19,219,0,-36,0
-61,4,197,0,-37,0
-98,-22,240,0,-38,0
-69,-7,179,0,-39,0
-95,-13,205,0,-39,0
-69,3,216,0,-40,0
-92,2,236,0,-41,0
-90,3,229,0,-42,0
-97,21,202,0,-42,0
-74,3,215,0,-43,0
-107,-6,180,0,-43,0
-111,-18,198,0,-44,0
-78,-6,188,0,-45,0
-78,0,240,0,-45,0
-81,29,201,0,-46,0
-85,31,204,0,-46,0
-81,-11,223,0,-46,0
-83,-25,180,0,-47,0
-78,5,237,0,-47,0
-92,-0,179,0,-48,0
-74,20,200,0,-48,0
-99,24,194,0,-48,0
-93,-1,194,0,-49,0
-122,-34,252,0,-49,0
-125,4,190,0,-49,0
-107,18,225,0,-49,0
-70,-7,198,0,-49,0
-112,6,239,0,-50,0
-110,-16,194,0,-50,0
-100,-3,240,0,-50,0
-83,-20,193,0,-50,0
-60,27,204,0,-50,0
-109,9,207,0,-50,0
-87,9,209,0,-50,0
-91,-2,191,0,-50,0
-145,-1,186,0,-50,0
-124,14,213,0,-50,0
-109,54,213,0,-50,0
-74,18,214,0,-49,0
-82,1,189,0,-49,0
-110,28,171,0,-49,0
-110,17,239,0,-49,0
-122,4,202,0,-49,0
-69,-23,234,0,-48,0
-99,1,210,0,-48,0
-77,-4,213,0,-48,0
-118,-14,214,0,-47,0
-119,16,195,0,-47,0
-104,-2,238,0,-46,0
-96,-18,236,0,-46,0
-122,1,191,0,-46,0
-80,10,193,0,-45,0
-128,12,206,0,-45,0
-71,-1,201,0,-44,0
-92,18,223,0,-43,0
-68,12,206,0,-43,0
-82,-31,229,0,-42,0
-69,16,174,0,-42,0
-114,19,206,0,-41,0
-82,-6,178,0,-40,0
-80,14,188,0,-39,0
-73,-38,249,0,-39,0
-48,-11,228,0,-38,0
-128,-2,232,0,-37,0
-93,19,238,0,-36,0
-65,16,230,0,-36,0
-53,8,228,0,-35,0
-76,9,226,0,-34,0
-75,7,251,0,-33,0
-56,6,224,0,-32,0
-71,-45,195,0,-31,0
-43,23,208,0,-30,0
-69,-9,249,0,-29,0
-85,29,254,0,-28,0
-41,3,227,0,-27,0
-6,15,247,0,-26,0
-86,-20,250,0,-25,0
-60,-13,228,0,-24,0
-65,-1,211,0,-23,0
-51,-38,215,0,-22,0
-44,-8,256,0,-21,0
-60,24,248,0,-20,0
12,4,229,0,-19,0
-7,-48,233,0,-18,0
-24,-7,236,0,-17,0
-9,-11,247,0,-16,0
1,-8,232,0,-14,0
-16,-2,250,0,-13,0
-9,-39,232,0,-12,0
34,-15,237,0,-11,0
-36,-17,253,0,-10,0
-59,3,248,0,-9,0
-14,-29,219,0,-8,0
-20,19,256,0,-6,0
9,14,242,0,-5,0
-10,20,228,0,-4,0
-7,-11,244,0,-3,0
2,12,228,0,-2,0
-0,6,245,0,-0,0
24,-51,265,0,1,0
35,-11,232,0,2,0
10,10,238,0,3,0
28,6,245,0,4,0
-21,-21,256,0,5,0
17,9,244,0,7,0
27,-19,295,0,8,0
-13,13,205,0,9,0
24,-5,286,0,10,0
-0,-14,252,0,11,0
7,-11,269,0,12,0
10,-23,295,0,14,0
21,15,258,0,15,0
-7,20,240,0,16,0
4,21,300,0,17,0
43,2,305,0,18,0
65,34,275,0,19,0
50,29,248,0,20,0
49,15,280,0,21,0
58,-37,247,0,22,0
64,13,277,0,23,0
56,33,238,0,24,0
49,15,293,0,25,0
51,10,282,0,27,0
16,-16,246,0,28,0
68,-64,293,0,28,0
40,20,300,0,29,0
60,9,293,0,30,0
65,45,276,0,31,0
92,-18,259,0,32,0
97,12,283,0,33,0
53,10,297,0,34,0
90,11,289,0,35,0
51,-6,262,0,36,0
80,17,309,0,37,0
113,4,274,0,37,0
31,-9,270,0,38,0
53,22,285,0,39,0
106,-19,307,0,40,0
49,-5,305,0,40,0
98,7,303,0,41,0
107,-28,300,0,42,0
92,-1,301,0,42,0
114,-53,278,0,43,0
81,-3,284,0,44,0
104,-9,290,0,44,0
91,11,265,0,45,0
110,7,266,0,45,0
94,4,328,0,46,0
99,-17,320,0,46,0
69,7,296,0,47,0
100,0,316,0,47,0
99,-1,267,0,47,0
122,4,293,0,48,0
77,3,267,0,48,0
89,1,322,0,48,0
132,-2,277,0,49,0
103,-10,274,0,49,0
123,18,274,0,49,0
160,-5,314,0,49,0
110,-15,318,0,50,0
137,-0,283,0,50,0
146,-0,293,0,50,0
84,-9,304,0,50,0
78,-17,333,0,50,0
110,-12,304,0,50,0
64,30,287,0,50,0
134,17,332,0,50,0
98,21,328,0,50,0
91,3,268,0,50,0
118,61,288,0,50,0
125,17,318,0,50,0
112,17,304,0,49,0
114,-15,294,0,49,0
133,6,315,0,49,0
84,-7,298,0,49,0
83,-29,293,0,49,0
100,5,317,0,48,0
88,9,313,0,48,0
96,-18,304,0,48,0
108,11,304,0,47,0
94,-21,284,0,47,0
94,-11,293,0,46,0
94,10,307,0,46,0
95,39,331,0,45,0
100,10,283,0,45,0
66,-27,300,0,44,0
105,-27,314,0,44,0
88,-15,258,0,43,0
120,25,287,0,43,0
70,23,289,0,42,0
119,-8,289,0,41,0
39,-29,300,0,41,0
63,25,316,0,40,0
53,-16,274,0,39,0
69,5,284,0,39,0
78,10,275,0,38,0
60,-13,294,0,37,0
79,-23,304,0,36,0
82,-32,292,0,35,0
92,-43,287,0,34,0
57,17,264,0,34,0
63,19,279,0,33,0
47,-8,290,0,32,0
87,43,299,0,31,0
97,4,282,0,30,0
9,-15,219,0,29,0
57,1,271,0,28,0
45,-11,267,0,27,0
-1,-9,264,0,26,0
56,-30,271,0,25,0
29,-21,282,0,24,0
25,21,280,0,23,0
47,15,252,0,22,0
62,18,275,0,21,0
75,-4,279,0,20,0
8,13,251,0,19,0
51,8,250,0,18,0
43,30,263,0,16,0
9,-6,280,0,15,0
43,-2,273,0,14,0
31,-2,278,0,13,0
27,9,245,0,12,0
35,-6,262,0,11,0
39,13,275,0,10,0
11,-40,274,0,8,0
-2,-16,276,0,7,0
36,-29,306,0,6,0
-11,16,217,0,5,0
14,19,243,0,4,0
54,-17,236,0,3,0
25,35,261,0,1,0
15,25,235,0,0,0
-20,3,250,0,-1,0
4,9,243,0,-2,0
3,-14,264,0,-3,0
-77,14,273,0,-5,0
9,-1,278,0,-6,0
-25,-9,241,0,-7,0
-21,-6,260,0,-8,0
-2,-18,264,0,-9,0
-43,14,238,0,-10,0
10,2,280,0,-12,0
-8,-34,251,0,-13,0
-48,7,273,0,-14,0
-49,40,253,0,-15,0
-49,-4,220,0,-16,0
-71,-4,228,0,-17,0
-42,1,248,0,-18,0
-80,11,229,0,-19,0
-73,4,268,0,-20,0
-51,-40,252,0,-22,0
-42,-16,202,0,-23,0
-57,11,245,0,-24,0
-58,-12,239,0,-25,0
-74,39,273,0,-26,0
-47,-6,268,0,-27,0
-69,-15,249,0,-28,0
-63,-9,229,0,-29,0
-60,9,252,0,-30,0
-46,-17,243,0,-31,0
-52,30,223,0,-32,0
-67,-3,184,0,-32,0
-62,4,195,0,-33,0
-43,1,213,0,-34,0
-46,9,180,0,-35,0
-27,-19,239,0,-36,0
-71,-18,200,0,-37,0
-75,-0,204,0,-37,0
-99,-3,247,0,-38,0
-42,-30,220,0,-39,0
-87,0,219,0,-40,0
-84,8,218,0,-40,0
-81,12,216,0,-41,0
-77,-13,174,0,-42,0
-92,-9,223,0,-42,0
-81,-9,214,0,-43,0
-99,-1,232,0,-44,0
-111,-26,199,0,-44,0
-94,-12,200,0,-45,0
-55,-5,238,0,-45,0
-63,9,213,0,-46,0
-95,13,211,0,-46,0
-45,-13,195,0,-47,0
-61,-7,198,0,-47,0
-86,-3,188,0,-47,0
-89,-8,223,0,-48,0
-93,-5,229,0,-48,0
-88,-11,205,0,-48,0
-139,-11,230,0,-49,0
-97,-26,197,0,-49,0
-147,-6,234,0,-49,0
-96,0,208,0,-49,0
-112,-3,191,0,-50,0
-85,24,196,0,-50,0
-68,21,183,0,-50,0
-105,13,209,0,-50,0
-119,8,205,0,-50,0
-68,33,212,0,-50,0
-125,14,186,0,-50,0
-84,4,186,0,-50,0
-96,-12,202,0,-50,0
-95,10,208,0,-50,0
-84,-7,199,0,-50,0
-99,-9,210,0,-50,0
-55,0,230,0,-49,0
-124,17,175,0,-49,0
-133,20,200,0,-49,0
-77,-5,241,0,-49,0
-132,25,167,0,-48,0
-98,-25,188,0,-48,0
-85,16,256,0,-48,0
-58,-20,184,0,-47,0
-71,-0,219,0,-47,0
-110,-12,195,0,-47,0
-107,-12,217,0,-46,0
-107,53,171,0,-46,0
-122,29,213,0,-45,0
-107,16,204,0,-45,0
-82,31,218,0,-44,0
-84,-34,184,0,-44,0
-92,-29,226,0,-43,0
-94,13,244,0,-43,0
-80,19,230,0,-42,0
-81,4,227,0,-41,0
-91,3,234,0,-41,0
-103,2,218,0,-40,0
-109,6,214,0,-39,0
-66,-4,220,0,-38,0
-36,-1,222,0,-38,0
-104,18,225,0,-37,0
-98,9,184,0,-36,0
-53,31,213,0,-35,0
-109,5,228,0,-34,0
-102,-26,217,0,-33,0
-95,-3,184,0,-33,0
-40,9,237,0,-32,0
-98,-9,234,0,-31,0
-47,11,170,0,-30,0
-61,12,249,0,-29,0
-37,53,246,0,-28,0
-45,-33,221,0,-27,0
-42,31,242,0,-26,0
-39,-7,265,0,-25,0
-45,-11,247,0,-24,0
-70,17,236,0,-23,0
-31,-1,246,0,-22,0
-39,23,243,0,-21,0
-14,24,237,0,-20,0
-11,-2,244,0,-18,0
-63,-2,275,0,-17,0
-26,-43,236,0,-16,0
-31,-19,227,0,-15,0
-61,35,269,0,-14,0
-74,21,240,0,-13,0
-12,12,235,0,-12,0
-22,5,205,0,-11,0
-10,8,254,0,-9,0
-17,4,256,0,-8,0
-14,-35,307,0,-7,0
2,-4,245,0,-6,0
-5,1,257,0,-5,0
7,6,273,0,-3,0
-14,25,266,0,-2,0
-12,-3,269,0,-1,0
-8,19,279,0,0,0
-6,3,243,0,1,0
12,-17,305,0,2,0
32,16,223,0,4,0
26,-12,269,0,5,0
-1,-14,267,0,6,0
11,-17,252,0,7,0
49,-16,237,0,8,0
-20,14,254,0,9,0
45,-6,279,0,11,0
43,14,284,0,12,0
66,-12,272,0,13,0
27,-26,264,0,14,0
33,14,275,0,15,0
40,34,301,0,16,0
33,4,267,0,17,0
38,9,286,0,19,0
17,-24,273,0,20,0
57,13,273,0,21,0
36,9,308,0,22,0
36,-35,287,0,23,0
67,4,268,0,24,0
46,23,281,0,25,0
76,10,276,0,26,0
82,14,291,0,27,0
46,13,294,0,28,0
50,-69,288,0,29,0
32,-5,276,0,30,0
95,-1,260,0,31,0
71,3,314,0,32,0
86,43,270,0,33,0
83,30,273,0,34,0
52,21,301,0,34,0
45,-5,287,0,35,0
18,42,283,0,36,0
86,-24,299,0,37,0
74,35,284,0,38,0
86,8,289,0,38,0
106,-2,322,0,39,0
63,14,294,0,40,0
118,13,312,0,41,0
101,-38,269,0,41,0
82,0,299,0,42,0
53,4,294,0,43,0
90,2,343,0,43,0
64,-34,289,0,44,0
35,11,296,0,44,0
103,28,329,0,45,0
115,-20,334,0,45,0
87,3,328,0,46,0
65,-45,298,0,46,0
81,-8,320,0,47,0
96,4,307,0,47,0
117,-35,284,0,48,0
66,31,303,0,48,0
86,-1,306,0,48,0
93,-10,337,0,49,0
102,-12,309,0,49,0
81,18,313,0,49,0
104,15,305,0,49,0
124,-6,341,0,49,0
102,36,311,0,50,0
125,-4,296,0,50,0
117,-13,314,0,50,0
68,-28,305,0,50,0
88,36,322,0,50,0
111,16,295,0,50,0
109,-30,313,0,50,0
61,30,314,0,50,0
119,25,331,0,50,0
91,10,276,0,50,0
94,-4,353,0,50,0
98,9,328,0,50,0
87,6,323,0,49,0
106,-10,301,0,49,0
110,-9,308,0,49,0
79,45,287,0,49,0
62,-10,286,0,48,0
103,-5,277,0,48,0
117,-29,320,0,48,0
101,-7,307,0,47,0
71,-1,320,0,47,0
118,24,308,0,47,0
126,-27,307,0,46,0
101,12,267,0,46,0
94,27,315,0,45,0
85,10,300,0,45,0
122,-30,323,0,44,0
79,5,318,0,44,0
48,-18,262,0,43,0
97,-27,310,0,42,0
74,-38,311,0,42,0
103,52,289,0,41,0
90,15,310,0,40,0
85,-1,279,0,40,0
94,-25,319,0,39,0
59,-53,285,0,38,0
38,-12,264,0,37,0
75,-41,310,0,37,0
34,41,275,0,36,0
58,23,285,0,35,0
52,3,301,0,34,0
79,-1,291,0,33,0
49,0,327,0,32,0
54,8,277,0,31,0
46,-18,281,0,31,0
116,18,312,0,30,0
90,-7,307,0,29,0
60,34,234,0,28,0
62,-19,311,0,27,0
63,-27,268,0,26,0
70,15,271,0,25,0
30,-3,274,0,24,0
98,-33,281,0,23,0
23,-5,289,0,21,0
13,8,276,0,20,0
46,4,304,0,19,0
26,4,250,0,18,0
62,-27,290,0,17,0
27,1,274,0,16,0
46,-11,262,0,15,0
39,-3,272,0,14,0
2,7,259,0,13,0
46,11,280,0,11,0
29,-19,244,0,10,0
20,-29,267,0,9,0
0,-37,297,0,8,0
49,-3,268,0,7,0
25,10,248,0,6,0
57,-2,304,0,4,0
51,9,237,0,3,0
4,18,262,0,2,0
6,-4,242,0,1,0
-2,-9,257,0,-0,0
32,-12,279,0,-2,0
6,-22,224,0,-3,0
-21,-16,253,0,-4,0
-14,1,249,0,-5,0
23,-33,241,0,-6,0
-40,-33,251,0,-7,0
-14,22,208,0,-9,0
-32,-20,250,0,-10,0
-12,2,206,0,-11,0
-70,-3,234,0,-12,0
-2,-8,245,0,-13,0
-7,1,248,0,-14,0
2,-7,202,0,-15,0
-28,-43,264,0,-17,0
-27,-8,215,0,-18,0
-51,-31,194,0,-19,0
-24,-13,238,0,-20,0
-11,-15,257,0,-21,0
-51,-9,217,0,-22,0
-35,-23,254,0,-23,0
-32,3,251,0,-24,0
-36,12,219,0,-25,0
-85,-6,241,0,-26,0
-38,-45,268,0,-27,0
-55,2,246,0,-28,0
-51,-16,234,0,-29,0
-35,-28,193,0,-30,0
-59,-2,230,0,-31,0
-49,-8,193,0,-32,0
-32,-6,201,0,-33,0
-67,47,199,0,-34,0
-66,21,181,0,-35,0
-61,6,251,0,-35,0
-90,-19,251,0,-36,0
-68,33,229,0,-37,0
-86,-24,184,0,-38,0
-76,-6,233,0,-39,0
-123,38,200,0,-39,0
-62,-7,217,0,-40,0
-77,20,247,0,-41,0
-75,-30,213,0,-41,0
-52,6,231,0,-42,0
-105,-24,237,0,-43,0
-92,29,212,0,-43,0
-67,-20,195,0,-44,0
-121,7,240,0,-44,0
-135,2,190,0,-45,0
-82,-40,234,0,-45,0
-109,8,224,0,-46,0
-96,-21,216,0,-46,0
-84,-16,217,0,-47,0
-95,-7,198,0,-47,0
-106,10,196,0,-48,0
-104,-25,179,0,-48,0
-67,1,257,0,-48,0
-74,-3,178,0,-49,0
-100,40,164,0,-49,0
-131,11,236,0,-49,0
-68,17,201,0,-49,0
-113,38,223,0,-49,0
-115,-5,194,0,-50,0
-119,23,190,0,-50,0
-89,2,206,0,-50,0
-101,32,224,0,-50,0
-82,-3,186,0,-50,0
-104,9,206,0,-50,0
-77,-36,226,0,-50,0
-80,-0,239,0,-50,0
-119,14,215,0,-50,0
-116,-9,227,0,-50,0
-124,14,216,0,-50,0
-84,-18,229,0,-50,0
-74,-20,190,0,-49,0
-132,-20,186,0,-49,0
-146,34,180,0,-49,0
-92,-22,195,0,-49,0
-108,-4,215,0,-48,0
-120,35,275,0,-48,0
-112,-25,237,0,-48,0
-97,-21,208,0,-47,0
-99,-15,209,0,-47,0
-84,-10,224,0,-47,0
-113,15,188,0,-46,0
-93,-37,186,0,-46,0
-93,-5,171,0,-45,0
-62,-30,214,0,-45,0
-72,11,194,0,-44,0
-110,27,198,0,-43,0
-66,14,244,0,-43,0
-54,7,236,0,-42,0
-94,14,216,0,-42,0
-63,6,202,0,-41,0
-96,37,207,0,-40,0
-69,-14,226,0,-40,0
-59,-26,227,0,-39,0
-56,18,231,0,-38,0
-69,10,235,0,-37,0
-60,26,249,0,-36,0
-75,-19,235,0,-36,0
-64,34,244,0,-35,0
-52,1,232,0,-34,0
-76,-4,240,0,-33,0
-68,14,232,0,-32,0
-39,11,212,0,-31,0
-99,-16,217,0,-30,0
-49,-20,208,0,-29,0
-69,-14,275,0,-28,0
-49,-41,265,0,-27,0
-51,-12,246,0,-26,0
-19,37,213,0,-25,0
-80,-6,285,0,-24,0
-11,-7,237,0,-23,0
-40,-2,244,0,-22,0
-25,25,243,0,-21,0
-42,2,222,0,-20,0
-22,-22,247,0,-19,0
-41,7,229,0,-18,0
-33,38,258,0,-17,0
-10,-48,248,0,-16,0
-22,-11,227,0,-15,0
-35,-19,284,0,-13,0
-17,-13,244,0,-12,0
-19,32,247,0,-11,0
-39,30,278,0,-10,0
38,15,229,0,-9,0
7,21,255,0,-8,0
-6,-19,249,0,-7,0
6,27,224,0,-5,0
-8,27,294,0,-4,0
-51,-3,250,0,-3,0
9,-0,264,0,-2,0
-12,-32,234,0,-1,0
-27,-6,241,0,1,0
30,16,227,0,2,0
-9,-7,232,0,3,0
17,-30,254,0,4,0
9,-17,255,0,5,0
34,-34,273,0,6,0
3,11,273,0,8,0
-20,-19,260,0,9,0
43,30,261,0,10,0
15,-15,265,0,11,0
27,1,254,0,12,0
31,-30,279,0,13,0
-0,-5,283,0,15,0
59,40,291,0,16,0
6,17,264,0,17,0
22,-37,303,0,18,0
46,46,273,0,19,0
65,-23,314,0,20,0
32,6,286,0,21,0
15,-6,286,0,22,0
70,-38,261,0,23,0
43,-21,288,0,24,0
55,7,314,0,25,0
113,15,284,0,26,0
59,12,254,0,27,0
69,10,306,0,28,0
87,-19,260,0,29,0
58,-15,310,0,30,0
40,16,291,0,31,0
88,-18,314,0,32,0
61,6,290,0,33,0
100,-21,325,0,34,0
94,15,256,0,35,0
92,10,260,0,36,0
98,-2,309,0,36,0
109,-16,302,0,37,0
51,-16,308,0,38,0
64,-5,259,0,39,0
108,5,294,0,39,0
91,10,294,0,40,0
95,18,292,0,41,0
102,-26,272,0,42,0
66,7,296,0,42,0
109,-26,297,0,43,0
113,-30,290,0,43,0
87,-19,293,0,44,0
75,11,271,0,45,0
61,11,304,0,45,0
78,-38,271,0,46,0
107,4,311,0,46,0
93,-15,290,0,47,0
90,-8,328,0,47,0
99,7,299,0,47,0
75,14,313,0,48,0
115,-8,314,0,48,0
115,-3,312,0,48,0
100,7,313,0,49,0
105,8,295,0,49,0
71,1,309,0,49,0
122,14,321,0,49,0
105,-8,327,0,50,0
96,-6,297,0,50,0
86,8,329,0,50,0
134,16,300,0,50,0
109,21,324,0,50,0
91,-14,304,0,50,0
71,3,290,0,50,0
110,1,289,0,50,0
126,20,327,0,50,0
83,13,294,0,50,0
135,-21,304,0,50,0
64,-33,302,0,50,0
96,-21,280,0,49,0
114,-6,295,0,49,0
94,-10,260,0,49,0
106,29,305,0,49,0
87,2,301,0,49,0
130,-2,324,0,48,0
75,-21,313,0,48,0
56,-8,280,0,48,0
114,3,248,0,47,0
75,7,301,0,47,0
110,-20,303,0,46,0
65,-30,270,0,46,0
101,10,290,0,45,0
90,16,265,0,45,0
71,-15,328,0,44,0
86,-8,273,0,44,0
138,-17,282,0,43,0
111,29,281,0,43,0
77,-18,311,0,42,0
74,-1,281,0,41,0
74,-2,280,0,41,0
73,26,330,0,40,0
47,-35,307,0,39,0
59,-7,301,0,39,0
56,-4,271,0,38,0
65,-10,286,0,37,0
49,-25,316,0,36,0
55,-4,262,0,35,0
50,13,293,0,35,0
77,32,263,0,34,0
91,40,292,0,33,0
42,13,316,0,32,0
19,15,250,0,31,0
63,-44,310,0,30,0
47,32,283,0,29,0
74,29,320,0,28,0
37,-28,297,0,27,0
10,29,295,0,26,0
52,17,297,0,25,0
54,18,298,0,24,0
6,-4,290,0,23,0
77,35,282,0,22,0
49,25,290,0,21,0
62,-34,246,0,20,0
63,-5,293,0,19,0
37,-5,244,0,18,0
32,-0,272,0,17,0
26,-15,274,0,15,0
15,-24,291,0,14,0
44,16,257,0,13,0
32,-21,284,0,12,0
52,-10,274,0,11,0
16,-9,255,0,10,0
48,-24,256,0,9,0
16,31,266,0,7,0
48,-6,303,0,6,0
-6,1,243,0,5,0
41,-20,288,0,4,0
29,9,287,0,3,0
12,-33,266,0,2,0
-20,-34,290,0,0,0
-15,39,211,0,-1,0
-3,30,250,0,-2,0
10,-42,300,0,-3,0
-12,4,211,0,-4,0
-14,-18,193,0,-6,0
-30,14,237,0,-7,0
-20,-1,301,0,-8,0
-22,-16,232,0,-9,0
-32,35,231,0,-10,0
-24,25,263,0,-11,0
-47,7,227,0,-13,0
-27,-6,246,0,-14,0
-45,32,239,0,-15,0
-46,-17,225,0,-16,0
-43,12,214,0,-17,0
-30,15,247,0,-18,0
-33,23,246,0,-19,0
-20,9,252,0,-20,0
-36,-8,195,0,-21,0
-43,-27,239,0,-22,0
-36,28,220,0,-24,0
-63,-3,197,0,-25,0
-67,-13,234,0,-26,0
-38,18,219,0,-27,0
-47,-8,232,0,-28,0
-51,1,222,0,-29,0
-25,-7,212,0,-30,0
-95,-18,213,0,-30,0
-43,-6,220,0,-31,0
-37,-54,213,0,-32,0
-96,20,239,0,-33,0
-59,-7,241,0,-34,0
-57,50,232,0,-35,0
-44,-29,227,0,-36,0
-119,10,235,0,-37,0
-67,14,233,0,-37,0
-71,-5,198,0,-38,0
-86,-68,223,0,-39,0
-95,-9,209,0,-40,0
-104,5,181,0,-40,0
-103,3,229,0,-41,0
-110,-14,213,0,-42,0
-90,30,220,0,-42,0
-88,-13,221,0,-43,0
-109,2,175,0,-44,0
-91,28,183,0,-44,0
-117,2,192,0,-45,0
-78,-18,185,0,-45,0
-66,10,223,0,-46,0
-107,17,209,0,-46,0
-81,1,184,0,-47,0
-99,29,219,0,-47,0
-114,25,275,0,-47,0
-85,-21,210,0,-48,0
-77,-15,212,0,-48,0
-92,-22,227,0,-48,0
-82,3,233,0,-49,0
-96,4,199,0,-49,0
-93,11,224,0,-49,0
-98,13,223,0,-49,0
-103,-6,222,0,-50,0
-99,-15,183,0,-50,0
-99,-22,192,0,-50,0
-97,-9,201,0,-50,0
-91,3,228,0,-50,0
-96,9,208,0,-50,0
-67,-30,202,0,-50,0
-80,-11,231,0,-50,0
-95,19,193,0,-50,0
-82,-2,236,0,-50,0
-110,1,207,0,-50,0
-118,-14,197,0,-50,0
-100,2,184,0,-49,0
-129,11,231,0,-49,0
-108,-5,203,0,-49,0
-102,6,185,0,-49,0
-103,-0,169,0,-49,0
-89,7,202,0,-48,0
-101,6,204,0,-48,0
-123,-23,189,0,-48,0
-108,19,215,0,-47,0
-88,5,213,0,-47,0
-90,-10,196,0,-46,0
-92,1,179,0,-46,0
-105,-23,221,0,-45,0
-59,-4,230,0,-45,0
-71,-22,233,0,-44,0
-98,-41,198,0,-44,0
-126,15,240,0,-43,0
-111,15,174,0,-43,0
-53,-9,208,0,-42,0
-85,9,216,0,-41,0
-94,-39,213,0,-41,0
-81,4,216,0,-40,0
-87,-12,231,0,-39,0
-69,11,228,0,-38,0
-72,-24,192,0,-38,0
-84,15,218,0,-37,0
-82,2,245,0,-36,0
-68,2,217,0,-35,0
-49,-8,211,0,-34,0
-77,28,214,0,-34,0
-81,-3,217,0,-33,0
-73,4,235,0,-32,0
-18,-41,204,0,-31,0
-22,-13,206,0,-30,0
-74,8,263,0,-29,0
-79,-20,237,0,-28,0
-88,26,215,0,-27,0
-102,28,306,0,-26,0
-77,-11,253,0,-25,0
-38,14,214,0,-24,0
-57,9,218,0,-23,0
2,-1,227,0,-22,0
-45,27,258,0,-21,0
-30,-1,230,0,-20,0
-40,3,228,0,-19,0
-55,2,258,0,-17,0
-20,29,256,0,-16,0
-49,-8,256,0,-15,0
-60,20,265,0,-14,0
-47,18,225,0,-13,0
-19,-12,276,0,-12,0
-8,1,245,0,-11,0
-41,18,262,0,-9,0
-4,29,260,0,-8,0
-11,12,242,0,-7,0
-12,-22,247,0,-6,0
-14,2,276,0,-5,0
-27,17,259,0,-4,0
22,31,268,0,-2,0
-8,-12,256,0,-1,0
21,12,255,0,-0,0
-17,7,245,0,1,0
5,-32,289,0,2,0
33,-5,237,0,3,0
4,-32,261,0,5,0
-8,-26,253,0,6,0
5,-1,256,0,7,0
-22,-6,285,0,8,0
57,14,248,0,9,0
21,-1,247,0,10,0
20,29,283,0,12,0
65,32,270,0,13,0
37,-8,276,0,14,0
28,-13,268,0,15,0
18,-0,223,0,16,0
50,-33,298,0,17,0
43,-18,325,0,18,0
45,12,303,0,19,0
74,24,269,0,21,0
16,29,296,0,22,0
35,17,207,0,23,0
95,-29,307,0,24,0
29,-13,284,0,25,0
83,17,299,0,26,0
32,-5,270,0,27,0
44,-4,296,0,28,0
54,3,279,0,29,0
89,-7,282,0,30,0
68,-13,317,0,31,0
48,-1,257,0,32,0
55,-35,229,0,33,0
50,28,271,0,33,0
65,32,278,0,34,0
61,-6,312,0,35,0
89,32,281,0,36,0
76,-8,311,0,37,0
79,9,337,0,38,0
97,-23,295,0,38,0
113,-19,284,0,39,0
80,-27,295,0,40,0
74,2,327,0,41,0
94,1,314,0,41,0
66,25,315,0,42,0
91,13,322,0,42,0
104,-5,299,0,43,0
113,1,290,0,44,0
91,-16,335,0,44,0
105,3,298,0,45,0
109,19,304,0,45,0
69,-13,288,0,46,0
75,-13,294,0,46,0
110,-3,313,0,47,0
94,-10,331,0,47,0
112,-1,296,0,47,0
73,26,287,0,48,0
109,-38,301,0,48,0
107,-0,288,0,48,0
106,-7,316,0,49,0
101,-12,280,0,49,0
82,3,331,0,49,0
77,18,305,0,49,0
122,16,306,0,50,0
96,-20,268,0,50,0
85,-17,271,0,50,0
69,-25,283,0,50,0
52,-20,277,0,50,0
87,-14,309,0,50,0
117,-25,281,0,50,0
84,-21,290,0,50,0
97,3,293,0,50,0
89,-4,323,0,50,0
82,-9,310,0,50,0
56,16,325,0,50,0
97,31,302,0,49,0
126,-5,306,0,49,0
103,15,310,0,49,0
91,30,336,0,49,0
76,14,319,0,48,0
87,13,338,0,48,0
115,19,280,0,48,0
61,-16,312,0,47,0
56,-34,288,0,47,0
106,4,321,0,47,0
97,31,319,0,46,0
90,14,314,0,46,0
137,-30,322,0,45,0
91,11,299,0,45,0
115,-6,312,0,44,0
82,-20,298,0,44,0
107,18,318,0,43,0
51,14,301,0,42,0
115,-0,315,0,42,0
76,-14,327,0,41,0
38,-26,259,0,40,0
49,-13,297,0,40,0
98,-2,345,0,39,0
75,-25,302,0,38,0
99,0,254,0,38,0
81,-18,321,0,37,0
104,-10,290,0,36,0
45,-34,299,0,35,0
30,-17,289,0,34,0
79,-11,309,0,33,0
13,-20,263,0,32,0
68,-14,307,0,32,0
62,0,284,0,31,0
42,-27,284,0,30,0
19,34,311,0,29,0
27,-4,279,0,28,0
53,22,288,0,27,0
40,-11,296,0,26,0
61,12,273,0,25,0
54,-3,266,0,24,0
43,2,283,0,23,0
11,-13,245,0,22,0
74,-17,242,0,21,0
26,16,247,0,19,0
39,1,244,0,18,0
35,6,273,0,17,0
70,8,278,0,16,0
33,-3,285,0,15,0
11,10,295,0,14,0
-14,32,259,0,13,0
13,-7,248,0,12,0
27,-1,258,0,10,0
7,31,270,0,9,0
15,-9,257,0,8,0
8,19,267,0,7,0
-3,27,268,0,6,0
0,22,261,0,5,0
21,10,283,0,3,0
20,-9,251,0,2,0
25,54,273,0,1,0
-35,-9,290,0,-0,0
22,21,289,0,-1,0
-34,-2,247,0,-3,0
-5,-37,236,0,-4,0
16,9,259,0,-5,0
-4,-3,226,0,-6,0
-28,23,227,0,-7,0
-27,33,286,0,-8,0
-21,-11,222,0,-10,0
-39,-39,260,0,-11,0
-29,-38,266,0,-12,0
-22,10,220,0,-13,0
-12,-13,270,0,-14,0
-53,-2,234,0,-15,0
-52,-28,222,0,-16,0
-29,28,257,0,-18,0
-30,3,269,0,-19,0
-38,9,210,0,-20,0
-55,7,241,0,-21,0
-11,1,227,0,-22,0
-43,31,249,0,-23,0
-38,2,246,0,-24,0
-43,-4,197,0,-25,0
-87,3,223,0,-26,0
-59,-31,224,0,-27,0
-93,2,218,0,-28,0
-61,-36,239,0,-29,0
-64,11,246,0,-30,0
-59,11,205,0,-31,0
-17,-23,228,0,-32,0
-72,-15,212,0,-33,0
-62,-26,215,0,-34,0
-59,33,253,0,-34,0
-70,-15,198,0,-35,0
-61,-29,218,0,-36,0
-42,-4,220,0,-37,0
-83,1,217,0,-38,0
-79,17,202,0,-38,0
-108,-7,234,0,-39,0
-77,-26,168,0,-40,0
-72,-23,225,0,-41,0
-75,4,210,0,-41,0
-60,9,238,0,-42,0
-82,-29,196,0,-43,0
-119,-5,177,0,-43,0
-98,-11,211,0,-44,0
-119,-9,220,0,-44,0
-101,-1,197,0,-45,0
-111,-10,200,0,-45,0
-92,23,235,0,-46,0
-85,14,230,0,-46,0
-125,-2,220,0,-47,0
-140,18,200,0,-47,0
-117,23,219,0,-48,0
-79,-54,186,0,-48,0
-118,9,223,0,-48,0
-76,24,208,0,-49,0
-138,10,181,0,-49,0
-132,20,225,0,-49,0
-77,-31,192,0,-49,0
-74,-4,220,0,-49,0
-110,13,177,0,-50,0
-95,-7,215,0,-50,0
-86,0,195,0,-50,0
-84,-13,230,0,-50,0
-121,22,237,0,-50,0
-70,-36,207,0,-50,0
-81,-16,225,0,-50,0
-110,17,205,0,-50,0
-151,5,183,0,-50,0
-122,25,192,0,-50,0
-102,17,213,0,-50,0
-92,-19,196,0,-50,0
-76,14,202,0,-49,0
-84,-5,185,0,-49,0
-116,0,200,0,-49,0
-84,6,184,0,-49,0
-123,32,188,0,-48,0
-100,-19,181,0,-48,0
-90,-18,211,0,-48,0
-90,-23,196,0,-47,0
-60,-0,223,0,-47,0
-40,6,180,0,-47,0
-82,0,182,0,-46,0
-103,11,230,0,-46,0
-79,3,204,0,-45,0
-108,-9,230,0,-45,0
-91,-15,228,0,-44,0
-107,7,214,0,-44,0
-79,-31,200,0,-43,0
-100,-26,227,0,-42,0
-110,18,211,0,-42,0
-31,-1,216,0,-41,0
-104,-9,231,0,-40,0
-93,6,255,0,-40,0
-102,14,202,0,-39,0
-105,-10,202,0,-38,0
-94,-11,205,0,-37,0
-36,4,253,0,-37,0
-53,21,244,0,-36,0
-61,30,243,0,-35,0
-106,29,213,0,-34,0
-38,23,228,0,-33,0
-53,-29,227,0,-32,0
-45,-4,211,0,-31,0
-109,-11,242,0,-30,0
-72,-7,244,0,-29,0
-65,38,222,0,-29,0
-29,2,238,0,-28,0
-81,-3,188,0,-27,0
-37,-0,215,0,-26,0
-46,-29,196,0,-24,0
-56,12,233,0,-23,0
-64,-2,222,0,-22,0
-29,17,238,0,-21,0
-45,-20,249,0,-20,0
-35,-31,229,0,-19,0
-48,-25,228,0,-18,0
-52,21,212,0,-17,0
-37,-0,236,0,-16,0
-25,-5,252,0,-15,0
-45,27,213,0,-14,0
-4,-0,267,0,-12,0
-12,-2,213,0,-11,0
-16,-14,249,0,-10,0
-9,8,239,0,-9,0
-25,-41,219,0,-8,0
2,24,252,0,-7,0
13,7,266,0,-5,0
-17,-8,245,0,-4,0
32,22,261,0,-3,0
13,20,266,0,-2,0
-14,1,271,0,-1,0
-4,29,254,0,0,0
-9,20,266,0,2,0
19,-14,232,0,3,0
26,-3,232,0,4,0
-26,-9,279,0,5,0
42,27,270,0,6,0
14,28,261,0,7,0
24,-2,276,0,9,0
23,-2,256,0,10,0
44,-34,246,0,11,0
26,12,278,0,12,0
38,13,292,0,13,0
3,43,281,0,14,0
34,9,317,0,16,0
44,37,252,0,17,0
26,27,275,0,18,0
37,-9,253,0,19,0
25,-24,286,0,20,0
21,7,310,0,21,0
61,11,283,0,22,0
76,-16,277,0,23,0
37,-31,268,0,24,0
76,12,309,0,25,0
43,8,285,0,26,0
61,-9,290,0,27,0
16,-6,303,0,28,0
74,-5,273,0,29,0
59,8,290,0,30,0
86,-15,306,0,31,0
66,-6,307,0,32,0
57,-17,279,0,33,0
72,-0,277,0,34,0
37,9,289,0,35,0
87,-25,243,0,35,0
98,16,257,0,36,0
84,13,297,0,37,0
123,-41,264,0,38,0
84,18,272,0,39,0
78,46,321,0,39,0
37,9,262,0,40,0
100,19,299,0,41,0
81,1,306,0,41,0
89,2,296,0,42,0
91,5,301,0,43,0
93,-9,291,0,43,0
84,22,298,0,44,0
104,-16,302,0,44,0
105,-12,314,0,45,0
86,-6,288,0,46,0
118,-5,306,0,46,0
126,-52,274,0,46,0
84,1,325,0,47,0
110,6,275,0,47,0
113,16,330,0,48,0
70,-10,338,0,48,0
112,25,294,0,48,0
98,-18,287,0,49,0
88,-2,277,0,49,0
86,46,293,0,49,0
88,-10,331,0,49,0
133,22,314,0,49,0
124,-37,314,0,50,0
110,-1,314,0,50,0
64,-18,295,0,50,0
92,-38,306,0,50,0
97,18,331,0,50,0
96,-14,283,0,50,0
115,7,310,0,50,0
77,-7,341,0,50,0
82,7,354,0,50,0
99,21,352,0,50,0
121,42,305,0,50,0
108,35,316,0,50,0
77,15,306,0,49,0
107,-6,278,0,49,0
100,-12,298,0,49,0
109,15,318,0,49,0
72,12,302,0,48,0
71,9,340,0,48,0
76,-1,298,0,48,0
121,-3,330,0,47,0
108,-20,309,0,47,0
94,-12,301,0,46,0
95,19,301,0,46,0
105,-20,312,0,46,0
43,8,288,0,45,0
83,11,269,0,45,0
94,-2,329,0,44,0
47,11,300,0,43,0
87,22,288,0,43,0
100,3,307,0,42,0
84,-17,282,0,42,0
88,-34,303,0,41,0
100,6,287,0,40,0
60,-27,271,0,39,0
63,-28,305,0,39,0
56,5,272,0,38,0
78,-22,302,0,37,0
65,11,316,0,36,0
75,-1,289,0,36,0
79,-7,275,0,35,0
77,-27,272,0,34,0
61,-16,240,0,33,0
78,12,274,0,32,0
84,-41,310,0,31,0
64,0,351,0,30,0
45,-3,252,0,29,0
32,-21,284,0,28,0
69,-27,274,0,27,0
49,-3,279,0,26,0
20,6,251,0,25,0
82,21,283,0,24,0
32,33,308,0,23,0
72,36,263,0,22,0
45,14,262,0,21,0
21,1,282,0,20,0
12,17,294,0,19,0
37,0,322,0,18,0
38,11,298,0,17,0
23,-15,269,0,16,0
19,-2,251,0,14,0
33,-27,303,0,13,0
23,-1,299,0,12,0
17,-20,293,0,11,0
2,-23,245,0,10,0
-33,-24,227,0,9,0
42,27,249,0,8,0
13,19,239,0,6,0
16,-54,246,0,5,0
17,-4,273,0,4,0
-3,34,235,0,3,0
-6,-14,249,0,2,0
-1,26,268,0,1,0
-10,-5,221,0,-1,0
-14,8,229,0,-2,0
-35,15,269,0,-3,0
20,20,240,0,-4,0
-39,26,267,0,-5,0
-1,25,240,0,-7,0
-39,26,232,0,-8,0
-32,18,223,0,-9,0
-20,9,260,0,-10,0
-53,4,266,0,-11,0
-27,22,271,0,-12,0
9,4,250,0,-14,0
-28,23,268,0,-15,0
-14,12,255,0,-16,0
-6,8,248,0,-17,0
-87,-3,231,0,-18,0
-50,-11,280,0,-19,0
-8,-34,247,0,-20,0
-2,15,204,0,-21,0
-20,22,233,0,-22,0
-45,28,245,0,-23,0
-57,-41,250,0,-24,0
-33,9,245,0,-25,0
-64,-4,235,0,-26,0
-74,-14,209,0,-27,0
-43,-15,223,0,-28,0
-91,-12,261,0,-29,0
-60,27,212,0,-30,0
-103,-42,219,0,-31,0
-51,2,241,0,-32,0
-51,10,211,0,-33,0
-58,-19,214,0,-34,0
-68,2,221,0,-35,0
-115,0,210,0,-36,0
-80,8,219,0,-36,0
-82,31,175,0,-37,0
-73,-17,240,0,-38,0
-79,12,186,0,-39,0
-54,-12,242,0,-40,0
-89,-5,207,0,-40,0
-76,13,200,0,-41,0
-105,3,212,0,-42,0
-107,-14,244,0,-42,0
-80,-20,222,0,-43,0
-116,-11,248,0,-43,0
-73,-20,249,0,-44,0
-110,52,218,0,-45,0
-76,13,190,0,-45,0
-92,-7,240,0,-46,0
-89,7,198,0,-46,0
-90,12,213,0,-47,0
-67,-32,226,0,-47,0
-82,5,220,0,-47,0
-90,12,164,0,-48,0
-77,13,177,0,-48,0
-78,12,211,0,-48,0
-97,28,230,0,-49,0
-64,22,215,0,-49,0
-74,3,206,0,-49,0
-62,29,190,0,-49,0
-101,-8,193,0,-50,0
-83,-24,175,0,-50,0
-97,-15,191,0,-50,0
-104,36,217,0,-50,0
-92,-21,201,0,-50,0
-89,-4,202,0,-50,0
-113,-16,207,0,-50,0
-124,-22,245,0,-50,0
-83,-25,181,0,-50,0
-96,-10,204,0,-50,0
-86,12,204,0,-50,0
-87,-21,202,0,-50,0
-145,23,230,0,-49,0
-67,-1,222,0,-49,0
-91,-30,234,0,-49,0
-115,15,231,0,-49,0
-80,-10,193,0,-49,0
-92,5,235,0,-48,0
-109,12,187,0,-48,0
-67,-3,248,0,-48,0
-99,-10,220,0,-47,0
-94,16,192,0,-47,0
-121,5,178,0,-46,0
-77,-7,209,0,-46,0
-96,12,209,0,-45,0
-97,-61,215,0,-45,0
-83,-10,264,0,-44,0
-108,-8,231,0,-44,0
-104,9,229,0,-43,0
-102,-39,173,0,-43,0
-117,3,221,0,-42,0
-86,33,244,0,-41,0
-110,-14,196,0,-41,0
-80,31,188,0,-40,0
-98,-24,233,0,-39,0
-71,7,219,0,-39,0
-90,-39,208,0,-38,0
-109,-23,226,0,-37,0
-62,-14,202,0,-36,0
-41,6,187,0,-35,0
-45,1,221,0,-35,0
-57,-5,182,0,-34,0
-41,-9,230,0,-33,0
-34,-9,236,0,-32,0
-49,-4,230,0,-31,0
-70,16,201,0,-30,0
-56,14,257,0,-29,0
-54,22,190,0,-28,0
-32,20,230,0,-27,0
-35,-8,236,0,-26,0
-38,18,231,0,-25,0
-52,-12,235,0,-24,0
-8,-11,235,0,-23,0
-34,-18,254,0,-22,0
-32,15,272,0,-21,0
-25,-21,217,0,-20,0
-35,-38,263,0,-19,0
-28,30,239,0,-18,0
-13,19,225,0,-16,0
-18,15,230,0,-15,0
-44,20,243,0,-14,0
-11,29,240,0,-13,0
0,29,222,0,-12,0
-7,10,228,0,-11,0
-7,6,211,0,-10,0
-52,20,261,0,-8,0
-12,-9,256,0,-7,0
-15,39,235,0,-6,0
7,-8,233,0,-5,0
1,-22,237,0,-4,0
-1,-5,261,0,-3,0
-2,-3,252,0,-1,0
26,8,227,0,-0,0
1,-40,255,0,1,0
-0,14,266,0,2,0
41,6,237,0,3,0
-20,-31,273,0,4,0
46,7,264,0,6,0
-11,8,296,0,7,0
13,-5,234,0,8,0
-0,-5,266,0,9,0
36,12,255,0,10,0
27,38,240,0,11,0
7,-36,291,0,13,0
16,5,263,0,14,0
18,-32,298,0,15,0
31,38,221,0,16,0
13,27,283,0,17,0
25,-26,260,0,18,0
38,-10,254,0,19,0
64,18,268,0,20,0
76,23,264,0,22,0
37,33,299,0,23,0
68,17,264,0,24,0
56,21,262,0,25,0
51,25,280,0,26,0
48,-28,301,0,27,0
46,-17,290,0,28,0
63,-1,320,0,29,0
29,32,272,0,30,0
22,-20,307,0,31,0
69,-23,276,0,31,0
68,-3,325,0,32,0
30,4,264,0,33,0
88,13,273,0,34,0
50,-5,323,0,35,0
63,11,335,0,36,0
72,-11,285,0,37,0
77,7,305,0,37,0
66,-16,266,0,38,0
82,6,303,0,39,0
92,-21,288,0,40,0
95,-10,278,0,40,0
70,25,302,0,41,0
87,-12,292,0,42,0
77,7,333,0,42,0
62,24,318,0,43,0
84,-13,311,0,44,0
21,-3,304,0,44,0
106,15,303,0,45,0
62,-26,276,0,45,0
108,18,282,0,46,0
55,-8,334,0,46,0
108,9,312,0,47,0
87,6,329,0,47,0
76,-1,346,0,47,0
88,17,274,0,48,0
87,0,303,0,48,0
106,-6,304,0,48,0
109,-4,323,0,49,0
138,-27,278,0,49,0
98,-5,320,0,49,0
94,34,300,0,49,0
100,-16,303,0,50,0
127,33,307,0,50,0
76,-7,292,0,50,0
112,19,301,0,50,0
85,25,264,0,50,0
129,17,297,0,50,0
77,-2,308,0,50,0
121,5,303,0,50,0
93,23,304,0,50,0
96,38,292,0,50,0
88,-20,310,0,50,0
87,34,336,0,50,0
83,17,284,0,49,0
94,-5,287,0,49,0
106,-14,305,0,49,0
88,-18,287,0,49,0
49,5,315,0,48,0
132,0,328,0,48,0
